1.0000000000000002	-0.17359863579386503	0.0847108688402277	-0.03979128563811273	0.03835958517430875	-0.9516624125302666	0.152510717994776	-0.08318726833032015	0.03794823340005096	-0.033605559140694	0.13430143257544686	-0.11783724559649182	0.09924211317219928	-0.03929544120560331	0.04074718875433327	-0.13565582341256255	0.04165602279829064	-0.05357504975165112	0.03169645597673749	-0.05013957205185175	0.06348757331877987	-0.04164674610518929	0.029412592127657837	-0.028986784264307792	0.03210672617032185	-0.04410350739608021	0.03540173399987619	-0.027215317488583406	0.028672790073682976	-0.02995338456963429
-0.17359863579386503	1.0	-0.33595869330023687	0.10637534144028932	-0.10255988944652854	0.14939840564747725	-0.8428358453426547	0.2403530319058819	-0.09519481614305957	0.07912743326770266	-0.1422483374764835	0.20508942448266884	-0.22485108819817892	0.0860327845584652	-0.09102487746471763	0.13387003499586794	-0.05808634719230886	0.07253255727549983	-0.04723610524218938	0.07459944075308506	-0.08399418436293805	0.05431173911147516	-0.041529945189439255	0.04158616109618142	-0.049576883944823485	0.05517378760728352	-0.0474881979333151	0.0374762618665484	-0.04211312580249062	0.042370569785941004
0.0847108688402277	-0.33595869330023687	0.9999999999999998	-0.2773235005967063	0.17956578082099928	-0.08504017210419906	0.23958969390464957	-0.764353938551691	0.165570941455286	-0.1423618867952091	0.1404291353246304	-0.2342754229403897	0.2578189648441146	-0.13857089274881887	0.1335035814229056	-0.18009886310234977	0.07528774824722545	-0.10202050650375223	0.06507343753340641	-0.11129486182995076	0.10334972166951668	-0.07285315369929167	0.056038989776267166	-0.05801843975425723	0.06856266403343242	-0.07559485092280849	0.06231491734526233	-0.05166598764538125	0.057383717427402295	-0.05976899018192436
-0.03979128563811273	0.10637534144028932	-0.2773235005967063	1.0000000000000002	-0.7119265008576137	0.038885183001170005	-0.09260706129676395	0.1841070305761213	-0.4911503562978699	0.3049412257091592	-0.07619866843020061	0.1118735042410286	-0.14578672989097644	0.21847340914289637	-0.24295357924931668	0.09423148254833658	-0.04961823316825087	0.06416518021439829	-0.05478449675597158	0.09677866565190242	-0.06765500739007671	0.047185787001472204	-0.042404092523118386	0.045795847599108166	-0.06323288522414185	0.04709621729080983	-0.04160992730976223	0.03787785559869726	-0.04719666554956932	0.04645226089380902
0.03835958517430875	-0.10255988944652854	0.17956578082099928	-0.7119265008576137	0.9999999999999999	-0.03807937913023696	0.08528962734883068	-0.1713799487207543	0.3027180666766859	-0.5440776107343466	0.07574665927323473	-0.11387945396655992	0.13359646774962303	-0.22673784375951408	0.22259793623003216	-0.09879092420169049	0.05014285973647775	-0.0662726240805835	0.05451944607070075	-0.1014186202881605	0.06784794041844543	-0.048224579131923025	0.04249614435440616	-0.04633736119945316	0.06205667055051376	-0.048683678267818914	0.042162370663052506	-0.038402523288647544	0.04685033334031623	-0.04717894977924179
-0.9516624125302666	0.14939840564747725	-0.08504017210419906	0.038885183001170005	-0.03807937913023696	0.9999999999999999	-0.17557726781036906	0.08049712498588558	-0.03750568976452261	0.03280396276079328	-0.15409324548902967	0.11371836311151827	-0.10139728676475034	0.03842071868883202	-0.0402471998542471	0.12262684579550498	-0.03917853841333853	0.04924826476032737	-0.02967122806164224	0.04628177708198011	-0.060697729075503075	0.03859874459164699	-0.027489452361691317	0.026929344067122735	-0.030166246313652348	0.04043747681870228	-0.03310003568157637	0.025215025390591266	-0.026855593020094538	0.027700239497860706
0.152510717994776	-0.8428358453426547	0.23958969390464957	-0.09260706129676395	0.08528962734883068	-0.17557726781036906	1.0000000000000007	-0.2947538673290821	0.08322634925910188	-0.07089860805028794	0.1464757395680515	-0.27809575562744876	0.2103699085646543	-0.07963792717746816	0.08066776064158615	-0.1482543709062759	0.05781978074067185	-0.07381754592477785	0.045980753572858774	-0.07353251560541689	0.0828103193428584	-0.05485154138588272	0.04082573507295876	-0.0409914301888729	0.04759200383862736	-0.05628353989053615	0.04718595473529933	-0.03724001783367194	0.040918498020780895	-0.04188554774716642
-0.08318726833032015	0.2403530319058819	-0.764353938551691	0.1841070305761213	-0.1713799487207543	0.08049712498588558	-0.2947538673290821	1.0000000000000002	-0.17067948491390617	0.12874801091869728	-0.13691532502506093	0.21976302163785955	-0.410272257150454	0.1356563923190459	-0.13603550495534852	0.1536812946313585	-0.06839002439283165	0.08979478112835133	-0.058708950378238436	0.09624206182209083	-0.09371210216572319	0.06406883116673764	-0.04999533000530002	0.051370009886006596	-0.06196287237122778	0.06519436316968406	-0.05538581737802297	0.045408999496569055	-0.05141794496518785	0.052265683336316954
0.03794823340005096	-0.09519481614305957	0.165570941455286	-0.4911503562978699	0.3027180666766859	-0.03750568976452261	0.08322634925910188	-0.17067948491390617	1.000000000000001	-0.5744072652140689	0.07852285456860911	-0.12018331308455918	0.1531904234765134	-0.5062279370792571	0.3035449421932428	-0.10029808099052503	0.05280961606351419	-0.0692555033037017	0.06114682868296431	-0.11175781171066122	0.07094881537255371	-0.05030236049277494	0.04569149183923887	-0.05093457684435948	0.0691678407834877	-0.050064355649022264	0.04410044824912467	-0.04096672514847296	0.05100717775542525	-0.05066575181332656
-0.033605559140694	0.07912743326770266	-0.1423618867952091	0.3049412257091592	-0.5440776107343466	0.03280396276079328	-0.07089860805028794	0.12874801091869728	-0.5744072652140689	0.9999999999999998	-0.06992870525989842	0.10063586296612437	-0.13392207747090926	0.29184714283722096	-0.47461223677180836	0.0870870470482259	-0.05050764381964254	0.06441881144899474	-0.06246236749576224	0.1144778397697895	-0.06807619539753902	0.04776178152474693	-0.0459630427441954	0.05077746971681672	-0.07489653129984185	0.04674663107265988	-0.04247257619395656	0.04060295609386237	-0.052908297568766194	0.05112442995114506
0.13430143257544686	-0.1422483374764835	0.1404291353246304	-0.07619866843020061	0.07574665927323473	-0.15409324548902967	0.1464757395680515	-0.13691532502506093	0.07852285456860911	-0.06992870525989842	1.000000000000001	-0.526053963014482	0.26222064620861507	-0.08981595845525246	0.09172250685346539	-0.714011962453376	0.11809108107073116	-0.1468501661038726	0.08105580256071707	-0.12348030158147395	0.19235539422865736	-0.12059216745724884	0.07787919400687549	-0.07488659496207861	0.07950514697789353	-0.12579805881892997	0.09800650686279908	-0.07221764161456325	0.07297801296490364	-0.07619901362792779
-0.11783724559649182	0.20508942448266884	-0.2342754229403897	0.1118735042410286	-0.11387945396655992	0.11371836311151827	-0.27809575562744876	0.21976302163785955	-0.12018331308455918	0.10063586296612437	-0.526053963014482	1.0	-0.6326863359678412	0.13505902619807944	-0.13898835128568743	0.28528301945609774	-0.11388454070895251	0.13299498761193498	-0.080683805169178	0.12084351355855893	-0.16559381299433076	0.1015349570185252	-0.07300315769031228	0.07121763972147054	-0.08158360763585679	0.10063312243913099	-0.08728047549616444	0.06543434645659787	-0.0714673573674833	0.07141581177066798
0.09924211317219928	-0.22485108819817892	0.2578189648441146	-0.14578672989097644	0.13359646774962303	-0.10139728676475034	0.2103699085646543	-0.410272257150454	0.1531904234765134	-0.13392207747090926	0.26222064620861507	-0.6326863359678412	1.0000000000000009	-0.22479147664532545	0.17252324189444987	-0.3356814591272871	0.1295983494524824	-0.18450364730444152	0.10151266230162065	-0.1655395294754974	0.170971162770127	-0.12184757907772352	0.0886608976068189	-0.09099908333231023	0.10151665500302938	-0.12475232676947279	0.10197691690481363	-0.08194151185307122	0.08781269587705248	-0.09203871340862674
-0.03929544120560331	0.0860327845584652	-0.13857089274881887	0.21847340914289637	-0.22673784375951408	0.03842071868883202	-0.07963792717746816	0.1356563923190459	-0.5062279370792571	0.29184714283722096	-0.08981595845525246	0.13505902619807944	-0.22479147664532545	1.000000000000002	-0.7279195630445621	0.1090631645101745	-0.0635930982752416	0.08123994097353669	-0.08389045756557453	0.14356745397929602	-0.08475134002914471	0.059522063835405384	-0.057894051807100694	0.066044910805516	-0.09495442461320816	0.05762686033828482	-0.05274693175603461	0.05094271586460379	-0.06654721735566536	0.06387797903898115
0.04074718875433327	-0.09102487746471763	0.1335035814229056	-0.24295357924931668	0.22259793623003216	-0.0402471998542471	0.08066776064158615	-0.13603550495534852	0.3035449421932428	-0.47461223677180836	0.09172250685346539	-0.13898835128568743	0.17252324189444987	-0.7279195630445621	1.0	-0.11954615986953726	0.0692031213388971	-0.08998642362819444	0.09094493545766641	-0.20633275252888805	0.09156381996477383	-0.06571703733792816	0.06418181256399198	-0.07383084667400579	0.10815940515238898	-0.0640584146189176	0.057935510732931385	-0.0570562458438618	0.07427114182850783	-0.07325770673352636
-0.13565582341256255	0.13387003499586794	-0.18009886310234977	0.09423148254833658	-0.09879092420169049	0.12262684579550498	-0.1482543709062759	0.1536812946313585	-0.10029808099052503	0.0870870470482259	-0.714011962453376	0.28528301945609774	-0.3356814591272871	0.1090631645101745	-0.11954615986953726	1.000000000000001	-0.16853802766365647	0.17402045881620753	-0.10300559204512821	0.14393452444747845	-0.3627413561664494	0.16051384840464758	-0.10288324690173821	0.09315471709600714	-0.10095529523613714	0.15879487092566805	-0.13569589618313158	0.09110610436423523	-0.09421967947430852	0.09300933233111248
0.04165602279829064	-0.05808634719230886	0.07528774824722545	-0.04961823316825087	0.05014285973647775	-0.03917853841333853	0.05781978074067185	-0.06839002439283165	0.05280961606351419	-0.05050764381964254	0.11809108107073116	-0.11388454070895251	0.1295983494524824	-0.0635930982752416	0.0692031213388971	-0.16853802766365647	1.0000000000000009	-0.7019423579803168	0.18675929338089947	-0.19018345967545738	0.2661116980293362	-0.5323142921569811	0.1859701139171544	-0.17454139628138465	0.13423339358323305	-0.21902288233955092	0.2246614110228506	-0.16406460635707878	0.1400367452804676	-0.13851577536258858
-0.05357504975165112	0.07253255727549983	-0.10202050650375223	0.06416518021439829	-0.0662726240805835	0.04924826476032737	-0.07381754592477785	0.08979478112835133	-0.0692555033037017	0.06441881144899474	-0.1468501661038726	0.13299498761193498	-0.18450364730444152	0.08123994097353669	-0.08998642362819444	0.17402045881620753	-0.7019423579803168	1.0000000000000007	-0.32184044637098586	0.21339667812526616	-0.34662453806228605	0.2932736831843532	-0.21082212379440202	0.20849351293718693	-0.17267468252429272	0.20513948998246023	-0.25410361500266027	0.16588089430295383	-0.17660264085736585	0.1562926414077907
0.03169645597673749	-0.04723610524218938	0.06507343753340641	-0.05478449675597158	0.05451944607070075	-0.02967122806164224	0.045980753572858774	-0.058708950378238436	0.06114682868296431	-0.06246236749576224	0.08105580256071707	-0.080683805169178	0.10151266230162065	-0.08389045756557453	0.09094493545766641	-0.10300559204512821	0.18675929338089947	-0.32184044637098586	1.0000000000000013	-0.41425113815142833	0.17175002111380236	-0.16158756695527418	0.22273077958008933	-0.7390994482380425	0.24896566178100404	-0.12318119055795931	0.12904575335547624	-0.20551711385332788	0.2232414166032658	-0.22850333096669984
-0.05013957205185175	0.07459944075308506	-0.11129486182995076	0.09677866565190242	-0.1014186202881605	0.04628177708198011	-0.07353251560541689	0.09624206182209083	-0.11175781171066122	0.1144778397697895	-0.12348030158147395	0.12084351355855893	-0.1655395294754974	0.14356745397929602	-0.20633275252888805	0.14393452444747845	-0.19018345967545738	0.21339667812526616	-0.41425113815142833	1.0000000000000024	-0.2441840900632222	0.17311304429391747	-0.238289211410888	0.2769029777996823	-0.6175288785785672	0.14824516622402625	-0.16314239024016752	0.1977846072396378	-0.31678694466348456	0.2816943378717632
0.06348757331877987	-0.08399418436293805	0.10334972166951668	-0.06765500739007671	0.06784794041844543	-0.060697729075503075	0.0828103193428584	-0.09371210216572319	0.07094881537255371	-0.06807619539753902	0.19235539422865736	-0.16559381299433076	0.170971162770127	-0.08475134002914471	0.09156381996477383	-0.3627413561664494	0.2661116980293362	-0.34662453806228605	0.17175002111380236	-0.2441840900632222	1.0000000000000016	-0.48522086497869327	0.19882488211972918	-0.17169141492270207	0.15749544159793247	-0.49598604416134195	0.29847833660872514	-0.19231751120021023	0.16092680156070827	-0.17367572658992017
-0.04164674610518929	0.05431173911147516	-0.07285315369929167	0.047185787001472204	-0.048224579131923025	0.03859874459164699	-0.05485154138588272	0.06406883116673764	-0.05030236049277494	0.04776178152474693	-0.12059216745724884	0.1015349570185252	-0.12184757907772352	0.059522063835405384	-0.06571703733792816	0.16051384840464758	-0.5323142921569811	0.2932736831843532	-0.16158756695527418	0.17311304429391747	-0.48522086497869327	1.0000000000000013	-0.31157021232748255	0.1580983655533333	-0.1321744390817847	0.28429157206425126	-0.46567616431298653	0.19693024693625788	-0.15507442452008507	0.14044847463185026
0.029412592127657837	-0.041529945189439255	0.056038989776267166	-0.042404092523118386	0.04249614435440616	-0.027489452361691317	0.04082573507295876	-0.04999533000530002	0.04569149183923887	-0.0459630427441954	0.07787919400687549	-0.07300315769031228	0.0886608976068189	-0.057894051807100694	0.06418181256399198	-0.10288324690173821	0.1859701139171544	-0.21082212379440202	0.22273077958008933	-0.238289211410888	0.19882488211972918	-0.31157021232748255	1.0000000000000007	-0.34886112599428837	0.1935021016675181	-0.15586558195425976	0.16940916335100487	-0.7320063799597617	0.2776076706470486	-0.2546546053537482
-0.028986784264307792	0.04158616109618142	-0.05801843975425723	0.045795847599108166	-0.04633736119945316	0.026929344067122735	-0.0409914301888729	0.051370009886006596	-0.05093457684435948	0.05077746971681672	-0.07488659496207861	0.07121763972147054	-0.09099908333231023	0.066044910805516	-0.07383084667400579	0.09315471709600714	-0.17454139628138465	0.20849351293718693	-0.7390994482380425	0.2769029777996823	-0.17169141492270207	0.1580983655533333	-0.34886112599428837	1.0000000000000009	-0.3222369978111213	0.11616516362382734	-0.12988404537954046	0.23071536970566248	-0.3189319365938675	0.2329800030646495
0.03210672617032185	-0.049576883944823485	0.06856266403343242	-0.06323288522414185	0.06205667055051376	-0.030166246313652348	0.04759200383862736	-0.06196287237122778	0.0691678407834877	-0.07489653129984185	0.07950514697789353	-0.08158360763585679	0.10151665500302938	-0.09495442461320816	0.10815940515238898	-0.10095529523613714	0.13423339358323305	-0.17267468252429272	0.24896566178100404	-0.6175288785785672	0.15749544159793247	-0.1321744390817847	0.1935021016675181	-0.3222369978111213	1.0000000000000016	-0.11225027516908404	0.11454364125779541	-0.19947963883028674	0.28077988463542497	-0.584513567862477
-0.04410350739608021	0.05517378760728352	-0.07559485092280849	0.04709621729080983	-0.048683678267818914	0.04043747681870228	-0.05628353989053615	0.06519436316968406	-0.050064355649022264	0.04674663107265988	-0.12579805881892997	0.10063312243913099	-0.12475232676947279	0.05762686033828482	-0.0640584146189176	0.15879487092566805	-0.21902288233955092	0.20513948998246023	-0.12318119055795931	0.14824516622402625	-0.49598604416134195	0.28429157206425126	-0.15586558195425976	0.11616516362382734	-0.11225027516908404	1.0000000000000018	-0.7541110239922527	0.1324746201466213	-0.12171714602108298	0.113453545833694
0.03540173399987619	-0.0474881979333151	0.06231491734526233	-0.04160992730976223	0.042162370663052506	-0.03310003568157637	0.04718595473529933	-0.05538581737802297	0.04410044824912467	-0.04247257619395656	0.09800650686279908	-0.08728047549616444	0.10197691690481363	-0.05274693175603461	0.057935510732931385	-0.13569589618313158	0.2246614110228506	-0.25410361500266027	0.12904575335547624	-0.16314239024016752	0.29847833660872514	-0.46567616431298653	0.16940916335100487	-0.12988404537954046	0.11454364125779541	-0.7541110239922527	1.0000000000000013	-0.16183607645149797	0.1255060802421935	-0.126195561226668
-0.027215317488583406	0.0374762618665484	-0.05166598764538125	0.03787785559869726	-0.038402523288647544	0.025215025390591266	-0.03724001783367194	0.045408999496569055	-0.04096672514847296	0.04060295609386237	-0.07221764161456325	0.06543434645659787	-0.08194151185307122	0.05094271586460379	-0.0570562458438618	0.09110610436423523	-0.16406460635707878	0.16588089430295383	-0.20551711385332788	0.1977846072396378	-0.19231751120021023	0.19693024693625788	-0.7320063799597617	0.23071536970566248	-0.19947963883028674	0.1324746201466213	-0.16183607645149797	1.0000000000000016	-0.4929990037081805	0.23707630496774632
0.028672790073682976	-0.04211312580249062	0.057383717427402295	-0.04719666554956932	0.04685033334031623	-0.026855593020094538	0.040918498020780895	-0.05141794496518785	0.05100717775542525	-0.052908297568766194	0.07297801296490364	-0.0714673573674833	0.08781269587705248	-0.06654721735566536	0.07427114182850783	-0.09421967947430852	0.1400367452804676	-0.17660264085736585	0.2232414166032658	-0.31678694466348456	0.16092680156070827	-0.15507442452008507	0.2776076706470486	-0.3189319365938675	0.28077988463542497	-0.12171714602108298	0.1255060802421935	-0.4929990037081805	1.0000000000000013	-0.6331549802769524
-0.02995338456963429	0.042370569785941004	-0.05976899018192436	0.04645226089380902	-0.04717894977924179	0.027700239497860706	-0.04188554774716642	0.052265683336316954	-0.05066575181332656	0.05112442995114506	-0.07619901362792779	0.07141581177066798	-0.09203871340862674	0.06387797903898115	-0.07325770673352636	0.09300933233111248	-0.13851577536258858	0.1562926414077907	-0.22850333096669984	0.2816943378717632	-0.17367572658992017	0.14044847463185026	-0.2546546053537482	0.2329800030646495	-0.584513567862477	0.113453545833694	-0.126195561226668	0.23707630496774632	-0.6331549802769524	1.0000000000000013
