1.0	-0.5539258035588901	0.24083186652845906	-0.09729025444823552	0.08106539109077382	-0.6275779807564587	0.31216490414074427	-0.26930153828317893	0.08144536139652224	-0.06992837328343035	0.24246592864078342	-0.23401674315525933	0.16234815476927697	-0.11970143061872487	0.12429702896883445	-0.12317022852079555	0.13740897554770182	-0.12696188248579604	0.12219896293660573	-0.08259349765717419	0.09736382412880125	-0.11899191303304729	0.11881156028663017	-0.09216634222924731	0.06489969680231486	-0.11999860621296735	0.07367404974974956	-0.0743736795706912	0.0750411618427132	-0.08362780896197448	0.0924422371749231	-0.0861752321779518	0.07441208644205434	-0.06204172012904252	0.06917867134806815	-0.061992195633623653	0.05522351716653365	-0.03693443328636526	0.034771406521286935	-0.03677630829268862	0.07904513178738161	-0.06363871371314264	0.03876989733514107	-0.026255881728801514	0.02848767418428871
-0.5539258035588901	0.9999999999999999	-0.48918495599606143	0.07867953419904748	-0.06574785702890673	0.289834410846813	-0.5553667367190409	0.3003073876295571	-0.0657371983934337	0.05449531087764872	-0.1916454865943766	0.1805281969063029	-0.13411175772432946	0.09086183952735187	-0.09539029403879998	0.08730963834723464	-0.10554972551647855	0.09594992980079797	-0.09131603957073738	0.05828242087986976	-0.06975646976554749	0.08175942261229624	-0.08717003190360614	0.06653617548902968	-0.04630869415938017	0.08162640832900141	-0.05113887076040574	0.05198038736920101	-0.05334657389230527	0.05868866914305685	-0.06413011030149215	0.059029231204667534	-0.05217413139202263	0.04332789050853342	-0.04847008397413259	0.04252153023585593	-0.03796607630828016	0.025369903207631918	-0.024050385628715743	0.025346737725276677	-0.054630221854336844	0.04346540037363447	-0.026692408961342905	0.01810742666469304	-0.019661288734187612
0.24083186652845906	-0.48918495599606143	0.9999999999999998	-0.10323938736426289	0.07659071745451147	-0.235255442586135	0.29673842062805567	-0.7612568627288291	0.0762755058917869	-0.06161515213717956	0.1530409883855223	-0.15847401613595954	0.13973865733330695	-0.09898627302365513	0.09919276150425985	-0.0831680625445885	0.09753117858497382	-0.09911190812707986	0.09113798002395138	-0.05941143244474228	0.06634595367827621	-0.08232506828101036	0.08669940651158162	-0.06731389282001607	0.046824478822429974	-0.07962351072321476	0.051098959580012426	-0.05216339456727336	0.05361414908974423	-0.059463356863783255	0.0629733952428971	-0.05908967000943366	0.05207237917506426	-0.04352782347209957	0.04850169715390162	-0.04201644736715219	0.03782665478897539	-0.025335068377855617	0.024083143200250002	-0.02543056398146583	0.0539536576123682	-0.0433848287755471	0.026615889138147344	-0.018136698234225455	0.019681312181262137
-0.09729025444823552	0.07867953419904748	-0.10323938736426289	1.0000000000000002	-0.6380224252401846	0.08866426093124867	-0.08709239377101816	0.09232476802844977	-0.5883054328045079	0.32841403136488695	-0.11506186359323572	0.10926716588381966	-0.17460129127893376	0.24629656322174456	-0.3174633330907833	0.08403847238484011	-0.10314656392082107	0.12042973642739453	-0.13939856973091594	0.08928328093814494	-0.07408208580961836	0.1042732270204095	-0.12097548602855256	0.09604677570738991	-0.0711553359311891	0.08650846972243993	-0.06661459685962434	0.06959565052222906	-0.0770436984793139	0.08367474001775496	-0.07971067806268774	0.07547731202135805	-0.0708660225693699	0.06001595533459989	-0.06808122879120804	0.052628373298330006	-0.04893978488135364	0.03309131724552719	-0.03264277010662762	0.034314992534028185	-0.070236125077739	0.05539922941176747	-0.03498429488161216	0.02438662748946519	-0.026610852406768196
0.08106539109077382	-0.06574785702890673	0.07659071745451147	-0.6380224252401846	1.0	-0.07724203403314213	0.0726151197360839	-0.07630126822736252	0.3192761172913325	-0.6308610091754308	0.09761712487493843	-0.09636114733275662	0.14302932521780864	-0.2285070015117241	0.2525189645618845	-0.07710095913553129	0.09117584696846681	-0.10741292828492952	0.11946081159282416	-0.08508388281165713	0.06773286554538936	-0.10124255691791807	0.10725611024714275	-0.08818095648061158	0.06549963024350731	-0.08193974733964596	0.06326701603980452	-0.06567605574522827	0.07106718633586	-0.0796208764792143	0.07492754941960761	-0.07291560953783041	0.06610427737086924	-0.056603979903573666	0.06349699110848686	-0.0501191410125172	0.046827891161362066	-0.03172181649113936	0.031025681810733254	-0.03283162393904413	0.06639038375658503	-0.05352216282854446	0.03338882104145574	-0.023281127320611356	0.025348454221224382
-0.6275779807564587	0.289834410846813	-0.235255442586135	0.08866426093124867	-0.07724203403314213	1.0000000000000002	-0.4764351920456333	0.22334920128367752	-0.07829078480367005	0.06638808212524745	-0.44386185475343176	0.25476910814362724	-0.1724561937075721	0.11527018465349986	-0.1224989156114723	0.12334516814468346	-0.14694020087670923	0.12635614405813655	-0.12139239616013495	0.0766192077598249	-0.09765101220390585	0.1084937858943007	-0.11626604221682069	0.08798981977817635	-0.06114712493659075	0.11153284507675396	-0.0681935045472453	0.06908746954151188	-0.07073778281979533	0.07746288495187312	-0.0868018052639634	0.0786190743664946	-0.06956388329661037	0.057491530344069286	-0.06445349065985163	0.05723563753748437	-0.050728575131157756	0.033825079257480774	-0.03197462325855337	0.033648212322553904	-0.07350534438356658	0.05799577849898866	-0.035625002931759055	0.02407135374079838	-0.02614268532541223
0.31216490414074427	-0.5553667367190409	0.29673842062805567	-0.08709239377101816	0.0726151197360839	-0.4764351920456333	1.0	-0.47004427861985676	0.07451691490246998	-0.06270557046220289	0.24239438662908136	-0.3108235799675356	0.16697455518949328	-0.11156626460370034	0.11113020927894526	-0.11342078641204176	0.1348413686498504	-0.1217585429556863	0.11005116314810931	-0.07093226422755951	0.08640573380728758	-0.10035466962116088	0.10532089184864099	-0.08115127309347055	0.056048468730534755	-0.10243996459806784	0.062272621294199734	-0.06325203702207977	0.06451493948539927	-0.07140715466075445	0.07779067911544352	-0.0720453706778262	0.06310361003616645	-0.0524882602419907	0.058437275972600206	-0.05178220534622843	0.046113936078813034	-0.030792948245310505	0.02908601778668967	-0.030686467301389804	0.06596036535811893	-0.05291192928052383	0.03234246403660165	-0.02191761339495739	0.023766724532541326
-0.26930153828317893	0.3003073876295571	-0.7612568627288291	0.09232476802844977	-0.07630126822736252	0.22334920128367752	-0.47004427861985676	1.0000000000000004	-0.07774402547992759	0.06235874557448781	-0.17411391596536668	0.17071085365388058	-0.17569579157578666	0.10432712613554902	-0.10581181463038926	0.08690771058134714	-0.10715821576801461	0.10785396998203253	-0.09886251025636492	0.06136694823901932	-0.06993655603098292	0.08404366958348666	-0.09305729250025613	0.07089911601392636	-0.0488496223346754	0.08119240931377605	-0.05260184435317973	0.05390216129481468	-0.05595495726563168	0.06138950118539372	-0.06493883054513357	0.06028393703755412	-0.053966202105642264	0.04491134997344499	-0.050178557084761675	0.04299485052572362	-0.0387095718088047	0.02590114721649286	-0.024713803710074252	0.026027876376671855	-0.05546215113014097	0.04419964048885462	-0.027256675946047765	0.018576516816440822	-0.020169989544463536
0.08144536139652224	-0.0657371983934337	0.0762755058917869	-0.5883054328045079	0.3192761172913325	-0.07829078480367005	0.07451691490246998	-0.07774402547992759	1.0000000000000018	-0.5742131769462718	0.10249137897396424	-0.10552329166261132	0.1730804660599517	-0.4157278384519225	0.2872415983498482	-0.08074248712676058	0.09671297184936935	-0.12215839850113026	0.13235679824241597	-0.08733634453467304	0.06904336102695026	-0.10129443259649622	0.11244411133202557	-0.09392089607053926	0.06775462566330397	-0.0827803801851034	0.06326313651531518	-0.06629067018507726	0.07288473120377484	-0.08112280897749534	0.07388199899894868	-0.07223344329999697	0.06632769628162546	-0.056890147691204145	0.06353607753263643	-0.04932938215945597	0.04618576287210412	-0.031275390362886166	0.030732118015440398	-0.03246697192937239	0.06501922285342422	-0.05263511939558664	0.0329000809535492	-0.023013064080513134	0.025025878274259977
-0.06992837328343035	0.05449531087764872	-0.06161515213717956	0.32841403136488695	-0.6308610091754308	0.06638808212524745	-0.06270557046220289	0.06235874557448781	-0.5742131769462718	1.0000000000000018	-0.08870195164960651	0.08812396386027715	-0.14424572315679443	0.2459380901329084	-0.3928007934016271	0.06930511391457246	-0.08348085306254979	0.10151017807972595	-0.11447519274445178	0.07893205880748765	-0.06026302262696504	0.08855961294713653	-0.09872985709278005	0.0813029799179234	-0.06131639689619242	0.0719547459126943	-0.05563085946487472	0.05821341691638602	-0.06445037292178986	0.0713862486917109	-0.06525339017496092	0.06349920337503824	-0.058585329298879524	0.05021329903725391	-0.05637923696042476	0.043504437582101055	-0.04074436297243881	0.027609939431909786	-0.02719981331639561	0.028717700093972582	-0.0575804705490539	0.046389970131730116	-0.029076157600712534	0.020356686617221426	-0.022162904116418206
0.24246592864078342	-0.1916454865943766	0.1530409883855223	-0.11506186359323572	0.09761712487493843	-0.44386185475343176	0.24239438662908136	-0.17411391596536668	0.10249137897396424	-0.08870195164960651	1.0000000000000016	-0.6722981188475146	0.243473504101673	-0.1708269055601136	0.16160476874307703	-0.23216201579381254	0.23435883098372956	-0.19769465905741754	0.17040682714425112	-0.11328480246458016	0.15304996807662452	-0.16563290939077627	0.16514360767724393	-0.12908628037252096	0.08867201808356374	-0.1858825318861393	0.10150592817846868	-0.10222032649427969	0.10227940916298442	-0.1144146363991198	0.12828189511406593	-0.11849214112153768	0.10113577059065804	-0.08406875241693927	0.09291747559199609	-0.08600080085517345	0.07530826231156655	-0.05011311335122881	0.04672270299070614	-0.04937613432546019	0.10706827423235214	-0.08689145846942288	0.052468865654902365	-0.03530146243761294	0.038180460609980885
-0.23401674315525933	0.1805281969063029	-0.15847401613595954	0.10926716588381966	-0.09636114733275662	0.25476910814362724	-0.3108235799675356	0.17071085365388058	-0.10552329166261132	0.08812396386027715	-0.6722981188475146	1.000000000000004	-0.3870156053871176	0.1763624239117011	-0.17044940513816073	0.20803023145945906	-0.3445972456364141	0.22019782037965088	-0.18379619841821748	0.1071060481493332	-0.1515444942356023	0.15091766592482755	-0.17244730251877172	0.12846557343169632	-0.08579915357736465	0.16194599515206368	-0.09418348455687307	0.095884679767468	-0.09869934582063968	0.10758500202705318	-0.11838457544074492	0.10704846754090183	-0.0953540266846761	0.07852646097942313	-0.0872128285074957	0.07759571606554887	-0.06848841631090608	0.0455006055569519	-0.04293302201861997	0.04509774136207934	-0.09828054420616798	0.07808037467596095	-0.04783864703871037	0.03227691976975433	-0.03495507637347518
0.16234815476927697	-0.13411175772432946	0.13973865733330695	-0.17460129127893376	0.14302932521780864	-0.1724561937075721	0.16697455518949328	-0.17569579157578666	0.1730804660599517	-0.14424572315679443	0.243473504101673	-0.3870156053871176	1.0000000000000029	-0.44762037999301846	0.25755185696786165	-0.2034193037044406	0.24751661676482964	-0.5247049256192634	0.26766137320528843	-0.16213960738869335	0.15082155781142373	-0.21083959474309982	0.24375565172193878	-0.19792187212311424	0.12585991606281466	-0.18131741299817375	0.12708293526492886	-0.13495747204302813	0.14106168865766125	-0.15873101261409295	0.14380818433757456	-0.14392761605735213	0.1297346819420369	-0.11039835044264018	0.12014585759822194	-0.09657959289304868	0.08998367828476397	-0.060540878619408836	0.058532423956236805	-0.06188305248777213	0.12362286148872764	-0.1027854537783871	0.06329862249218951	-0.04391211320803738	0.04743804618838411
-0.11970143061872487	0.09086183952735187	-0.09898627302365513	0.24629656322174456	-0.2285070015117241	0.11527018465349986	-0.11156626460370034	0.10432712613554902	-0.4157278384519225	0.2459380901329084	-0.1708269055601136	0.1763624239117011	-0.44762037999301846	1.0000000000000024	-0.6137007482518642	0.12891328720789427	-0.1634477726046599	0.21993869952765555	-0.26240203956629976	0.13631688876787126	-0.10796652984003312	0.15215823039548984	-0.18998279638867957	0.15620473734781923	-0.10889955999216455	0.12568632976680447	-0.09591389502389436	0.10185340517235579	-0.11594083341829169	0.1254862251199797	-0.1100540848368021	0.10749379852801617	-0.10167620760709994	0.08690233960532633	-0.0968488495306496	0.07303725247588323	-0.06857313029404867	0.046402624580442225	-0.046001134016940726	0.04840470453129598	-0.09594850504774671	0.07764134228406672	-0.048838894358861996	0.03430991098590028	-0.037279976663887146
0.12429702896883445	-0.09539029403879998	0.09919276150425985	-0.3174633330907833	0.2525189645618845	-0.1224989156114723	0.11113020927894526	-0.10581181463038926	0.2872415983498482	-0.3928007934016271	0.16160476874307703	-0.17044940513816073	0.25755185696786165	-0.6137007482518642	1.000000000000003	-0.1380585230972097	0.15987587099369918	-0.20196203761972112	0.21421103805249114	-0.1805998136775343	0.11854160577314722	-0.18540768941928712	0.19045177521901205	-0.16628921065992935	0.12938333548989114	-0.14643974707206459	0.11388683929299612	-0.11904946561531814	0.130792919175653	-0.15027131999870874	0.1312099542479237	-0.13175878564136323	0.11814665508867905	-0.10298425841537029	0.11419246300951372	-0.08855733883509727	0.08356289719942242	-0.05677295477367198	0.05573599333094714	-0.059212941390336594	0.11623067360857606	-0.09591926572542793	0.05950978247573562	-0.04184233487270473	0.045435411732662925
-0.12317022852079555	0.08730963834723464	-0.0831680625445885	0.08403847238484011	-0.07710095913553129	0.12334516814468346	-0.11342078641204176	0.08690771058134714	-0.08074248712676058	0.06930511391457246	-0.23216201579381254	0.20803023145945906	-0.2034193037044406	0.12891328720789427	-0.1380585230972097	1.0000000000000029	-0.6427744914830673	0.21415497180093393	-0.18810657639836928	0.10243302707844527	-0.5498842477203958	0.1636412874394816	-0.18164963475873933	0.12772100340941722	-0.0841577409715521	0.2762147243718064	-0.10671300808048215	0.10218272944394335	-0.09992585037409049	0.10599346973004205	-0.16797113308518202	0.12082282589303216	-0.10363963732172124	0.08124529959050394	-0.09100184915334168	0.10085011424928819	-0.07966096728957084	0.05122662924341454	-0.04568045849335757	0.047391088024213754	-0.12402112562852027	0.08997697733579686	-0.054244036761691476	0.03451211484790506	-0.03726110148070137
0.13740897554770182	-0.10554972551647855	0.09753117858497382	-0.10314656392082107	0.09117584696846681	-0.14694020087670923	0.1348413686498504	-0.10715821576801461	0.09671297184936935	-0.08348085306254979	0.23435883098372956	-0.3445972456364141	0.24751661676482964	-0.1634477726046599	0.15987587099369918	-0.6427744914830673	1.000000000000002	-0.3950686315629906	0.21865984277529485	-0.12894826937587187	0.2616334703927139	-0.20996729334756803	0.21213836674852002	-0.16091236420984528	0.10263110683267344	-0.2948476615855786	0.12491809855426757	-0.12285661120558947	0.11955563050193006	-0.13144674136129372	0.16340359504134128	-0.14261605777647285	0.11977175522506603	-0.09684700613475929	0.10615066983756516	-0.10777461599899119	0.08983571321430296	-0.05869707674104029	0.05319373644803951	-0.05573826648084142	0.128108842315638	-0.10320607823673415	0.061377173290818224	-0.040186617892550715	0.0432350304637109
-0.12696188248579604	0.09594992980079797	-0.09911190812707986	0.12042973642739453	-0.10741292828492952	0.12635614405813655	-0.1217585429556863	0.10785396998203253	-0.12215839850113026	0.10151017807972595	-0.19769465905741754	0.22019782037965088	-0.5247049256192634	0.21993869952765555	-0.20196203761972112	0.21415497180093393	-0.3950686315629906	1.0000000000000018	-0.48664974311493525	0.16569678330951118	-0.16116951534786889	0.20787215400241052	-0.41969710300335095	0.2445006740967908	-0.1385074319692444	0.17313710607835556	-0.1304227446787224	0.1437001479786339	-0.15789019611064195	0.1648422529274377	-0.1401461509358866	0.1387646982866572	-0.13777455942269734	0.11331258496769021	-0.12335274031688542	0.09205158613261699	-0.0870055822540589	0.058372216161330676	-0.05763984165960692	0.060227391033692096	-0.1189022497620536	0.09728197878658532	-0.06130019404140591	0.04280644362563735	-0.04623290852363681
0.12219896293660573	-0.09131603957073738	0.09113798002395138	-0.13939856973091594	0.11946081159282416	-0.12139239616013495	0.11005116314810931	-0.09886251025636492	0.13235679824241597	-0.11447519274445178	0.17040682714425112	-0.18379619841821748	0.26766137320528843	-0.26240203956629976	0.21421103805249114	-0.18810657639836928	0.21865984277529485	-0.48664974311493525	1.0000000000000042	-0.28300414168857485	0.14662508538153096	-0.24627096543292176	0.31544143025139504	-0.5353568946983409	0.21871160914471086	-0.18049642170308244	0.1510225327589888	-0.17199876762142507	0.23298433142755032	-0.2643285744101963	0.1546906597817018	-0.1668809891218629	0.16321826272086826	-0.15561538029118355	0.1627454336206018	-0.10462103576678548	0.1028552784044062	-0.07082930657512498	0.07415013738796296	-0.07841138655608042	0.13523208843807896	-0.1163743920844702	0.07383225713177778	-0.054801271575173754	0.058910801767139816
-0.08259349765717419	0.05828242087986976	-0.05941143244474228	0.08928328093814494	-0.08508388281165713	0.0766192077598249	-0.07093226422755951	0.06136694823901932	-0.08733634453467304	0.07893205880748765	-0.11328480246458016	0.1071060481493332	-0.16213960738869335	0.13631688876787126	-0.1805998136775343	0.10243302707844527	-0.12894826937587187	0.16569678330951118	-0.28300414168857485	1.0000000000000016	-0.09432245924466177	0.1593068138230651	-0.25571322516918865	0.2679970203453579	-0.8105696830500696	0.10849133297629146	-0.11232596703704417	0.1320172052774027	-0.2476986543620146	0.24479456325939136	-0.11438117290890662	0.1172222245646883	-0.14092576829135475	0.13654938839292463	-0.17011116367685583	0.07510563760173093	-0.07626760991397537	0.05433610963138987	-0.06484998055151692	0.06674326842585998	-0.1027984652888745	0.08301261859755282	-0.057850558242007154	0.04628409489376351	-0.05127209254501993
0.09736382412880125	-0.06975646976554749	0.06634595367827621	-0.07408208580961836	0.06773286554538936	-0.09765101220390585	0.08640573380728758	-0.06993655603098292	0.06904336102695026	-0.06026302262696504	0.15304996807662452	-0.1515444942356023	0.15082155781142373	-0.10796652984003312	0.11854160577314722	-0.5498842477203958	0.2616334703927139	-0.16116951534786889	0.14662508538153096	-0.09432245924466177	1.0000000000000024	-0.18137100349145027	0.15124142284990724	-0.1113685378389401	0.07590544129547805	-0.6842727113615615	0.11502164266618949	-0.1035699046025851	0.09189564423360326	-0.09967656687533553	0.20347157102162383	-0.13862516751894297	0.10361147026768978	-0.07969671809037433	0.08831526802195828	-0.1288997168284813	0.0890894230623363	-0.05621110580318197	0.046674106686580764	-0.048509265903663126	0.13641624629684207	-0.10362901570394933	0.058756500417462235	-0.035720046132040675	0.038212044899264386
-0.11899191303304729	0.08175942261229624	-0.08232506828101036	0.1042732270204095	-0.10124255691791807	0.1084937858943007	-0.10035466962116088	0.08404366958348666	-0.10129443259649622	0.08855961294713653	-0.16563290939077627	0.15091766592482755	-0.21083959474309982	0.15215823039548984	-0.18540768941928712	0.1636412874394816	-0.20996729334756803	0.20787215400241052	-0.24627096543292176	0.1593068138230651	-0.18137100349145027	1.0	-0.4056183077445929	0.20798287861072282	-0.1396934181214101	0.1955294519197973	-0.5727766899585176	0.2706017469399377	-0.19084319212490175	0.18390745109996592	-0.2720988411734249	0.2948523465859069	-0.29140411253415677	0.1736592309895845	-0.20200584850052922	0.1682994338318882	-0.19405045582026342	0.11446663940848588	-0.09862607601418659	0.09802155205559383	-0.2440109133031947	0.1832657572555496	-0.12537006377238752	0.0735699193873343	-0.07992665313949558
0.11881156028663017	-0.08717003190360614	0.08669940651158162	-0.12097548602855256	0.10725611024714275	-0.11626604221682069	0.10532089184864099	-0.09305729250025613	0.11244411133202557	-0.09872985709278005	0.16514360767724393	-0.17244730251877172	0.24375565172193878	-0.18998279638867957	0.19045177521901205	-0.18164963475873933	0.21213836674852002	-0.41969710300335095	0.31544143025139504	-0.25571322516918865	0.15124142284990724	-0.4056183077445929	1.000000000000001	-0.4919635484173538	0.20625083213275058	-0.1853151527646085	0.2158536211955594	-0.2896278573455476	0.2380315407704078	-0.2599260896864543	0.17645479231388994	-0.21551377553823012	0.22035926921412988	-0.17746437448993904	0.1823725260956737	-0.1193276735816378	0.12597654670589056	-0.08484708807730461	0.08448787995613286	-0.08831849371061033	0.15594983863828032	-0.1390794980675667	0.08806024096784072	-0.0625327446859553	0.06687375382845746
-0.09216634222924731	0.06653617548902968	-0.06731389282001607	0.09604677570738991	-0.08818095648061158	0.08798981977817635	-0.08115127309347055	0.07089911601392636	-0.09392089607053926	0.0813029799179234	-0.12908628037252096	0.12846557343169632	-0.19792187212311424	0.15620473734781923	-0.16628921065992935	0.12772100340941722	-0.16091236420984528	0.2445006740967908	-0.5353568946983409	0.2679970203453579	-0.1113685378389401	0.20798287861072282	-0.4919635484173538	1.0000000000000024	-0.36532727821867295	0.1304368252064531	-0.14058539104531234	0.17221138597456748	-0.4190650776774703	0.27874313160274816	-0.1294713832956194	0.14214308668900558	-0.16906461906604492	0.16334388720510568	-0.1757520396874312	0.08599919426872928	-0.08895159907460251	0.06240442237472109	-0.07168667134830012	0.07379377047691965	-0.11503844283570461	0.09710912397643373	-0.0656670926263464	0.05138571990339109	-0.055599504929984
0.06489969680231486	-0.04630869415938017	0.046824478822429974	-0.0711553359311891	0.06549963024350731	-0.06114712493659075	0.056048468730534755	-0.0488496223346754	0.06775462566330397	-0.06131639689619242	0.08867201808356374	-0.08579915357736465	0.12585991606281466	-0.10889955999216455	0.12938333548989114	-0.0841577409715521	0.10263110683267344	-0.1385074319692444	0.21871160914471086	-0.8105696830500696	0.07590544129547805	-0.1396934181214101	0.20625083213275058	-0.36532727821867295	0.9999999999999994	-0.08984263756563472	0.09477367632297365	-0.1154257093645795	0.23044795051937852	-0.33439680060810806	0.09200352764863898	-0.1000471357671227	0.11691493180309931	-0.12342811705010676	0.1429529000133943	-0.0613549572925414	0.0633575035195522	-0.0454631753385505	0.054842796401497404	-0.05716396232744353	0.08259444147273193	-0.06965621267208086	0.04790312017540346	-0.03925690277428051	0.042854008224750946
-0.11999860621296735	0.08162640832900141	-0.07962351072321476	0.08650846972243993	-0.08193974733964596	0.11153284507675396	-0.10243996459806784	0.08119240931377605	-0.0827803801851034	0.0719547459126943	-0.1858825318861393	0.16194599515206368	-0.18131741299817375	0.12568632976680447	-0.14643974707206459	0.2762147243718064	-0.2948476615855786	0.17313710607835556	-0.18049642170308244	0.10849133297629146	-0.6842727113615615	0.1955294519197973	-0.1853151527646085	0.1304368252064531	-0.08984263756563472	1.000000000000001	-0.14595371816751074	0.12546853264261634	-0.11109263151967527	0.11651612216653531	-0.4028921520232966	0.17114615498462013	-0.13143405268505243	0.09732621528147709	-0.11042560958462531	0.18359313425322787	-0.11863107053888428	0.07246168237839386	-0.05871595755545605	0.060079016952969314	-0.21189621606918918	0.13272702789715857	-0.07741778437702551	0.04495283229509931	-0.04826835169610808
0.07367404974974956	-0.05113887076040574	0.051098959580012426	-0.06661459685962434	0.06326701603980452	-0.0681935045472453	0.062272621294199734	-0.05260184435317973	0.06326313651531518	-0.05563085946487472	0.10150592817846868	-0.09418348455687307	0.12708293526492886	-0.09591389502389436	0.11388683929299612	-0.10671300808048215	0.12491809855426757	-0.1304227446787224	0.1510225327589888	-0.11232596703704417	0.11502164266618949	-0.5727766899585176	0.2158536211955594	-0.14058539104531234	0.09477367632297365	-0.14595371816751074	0.999999999999997	-0.4370526519276087	0.14093731334625875	-0.13995873384749719	0.19310711345623877	-0.5577103447259779	0.27119455102022433	-0.14644878519377919	0.15237059424929925	-0.13179218215619018	0.18874824334634974	-0.10647348132036642	0.07847807267142683	-0.07812253874816227	0.1697188563757855	-0.18542353743650888	0.10673240338853748	-0.05935074559051584	0.06215374813167389
-0.0743736795706912	0.05198038736920101	-0.05216339456727336	0.06959565052222906	-0.06567605574522827	0.06908746954151188	-0.06325203702207977	0.05390216129481468	-0.06629067018507726	0.05821341691638602	-0.10222032649427969	0.095884679767468	-0.13495747204302813	0.10185340517235579	-0.11904946561531814	0.10218272944394335	-0.12285661120558947	0.1437001479786339	-0.17199876762142507	0.1320172052774027	-0.1035699046025851	0.2706017469399377	-0.2896278573455476	0.17221138597456748	-0.1154257093645795	0.12546853264261634	-0.4370526519276087	1.0000000000000029	-0.22099225366152025	0.18401854133081455	-0.1612995935389497	0.2567341713637172	-0.7128448614689874	0.21964791042311418	-0.23060521795557742	0.10776122394338611	-0.14068464338915862	0.09590071281662887	-0.09529881814894156	0.0933920658417563	-0.14473697567291324	0.1381974275715785	-0.09921478086547302	0.06754972106968585	-0.07211468796762688
0.0750411618427132	-0.05334657389230527	0.05361414908974423	-0.0770436984793139	0.07106718633586	-0.07073778281979533	0.06451493948539927	-0.05595495726563168	0.07288473120377484	-0.06445037292178986	0.10227940916298442	-0.09869934582063968	0.14106168865766125	-0.11594083341829169	0.130792919175653	-0.09992585037409049	0.11955563050193006	-0.15789019611064195	0.23298433142755032	-0.2476986543620146	0.09189564423360326	-0.19084319212490175	0.2380315407704078	-0.4190650776774703	0.23044795051937852	-0.11109263151967527	0.14093731334625875	-0.22099225366152025	1.0000000000000009	-0.7135185180129431	0.11847105642172757	-0.14575801317008955	0.19690901655127094	-0.31759942588403667	0.25301958059303	-0.08053367644011353	0.08914059899368369	-0.06773349240096713	0.0951767244392886	-0.09806831910287961	0.10726645772185205	-0.09736072806901852	0.07023036039027711	-0.0662987229549695	0.06955251340496744
-0.08362780896197448	0.05868866914305685	-0.059463356863783255	0.08367474001775496	-0.0796208764792143	0.07746288495187312	-0.07140715466075445	0.06138950118539372	-0.08112280897749534	0.0713862486917109	-0.1144146363991198	0.10758500202705318	-0.15873101261409295	0.1254862251199797	-0.15027131999870874	0.10599346973004205	-0.13144674136129372	0.1648422529274377	-0.2643285744101963	0.24479456325939136	-0.09967656687533553	0.18390745109996592	-0.2599260896864543	0.27874313160274816	-0.33439680060810806	0.11651612216653531	-0.13995873384749719	0.18401854133081455	-0.7135185180129431	0.999999999999998	-0.12856384914742844	0.1435812675062673	-0.20075570889186647	0.2449057869989356	-0.344199290771048	0.08564013463746585	-0.09248573324732154	0.07012853089129024	-0.09995303679661413	0.10237615372131269	-0.11673655239684395	0.09975704952707765	-0.07419210242099544	0.06853528705407558	-0.07584479210543318
0.0924422371749231	-0.06413011030149215	0.0629733952428971	-0.07971067806268774	0.07492754941960761	-0.0868018052639634	0.07779067911544352	-0.06493883054513357	0.07388199899894868	-0.06525339017496092	0.12828189511406593	-0.11838457544074492	0.14380818433757456	-0.1100540848368021	0.1312099542479237	-0.16797113308518202	0.16340359504134128	-0.1401461509358866	0.1546906597817018	-0.11438117290890662	0.20347157102162383	-0.2720988411734249	0.17645479231388994	-0.1294713832956194	0.09200352764863898	-0.4028921520232966	0.19310711345623877	-0.1612995935389497	0.11847105642172757	-0.12856384914742844	0.9999999999999996	-0.33320176963633846	0.1614014648921409	-0.11647476409302654	0.12580558613171083	-0.5972384715654179	0.19650141192333861	-0.11427167295577927	0.0764442162026116	-0.07858918786231091	0.3084471188881729	-0.23932813874017903	0.11535832494766106	-0.06048576593295611	0.06275087253572668
-0.0861752321779518	0.059029231204667534	-0.05908967000943366	0.07547731202135805	-0.07291560953783041	0.0786190743664946	-0.0720453706778262	0.06028393703755412	-0.07223344329999697	0.06349920337503824	-0.11849214112153768	0.10704846754090183	-0.14392761605735213	0.10749379852801617	-0.13175878564136323	0.12082282589303216	-0.14261605777647285	0.1387646982866572	-0.1668809891218629	0.1172222245646883	-0.13862516751894297	0.2948523465859069	-0.21551377553823012	0.14214308668900558	-0.1000471357671227	0.17114615498462013	-0.5577103447259779	0.2567341713637172	-0.14575801317008955	0.1435812675062673	-0.33320176963633846	1.0000000000000007	-0.32409924199675644	0.15694506255527899	-0.1744898891238231	0.19725505031339857	-0.42222624371012196	0.1578489586116912	-0.10001620216914864	0.09571069930794283	-0.2647798125504442	0.26057430526916625	-0.1672182741123742	0.07675904595251326	-0.08004612467590683
0.07441208644205434	-0.05217413139202263	0.05207237917506426	-0.0708660225693699	0.06610427737086924	-0.06956388329661037	0.06310361003616645	-0.053966202105642264	0.06632769628162546	-0.058585329298879524	0.10113577059065804	-0.0953540266846761	0.1297346819420369	-0.10167620760709994	0.11814665508867905	-0.10363963732172124	0.11977175522506603	-0.13777455942269734	0.16321826272086826	-0.14092576829135475	0.10361147026768978	-0.29140411253415677	0.22035926921412988	-0.16906461906604492	0.11691493180309931	-0.13143405268505243	0.27119455102022433	-0.7128448614689874	0.19690901655127094	-0.20075570889186647	0.1614014648921409	-0.32409924199675644	1.0000000000000013	-0.3629830573304696	0.24195615676736187	-0.11423560824308147	0.15170005340240908	-0.11611545256205891	0.11113246250525141	-0.11142251876766879	0.14655346181643553	-0.16065243988790887	0.11076119875007709	-0.08003990946350358	0.08139977783281738
-0.06204172012904252	0.04332789050853342	-0.04352782347209957	0.06001595533459989	-0.056603979903573666	0.057491530344069286	-0.0524882602419907	0.04491134997344499	-0.056890147691204145	0.05021329903725391	-0.08406875241693927	0.07852646097942313	-0.11039835044264018	0.08690233960532633	-0.10298425841537029	0.08124529959050394	-0.09684700613475929	0.11331258496769021	-0.15561538029118355	0.13654938839292463	-0.07969671809037433	0.1736592309895845	-0.17746437448993904	0.16334388720510568	-0.12342811705010676	0.09732621528147709	-0.14644878519377919	0.21964791042311418	-0.31759942588403667	0.2449057869989356	-0.11647476409302654	0.15694506255527899	-0.3629830573304696	1.0000000000000013	-0.7568898730659175	0.08093591220155516	-0.10105750142431313	0.09262314845833311	-0.2241284871522804	0.18234099564553202	-0.10826844668697752	0.10714983259398833	-0.09583930715480025	0.12341711712684435	-0.12806449190915542
0.06917867134806815	-0.04847008397413259	0.04850169715390162	-0.06808122879120804	0.06349699110848686	-0.06445349065985163	0.058437275972600206	-0.050178557084761675	0.06353607753263643	-0.05637923696042476	0.09291747559199609	-0.0872128285074957	0.12014585759822194	-0.0968488495306496	0.11419246300951372	-0.09100184915334168	0.10615066983756516	-0.12335274031688542	0.1627454336206018	-0.17011116367685583	0.08831526802195828	-0.20200584850052922	0.1823725260956737	-0.1757520396874312	0.1429529000133943	-0.11042560958462531	0.15237059424929925	-0.23060521795557742	0.25301958059303	-0.344199290771048	0.12580558613171083	-0.1744898891238231	0.24195615676736187	-0.7568898730659175	0.9999999999999994	-0.0894682179918766	0.10826517274272272	-0.09720760269837639	0.18666861792218742	-0.23768493739527696	0.11702119561001517	-0.1206117614774826	0.09839368048866493	-0.13030730583566316	0.13333260289233229
-0.061992195633623653	0.04252153023585593	-0.04201644736715219	0.052628373298330006	-0.0501191410125172	0.05723563753748437	-0.05178220534622843	0.04299485052572362	-0.04932938215945597	0.043504437582101055	-0.08600080085517345	0.07759571606554887	-0.09657959289304868	0.07303725247588323	-0.08855733883509727	0.10085011424928819	-0.10777461599899119	0.09205158613261699	-0.10462103576678548	0.07510563760173093	-0.1288997168284813	0.1682994338318882	-0.1193276735816378	0.08599919426872928	-0.0613549572925414	0.18359313425322787	-0.13179218215619018	0.10776122394338611	-0.08053367644011353	0.08564013463746585	-0.5972384715654179	0.19725505031339857	-0.11423560824308147	0.08093591220155516	-0.0894682179918766	0.9999999999999986	-0.21268747093333434	0.10207846193589944	-0.060321574485211894	0.0596001921956871	-0.679989053988981	0.2196650141203823	-0.10996405020489461	0.04852785574792082	-0.049936041650161106
0.05522351716653365	-0.03796607630828016	0.03782665478897539	-0.04893978488135364	0.046827891161362066	-0.050728575131157756	0.046113936078813034	-0.0387095718088047	0.04618576287210412	-0.04074436297243881	0.07530826231156655	-0.06848841631090608	0.08998367828476397	-0.06857313029404867	0.08356289719942242	-0.07966096728957084	0.08983571321430296	-0.0870055822540589	0.1028552784044062	-0.07626760991397537	0.0890894230623363	-0.19405045582026342	0.12597654670589056	-0.08895159907460251	0.0633575035195522	-0.11863107053888428	0.18874824334634974	-0.14068464338915862	0.08914059899368369	-0.09248573324732154	0.19650141192333861	-0.42222624371012196	0.15170005340240908	-0.10105750142431313	0.10826517274272272	-0.21268747093333434	0.9999999999999998	-0.3431693873580591	0.09953574284502127	-0.09135183814507661	0.237018522166485	-0.7099075376400259	0.24676950590915478	-0.0835498391010451	0.07875696849518687
-0.03693443328636526	0.025369903207631918	-0.025335068377855617	0.03309131724552719	-0.03172181649113936	0.033825079257480774	-0.030792948245310505	0.02590114721649286	-0.031275390362886166	0.027609939431909786	-0.05011311335122881	0.0455006055569519	-0.060540878619408836	0.046402624580442225	-0.05677295477367198	0.05122662924341454	-0.05869707674104029	0.058372216161330676	-0.07082930657512498	0.05433610963138987	-0.05621110580318197	0.11446663940848588	-0.08484708807730461	0.06240442237472109	-0.0454631753385505	0.07246168237839386	-0.10647348132036642	0.09590071281662887	-0.06773349240096713	0.07012853089129024	-0.11427167295577927	0.1578489586116912	-0.11611545256205891	0.09262314845833311	-0.09720760269837639	0.10207846193589944	-0.3431693873580591	0.999999999999999	-0.19729270704008733	0.13971785826355196	-0.1348773977468137	0.23941267256698873	-0.8527069541440913	0.15553447300666748	-0.13616277857627662
0.034771406521286935	-0.024050385628715743	0.024083143200250002	-0.03264277010662762	0.031025681810733254	-0.03197462325855337	0.02908601778668967	-0.024713803710074252	0.030732118015440398	-0.02719981331639561	0.04672270299070614	-0.04293302201861997	0.058532423956236805	-0.046001134016940726	0.05573599333094714	-0.04568045849335757	0.05319373644803951	-0.05763984165960692	0.07415013738796296	-0.06484998055151692	0.046674106686580764	-0.09862607601418659	0.08448787995613286	-0.07168667134830012	0.054842796401497404	-0.05871595755545605	0.07847807267142683	-0.09529881814894156	0.0951767244392886	-0.09995303679661413	0.0764442162026116	-0.10001620216914864	0.11113246250525141	-0.2241284871522804	0.18666861792218742	-0.060321574485211894	0.09953574284502127	-0.19729270704008733	0.9999999999999981	-0.662611325178301	0.07921519782325605	-0.10697343433744262	0.172780677294095	-0.5756934705202319	0.3243893402180768
-0.03677630829268862	0.025346737725276677	-0.02543056398146583	0.034314992534028185	-0.03283162393904413	0.033648212322553904	-0.030686467301389804	0.026027876376671855	-0.03246697192937239	0.028717700093972582	-0.04937613432546019	0.04509774136207934	-0.06188305248777213	0.04840470453129598	-0.059212941390336594	0.047391088024213754	-0.05573826648084142	0.060227391033692096	-0.07841138655608042	0.06674326842585998	-0.048509265903663126	0.09802155205559383	-0.08831849371061033	0.07379377047691965	-0.05716396232744353	0.060079016952969314	-0.07812253874816227	0.0933920658417563	-0.09806831910287961	0.10237615372131269	-0.07858918786231091	0.09571069930794283	-0.11142251876766879	0.18234099564553202	-0.23768493739527696	0.0596001921956871	-0.09135183814507661	0.13971785826355196	-0.662611325178301	0.9999999999999976	-0.08049456154112238	0.09626103211442716	-0.15516045084796362	0.32382710717608276	-0.5915438737093585
0.07904513178738161	-0.054630221854336844	0.0539536576123682	-0.070236125077739	0.06639038375658503	-0.07350534438356658	0.06596036535811893	-0.05546215113014097	0.06501922285342422	-0.0575804705490539	0.10706827423235214	-0.09828054420616798	0.12362286148872764	-0.09594850504774671	0.11623067360857606	-0.12402112562852027	0.128108842315638	-0.1189022497620536	0.13523208843807896	-0.1027984652888745	0.13641624629684207	-0.2440109133031947	0.15594983863828032	-0.11503844283570461	0.08259444147273193	-0.21189621606918918	0.1697188563757855	-0.14473697567291324	0.10726645772185205	-0.11673655239684395	0.3084471188881729	-0.2647798125504442	0.14655346181643553	-0.10826844668697752	0.11702119561001517	-0.679989053988981	0.237018522166485	-0.1348773977468137	0.07921519782325605	-0.08049456154112238	0.9999999999999973	-0.3986051373795527	0.13794421877017438	-0.06442139692648821	0.06546603905077902
-0.06363871371314264	0.04346540037363447	-0.0433848287755471	0.05539922941176747	-0.05352216282854446	0.05799577849898866	-0.05291192928052383	0.04419964048885462	-0.05263511939558664	0.046389970131730116	-0.08689145846942288	0.07808037467596095	-0.1027854537783871	0.07764134228406672	-0.09591926572542793	0.08997697733579686	-0.10320607823673415	0.09728197878658532	-0.1163743920844702	0.08301261859755282	-0.10362901570394933	0.1832657572555496	-0.1390794980675667	0.09710912397643373	-0.06965621267208086	0.13272702789715857	-0.18542353743650888	0.1381974275715785	-0.09736072806901852	0.09975704952707765	-0.23932813874017903	0.26057430526916625	-0.16065243988790887	0.10714983259398833	-0.1206117614774826	0.2196650141203823	-0.7099075376400259	0.23941267256698873	-0.10697343433744262	0.09626103211442716	-0.3986051373795527	0.9999999999999984	-0.31223329280998574	0.09020672624344213	-0.08900200186222622
0.03876989733514107	-0.026692408961342905	0.026615889138147344	-0.03498429488161216	0.03338882104145574	-0.035625002931759055	0.03234246403660165	-0.027256675946047765	0.0329000809535492	-0.029076157600712534	0.052468865654902365	-0.04783864703871037	0.06329862249218951	-0.048838894358861996	0.05950978247573562	-0.054244036761691476	0.061377173290818224	-0.06130019404140591	0.07383225713177778	-0.057850558242007154	0.058756500417462235	-0.12537006377238752	0.08806024096784072	-0.0656670926263464	0.04790312017540346	-0.07741778437702551	0.10673240338853748	-0.09921478086547302	0.07023036039027711	-0.07419210242099544	0.11535832494766106	-0.1672182741123742	0.11076119875007709	-0.09583930715480025	0.09839368048866493	-0.10996405020489461	0.24676950590915478	-0.8527069541440913	0.172780677294095	-0.15516045084796362	0.13794421877017438	-0.31223329280998574	0.9999999999999991	-0.19757901002536082	0.1397404212420505
