0.9999999999999998	-0.7876016416439884	0.2810043784205507	-0.1527862312121466	0.1370419213334276	-0.2907013418956811	0.25524988529341786	-0.21018264628890018	0.15860715724979416	-0.24592291764643842	0.19468028644586377	-0.22646861984963648	0.1561732599231141	-0.15387213641872582	0.12849497054932926	-0.14411581733985424	0.12320779228398039	-0.16497345769727734	0.054530265631449665	-0.07359389997303283	0.08168103331608148	-0.09771612658398462	0.10298996362771565	-0.07284535592823514	0.06606543960143366	-0.07587569287087328	0.08156111099886569	-0.10207565581045827	0.10003968171308773	-0.12259559938150132
-0.7876016416439884	1.0	-0.41672536499250484	0.13698214270219797	-0.12623047928934603	0.21985319067328776	-0.3209517240531283	0.18241318247283772	-0.14216767294522015	0.184906712250693	-0.172413447441993	0.17966836188369908	-0.1307880301392745	0.12239617694665235	-0.10500161109654566	0.11189915091200506	-0.0990722045560412	0.12810073183390788	-0.041316423534379684	0.05495031382194278	-0.06466930978741268	0.07575085035815358	-0.08035749037371642	0.054766161062834925	-0.04989626674019597	0.05870771197054117	-0.06437668054356518	0.07786653989375933	-0.0772892274249828	0.09059634976334206
0.2810043784205507	-0.41672536499250484	0.9999999999999997	-0.3776600972573034	0.2594301243633821	-0.21251307085717164	0.23014804348554543	-0.39966442304494054	0.2714837681924855	-0.43186899298571263	0.20233276880498025	-0.25408119586414385	0.21305935991661426	-0.26406187935553355	0.21443383018349135	-0.16856863192777768	0.14988799088569468	-0.2198892569728285	0.0753459951069422	-0.10092173291151055	0.09972895872292398	-0.12154007188852553	0.13510954145357698	-0.09765096809942027	0.0885293884591796	-0.09279815865724395	0.10160735747293383	-0.13389300958925054	0.13242458367902998	-0.16268922911870703
-0.1527862312121466	0.13698214270219797	-0.3776600972573034	0.9999999999999998	-0.7792863053422314	0.1061383580917335	-0.12606102697508423	0.21947134264190363	-0.3447200855441051	0.2736507528304242	-0.11247463159037169	0.1283070181307626	-0.12453003207262361	0.18636653020343952	-0.17644560364450523	0.08500987325419215	-0.07921902488690598	0.11286557308101484	-0.04001212540249038	0.05125920151923329	-0.05209365920547713	0.06193854365806064	-0.07090493931109888	0.04903934216364255	-0.044892350110336196	0.04705529953688917	-0.05322193986911976	0.06752820320338616	-0.06927258833803115	0.07796846027318738
0.1370419213334276	-0.12623047928934603	0.2594301243633821	-0.7792863053422314	0.9999999999999988	-0.10557632493326319	0.11974999449551504	-0.2143433139345679	0.23561909601488193	-0.44680997640789066	0.1122080940390467	-0.13305763235001247	0.12326316483304042	-0.21556021446843637	0.19013151285913585	-0.0889756627928986	0.08178401194689162	-0.1184121588748938	0.043772970892734915	-0.05648520595291891	0.05431410033723968	-0.06520484065915719	0.07438834639064001	-0.053153436500604063	0.048507317987301894	-0.04952957745657853	0.055589048402629126	-0.07188739490462936	0.07351611408189307	-0.08480329055654076
-0.2907013418956811	0.21985319067328776	-0.21251307085717164	0.1061383580917335	-0.10557632493326319	0.9999999999999989	-0.7051852063047231	0.19500537828359402	-0.15227903075236254	0.1445661934265485	-0.5134043416726962	0.2686464127197917	-0.16984379730088103	0.11208258068907767	-0.09935647113171434	0.1697142851828631	-0.14669451650209592	0.15708688918151212	-0.04362841771172481	0.05714024296552284	-0.09034933146066187	0.09877196225645345	-0.09631604109399994	0.05944302690220899	-0.05414785050067086	0.0780604011696186	-0.08581426297924044	0.0905803915366577	-0.08705308872881191	0.09577378407031761
0.25524988529341786	-0.3209517240531283	0.23014804348554543	-0.12606102697508423	0.11974999449551504	-0.7051852063047231	0.9999999999999999	-0.3022347933977557	0.17942250333070703	-0.17484295867992333	0.2924472530671539	-0.37037035943935886	0.19825723886479987	-0.13779429587236935	0.11568515893754262	-0.17710920962513824	0.15161922988067553	-0.18778410450498909	0.050442680666771524	-0.0665257164015034	0.09330050336499704	-0.10834892584615312	0.1090223861547823	-0.06877901231941656	0.06219513974548471	-0.08449274711106593	0.09104276576256452	-0.10450989378762537	0.0977896038789283	-0.11138240737997065
-0.21018264628890018	0.18241318247283772	-0.39966442304494054	0.21947134264190363	-0.2143433139345679	0.19500537828359402	-0.3022347933977557	1.0000000000000002	-0.6444929819361243	0.23825305030175925	-0.20258963014472492	0.23200331150153197	-0.3518631760171968	0.23863939355800076	-0.21439503734644416	0.14210227560660443	-0.14088463517328617	0.2117922991910823	-0.05740945433970694	0.07253960084041516	-0.0856457579930516	0.10130920009840737	-0.12062562609216165	0.07322174598132418	-0.06675072117824278	0.07587292446836151	-0.08758021698821798	0.10891779913214876	-0.1063831655153931	0.11350407955139796
0.15860715724979416	-0.14216767294522015	0.2714837681924855	-0.3447200855441051	0.23561909601488193	-0.15227903075236254	0.17942250333070703	-0.6444929819361243	0.9999999999999991	-0.3095676017899162	0.15214093503063464	-0.1906876223737532	0.20239121057863604	-0.4464188030231638	0.24741936747310828	-0.11899466607196352	0.11214445474947365	-0.1776290277547621	0.05570887511858869	-0.06956450443776431	0.0704842480307277	-0.08508964972322182	0.09879845781986249	-0.06618583498074429	0.05958577809101878	-0.06380442159610919	0.07218092498512475	-0.0937698524524307	0.09032911796479198	-0.10094413546683738
-0.24592291764643842	0.184906712250693	-0.43186899298571263	0.2736507528304242	-0.44680997640789066	0.1445661934265485	-0.17484295867992333	0.23825305030175925	-0.3095676017899162	0.9999999999999996	-0.1664543169419072	0.17083949450960378	-0.1667031480514988	0.2934526566895342	-0.5345920556208167	0.11634939456246965	-0.11084528283130142	0.1475885757890019	-0.06006866316739345	0.074627951384204	-0.07488407799351482	0.08662559975053893	-0.10063685893571565	0.06998118792585797	-0.06530704172764142	0.06604260684118263	-0.07662535019367092	0.09371157314081782	-0.1040306287909769	0.1085641267361051
0.19468028644586377	-0.172413447441993	0.20233276880498025	-0.11247463159037169	0.1122080940390467	-0.5134043416726962	0.2924472530671539	-0.20258963014472492	0.15214093503063464	-0.1664543169419072	0.9999999999999982	-0.5532221145632843	0.24240002995849733	-0.12885263021500787	0.11079911694971326	-0.38587654362548984	0.2465802509916117	-0.260124001836103	0.06382927252735358	-0.08491037429692434	0.15148636519247338	-0.16726907323825435	0.14864887643680594	-0.09050992356203243	0.08132298680164256	-0.13658343462476868	0.13838246829038012	-0.14406878614451715	0.12837013005086514	-0.14687557917490426
-0.22646861984963648	0.17966836188369908	-0.25408119586414385	0.1283070181307626	-0.13305763235001247	0.2686464127197917	-0.37037035943935886	0.23200331150153197	-0.1906876223737532	0.17083949450960378	-0.5532221145632843	0.9999999999999993	-0.48423315051903215	0.14386176711555437	-0.13060322138612632	0.24970221447152363	-0.3066532842796978	0.27893675527699097	-0.06427067516005296	0.08212023448055782	-0.14489922209563888	0.16192830857088078	-0.16541809344140954	0.08930757705726304	-0.08179237548172358	0.12101871814719704	-0.14476284736082518	0.14350572885899432	-0.13752006618891777	0.13819458342761373
0.1561732599231141	-0.1307880301392745	0.21305935991661426	-0.12453003207262361	0.12326316483304042	-0.16984379730088103	0.19825723886479987	-0.3518631760171968	0.20239121057863604	-0.1667031480514988	0.24240002995849733	-0.48423315051903215	0.9999999999999994	-0.16976927862511604	0.13374033989230996	-0.21974407069272506	0.2318200432014658	-0.6403730097206414	0.06912746178058454	-0.08904710157788664	0.12110392028411554	-0.1548874545682308	0.1970436184045889	-0.10109700038132464	0.08809346146695138	-0.10880380388923984	0.1267216207804024	-0.18034666644065506	0.13968822345436574	-0.1508532271076761
-0.15387213641872582	0.12239617694665235	-0.26406187935553355	0.18636653020343952	-0.21556021446843637	0.11208258068907767	-0.13779429587236935	0.23863939355800076	-0.4464188030231638	0.2934526566895342	-0.12885263021500787	0.14386176711555437	-0.16976927862511604	1.0000000000000018	-0.7295576165496535	0.0945925784921992	-0.09182432789006288	0.13305338582719053	-0.06850361713328479	0.07522743007321804	-0.05937675000367095	0.0701506949229763	-0.08483687192690625	0.06363395147349983	-0.057538989332627806	0.052687015194430815	-0.061235741099792164	0.07804969739457884	-0.08276631819872023	0.0877756156217972
0.12849497054932926	-0.10500161109654566	0.21443383018349135	-0.17644560364450523	0.19013151285913585	-0.09935647113171434	0.11568515893754262	-0.21439503734644416	0.24741936747310828	-0.5345920556208167	0.11079911694971326	-0.13060322138612632	0.13374033989230996	-0.7295576165496535	1.0000000000000027	-0.08610358470394432	0.08127532022770624	-0.12142918897054814	0.05722387062930712	-0.06891041695414743	0.05306947937819694	-0.06355955675598765	0.07532060562606568	-0.05740911006045909	0.05170490185910157	-0.047783159609951484	0.05468021441165341	-0.07132726557522936	0.07383398289695582	-0.08133876854490926
-0.14411581733985424	0.11189915091200506	-0.16856863192777768	0.08500987325419215	-0.0889756627928986	0.1697142851828631	-0.17710920962513824	0.14210227560660443	-0.11899466607196352	0.11634939456246965	-0.38587654362548984	0.24970221447152363	-0.21974407069272506	0.0945925784921992	-0.08610358470394432	0.9999999999999999	-0.6898251057353464	0.23997749147637842	-0.05559589650783477	0.07073733136908948	-0.3514793959454811	0.24381473018140162	-0.15987023466470052	0.08003890284382835	-0.07307386664139671	0.21185358874792462	-0.2308975620434591	0.1385014012917175	-0.12563649967004814	0.12157353612563807
0.12320779228398039	-0.0990722045560412	0.14988799088569468	-0.07921902488690598	0.08178401194689162	-0.14669451650209592	0.15161922988067553	-0.14088463517328617	0.11214445474947365	-0.11084528283130142	0.2465802509916117	-0.3066532842796978	0.2318200432014658	-0.09182432789006288	0.08127532022770624	-0.6898251057353464	1.0000000000000007	-0.3921968533776173	0.05772459431278035	-0.07401486441712131	0.22212114825020754	-0.35356179797978704	0.17766115874081356	-0.08604296771141573	0.076254242395702	-0.19817325224216126	0.21637781560163577	-0.1573628534870276	0.12602140578814514	-0.12810848218369755
-0.16497345769727734	0.12810073183390788	-0.2198892569728285	0.11286557308101484	-0.1184121588748938	0.15708688918151212	-0.18778410450498909	0.2117922991910823	-0.1776290277547621	0.1475885757890019	-0.260124001836103	0.27893675527699097	-0.6403730097206414	0.13305338582719053	-0.12142918897054814	0.23997749147637842	-0.3921968533776173	1.0000000000000007	-0.07935262206200193	0.09665584414997912	-0.1485824818382697	0.18754293039474898	-0.3578708507537005	0.11836188969237772	-0.10524199042785705	0.12524205799210386	-0.16253487523682308	0.2140679855533266	-0.17762744014379805	0.1627489165006223
0.054530265631449665	-0.041316423534379684	0.0753459951069422	-0.04001212540249038	0.043772970892734915	-0.04362841771172481	0.050442680666771524	-0.05740945433970694	0.05570887511858869	-0.06006866316739345	0.06382927252735358	-0.06427067516005296	0.06912746178058454	-0.06850361713328479	0.05722387062930712	-0.05559589650783477	0.05772459431278035	-0.07935262206200193	1.0000000000000024	-0.8238300653493219	0.04605515377221725	-0.06100317030493542	0.13019849368545436	-0.45278597916562335	0.25816028534309204	-0.040248442373222906	0.0556990230101321	-0.11233388337322478	0.16335887048990477	-0.1808183729691062
-0.07359389997303283	0.05495031382194278	-0.10092173291151055	0.05125920151923329	-0.05648520595291891	0.05714024296552284	-0.0665257164015034	0.07253960084041516	-0.06956450443776431	0.074627951384204	-0.08491037429692434	0.08212023448055782	-0.08904710157788664	0.07522743007321804	-0.06891041695414743	0.07073733136908948	-0.07401486441712131	0.09665584414997912	-0.8238300653493219	1.0000000000000016	-0.05995445430709431	0.07570206281076329	-0.15885329019961159	0.29084626341769154	-0.35498490980367187	0.05137325638244518	-0.07187977994696353	0.13142966976766507	-0.23215416020192758	0.2010210794147564
0.08168103331608148	-0.06466930978741268	0.09972895872292398	-0.05209365920547713	0.05431410033723968	-0.09034933146066187	0.09330050336499704	-0.0856457579930516	0.0704842480307277	-0.07488407799351482	0.15148636519247338	-0.14489922209563888	0.12110392028411554	-0.05937675000367095	0.05306947937819694	-0.3514793959454811	0.22212114825020754	-0.1485824818382697	0.04605515377221725	-0.05995445430709431	1.0000000000000022	-0.3825714493288238	0.1339186522574958	-0.06905751876053977	0.06176185121876222	-0.765627499798344	0.29390395450585655	-0.13064409641134897	0.1034697929832385	-0.10656415175450171
-0.09771612658398462	0.07575085035815358	-0.12154007188852553	0.06193854365806064	-0.06520484065915719	0.09877196225645345	-0.10834892584615312	0.10130920009840737	-0.08508964972322182	0.08662559975053893	-0.16726907323825435	0.16192830857088078	-0.1548874545682308	0.0701506949229763	-0.06355955675598765	0.24381473018140162	-0.35356179797978704	0.18754293039474898	-0.06100317030493542	0.07570206281076329	-0.3825714493288238	1.0000000000000022	-0.25168832320782786	0.09350412037370981	-0.08397069015356218	0.28296194972613886	-0.7188428133429621	0.1888599026134345	-0.14592159058345844	0.13231468383123174
0.10298996362771565	-0.08035749037371642	0.13510954145357698	-0.07090493931109888	0.07438834639064001	-0.09631604109399994	0.1090223861547823	-0.12062562609216165	0.09879845781986249	-0.10063685893571565	0.14864887643680594	-0.16541809344140954	0.1970436184045889	-0.08483687192690625	0.07532060562606568	-0.15987023466470052	0.17766115874081356	-0.3578708507537005	0.13019849368545436	-0.15885329019961159	0.1339186522574958	-0.25168832320782786	1.0000000000000024	-0.2676413391854996	0.1846201528826899	-0.12241990120427186	0.18374258865880866	-0.7099455084862115	0.273177771087177	-0.27725524010486596
-0.07284535592823514	0.054766161062834925	-0.09765096809942027	0.04903934216364255	-0.053153436500604063	0.05944302690220899	-0.06877901231941656	0.07322174598132418	-0.06618583498074429	0.06998118792585797	-0.09050992356203243	0.08930757705726304	-0.10109700038132464	0.06363395147349983	-0.05740911006045909	0.08003890284382835	-0.08604296771141573	0.11836188969237772	-0.45278597916562335	0.29084626341769154	-0.06905751876053977	0.09350412037370981	-0.2676413391854996	1.000000000000002	-0.7037724474237993	0.059742456981972655	-0.08642077479343913	0.18284104638049936	-0.27568449455927213	0.2643084951297712
0.06606543960143366	-0.04989626674019597	0.0885293884591796	-0.044892350110336196	0.048507317987301894	-0.05414785050067086	0.06219513974548471	-0.06675072117824278	0.05958577809101878	-0.06530704172764142	0.08132298680164256	-0.08179237548172358	0.08809346146695138	-0.057538989332627806	0.05170490185910157	-0.07307386664139671	0.076254242395702	-0.10524199042785705	0.25816028534309204	-0.35498490980367187	0.06176185121876222	-0.08397069015356218	0.1846201528826899	-0.7037724474237993	1.0000000000000016	-0.05439791219137481	0.07628462160676208	-0.1713265569097261	0.24780920876793028	-0.4838008055040081
-0.07587569287087328	0.05870771197054117	-0.09279815865724395	0.04705529953688917	-0.04952957745657853	0.0780604011696186	-0.08449274711106593	0.07587292446836151	-0.06380442159610919	0.06604260684118263	-0.13658343462476868	0.12101871814719704	-0.10880380388923984	0.052687015194430815	-0.047783159609951484	0.21185358874792462	-0.19817325224216126	0.12524205799210386	-0.040248442373222906	0.05137325638244518	-0.765627499798344	0.28296194972613886	-0.12241990120427186	0.059742456981972655	-0.05439791219137481	1.0000000000000018	-0.5008774842410988	0.11673876851530329	-0.09660088557658197	0.09065962199350504
0.08156111099886569	-0.06437668054356518	0.10160735747293383	-0.05322193986911976	0.055589048402629126	-0.08581426297924044	0.09104276576256452	-0.08758021698821798	0.07218092498512475	-0.07662535019367092	0.13838246829038012	-0.14476284736082518	0.1267216207804024	-0.061235741099792164	0.05468021441165341	-0.2308975620434591	0.21637781560163577	-0.16253487523682308	0.0556990230101321	-0.07187977994696353	0.29390395450585655	-0.7188428133429621	0.18374258865880866	-0.08642077479343913	0.07628462160676208	-0.5008774842410988	1.0000000000000029	-0.20424728235306452	0.13124911641253736	-0.12970501534489692
-0.10207565581045827	0.07786653989375933	-0.13389300958925054	0.06752820320338616	-0.07188739490462936	0.0905803915366577	-0.10450989378762537	0.10891779913214876	-0.0937698524524307	0.09371157314081782	-0.14406878614451715	0.14350572885899432	-0.18034666644065506	0.07804969739457884	-0.07132726557522936	0.1385014012917175	-0.1573628534870276	0.2140679855533266	-0.11233388337322478	0.13142966976766507	-0.13064409641134897	0.1888599026134345	-0.7099455084862115	0.18284104638049936	-0.1713265569097261	0.11673876851530329	-0.20424728235306452	1.0000000000000029	-0.49536421038232736	0.25050421304203807
0.10003968171308773	-0.0772892274249828	0.13242458367902998	-0.06927258833803115	0.07351611408189307	-0.08705308872881191	0.0977896038789283	-0.1063831655153931	0.09032911796479198	-0.1040306287909769	0.12837013005086514	-0.13752006618891777	0.13968822345436574	-0.08276631819872023	0.07383398289695582	-0.12563649967004814	0.12602140578814514	-0.17762744014379805	0.16335887048990477	-0.23215416020192758	0.1034697929832385	-0.14592159058345844	0.273177771087177	-0.27568449455927213	0.24780920876793028	-0.09660088557658197	0.13124911641253736	-0.49536421038232736	1.0000000000000027	-0.6677732344509197
-0.12259559938150132	0.09059634976334206	-0.16268922911870703	0.07796846027318738	-0.08480329055654076	0.09577378407031761	-0.11138240737997065	0.11350407955139796	-0.10094413546683738	0.1085641267361051	-0.14687557917490426	0.13819458342761373	-0.1508532271076761	0.0877756156217972	-0.08133876854490926	0.12157353612563807	-0.12810848218369755	0.1627489165006223	-0.1808183729691062	0.2010210794147564	-0.10656415175450171	0.13231468383123174	-0.27725524010486596	0.2643084951297712	-0.4838008055040081	0.09065962199350504	-0.12970501534489692	0.25050421304203807	-0.6677732344509197	1.0000000000000027
