1.0	-0.8774875655997819	0.09406925049965098	-0.055797710442991214	0.04792131409693648	-0.35004864705799826	0.2595682630293828	-0.09164844121075512	0.050225939405615726	-0.04553364706240631	0.1585351834457373	-0.13219074373438755	0.0722764550377594	-0.06514916054214219	0.03982783027281276	-0.15708290375260608	0.09468437430637168	-0.06394736580289385	0.05603210694528221	-0.0465492229544873	0.032069701973487526	-0.04594408014868485	0.06124591363553305	-0.04630690996433745	0.019243084402838454	-0.03726466535874089	0.042722878042098004	-0.03667469988409162	0.04256642529836937	-0.01936295594526715
-0.8774875655997819	1.0000000000000002	-0.11616626334313308	0.060481684709970646	-0.05329748562933247	0.2521008924293278	-0.35537314301171186	0.0992094050204985	-0.05472569742615652	0.04848631953683693	-0.1609973424674528	0.124958829507154	-0.07607385188240447	0.0667684789813384	-0.04112492318047365	0.1402784627447489	-0.09602813727658141	0.06487917889696129	-0.058133890308441946	0.04718525752993133	-0.031523786591448215	0.0454664045757644	-0.06326816021891626	0.04726604775530059	-0.019639944860847	0.036593262644785095	-0.04311212320777182	0.03714409724296307	-0.04354738708098204	0.01968138430268359
0.09406925049965098	-0.11616626334313308	1.0000000000000002	-0.40606439357013946	0.22515106112161878	-0.08847320190416635	0.11118462389953558	-0.7846996112226283	0.23891845350713523	-0.21434344556141155	0.095005591298652	-0.12234697766580682	0.21739504317733188	-0.21118118113890472	0.10947477830295951	-0.12275285668503765	0.11087926445485824	-0.13585658594370606	0.1160990386556093	-0.12788313993133874	0.042167903053672025	-0.06563409693884781	0.11542333783340958	-0.09690151684567855	0.040787753685472564	-0.052848937136899574	0.0624041933518186	-0.06434490932003586	0.07270314710882736	-0.042166309062860285
-0.055797710442991214	0.060481684709970646	-0.40606439357013946	1.0000000000000002	-0.6668471913671766	0.05389860706771288	-0.06964651637171966	0.2562599705484892	-0.48602577294815563	0.31165586926896083	-0.0688639917922487	0.08675414069555559	-0.1699427946359635	0.17330776917967278	-0.10028308554818628	0.0869733633030054	-0.08625944163608502	0.10015534231368282	-0.10318834882138576	0.10239966908129274	-0.03303821534905573	0.05133596395823542	-0.09775764365650942	0.07826366271508109	-0.033732018053749716	0.04121002455494505	-0.05058350956270129	0.05190122038117652	-0.060759653882451976	0.03419301232232761
0.04792131409693648	-0.05329748562933247	0.22515106112161878	-0.6668471913671766	1.0000000000000002	-0.05034293687481246	0.06344584633384734	-0.24132323499943537	0.31850623643683573	-0.5981854008818951	0.0647026412072126	-0.08359393376216456	0.14670845191645474	-0.16822955768763298	0.1000088045249077	-0.08608446998672305	0.08079514787577899	-0.09480340404336221	0.09453773977596366	-0.10957402442680174	0.0319021413795174	-0.049736566967775654	0.08901949207089557	-0.07517713482488139	0.03385307359025445	-0.040243477824439995	0.048200739251289676	-0.04992301533164009	0.057449858940354814	-0.03484070003093333
-0.35004864705799826	0.2521008924293278	-0.08847320190416635	0.05389860706771288	-0.05034293687481246	1.0000000000000002	-0.7649800028818059	0.09255761062979849	-0.05403024065630276	0.04703937980536502	-0.4120829253178577	0.20725085927340936	-0.09059138207559825	0.07644862036491801	-0.04727956329678977	0.22426428790179853	-0.14114315712296888	0.0833413532627053	-0.07172279390717033	0.0542989767859399	-0.04357967323830002	0.06154960088884542	-0.08077644426216629	0.058584540765252865	-0.02390292254070304	0.04928483282921001	-0.05732963477781833	0.04756828725711926	-0.055732411006938556	0.02382808541966302
0.2595682630293828	-0.35537314301171186	0.11118462389953558	-0.06964651637171966	0.06344584633384734	-0.7649800028818059	1.0000000000000002	-0.13039782765400873	0.06889390735336405	-0.0607844260653456	0.2744858140773493	-0.2747072832030517	0.1124375573740806	-0.09812610992103812	0.059615200581106566	-0.29377216320096133	0.16487180117249742	-0.10371306963629744	0.08739915601767043	-0.06968878348211614	0.05424273934362135	-0.07684165948018293	0.09776773552252171	-0.07270009414417815	0.029760452582598632	-0.06225303440205306	0.07003072652342757	-0.058801580892584755	0.06794853384762693	-0.029866661871667956
-0.09164844121075512	0.0992094050204985	-0.7846996112226283	0.2562599705484892	-0.24132323499943537	0.09255761062979849	-0.13039782765400873	1.0000000000000007	-0.3035483941128122	0.1979749999351711	-0.1019569125259441	0.1272608451479642	-0.3326810473505318	0.2122701697093889	-0.11379372830506139	0.12253272927926054	-0.1212737556721717	0.14573046891217867	-0.12676056261914428	0.12188238100554961	-0.043726682084323565	0.06780231179597396	-0.13069599280298497	0.10031694075776339	-0.041045866123354126	0.05398442405255255	-0.06576199978791225	0.06700354058565916	-0.0772380846653769	0.041766358116668206
0.050225939405615726	-0.05472569742615652	0.23891845350713523	-0.48602577294815563	0.31850623643683573	-0.05403024065630276	0.06889390735336405	-0.3035483941128122	1.0000000000000009	-0.6794432806089055	0.07157239554569549	-0.09412137142473911	0.19399070602746413	-0.28849820097124174	0.1282322491483553	-0.09270824266413481	0.09264948634405698	-0.11331153519509468	0.11842562496300599	-0.1300421983647911	0.03588204607975869	-0.05610977848771287	0.10708161541516069	-0.0901690691272024	0.039296508684737004	-0.045051511590339384	0.05490275595854886	-0.05759834646993209	0.06691182230341688	-0.04010609281257215
-0.04553364706240631	0.04848631953683693	-0.21434344556141155	0.31165586926896083	-0.5981854008818951	0.04703937980536502	-0.0607844260653456	0.1979749999351711	-0.6794432806089055	0.9999999999999999	-0.06420856765956427	0.08187664268923714	-0.16672124814926031	0.18335418203163428	-0.12125856086788087	0.08150496182445738	-0.08345846148783903	0.0974068321846211	-0.1069998568643104	0.11159559228437944	-0.032254292428004344	0.05021528717631839	-0.09773110070530615	0.0785484840916717	-0.035253066867189646	0.04028920946157945	-0.04992978175335564	0.05163568562096531	-0.06103331549271271	0.03555502110773594
0.1585351834457373	-0.1609973424674528	0.095005591298652	-0.0688639917922487	0.0647026412072126	-0.4120829253178577	0.2744858140773493	-0.1019569125259441	0.07157239554569549	-0.06420856765956427	1.0000000000000002	-0.5444208838448634	0.148174212281328	-0.12575801395242253	0.07736577352203089	-0.60077502209763	0.27346715561763474	-0.15094397222550587	0.12356749386704151	-0.0900849525121398	0.08598687607803714	-0.11812672988733866	0.14246232662279587	-0.1024265803332924	0.04128758644044311	-0.09517087650664192	0.10636732071080482	-0.0856785846161687	0.0996028388565884	-0.04108785479911476
-0.13219074373438755	0.124958829507154	-0.12234697766580682	0.08675414069555559	-0.08359393376216456	0.20725085927340936	-0.2747072832030517	0.1272608451479642	-0.09412137142473911	0.08187664268923714	-0.5444208838448634	0.9999999999999998	-0.25783885623084474	0.17215347061559189	-0.10697523169996563	0.3265182550461464	-0.590392283208681	0.22516071606155352	-0.18111007262840761	0.11759145847471489	-0.10334687576740505	0.15360377521683788	-0.21770306750415083	0.14329358580726786	-0.05583791653746179	0.11142391423054958	-0.14552045444574885	0.11661498986357421	-0.13922441495054286	0.05486888722454755
0.0722764550377594	-0.07607385188240447	0.21739504317733188	-0.1699427946359635	0.14670845191645474	-0.09059138207559825	0.1124375573740806	-0.3326810473505318	0.19399070602746413	-0.16672124814926031	0.148174212281328	-0.25783885623084474	1.0000000000000004	-0.6243868842621927	0.20953486327733067	-0.19324791843120193	0.21750880500206907	-0.4211034198087161	0.22871206480292297	-0.24521984837640887	0.07567764643962642	-0.1209446428269866	0.24429087968501959	-0.19660004399474662	0.07436472847589391	-0.09462035137320493	0.11332765642385431	-0.12270630616639228	0.13531658414824915	-0.07703704455771704
-0.06514916054214219	0.0667684789813384	-0.21118118113890472	0.17330776917967278	-0.16822955768763298	0.07644862036491801	-0.09812610992103812	0.2122701697093889	-0.28849820097124174	0.18335418203163428	-0.12575801395242253	0.17215347061559189	-0.6243868842621927	1.0000000000000009	-0.395618745611618	0.15703408771248384	-0.1845738954724494	0.23920306757244889	-0.3287629088538464	0.2621692192735728	-0.0690124569232686	0.10863241919222939	-0.2436257736950383	0.1989513914180688	-0.08070216363431797	0.08593100884550166	-0.10918746478118363	0.11769431411618951	-0.1409982750801893	0.07989260484648168
0.03982783027281276	-0.04112492318047365	0.10947477830295951	-0.10028308554818628	0.1000088045249077	-0.04727956329678977	0.059615200581106566	-0.11379372830506139	0.1282322491483553	-0.12125856086788087	0.07736577352203089	-0.10697523169996563	0.20953486327733067	-0.395618745611618	1.0000000000000042	-0.10570439519615402	0.11059421991148859	-0.13972773554682658	0.17220412970331955	-0.8375269200773326	0.04819479600767617	-0.07689988969106724	0.13852786264281444	-0.12967510616095115	0.12421473699106803	-0.0626835414232989	0.07627639332035352	-0.0873636148673862	0.10265846018252725	-0.1308150558932593
-0.15708290375260608	0.1402784627447489	-0.12275285668503765	0.0869733633030054	-0.08608446998672305	0.22426428790179853	-0.29377216320096133	0.12253272927926054	-0.09270824266413481	0.08150496182445738	-0.60077502209763	0.3265182550461464	-0.19324791843120193	0.15703408771248384	-0.10570439519615402	0.9999999999999993	-0.49792055870475793	0.21541567003294745	-0.2005462819138755	0.11648232474930512	-0.14865844285087934	0.1792206615224173	-0.23472856991728588	0.1552136008355433	-0.06322262939806804	0.1430930868992008	-0.18034776906244063	0.13515000717111275	-0.16724283202221663	0.06111355967782835
0.09468437430637168	-0.09602813727658141	0.11087926445485824	-0.08625944163608502	0.08079514787577899	-0.14114315712296888	0.16487180117249742	-0.1212737556721717	0.09264948634405698	-0.08345846148783903	0.27346715561763474	-0.590392283208681	0.21750880500206907	-0.1845738954724494	0.11059421991148859	-0.49792055870475793	1.0000000000000009	-0.3983925124600932	0.18945777590445517	-0.1306710013520104	0.14103493406394635	-0.25600414718022774	0.2455459578789332	-0.16999981767816844	0.061746359326813965	-0.15590031968773924	0.17799395996399003	-0.14370608922235473	0.15638478465219977	-0.061890443095967626
-0.06394736580289385	0.06487917889696129	-0.13585658594370606	0.10015534231368282	-0.09480340404336221	0.0833413532627053	-0.10371306963629744	0.14573046891217867	-0.11331153519509468	0.0974068321846211	-0.15094397222550587	0.22516071606155352	-0.4211034198087161	0.23920306757244889	-0.13972773554682658	0.21541567003294745	-0.3983925124600932	1.0000000000000009	-0.3123483261658906	0.15343670127979023	-0.09897867911972602	0.1593934671780518	-0.6429754045632013	0.24660043140877727	-0.07024366373100278	0.11688312587481343	-0.15249479797713106	0.16536905930962867	-0.1840981341342418	0.06996319528482123
0.05603210694528221	-0.058133890308441946	0.1160990386556093	-0.10318834882138576	0.09453773977596366	-0.07172279390717033	0.08739915601767043	-0.12676056261914428	0.11842562496300599	-0.1069998568643104	0.12356749386704151	-0.18111007262840761	0.22871206480292297	-0.3287629088538464	0.17220412970331955	-0.2005462819138755	0.18945777590445517	-0.3123483261658906	1.0000000000000018	-0.22502146879352555	0.09588752578950716	-0.15836751238097835	0.28664183265323995	-0.7280524384199258	0.08833217115807081	-0.13047492383305753	0.1489036679678774	-0.2002320946177908	0.21782581076230026	-0.09230465627752288
-0.0465492229544873	0.04718525752993133	-0.12788313993133874	0.10239966908129274	-0.10957402442680174	0.0542989767859399	-0.06968878348211614	0.12188238100554961	-0.1300421983647911	0.11159559228437944	-0.0900849525121398	0.11759145847471489	-0.24521984837640887	0.2621692192735728	-0.8375269200773326	0.11648232474930512	-0.1306710013520104	0.15343670127979023	-0.22502146879352555	0.9999999999999988	-0.05586540734953474	0.08809580477434896	-0.17337152066929626	0.14766852733709415	-0.17942490388102478	0.07131493605411245	-0.09171244501002664	0.10164250841616643	-0.12748866185069696	0.1443611488133767
0.032069701973487526	-0.031523786591448215	0.042167903053672025	-0.03303821534905573	0.0319021413795174	-0.04357967323830002	0.05424273934362135	-0.043726682084323565	0.03588204607975869	-0.032254292428004344	0.08598687607803714	-0.10334687576740505	0.07567764643962642	-0.0690124569232686	0.04819479600767617	-0.14865844285087934	0.14103493406394635	-0.09897867911972602	0.09588752578950716	-0.05586540734953474	1.0	-0.5734117311534306	0.11970883024247417	-0.09037533225211564	0.043099250630633	-0.7351536596134426	0.2859580294364118	-0.13616383871249324	0.144783465884557	-0.04150681215087025
-0.04594408014868485	0.0454664045757644	-0.06563409693884781	0.05133596395823542	-0.049736566967775654	0.06154960088884542	-0.07684165948018293	0.06780231179597396	-0.05610977848771287	0.05021528717631839	-0.11812672988733866	0.15360377521683788	-0.1209446428269866	0.10863241919222939	-0.07689988969106724	0.1792206615224173	-0.25600414718022774	0.1593934671780518	-0.15836751238097835	0.08809580477434896	-0.5734117311534306	1.0	-0.21236988675354718	0.14793224608415814	-0.07289769974570662	0.32411017605722503	-0.5885764235701991	0.22248589337833252	-0.25719912314816595	0.06921995862167177
0.06124591363553305	-0.06326816021891626	0.11542333783340958	-0.09775764365650942	0.08901949207089557	-0.08077644426216629	0.09776773552252171	-0.13069599280298497	0.10708161541516069	-0.09773110070530615	0.14246232662279587	-0.21770306750415083	0.24429087968501959	-0.2436257736950383	0.13852786264281444	-0.23472856991728588	0.2455459578789332	-0.6429754045632013	0.28664183265323995	-0.17337152066929626	0.11970883024247417	-0.21236988675354718	1.0000000000000018	-0.4414943425902542	0.08254877634667566	-0.15307561207891543	0.18421452817329076	-0.26999175295638767	0.23028196763696235	-0.08519578111050452
-0.04630690996433745	0.04726604775530059	-0.09690151684567855	0.07826366271508109	-0.07517713482488139	0.058584540765252865	-0.07270009414417815	0.10031694075776339	-0.0901690691272024	0.0785484840916717	-0.1024265803332924	0.14329358580726786	-0.19660004399474662	0.1989513914180688	-0.12967510616095115	0.1552136008355433	-0.16999981767816844	0.24660043140877727	-0.7280524384199258	0.14766852733709415	-0.09037533225211564	0.14793224608415814	-0.4414943425902542	1.0000000000000007	-0.08958355601368694	0.11942721300098638	-0.15790485794603595	0.21366160774797763	-0.33683389144379483	0.08847241525093054
0.019243084402838454	-0.019639944860847	0.040787753685472564	-0.033732018053749716	0.03385307359025445	-0.02390292254070304	0.029760452582598632	-0.041045866123354126	0.039296508684737004	-0.035253066867189646	0.04128758644044311	-0.05583791653746179	0.07436472847589391	-0.08070216363431797	0.12421473699106803	-0.06322262939806804	0.061746359326813965	-0.07024366373100278	0.08833217115807081	-0.17942490388102478	0.043099250630633	-0.07289769974570662	0.08254877634667566	-0.08958355601368694	1.0000000000000002	-0.06283193311694305	0.07371255661415693	-0.12131710717669371	0.14527595271200033	-0.9478875993027285
-0.03726466535874089	0.036593262644785095	-0.052848937136899574	0.04121002455494505	-0.040243477824439995	0.04928483282921001	-0.06225303440205306	0.05398442405255255	-0.045051511590339384	0.04028920946157945	-0.09517087650664192	0.11142391423054958	-0.09462035137320493	0.08593100884550166	-0.0626835414232989	0.1430930868992008	-0.15590031968773924	0.11688312587481343	-0.13047492383305753	0.07131493605411245	-0.7351536596134426	0.32411017605722503	-0.15307561207891543	0.11942721300098638	-0.06283193311694305	1.0000000000000004	-0.4917070285149603	0.18992128434347416	-0.2234524146704846	0.05926578966983425
0.042722878042098004	-0.04311212320777182	0.0624041933518186	-0.05058350956270129	0.048200739251289676	-0.05732963477781833	0.07003072652342757	-0.06576199978791225	0.05490275595854886	-0.04992978175335564	0.10636732071080482	-0.14552045444574885	0.11332765642385431	-0.10918746478118363	0.07627639332035352	-0.18034776906244063	0.17799395996399003	-0.15249479797713106	0.1489036679678774	-0.09171244501002664	0.2859580294364118	-0.5885764235701991	0.18421452817329076	-0.15790485794603595	0.07371255661415693	-0.4917070285149603	1.0000000000000002	-0.4507528877672035	0.26448358060282084	-0.07457780641893794
-0.03667469988409162	0.03714409724296307	-0.06434490932003586	0.05190122038117652	-0.04992301533164009	0.04756828725711926	-0.058801580892584755	0.06700354058565916	-0.05759834646993209	0.05163568562096531	-0.0856785846161687	0.11661498986357421	-0.12270630616639228	0.11769431411618951	-0.0873636148673862	0.13515000717111275	-0.14370608922235473	0.16536905930962867	-0.2002320946177908	0.10164250841616643	-0.13616383871249324	0.22248589337833252	-0.26999175295638767	0.21366160774797763	-0.12131710717669371	0.18992128434347416	-0.4507528877672035	1.0000000000000004	-0.7491733268431535	0.11663566071998555
0.04256642529836937	-0.04354738708098204	0.07270314710882736	-0.060759653882451976	0.057449858940354814	-0.055732411006938556	0.06794853384762693	-0.0772380846653769	0.06691182230341688	-0.06103331549271271	0.0996028388565884	-0.13922441495054286	0.13531658414824915	-0.1409982750801893	0.10265846018252725	-0.16724283202221663	0.15638478465219977	-0.1840981341342418	0.21782581076230026	-0.12748866185069696	0.144783465884557	-0.25719912314816595	0.23028196763696235	-0.33683389144379483	0.14527595271200033	-0.2234524146704846	0.26448358060282084	-0.7491733268431535	1.0000000000000004	-0.18017130565732145
-0.01936295594526715	0.01968138430268359	-0.042166309062860285	0.03419301232232761	-0.03484070003093333	0.02382808541966302	-0.029866661871667956	0.041766358116668206	-0.04010609281257215	0.03555502110773594	-0.04108785479911476	0.05486888722454755	-0.07703704455771704	0.07989260484648168	-0.1308150558932593	0.06111355967782835	-0.061890443095967626	0.06996319528482123	-0.09230465627752288	0.1443611488133767	-0.04150681215087025	0.06921995862167177	-0.08519578111050452	0.08847241525093054	-0.9478875993027285	0.05926578966983425	-0.07457780641893794	0.11663566071998555	-0.18017130565732145	1.0000000000000009
