1.0000000000000002	-0.357126064141148	0.07710829415659343	-0.06265185154746354	0.038088340067655074	-0.8933869521454041	0.24379115364688758	-0.07017429752264098	0.06953660406600022	-0.040058790683708635	0.06917906549317326	-0.07811367166409036	0.0704605184630352	-0.0748335715966178	0.03479582193385551	-0.052782972034273894	0.061657962060218056	-0.04370906009931549	0.050234925420373375	-0.04149403304696866	0.023399686178400977	-0.030082373220839224	0.02672258232203306	-0.01857524112005053	0.02070601820861554	-0.018429795151873825	0.02062614825986202	-0.023430026625351465	0.016640399280326096	-0.01809881211971719
-0.357126064141148	0.9999999999999998	-0.24745463822746286	0.16317981726727582	-0.1008715545042322	0.2545331302576378	-0.7648826750360264	0.17839105879450237	-0.19083841971394822	0.1011497399498408	-0.18088658492982185	0.19467752937405466	-0.18635242431929128	0.1798361388833947	-0.08664251017599203	0.12968974286403306	-0.1640116593117536	0.11195095443810069	-0.13264605988542813	0.10067795762255968	-0.05962320133919267	0.0755750945179008	-0.06845984407416869	0.047301806624314595	-0.052709289718323116	0.04638660689759511	-0.05258427927506509	0.05909623399241253	-0.04265632310348889	0.04529972492360553
0.07710829415659343	-0.24745463822746286	0.9999999999999997	-0.8168827706654116	0.21130868944801345	-0.07791312956815609	0.17623322422495813	-0.24531498756840883	0.24998084272003232	-0.2415458509162018	0.11103980264371593	-0.12968753255083812	0.15993387927963465	-0.22465251705069672	0.11849560309277712	-0.08943332034681573	0.1035082416926408	-0.08832423513228994	0.09992676266595206	-0.14220301370757363	0.04252596143429886	-0.05696035113242711	0.0514137767092691	-0.04134196692169339	0.048710039948547904	-0.03406195732946042	0.03853617947840136	-0.04553067175572172	0.03618136968851222	-0.043595722069154845
-0.06265185154746354	0.16317981726727582	-0.8168827706654116	0.9999999999999997	-0.29744152633662324	0.06127216699177968	-0.15544977683739197	0.20386360753722782	-0.3438685322584455	0.21631946346354214	-0.09836054031966186	0.1091397627530359	-0.1459698803222422	0.18028028726557116	-0.1031336101878017	0.07600868943488341	-0.09050198411566208	0.0752830792313868	-0.08750610339752804	0.11504451231562444	-0.03635399999341742	0.048056778204304144	-0.043924127062278155	0.034861908867704156	-0.04113795696718712	0.028875905406596916	-0.03285176079723585	0.03844917676052688	-0.030722124490071792	0.03612139366734683
0.038088340067655074	-0.1008715545042322	0.21130868944801345	-0.29744152633662324	1.0000000000000002	-0.03970433260130874	0.09450048592265427	-0.13232186208451283	0.16806308821600796	-0.8783830546842075	0.08269345859336417	-0.08515788973642312	0.11002263151766664	-0.17214680765555673	0.177301639462602	-0.06374505781707274	0.07384531639733614	-0.06677501091603161	0.08025995120748348	-0.19727990823287955	0.03162845677383815	-0.0423866352221449	0.03916474031511992	-0.037223252956370766	0.0472708006004707	-0.025300055658092308	0.0289500259920012	-0.03449274654879873	0.03209132083935988	-0.04195924504953979
-0.8933869521454041	0.2545331302576378	-0.07791312956815609	0.06127216699177968	-0.03970433260130874	1.0000000000000004	-0.34012192144411046	0.07715064760956505	-0.07740601871344342	0.04094888856883552	-0.08022254139800236	0.08879129253229691	-0.0802643759226671	0.07997357427751807	-0.037203827722258394	0.05921904150839454	-0.07161071655172457	0.04912439927760957	-0.05703529047039372	0.043956149980865424	-0.02628878310294464	0.0335427148281256	-0.029992930184733684	0.020585571789467207	-0.02282923946229669	0.02059488301824025	-0.023127358727730477	0.026117989535127378	-0.018502857565440976	0.019799831336493337
0.24379115364688758	-0.7648826750360264	0.17623322422495813	-0.15544977683739197	0.09450048592265427	-0.34012192144411046	1.0000000000000002	-0.22439749254318614	0.1811477632794712	-0.10227621466868037	0.16453510734019544	-0.277618452687656	0.19539266113288234	-0.20644426307251562	0.0915176949393916	-0.1393206805101311	0.1682944480391616	-0.11906751351152929	0.12934012855352842	-0.11060609440406646	0.06031423533546811	-0.07940284818958208	0.06967895999112733	-0.04804021935381708	0.053068673433057954	-0.0479001320045904	0.05341861303877247	-0.06148463475085782	0.04265231898492285	-0.046872540838108226
-0.07017429752264098	0.17839105879450237	-0.24531498756840883	0.20386360753722782	-0.13232186208451283	0.07715064760956505	-0.22439749254318614	1.0000000000000007	-0.6961568026054924	0.1322340830369058	-0.16162992756874575	0.2132518241949319	-0.5055913671214227	0.27678625337897755	-0.11617215809771286	0.12692897124435892	-0.16961610301568078	0.13702276567900532	-0.1538683880776854	0.12976193242579898	-0.05904309994127482	0.07836397068857909	-0.07325469208624324	0.05233940806933925	-0.05809585648908494	0.04663690252683532	-0.053424117583423955	0.06262805845695324	-0.04640991711547023	0.050111590260291286
0.06953660406600022	-0.19083841971394822	0.24998084272003232	-0.3438685322584455	0.16806308821600796	-0.07740601871344342	0.1811477632794712	-0.6961568026054924	1.0000000000000007	-0.1953016258200847	0.15243174546199295	-0.19965881998732588	0.27945491426217056	-0.405564963563894	0.14592690126134472	-0.1260757272141373	0.1499728817511977	-0.13174848164297606	0.14417266243922877	-0.16881718643803925	0.058889182831589254	-0.07956996641962963	0.0723243220751233	-0.05529411763828426	0.06330245900408316	-0.04719879823525343	0.053520853056324695	-0.06368561040258652	0.048463249758704134	-0.05600239331332024
-0.040058790683708635	0.1011497399498408	-0.2415458509162018	0.21631946346354214	-0.8783830546842075	0.04094888856883552	-0.10227621466868037	0.1322340830369058	-0.1953016258200847	1.0	-0.0892183254897903	0.08758013523389378	-0.11744165874185666	0.1661024309018858	-0.23564473073109923	0.0663839749352924	-0.0782073408415926	0.06870392909009888	-0.08479349794901372	0.1837410494392667	-0.03299552847059258	0.0436182864085363	-0.040640418448911954	0.037584883774767604	-0.04806505566874445	0.026191327501819475	-0.03007634344286688	0.03544301184979708	-0.032771741262933037	0.04141897688671026
0.06917906549317326	-0.18088658492982185	0.11103980264371593	-0.09836054031966186	0.08269345859336417	-0.08022254139800236	0.16453510734019544	-0.16162992756874575	0.15243174546199295	-0.0892183254897903	1.0000000000000007	-0.31786196177890336	0.21180561216774388	-0.3086280487021196	0.12242479639589658	-0.7590147356939657	0.28543660111302355	-0.19438756668839235	0.1913179631491312	-0.15936631474572907	0.15664554457108093	-0.18086939011891828	0.13341237673070994	-0.07738395869305996	0.0821413004661526	-0.13203781362689151	0.11757245325957519	-0.1325932342769959	0.06797845432862662	-0.07615332875900838
-0.07811367166409036	0.19467752937405466	-0.12968753255083812	0.1091397627530359	-0.08515788973642312	0.08879129253229691	-0.277618452687656	0.2132518241949319	-0.19965881998732588	0.08758013523389378	-0.31786196177890336	0.9999999999999999	-0.49998198772030544	0.25766761790031373	-0.11027269662235034	0.2507433363193027	-0.610970206672733	0.23099917347005725	-0.24749995893595736	0.12919353208753842	-0.10256013386830029	0.13295955114314678	-0.12147358084898696	0.07291335454084966	-0.07517902093055151	0.07848426753194979	-0.08990877087825688	0.10046236935752614	-0.06482504674488723	0.06390599310700534
0.0704605184630352	-0.18635242431929128	0.15993387927963465	-0.1459698803222422	0.11002263151766664	-0.0802643759226671	0.19539266113288234	-0.5055913671214227	0.27945491426217056	-0.11744165874185666	0.21180561216774388	-0.49998198772030544	0.9999999999999996	-0.4825655842099999	0.15277910255628355	-0.19353350647556425	0.25400025229557877	-0.2465635928489568	0.21516787225702275	-0.18145639478958336	0.08416491643630893	-0.11673793110666851	0.1073340842339002	-0.07353118820429887	0.0789372537316399	-0.0675807389884826	0.07676393255249286	-0.09311676551427113	0.06387522682003927	-0.06940545442467469
-0.0748335715966178	0.1798361388833947	-0.22465251705069672	0.18028028726557116	-0.17214680765555673	0.07997357427751807	-0.20644426307251562	0.27678625337897755	-0.405564963563894	0.1661024309018858	-0.3086280487021196	0.25766761790031373	-0.4825655842099999	0.9999999999999999	-0.35828362509601175	0.20398889299389836	-0.2628104794642177	0.2159852622420619	-0.3031386236430763	0.25752098864339834	-0.10175551085062279	0.1293623088179084	-0.125123774292347	0.09930018404259064	-0.11769721180529837	0.07874995434849637	-0.09185342852349089	0.10495604145552374	-0.0899356056089595	0.09492408573256439
0.03479582193385551	-0.08664251017599203	0.11849560309277712	-0.1031336101878017	0.177301639462602	-0.037203827722258394	0.0915176949393916	-0.11617215809771286	0.14592690126134472	-0.23564473073109923	0.12242479639589658	-0.11027269662235034	0.15277910255628355	-0.35828362509601175	1.0000000000000004	-0.08900999992036025	0.10715338332809318	-0.10814292473943565	0.14126830024253348	-0.8467877255889106	0.04634798012652684	-0.06264798577508088	0.06043522803028004	-0.07207897037331361	0.09921434854750878	-0.036977627389766704	0.04317941513318895	-0.05245813147944123	0.05955771661745629	-0.08494140359982735
-0.052782972034273894	0.12968974286403306	-0.08943332034681573	0.07600868943488341	-0.06374505781707274	0.05921904150839454	-0.1393206805101311	0.12692897124435892	-0.1260757272141373	0.0663839749352924	-0.7590147356939657	0.2507433363193027	-0.19353350647556425	0.20398889299389836	-0.08900999992036025	1.0000000000000009	-0.45956296069347236	0.19019499708900187	-0.20836139789876426	0.10994074948172398	-0.19229862840774029	0.1625650587382523	-0.1297792634423068	0.06826296559939439	-0.06997793076671512	0.12707011419428388	-0.11654894709374347	0.11867757468509457	-0.061192514455393365	0.06096353832990144
0.061657962060218056	-0.1640116593117536	0.1035082416926408	-0.09050198411566208	0.07384531639733614	-0.07161071655172457	0.1682944480391616	-0.16961610301568078	0.1499728817511977	-0.0782073408415926	0.28543660111302355	-0.610970206672733	0.25400025229557877	-0.2628104794642177	0.10715338332809318	-0.45956296069347236	1.0	-0.3902866157646293	0.25609017438824283	-0.13464296024363107	0.12435795717554031	-0.18310969202741836	0.14594249294566516	-0.07914747123123105	0.07754872503714975	-0.0973899566787311	0.10808592617428467	-0.12416072430589645	0.0681291488326062	-0.06799463381990063
-0.04370906009931549	0.11195095443810069	-0.08832423513228994	0.0752830792313868	-0.06677501091603161	0.04912439927760957	-0.11906751351152929	0.13702276567900532	-0.13174848164297606	0.06870392909009888	-0.19438756668839235	0.23099917347005725	-0.2465635928489568	0.2159852622420619	-0.10814292473943565	0.19019499708900187	-0.3902866157646293	1.0000000000000016	-0.7696325855876753	0.13094917892461427	-0.10824273264321793	0.17059595210252665	-0.24584597275791373	0.11895767448474602	-0.10369306131056485	0.08904832200409632	-0.11233112152840419	0.15839836634374566	-0.10228023419066413	0.08381666134074972
0.050234925420373375	-0.13264605988542813	0.09992676266595206	-0.08750610339752804	0.08025995120748348	-0.05703529047039372	0.12934012855352842	-0.1538683880776854	0.14417266243922877	-0.08479349794901372	0.1913179631491312	-0.24749995893595736	0.21516787225702275	-0.3031386236430763	0.14126830024253348	-0.20836139789876426	0.25609017438824283	-0.7696325855876753	1.0000000000000027	-0.19333111512339082	0.11231321412363071	-0.18607429658028501	0.19003165713121295	-0.17467643261025384	0.1273639259642824	-0.09696681323916792	0.11531024914859461	-0.17104398987895972	0.12401909910517771	-0.11024232391002103
-0.04149403304696866	0.10067795762255968	-0.14220301370757363	0.11504451231562444	-0.19727990823287955	0.043956149980865424	-0.11060609440406646	0.12976193242579898	-0.16881718643803925	0.1837410494392667	-0.15936631474572907	0.12919353208753842	-0.18145639478958336	0.25752098864339834	-0.8467877255889106	0.10994074948172398	-0.13464296024363107	0.13094917892461427	-0.19333111512339082	1.0000000000000022	-0.057795210345518454	0.07646758212688358	-0.07515048983932426	0.08880752946353096	-0.13893162963419298	0.04558904772402152	-0.05359563087062497	0.0640142098659913	-0.07525967859575317	0.10105297325094009
0.023399686178400977	-0.05962320133919267	0.04252596143429886	-0.03635399999341742	0.03162845677383815	-0.02628878310294464	0.06031423533546811	-0.05904309994127482	0.058889182831589254	-0.03299552847059258	0.15664554457108093	-0.10256013386830029	0.08416491643630893	-0.10175551085062279	0.04634798012652684	-0.19229862840774029	0.12435795717554031	-0.10824273264321793	0.11231321412363071	-0.057795210345518454	1.0000000000000027	-0.4575014036352622	0.21381797248655549	-0.05647526792957436	0.05264827144841058	-0.7525335320262696	0.3048797953816137	-0.27283489387941195	0.05140452659450071	-0.047035769230387804
-0.030082373220839224	0.0755750945179008	-0.05696035113242711	0.048056778204304144	-0.0423866352221449	0.0335427148281256	-0.07940284818958208	0.07836397068857909	-0.07956996641962963	0.0436182864085363	-0.18086939011891828	0.13295955114314678	-0.11673793110666851	0.1293623088179084	-0.06264798577508088	0.1625650587382523	-0.18310969202741836	0.17059595210252665	-0.18607429658028501	0.07646758212688358	-0.4575014036352622	1.0000000000000027	-0.5458856120492573	0.09055088799683177	-0.08286171601585975	0.2798168215292046	-0.5204844342081678	0.31732117431319923	-0.08311810077415986	0.06889655952526438
0.02672258232203306	-0.06845984407416869	0.0514137767092691	-0.043924127062278155	0.03916474031511992	-0.029992930184733684	0.06967895999112733	-0.07325469208624324	0.0723243220751233	-0.040640418448911954	0.13341237673070994	-0.12147358084898696	0.1073340842339002	-0.125123774292347	0.06043522803028004	-0.1297792634423068	0.14594249294566516	-0.24584597275791373	0.19003165713121295	-0.07515048983932426	0.21381797248655549	-0.5458856120492573	1.000000000000003	-0.11928768886985286	0.08954891230451231	-0.20212615720336613	0.2875314073167633	-0.6856076180327673	0.09649353203644194	-0.07729986859360445
-0.01857524112005053	0.047301806624314595	-0.04134196692169339	0.034861908867704156	-0.037223252956370766	0.020585571789467207	-0.04804021935381708	0.05233940806933925	-0.05529411763828426	0.037584883774767604	-0.07738395869305996	0.07291335454084966	-0.07353118820429887	0.09930018404259064	-0.07207897037331361	0.06826296559939439	-0.07914747123123105	0.11895767448474602	-0.17467643261025384	0.08880752946353096	-0.05647526792957436	0.09055088799683177	-0.11928768886985286	1.0000000000000036	-0.5310404894406865	0.048148745529708825	-0.06326905626791483	0.0947419005728671	-0.7460027788607586	0.31901128425681813
0.02070601820861554	-0.052709289718323116	0.048710039948547904	-0.04113795696718712	0.0472708006004707	-0.02282923946229669	0.053068673433057954	-0.05809585648908494	0.06330245900408316	-0.04806505566874445	0.0821413004661526	-0.07517902093055151	0.0789372537316399	-0.11769721180529837	0.09921434854750878	-0.06997793076671512	0.07754872503714975	-0.10369306131056485	0.1273639259642824	-0.13893162963419298	0.05264827144841058	-0.08286171601585975	0.08954891230451231	-0.5310404894406865	1.0000000000000042	-0.04501064161771053	0.056117367967313196	-0.08084957008675146	0.31964919450883167	-0.748148615313339
-0.018429795151873825	0.04638660689759511	-0.03406195732946042	0.028875905406596916	-0.025300055658092308	0.02059488301824025	-0.0479001320045904	0.04663690252683532	-0.04719879823525343	0.026191327501819475	-0.13203781362689151	0.07848426753194979	-0.0675807389884826	0.07874995434849637	-0.036977627389766704	0.12707011419428388	-0.0973899566787311	0.08904832200409632	-0.09696681323916792	0.04558904772402152	-0.7525335320262696	0.2798168215292046	-0.20212615720336613	0.048148745529708825	-0.04501064161771053	1.0000000000000033	-0.5314198814257991	0.22487459645465457	-0.044595727341641626	0.03906213785459028
0.02062614825986202	-0.05258427927506509	0.03853617947840136	-0.03285176079723585	0.0289500259920012	-0.023127358727730477	0.05341861303877247	-0.053424117583423955	0.053520853056324695	-0.03007634344286688	0.11757245325957519	-0.08990877087825688	0.07676393255249286	-0.09185342852349089	0.04317941513318895	-0.11654894709374347	0.10808592617428467	-0.11233112152840419	0.11531024914859461	-0.05359563087062497	0.3048797953816137	-0.5204844342081678	0.2875314073167633	-0.06326905626791483	0.056117367967313196	-0.5314198814257991	1.0000000000000036	-0.5412127020365304	0.05819048246743127	-0.0499950115599241
-0.023430026625351465	0.05909623399241253	-0.04553067175572172	0.03844917676052688	-0.03449274654879873	0.026117989535127378	-0.06148463475085782	0.06262805845695324	-0.06368561040258652	0.03544301184979708	-0.1325932342769959	0.10046236935752614	-0.09311676551427113	0.10495604145552374	-0.05245813147944123	0.11867757468509457	-0.12416072430589645	0.15839836634374566	-0.17104398987895972	0.0640142098659913	-0.27283489387941195	0.31732117431319923	-0.6856076180327673	0.0947419005728671	-0.08084957008675146	0.22487459645465457	-0.5412127020365304	1.000000000000003	-0.09154656969167468	0.06886719206950154
0.016640399280326096	-0.04265632310348889	0.03618136968851222	-0.030722124490071792	0.03209132083935988	-0.018502857565440976	0.04265231898492285	-0.04640991711547023	0.048463249758704134	-0.032771741262933037	0.06797845432862662	-0.06482504674488723	0.06387522682003927	-0.0899356056089595	0.05955771661745629	-0.061192514455393365	0.0681291488326062	-0.10228023419066413	0.12401909910517771	-0.07525967859575317	0.05140452659450071	-0.08311810077415986	0.09649353203644194	-0.7460027788607586	0.31964919450883167	-0.044595727341641626	0.05819048246743127	-0.09154656969167468	1.000000000000003	-0.5555068143048645
-0.01809881211971719	0.04529972492360553	-0.043595722069154845	0.03612139366734683	-0.04195924504953979	0.019799831336493337	-0.046872540838108226	0.050111590260291286	-0.05600239331332024	0.04141897688671026	-0.07615332875900838	0.06390599310700534	-0.06940545442467469	0.09492408573256439	-0.08494140359982735	0.06096353832990144	-0.06799463381990063	0.08381666134074972	-0.11024232391002103	0.10105297325094009	-0.047035769230387804	0.06889655952526438	-0.07729986859360445	0.31901128425681813	-0.748148615313339	0.03906213785459028	-0.0499950115599241	0.06886719206950154	-0.5555068143048645	1.000000000000003
