1.0	-0.5485901790226846	0.2405215055706393	-0.26949010790788375	0.0770869055364298	-0.6210625304761312	0.32986586764097864	-0.22188023478148686	0.14803869560009694	-0.06969167037581338	0.12203245214848785	-0.10956594582955691	0.13808437858611328	-0.09136202756273343	0.08857654089693434	-0.11137389855878178	0.09389548474283115	-0.10296032666749987	0.08407566929764959	-0.07146588901604294	0.10549107853519633	-0.11195692118943056	0.09261744174103712	-0.0844767529018629	0.08309577631611391	-0.05998133126297536	0.05101393547360461	-0.16878806650515205	0.05584095177531843	-0.06759080180338992
-0.5485901790226846	1.0	-0.569373823873876	0.25863735805860116	-0.07845300086145868	0.2646922506970661	-0.4487261321988977	0.19988582342145356	-0.158382731119747	0.0684757023481253	-0.0934621856315247	0.08698273670240372	-0.13190932921131862	0.08512403196438041	-0.0851839429407298	0.08268083690897658	-0.0789983268717913	0.08813595135415864	-0.07534088184742674	0.06420630332273712	-0.09007753382146001	0.09109749450989471	-0.07922231710261154	0.07263817183181379	-0.07559117115068019	0.04827828965988036	-0.041421965438904244	0.13438341467841355	-0.04825778918299266	0.05777294481820311
0.2405215055706393	-0.569373823873876	1.0	-0.6061624086424897	0.10232407340584918	-0.15598266589763835	0.2248984882590144	-0.3588839345554949	0.2499615514218425	-0.09424347654321903	0.07763131616311027	-0.08053029458201527	0.15170312836187175	-0.10861438853015996	0.10374285017204721	-0.07402242362048524	0.07599489038512214	-0.09924452302193038	0.08658173740584661	-0.07528932376221896	0.08989399476313022	-0.09669604067925179	0.08749343466141107	-0.08325779399510787	0.0852218352318463	-0.052601243820440624	0.045137177348470836	-0.15462957899755128	0.054879094140622545	-0.06645315676894015
-0.26949010790788375	0.25863735805860116	-0.6061624086424897	1.0	-0.15486590757329638	0.15535298775816211	-0.26514702646656557	0.31052519316861077	-0.5356696228396316	0.1327759948980291	-0.08612051733754532	0.0877150705062699	-0.18738590198646748	0.13750222013240507	-0.13991823883237442	0.08015105788642307	-0.08528217405968694	0.1103148214156633	-0.1038243113562848	0.09001831400152725	-0.10134187471741558	0.10367457706507173	-0.09792499897142062	0.09373800364528452	-0.1032146189213354	0.05500960881461536	-0.04761809958049705	0.1566497721262871	-0.062160256319424706	0.07406108603537301
0.0770869055364298	-0.07845300086145868	0.10232407340584918	-0.15486590757329638	1.0000000000000002	-0.05217526648650928	0.08061840241292374	-0.18924009943588926	0.17657127257697283	-0.8904669641503161	0.06007066135253092	-0.07062672849158205	0.15076469044766203	-0.2190613041651011	0.22179355771376763	-0.06177775486959819	0.07111145729599594	-0.11212747011240241	0.12011795683191492	-0.12615806898915533	0.086144141277738	-0.0999160733530152	0.09823923771009646	-0.11027673616400663	0.11420419602874476	-0.054476251476884244	0.047055618721314696	-0.16836154921461582	0.07012757591468732	-0.08824657188279786
-0.6210625304761312	0.2646922506970661	-0.15598266589763835	0.15535298775816211	-0.05217526648650928	1.0000000000000009	-0.68598466834114	0.13631256597341523	-0.0941698454032951	0.04629880168943432	-0.15530520973463618	0.10671794530804996	-0.10122154613020597	0.06353020736632345	-0.062360634922589656	0.1118499027560352	-0.08703445141702693	0.07844245980080274	-0.061710456924664626	0.05134303341203778	-0.089464804610484	0.0882061232086612	-0.07001266898712627	0.06155803133404113	-0.06044864575953063	0.045195195944941036	-0.038480206000428174	0.11795948867734535	-0.04051355008456934	0.048468157249665245
0.32986586764097864	-0.4487261321988977	0.2248984882590144	-0.26514702646656557	0.08061840241292374	-0.68598466834114	1.000000000000001	-0.23609828103339575	0.1526850152123729	-0.07273704987044065	0.14006669187500137	-0.13603697906905396	0.14849776872778808	-0.09703169017094174	0.09403820115844345	-0.12723875587459935	0.10975612752932198	-0.11323206480131623	0.09085592773850559	-0.07677020425124732	0.1168387290220653	-0.12358114822701759	0.10121719031042246	-0.09146315939808473	0.08936358429452015	-0.0656204977311302	0.05578538165221969	-0.18224344240561244	0.060333435167134984	-0.07290971116126474
-0.22188023478148686	0.19988582342145356	-0.3588839345554949	0.31052519316861077	-0.18924009943588926	0.13631256597341523	-0.23609828103339575	1.0000000000000007	-0.7123947661486418	0.1618228833862333	-0.09234137805289588	0.09989118880808973	-0.2916815249965455	0.175174909985078	-0.17348204867050587	0.08803214659165587	-0.09866463304259047	0.13896998857220938	-0.127066831923321	0.10925577319041865	-0.11430073658751044	0.11973056127346161	-0.11800846821782528	0.11286068909089486	-0.122615464851409	0.0631200074926105	-0.054824234499635104	0.18184361151823233	-0.07402587834514769	0.08808317266992982
0.14803869560009694	-0.158382731119747	0.2499615514218425	-0.5356696228396316	0.17657127257697283	-0.0941698454032951	0.1526850152123729	-0.7123947661486418	1.0000000000000007	-0.20355437048497	0.0686825222655	-0.07636605352916025	0.18502266201166126	-0.18650892240370914	0.15571132794464765	-0.06715766429415099	0.07498147185721046	-0.11016222714271587	0.10589570695612002	-0.09380605137340274	0.08769076880921131	-0.09551756938542888	0.09307217619923129	-0.09376061236023475	0.09903287816864911	-0.050957039855567154	0.04410827481872771	-0.15050891324164647	0.06058627859558169	-0.07312421285551408
-0.06969167037581338	0.0684757023481253	-0.09424347654321903	0.1327759948980291	-0.8904669641503161	0.04629880168943432	-0.07273704987044065	0.1618228833862333	-0.20355437048497	1.0000000000000016	-0.051256182991202694	0.05958778432711078	-0.13879928923609863	0.19062781103401813	-0.29563281604839975	0.05204297042944058	-0.06061957833363551	0.09488308869824968	-0.10815728262572716	0.11276734453828631	-0.07263014336539046	0.08202149427459904	-0.0831393856998211	0.09261744164368924	-0.10581816280805595	0.04398657567046507	-0.038180964522267026	0.13320344589226632	-0.05957847923027737	0.07339447745568609
0.12203245214848785	-0.0934621856315247	0.07763131616311027	-0.08612051733754532	0.06007066135253092	-0.15530520973463618	0.14006669187500137	-0.09234137805289588	0.0686825222655	-0.051256182991202694	1.0	-0.5166811969087008	0.17221725985465441	-0.09369705953168045	0.09219816662869147	-0.7091735182698213	0.29470673421038435	-0.17649261837237115	0.11450184196280978	-0.08827731756283332	0.2445770919241806	-0.22786300985456134	0.14873070442620767	-0.1166978785063454	0.10548730678173343	-0.10216857848092298	0.08579202798074426	-0.20489488969629716	0.07428631706709468	-0.08654955370978742
-0.10956594582955691	0.08698273670240372	-0.08053029458201527	0.0877150705062699	-0.07062672849158205	0.10671794530804996	-0.13603697906905396	0.09989118880808973	-0.07636605352916025	0.05958778432711078	-0.5166811969087008	0.9999999999999999	-0.24762502102377196	0.1139905270004923	-0.11290962643819193	0.2985145292843745	-0.6980463423919786	0.2260361570471948	-0.144195356875277	0.10445301997576327	-0.23640036097234163	0.20176596184969872	-0.18124981060768983	0.13228261179836068	-0.12596226333645455	0.08998717093674644	-0.07988744210793056	0.19730854550083066	-0.08427609444768938	0.0951262675660098
0.13808437858611328	-0.13190932921131862	0.15170312836187175	-0.18738590198646748	0.15076469044766203	-0.10122154613020597	0.14849776872778808	-0.2916815249965455	0.18502266201166126	-0.13879928923609863	0.17221725985465441	-0.24762502102377196	0.9999999999999972	-0.3844168102446967	0.25348383812366604	-0.18395178861249817	0.22555393426866996	-0.4739940038785944	0.26343480254474366	-0.22140085397980064	0.2318881750318209	-0.28425623925661736	0.2815293986394746	-0.26469311803054446	0.22660667639269746	-0.14923818749616227	0.1289368771502569	-0.46039635054827266	0.1618469831117033	-0.19860060862117707
-0.09136202756273343	0.08512403196438041	-0.10861438853015996	0.13750222013240507	-0.2190613041651011	0.06353020736632345	-0.09703169017094174	0.175174909985078	-0.18650892240370914	0.19062781103401813	-0.09369705953168045	0.1139905270004923	-0.3844168102446967	1.0000000000000007	-0.7321211146628125	0.09578034755758645	-0.12002514712005925	0.2047392114594444	-0.34387797271528114	0.24254415076239122	-0.13438814163955387	0.15029846493498975	-0.17140167735993256	0.19880151980334973	-0.2320782602460947	0.07714442170343884	-0.06787000860369403	0.22728325382973097	-0.12449829703987762	0.14441174446269858
0.08857654089693434	-0.0851839429407298	0.10374285017204721	-0.13991823883237442	0.22179355771376763	-0.062360634922589656	0.09403820115844345	-0.17348204867050587	0.15571132794464765	-0.29563281604839975	0.09219816662869147	-0.11290962643819193	0.25348383812366604	-0.7321211146628125	0.9999999999999973	-0.09641660690251712	0.11539167539165654	-0.19801415899975391	0.252304758099056	-0.3444134543700267	0.13520185981225716	-0.15919605200759246	0.16678792834739267	-0.20606642725406893	0.2279854421514659	-0.08427090673641227	0.0733300791841991	-0.25855013712369657	0.12594833592163135	-0.15795839563618091
-0.11137389855878178	0.08268083690897658	-0.07402242362048524	0.08015105788642307	-0.06177775486959819	0.1118499027560352	-0.12723875587459935	0.08803214659165587	-0.06715766429415099	0.05204297042944058	-0.7091735182698213	0.2985145292843745	-0.18395178861249817	0.09578034755758645	-0.09641660690251712	0.9999999999999992	-0.407354760497276	0.1812316315599179	-0.1213994185730117	0.09091245128741508	-0.41768986275043796	0.22919604504575392	-0.15929887243870608	0.11850265892447584	-0.11111251881205648	0.1021419037563376	-0.08809807473502948	0.19435568861901104	-0.07601394627761388	0.08668769447918823
0.09389548474283115	-0.0789983268717913	0.07599489038512214	-0.08528217405968694	0.07111145729599594	-0.08703445141702693	0.10975612752932198	-0.09866463304259047	0.07498147185721046	-0.06061957833363551	0.29470673421038435	-0.6980463423919786	0.22555393426866996	-0.12002514712005925	0.11539167539165654	-0.407354760497276	0.9999999999999966	-0.3728269649033929	0.1594098699183388	-0.11591995474634835	0.2349732352937105	-0.2625154896248266	0.2073562396259917	-0.1544176879040209	0.13317688848997505	-0.10554607905732	0.09268217382842829	-0.22802021339577216	0.09376099068412483	-0.10747937015603307
-0.10296032666749987	0.08813595135415864	-0.09924452302193038	0.1103148214156633	-0.11212747011240241	0.07844245980080274	-0.11323206480131623	0.13896998857220938	-0.11016222714271587	0.09488308869824968	-0.17649261837237115	0.2260361570471948	-0.4739940038785944	0.2047392114594444	-0.19801415899975391	0.1812316315599179	-0.3728269649033929	0.9999999999999987	-0.38379589901841094	0.20092747974343228	-0.24035364553439054	0.25328395357330125	-0.5442640689666953	0.2680311718212396	-0.22954475979815653	0.11220333848189587	-0.10395178468311994	0.29336731998832455	-0.157782233842918	0.1681801762278412
0.08407566929764959	-0.07534088184742674	0.08658173740584661	-0.1038243113562848	0.12011795683191492	-0.061710456924664626	0.09085592773850559	-0.127066831923321	0.10589570695612002	-0.10815728262572716	0.11450184196280978	-0.144195356875277	0.26343480254474366	-0.34387797271528114	0.252304758099056	-0.1213994185730117	0.1594098699183388	-0.38379589901841094	0.9999999999999997	-0.49510934790589356	0.17084826869243858	-0.20171489862389716	0.26587746170088933	-0.5183765763542336	0.3004157246714051	-0.09609270630969798	0.08599148175745483	-0.27913819730563677	0.20979508892865692	-0.2503061581470585
-0.07146588901604294	0.06420630332273712	-0.07528932376221896	0.09001831400152725	-0.12615806898915533	0.05134303341203778	-0.07677020425124732	0.10925577319041865	-0.09380605137340274	0.11276734453828631	-0.08827731756283332	0.10445301997576327	-0.22140085397980064	0.24254415076239122	-0.3444134543700267	0.09091245128741508	-0.11591995474634835	0.20092747974343228	-0.49510934790589356	0.9999999999999968	-0.13445482276605242	0.14939133123165363	-0.1839920733691314	0.24758464364648333	-0.6903536048799856	0.07509067904846553	-0.06678079540756847	0.21908480374745037	-0.1717008105742533	0.19831324504590514
0.10549107853519633	-0.09007753382146001	0.08989399476313022	-0.10134187471741558	0.086144141277738	-0.089464804610484	0.1168387290220653	-0.11430073658751044	0.08769076880921131	-0.07263014336539046	0.2445770919241806	-0.23640036097234163	0.2318881750318209	-0.13438814163955387	0.13520185981225716	-0.41768986275043796	0.2349732352937105	-0.24035364553439054	0.17084826869243858	-0.13445482276605242	0.9999999999999948	-0.6415015695391507	0.25230835446128047	-0.19269714279569367	0.16458436571432217	-0.25833887707711267	0.20309902600983523	-0.37916633452810033	0.1221994680507405	-0.14293270669282868
-0.11195692118943056	0.09109749450989471	-0.09669604067925179	0.10367457706507173	-0.0999160733530152	0.0882061232086612	-0.12358114822701759	0.11973056127346161	-0.09551756938542888	0.08202149427459904	-0.22786300985456134	0.20176596184969872	-0.28425623925661736	0.15029846493498975	-0.15919605200759246	0.22919604504575392	-0.2625154896248266	0.25328395357330125	-0.20171489862389716	0.14939133123165363	-0.6415015695391507	0.9999999999999938	-0.4182486689717156	0.20844143122260853	-0.19668121813328227	0.22482200194126747	-0.28785685550326157	0.29793584587150956	-0.1362640280741649	0.1439004964207514
0.09261744174103712	-0.07922231710261154	0.08749343466141107	-0.09792499897142062	0.09823923771009646	-0.07001266898712627	0.10121719031042246	-0.11800846821782528	0.09307217619923129	-0.0831393856998211	0.14873070442620767	-0.18124981060768983	0.2815293986394746	-0.17140167735993256	0.16678792834739267	-0.15929887243870608	0.2073562396259917	-0.5442640689666953	0.26587746170088933	-0.1839920733691314	0.25230835446128047	-0.4182486689717156	0.9999999999999946	-0.45288246146634287	0.2157907186286235	-0.1390644088947988	0.13181083479124392	-0.4299317643720411	0.1870500810991193	-0.20123955691655743
-0.0844767529018629	0.07263817183181379	-0.08325779399510787	0.09373800364528452	-0.11027673616400663	0.06155803133404113	-0.09146315939808473	0.11286068909089486	-0.09376061236023475	0.09261744164368924	-0.1166978785063454	0.13228261179836068	-0.26469311803054446	0.19880151980334973	-0.20606642725406893	0.11850265892447584	-0.1544176879040209	0.2680311718212396	-0.5183765763542336	0.24758464364648333	-0.19269714279569367	0.20844143122260853	-0.45288246146634287	0.9999999999999946	-0.33657673980797864	0.09491468794985373	-0.08855554041795162	0.26150923931740766	-0.45118220976942547	0.2819005350964069
0.08309577631611391	-0.07559117115068019	0.0852218352318463	-0.1032146189213354	0.11420419602874476	-0.06044864575953063	0.08936358429452015	-0.122615464851409	0.09903287816864911	-0.10581816280805595	0.10548730678173343	-0.12596226333645455	0.22660667639269746	-0.2320782602460947	0.2279854421514659	-0.11111251881205648	0.13317688848997505	-0.22954475979815653	0.3004157246714051	-0.6903536048799856	0.16458436571432217	-0.19668121813328227	0.2157907186286235	-0.33657673980797864	0.9999999999999939	-0.10233443033662878	0.08973685593190064	-0.31506218275720194	0.223070351865314	-0.35037855906845494
-0.05998133126297536	0.04827828965988036	-0.052601243820440624	0.05500960881461536	-0.054476251476884244	0.045195195944941036	-0.0656204977311302	0.0631200074926105	-0.050957039855567154	0.04398657567046507	-0.10216857848092298	0.08998717093674644	-0.14923818749616227	0.07714442170343884	-0.08427090673641227	0.1021419037563376	-0.10554607905732	0.11220333848189587	-0.09609270630969798	0.07509067904846553	-0.25833887707711267	0.22482200194126747	-0.1390644088947988	0.09491468794985373	-0.10233443033662878	0.9999999999999947	-0.9060937776334007	0.19011103553916103	-0.06576442979234885	0.07054382902213209
0.05101393547360461	-0.041421965438904244	0.045137177348470836	-0.04761809958049705	0.047055618721314696	-0.038480206000428174	0.05578538165221969	-0.054824234499635104	0.04410827481872771	-0.038180964522267026	0.08579202798074426	-0.07988744210793056	0.1289368771502569	-0.06787000860369403	0.0733300791841991	-0.08809807473502948	0.09268217382842829	-0.10395178468311994	0.08599148175745483	-0.06678079540756847	0.20309902600983523	-0.28785685550326157	0.13181083479124392	-0.08855554041795162	0.08973685593190064	-0.9060937776334007	0.9999999999999947	-0.22033355932033238	0.0601199613523545	-0.06464639754672957
-0.16878806650515205	0.13438341467841355	-0.15462957899755128	0.1566497721262871	-0.16836154921461582	0.11795948867734535	-0.18224344240561244	0.18184361151823233	-0.15050891324164647	0.13320344589226632	-0.20489488969629716	0.19730854550083066	-0.46039635054827266	0.22728325382973097	-0.25855013712369657	0.19435568861901104	-0.22802021339577216	0.29336731998832455	-0.27913819730563677	0.21908480374745037	-0.37916633452810033	0.29793584587150956	-0.4299317643720411	0.26150923931740766	-0.31506218275720194	0.19011103553916103	-0.22033355932033238	0.9999999999999944	-0.2051845655021699	0.2002142796081383
0.05584095177531843	-0.04825778918299266	0.054879094140622545	-0.062160256319424706	0.07012757591468732	-0.04051355008456934	0.060333435167134984	-0.07402587834514769	0.06058627859558169	-0.05957847923027737	0.07428631706709468	-0.08427609444768938	0.1618469831117033	-0.12449829703987762	0.12594833592163135	-0.07601394627761388	0.09376099068412483	-0.157782233842918	0.20979508892865692	-0.1717008105742533	0.1221994680507405	-0.1362640280741649	0.1870500810991193	-0.45118220976942547	0.223070351865314	-0.06576442979234885	0.0601199613523545	-0.2051845655021699	0.9999999999999947	-0.8026423451912064
-0.06759080180338992	0.05777294481820311	-0.06645315676894015	0.07406108603537301	-0.08824657188279786	0.048468157249665245	-0.07290971116126474	0.08808317266992982	-0.07312421285551408	0.07339447745568609	-0.08654955370978742	0.0951262675660098	-0.19860060862117707	0.14441174446269858	-0.15795839563618091	0.08668769447918823	-0.10747937015603307	0.1681801762278412	-0.2503061581470585	0.19831324504590514	-0.14293270669282868	0.1439004964207514	-0.20123955691655743	0.2819005350964069	-0.35037855906845494	0.07054382902213209	-0.06464639754672957	0.2002142796081383	-0.8026423451912064	0.9999999999999944
