1.0	-0.7731320036878584	0.08605047906425559	-0.05856834610768773	0.07369803594674115	-0.47848954609448063	0.3164756612321619	-0.09500144828244043	0.062315907298267	-0.04833045964236265	0.18844754159709617	-0.2355375738012421	0.07615260183125037	-0.054862397834732325	0.045231208125921234	-0.12057234156936232	0.10335975915518894	-0.07769772505318204	0.04350407235183696	-0.03840474779321017	0.1001368741708351	-0.09288283417320577	0.058183792545539376	-0.03823489429246992	0.04136894397318912	-0.057763331933320304	0.047198779607153823	-0.07001602370559674	0.045794822728367476	-0.048424791674758806
-0.7731320036878584	0.9999999999999998	-0.09836474285563851	0.059690942463984216	-0.07325490893632922	0.29484516886334994	-0.5244154386389172	0.09635786578766811	-0.06246668837533826	0.04657141983836286	-0.16343461167322057	0.1826482194180516	-0.07190094543761745	0.051843093882856406	-0.043268510522291345	0.09891734131356779	-0.09195447834982391	0.07002934070311302	-0.040257987774963325	0.0353374634661421	-0.08951733703700376	0.07897551131124664	-0.052209604986494886	0.03449705730285669	-0.03776198986754738	0.04963238429553912	-0.041061049060584665	0.06140563828915785	-0.04151399413548251	0.04376285805864124
0.08605047906425559	-0.09836474285563851	0.9999999999999997	-0.5198433095014277	0.2625024206500019	-0.08403182244952652	0.09606460975590599	-0.7085308247683233	0.2640817438766799	-0.18570157147806732	0.07843526311126794	-0.10225701993806936	0.21413596908642343	-0.18808606498111477	0.1457867390448194	-0.09875040211409757	0.1289744614320109	-0.19888478930394082	0.11490383265426138	-0.10499744173865005	0.09270622031730877	-0.12795600079359037	0.1149059173536561	-0.08433518540214151	0.09753889858065588	-0.10298148133154626	0.07955252695779935	-0.1491096235142383	0.09816815080265474	-0.11997694636221842
-0.05856834610768773	0.059690942463984216	-0.5198433095014277	0.9999999999999998	-0.49877368247755505	0.05770130516948581	-0.06405277541546361	0.2865902674030823	-0.5812723005208933	0.24216171261348168	-0.05975273284274251	0.07688228854650354	-0.17000135779609885	0.20951819754361065	-0.17906306509102593	0.07890129436314347	-0.1065341756619669	0.15218098052973883	-0.11616718793577452	0.10536736255684366	-0.07653433897038531	0.10542413233701546	-0.10397650405221957	0.07905027652016486	-0.09474017911860388	0.08915575694716536	-0.06903850760278032	0.13342653846090485	-0.09235342575681194	0.11462082785028982
0.07369803594674115	-0.07325490893632922	0.2625024206500019	-0.49877368247755505	1.0000000000000004	-0.08083076100425354	0.08425547932045001	-0.33566109135489425	0.3240102274659136	-0.4977422326404233	0.08942295242926045	-0.11751074766659086	0.22336287264293755	-0.3170000411370657	0.2604090871898471	-0.1273197137228023	0.1642715878699519	-0.23786166010072968	0.17771933679372395	-0.17469209452208018	0.12171518824759588	-0.1765185504208781	0.17107608292236265	-0.1317873265305311	0.1554121628556135	-0.16185058879211225	0.12118755526407533	-0.24567487184015147	0.15292129539932103	-0.2054860150200978
-0.47848954609448063	0.29484516886334994	-0.08403182244952652	0.05770130516948581	-0.08083076100425354	1.0000000000000009	-0.6593178976092087	0.09518913544443762	-0.0669602418456628	0.051151239982540966	-0.4234452507217659	0.281412416585133	-0.08756078347706665	0.05899360730756942	-0.04952024628928614	0.1591893274479994	-0.13287082726511676	0.08672795072048221	-0.048069806498963856	0.041767856646125215	-0.141106152436363	0.10843858530447913	-0.0656764823133732	0.04234495898098651	-0.045593287703150236	0.06295256292485195	-0.053240074719044184	0.07488246548189932	-0.05087776552776111	0.051994378623414564
0.3164756612321619	-0.5244154386389172	0.09606460975590599	-0.06405277541546361	0.08425547932045001	-0.6593178976092087	1.0000000000000013	-0.1203585112401467	0.07135252404095618	-0.05431415352570659	0.25272135679112684	-0.36563351104628283	0.0917968333250296	-0.06258112496670745	0.051703184117033237	-0.14716626660650967	0.12701599641803712	-0.09126006696525144	0.04961667379683262	-0.04345320008604799	0.12200107689334311	-0.10884266016192842	0.06616057174504865	-0.04321740818209345	0.04664408618342733	-0.06477710858245138	0.05360607740834201	-0.07767913676984477	0.05157170030054671	-0.053916557677827576
-0.09500144828244043	0.09635786578766811	-0.7085308247683233	0.2865902674030823	-0.33566109135489425	0.09518913544443762	-0.1203585112401467	1.0000000000000009	-0.3225789967365617	0.19351985494377327	-0.09139413395195276	0.1150132010724932	-0.3740999895203179	0.20636410887776882	-0.17479276585544096	0.10910796025733638	-0.1569296525643178	0.22322208421360465	-0.1347967805155462	0.11596033822971738	-0.10688400195111458	0.13847088074592326	-0.13259478435505784	0.09494721835036632	-0.11149752710659863	0.10639519990988017	-0.0853864440957527	0.15410803144384028	-0.11261784231869319	0.12787866047824437
0.062315907298267	-0.06246668837533826	0.2640817438766799	-0.5812723005208933	0.3240102274659136	-0.0669602418456628	0.07135252404095618	-0.3225789967365617	1.0	-0.4485996655098673	0.07286016908681953	-0.0952129465662197	0.21057649834828288	-0.4022995362235838	0.26323103613233456	-0.10088115458816109	0.13471400175162088	-0.20389499135700684	0.16536486533610845	-0.1565870942967042	0.09669871153085316	-0.13741702182028653	0.1352858562263996	-0.10711682208513515	0.12861211871656653	-0.11783764097346591	0.09034576286682758	-0.17865525169143923	0.12178570722462605	-0.15945478201061544
-0.04833045964236265	0.04657141983836286	-0.18570157147806732	0.24216171261348168	-0.4977422326404233	0.051151239982540966	-0.05431415352570659	0.19351985494377327	-0.4485996655098673	1.0000000000000007	-0.0583114837053808	0.07488591919848929	-0.18206988255315712	0.3007582156079225	-0.6234405331260373	0.08089052498613448	-0.11302722044827365	0.16045785712925834	-0.16245145561561358	0.14615108082886094	-0.08003558761780216	0.11085831184934589	-0.11927621132470687	0.09559935222007192	-0.12200430998375977	0.09469893301697008	-0.07403356761868371	0.14579548669528603	-0.11043522217819171	0.13627364782793078
0.18844754159709617	-0.16343461167322057	0.07843526311126794	-0.05975273284274251	0.08942295242926045	-0.4234452507217659	0.25272135679112684	-0.09139413395195276	0.07286016908681953	-0.0583114837053808	0.9999999999999966	-0.7265798910630478	0.11175238192659856	-0.0708158190813806	0.058422634727146684	-0.37737172687771314	0.2029344688258127	-0.11894648104399731	0.05991657827258837	-0.05197045561215311	0.21669118301048368	-0.1667511634434531	0.08626078657017065	-0.054521673814357026	0.057184759211265764	-0.08682414851231769	0.07355276185313439	-0.09793870188832518	0.06445287363777072	-0.06499742375188679
-0.2355375738012421	0.1826482194180516	-0.10225701993806936	0.07688228854650354	-0.11751074766659086	0.281412416585133	-0.36563351104628283	0.1150132010724932	-0.0952129465662197	0.07488591919848929	-0.7265798910630478	0.9999999999999968	-0.15538318674758467	0.09087493922424991	-0.07615981267416135	0.25827341629721756	-0.29000080049048416	0.14883830859039487	-0.0765185510266036	0.06540322843989109	-0.25677682293078274	0.18606883786296133	-0.10668746384960275	0.06738967780658257	-0.07179885392935557	0.09962553893027112	-0.08690842988515585	0.11606975368198318	-0.08058377097803443	0.0801636513976202
0.07615260183125037	-0.07190094543761745	0.21413596908642343	-0.17000135779609885	0.22336287264293755	-0.08756078347706665	0.0917968333250296	-0.3740999895203179	0.21057649834828288	-0.18206988255315712	0.11175238192659856	-0.15538318674758467	0.9999999999999972	-0.3562580209349109	0.1970916267310015	-0.16023426719477332	0.23653010909460373	-0.691182671885288	0.1838048512388323	-0.15863384644152795	0.1428318712575652	-0.21243737845056498	0.1708765545643305	-0.12235161466217978	0.1351211335412073	-0.14196446599103638	0.11267920096634364	-0.19932784192005526	0.13357594184426164	-0.15688218233062579
-0.054862397834732325	0.051843093882856406	-0.18808606498111477	0.20951819754361065	-0.3170000411370657	0.05899360730756942	-0.06258112496670745	0.20636410887776882	-0.4022995362235838	0.3007582156079225	-0.0708158190813806	0.09087493922424991	-0.3562580209349109	0.9999999999999963	-0.613877499230753	0.0984047498030421	-0.14636669349100714	0.22813683353398354	-0.3192749845350905	0.2126761133474943	-0.09717930636383078	0.13448906451841652	-0.14770830928598697	0.1241024614823323	-0.15933422174773965	0.10806408272512846	-0.08612554488618496	0.16743390082828402	-0.1366085515888745	0.1667187499007378
0.045231208125921234	-0.043268510522291345	0.1457867390448194	-0.17906306509102593	0.2604090871898471	-0.04952024628928614	0.051703184117033237	-0.17479276585544096	0.26323103613233456	-0.6234405331260373	0.058422634727146684	-0.07615981267416135	0.1970916267310015	-0.613877499230753	0.9999999999999956	-0.08367929160301218	0.11608036466001637	-0.18560185209857358	0.19783383860796333	-0.20875639816978894	0.08099312976529398	-0.11596723867384824	0.12216419969284559	-0.10525187201059528	0.133776472895903	-0.09785340832443218	0.0759475432523041	-0.15272331443904802	0.11425775654873499	-0.15297300667808733
-0.12057234156936232	0.09891734131356779	-0.09875040211409757	0.07890129436314347	-0.1273197137228023	0.1591893274479994	-0.14716626660650967	0.10910796025733638	-0.10088115458816109	0.08089052498613448	-0.37737172687771314	0.25827341629721756	-0.16023426719477332	0.0984047498030421	-0.08367929160301218	0.9999999999999993	-0.4282725732790769	0.1731004723010411	-0.08854786783541274	0.07536278600057494	-0.6978938701818064	0.2848891472478891	-0.13663235355750508	0.08284634574839325	-0.0855706298296066	0.13239889341688169	-0.1195431433452035	0.14386047939518723	-0.09812106431967513	0.09441393757015396
0.10335975915518894	-0.09195447834982391	0.1289744614320109	-0.1065341756619669	0.1642715878699519	-0.13287082726511676	0.12701599641803712	-0.1569296525643178	0.13471400175162088	-0.11302722044827365	0.2029344688258127	-0.29000080049048416	0.23653010909460373	-0.14636669349100714	0.11608036466001637	-0.4282725732790769	0.9999999999999972	-0.42642756241659524	0.13133043215262905	-0.11428744202375982	0.29510431350447236	-0.5732745182214594	0.19428377675516492	-0.12097728591842766	0.12076077665737382	-0.20715544143598377	0.17442573950559637	-0.21894527251848475	0.13504658397685276	-0.13780842245980182
-0.07769772505318204	0.07002934070311302	-0.19888478930394082	0.15218098052973883	-0.23786166010072968	0.08672795072048221	-0.09126006696525144	0.22322208421360465	-0.20389499135700684	0.16045785712925834	-0.11894648104399731	0.14883830859039487	-0.691182671885288	0.22813683353398354	-0.18560185209857358	0.1731004723010411	-0.42642756241659524	0.9999999999999988	-0.22817894149751475	0.163071603889448	-0.16732919611053407	0.22679258099573485	-0.21926569576257676	0.1364418198175235	-0.15027950175076285	0.13996200461088185	-0.11950291886993292	0.19864429657812843	-0.15014854063282373	0.15885646355789645
0.04350407235183696	-0.040257987774963325	0.11490383265426138	-0.11616718793577452	0.17771933679372395	-0.048069806498963856	0.04961667379683262	-0.1347967805155462	0.16536486533610845	-0.16245145561561358	0.05991657827258837	-0.0765185510266036	0.1838048512388323	-0.3192749845350905	0.19783383860796333	-0.08854786783541274	0.13133043215262905	-0.22817894149751475	0.9999999999999977	-0.7678154913214676	0.08967695404490933	-0.1301535620523068	0.17974889468812594	-0.230312169886119	0.2707807316180321	-0.11312566074925598	0.09011258741153405	-0.20145083630786145	0.19155794384692998	-0.2887503071498949
-0.03840474779321017	0.0353374634661421	-0.10499744173865005	0.10536736255684366	-0.17469209452208018	0.041767856646125215	-0.04345320008604799	0.11596033822971738	-0.1565870942967042	0.14615108082886094	-0.05197045561215311	0.06540322843989109	-0.15863384644152795	0.2126761133474943	-0.20875639816978894	0.07536278600057494	-0.11428744202375982	0.163071603889448	-0.7678154913214676	0.9999999999999978	-0.07873229642510922	0.11086693933030392	-0.17365343907726663	0.20054232815138479	-0.4434021364426208	0.09609193034816005	-0.07788885343053047	0.17133338844586038	-0.19335707635569177	0.24669959423323706
0.1001368741708351	-0.08951733703700376	0.09270622031730877	-0.07653433897038531	0.12171518824759588	-0.141106152436363	0.12200107689334311	-0.10688400195111458	0.09669871153085316	-0.08003558761780216	0.21669118301048368	-0.25677682293078274	0.1428318712575652	-0.09717930636383078	0.08099312976529398	-0.6978938701818064	0.29510431350447236	-0.16732919611053407	0.08967695404490933	-0.07873229642510922	0.9999999999999971	-0.5125423675683395	0.15704185341584362	-0.09460054863102206	0.09238341130598654	-0.1874147395134914	0.1570067618196313	-0.1812494427504992	0.10826670220096385	-0.10545823799426843
-0.09288283417320577	0.07897551131124664	-0.12795600079359037	0.10542413233701546	-0.1765185504208781	0.10843858530447913	-0.10884266016192842	0.13847088074592326	-0.13741702182028653	0.11085831184934589	-0.1667511634434531	0.18606883786296133	-0.21243737845056498	0.13448906451841652	-0.11596723867384824	0.2848891472478891	-0.5732745182214594	0.22679258099573485	-0.1301535620523068	0.11086693933030392	-0.5125423675683395	0.9999999999999964	-0.28956494550698897	0.14355350258615296	-0.13677607021728055	0.23556618114936578	-0.30158792702736115	0.23792219690193156	-0.164812171507504	0.14516854232907603
0.058183792545539376	-0.052209604986494886	0.1149059173536561	-0.10397650405221957	0.17107608292236265	-0.0656764823133732	0.06616057174504865	-0.13259478435505784	0.1352858562263996	-0.11927621132470687	0.08626078657017065	-0.10668746384960275	0.1708765545643305	-0.14770830928598697	0.12216419969284559	-0.13663235355750508	0.19428377675516492	-0.21926569576257676	0.17974889468812594	-0.17365343907726663	0.15704185341584362	-0.28956494550698897	0.9999999999999961	-0.5120072891669382	0.24466017918121155	-0.23316703985745632	0.19568037958352077	-0.6163034339107997	0.298462322398376	-0.28606760930406483
-0.03823489429246992	0.03449705730285669	-0.08433518540214151	0.07905027652016486	-0.1317873265305311	0.04234495898098651	-0.04321740818209345	0.09494721835036632	-0.10711682208513515	0.09559935222007192	-0.054521673814357026	0.06738967780658257	-0.12235161466217978	0.1241024614823323	-0.10525187201059528	0.08284634574839325	-0.12097728591842766	0.1364418198175235	-0.230312169886119	0.20054232815138479	-0.09460054863102206	0.14355350258615296	-0.5120072891669382	0.999999999999996	-0.4520448641678166	0.13027272827073638	-0.10888555284828538	0.2781794546024235	-0.6113204851607362	0.30719781141916225
0.04136894397318912	-0.03776198986754738	0.09753889858065588	-0.09474017911860388	0.1554121628556135	-0.045593287703150236	0.04664408618342733	-0.11149752710659863	0.12861211871656653	-0.12200430998375977	0.057184759211265764	-0.07179885392935557	0.1351211335412073	-0.15933422174773965	0.133776472895903	-0.0855706298296066	0.12076077665737382	-0.15027950175076285	0.2707807316180321	-0.4434021364426208	0.09238341130598654	-0.13677607021728055	0.24466017918121155	-0.4520448641678166	0.9999999999999952	-0.13316510695812245	0.10631105439234093	-0.26627722788286595	0.3009847660834668	-0.621293587877995
-0.057763331933320304	0.04963238429553912	-0.10298148133154626	0.08915575694716536	-0.16185058879211225	0.06295256292485195	-0.06477710858245138	0.10639519990988017	-0.11783764097346591	0.09469893301697008	-0.08682414851231769	0.09962553893027112	-0.14196446599103638	0.10806408272512846	-0.09785340832443218	0.13239889341688169	-0.20715544143598377	0.13996200461088185	-0.11312566074925598	0.09609193034816005	-0.1874147395134914	0.23556618114936578	-0.23316703985745632	0.13027272827073638	-0.13316510695812245	0.999999999999996	-0.8457058242201783	0.25412479716425695	-0.1802672104015695	0.13291220816831695
0.047198779607153823	-0.041061049060584665	0.07955252695779935	-0.06903850760278032	0.12118755526407533	-0.053240074719044184	0.05360607740834201	-0.0853864440957527	0.09034576286682758	-0.07403356761868371	0.07355276185313439	-0.08690842988515585	0.11267920096634364	-0.08612554488618496	0.0759475432523041	-0.1195431433452035	0.17442573950559637	-0.11950291886993292	0.09011258741153405	-0.07788885343053047	0.1570067618196313	-0.30158792702736115	0.19568037958352077	-0.10888555284828538	0.10631105439234093	-0.8457058242201783	0.9999999999999966	-0.33974110273364005	0.14139829271130638	-0.11035608281869969
-0.07001602370559674	0.06140563828915785	-0.1491096235142383	0.13342653846090485	-0.24567487184015147	0.07488246548189932	-0.07767913676984477	0.15410803144384028	-0.17865525169143923	0.14579548669528603	-0.09793870188832518	0.11606975368198318	-0.19932784192005526	0.16743390082828402	-0.15272331443904802	0.14386047939518723	-0.21894527251848475	0.19864429657812843	-0.20145083630786145	0.17133338844586038	-0.1812494427504992	0.23792219690193156	-0.6163034339107997	0.2781794546024235	-0.26627722788286595	0.25412479716425695	-0.33974110273364005	0.9999999999999962	-0.3912533516083657	0.249159009566631
0.045794822728367476	-0.04151399413548251	0.09816815080265474	-0.09235342575681194	0.15292129539932103	-0.05087776552776111	0.05157170030054671	-0.11261784231869319	0.12178570722462605	-0.11043522217819171	0.06445287363777072	-0.08058377097803443	0.13357594184426164	-0.1366085515888745	0.11425775654873499	-0.09812106431967513	0.13504658397685276	-0.15014854063282373	0.19155794384692998	-0.19335707635569177	0.10826670220096385	-0.164812171507504	0.298462322398376	-0.6113204851607362	0.3009847660834668	-0.1802672104015695	0.14139829271130638	-0.3912533516083657	0.9999999999999966	-0.5439743853930206
-0.048424791674758806	0.04376285805864124	-0.11997694636221842	0.11462082785028982	-0.2054860150200978	0.051994378623414564	-0.053916557677827576	0.12787866047824437	-0.15945478201061544	0.13627364782793078	-0.06499742375188679	0.0801636513976202	-0.15688218233062579	0.1667187499007378	-0.15297300667808733	0.09441393757015396	-0.13780842245980182	0.15885646355789645	-0.2887503071498949	0.24669959423323706	-0.10545823799426843	0.14516854232907603	-0.28606760930406483	0.30719781141916225	-0.621293587877995	0.13291220816831695	-0.11035608281869969	0.249159009566631	-0.5439743853930206	0.9999999999999964
