1.0	-0.9573040068434484	0.057372201082731944	-0.01894348656890253	0.020223537590220164	-0.17860106504447612	0.14734064101498603	-0.11685008696030719	0.04755331463541816	-0.045317933635449274	0.14366674222251052	-0.12407815598116395	0.08451837186909544	-0.047558912443245026	0.049540936013105476	-0.02186988101290087	0.046291107855095236	-0.04415966179247351	0.03240110689337618	-0.03157430233250825	0.01849141041736027	-0.030720387183836902	0.026450313587750865	-0.02513389685872129	0.021259770141995052	-0.020636260313868424	0.0165308515046603	-0.019945864218983964	0.01802271736667489	-0.017464006080446286	0.011950088843202842	-0.014801564706261889	0.024740882394972855	-0.014927581078852028	0.015056976205611926	-0.010606214007809601	0.013358658783064192	-0.020663886287928902	0.013836505025711642	-0.010137311641493525	0.009928440644013254	-0.01102440395741682	0.013352882023413849	-0.010740331728715947	0.01904396010695561
-0.9573040068434484	1.0	-0.059774619864470094	0.019126341340221273	-0.02051291059766535	0.15272010241769884	-0.17040333963796656	0.11108313883197757	-0.04775374354092364	0.044477819794464135	-0.15796814315431412	0.11715570230452424	-0.08599391616347908	0.047127997309214444	-0.0503165015502804	0.022032035952497513	-0.046761963354304534	0.04363171790699552	-0.03256164340326391	0.03145857856818275	-0.018740409439803773	0.030610869916974117	-0.026546194755013335	0.025040142108126988	-0.02128324364510549	0.0206033718980967	-0.016538381914585527	0.019958256151886226	-0.01807785458360312	0.017475157062889508	-0.011972797190927765	0.014809739150956814	-0.024887866305747564	0.014963559681638853	-0.015114273819134319	0.010613752860898737	-0.013376585511974199	0.020644399202729136	-0.013900048903594007	0.010180048156442386	-0.009948245343588227	0.011036084395799518	-0.013404716914078619	0.010774302307054163	-0.01913847157522846
0.057372201082731944	-0.059774619864470094	1.0000000000000002	-0.26897736544758555	0.2100854543045323	-0.09761544055031625	0.11431445535975623	-0.18349855910607882	0.13975427120811926	-0.14965811018924105	0.10976637790301023	-0.1310274950475356	0.13778056453603232	-0.13253305410228045	0.16099634702903648	-0.07374687452592835	0.0914539793886264	-0.08916124219539379	0.09226353487246748	-0.10237899622227446	0.06060276108840233	-0.1353669844001612	0.0957897712790468	-0.08916337593787588	0.07342803234876698	-0.09284506146162044	0.07168496413220263	-0.0776549559786834	0.0715303594618852	-0.06977395669769686	0.056520018387318856	-0.06994616460584588	0.10421056925345727	-0.06187892553606714	0.06266292840898396	-0.05253712123836284	0.06538868749903777	-0.11065412079781899	0.07238215601819131	-0.05182446143691133	0.048786601110953204	-0.05574170795712629	0.07007952217537723	-0.0565325822974897	0.1015667488478717
-0.01894348656890253	0.019126341340221273	-0.26897736544758555	1.0000000000000004	-0.9285636746201159	0.03358586289877421	-0.04235520156472035	0.06404663001246219	-0.13208984248473257	0.11601564555327794	-0.0388193326074308	0.04764281202903947	-0.05403704458075442	0.0643964426342239	-0.07493768401850259	0.02317318172461972	-0.03268371124267268	0.03162846584405156	-0.043237582103099755	0.045772499381310776	-0.019227442920537775	0.041755074691232	-0.03175437149858341	0.035725613473305086	-0.02965927876316514	0.028627076652660448	-0.022356184108497854	0.025374898322630388	-0.024154447632855597	0.02394705288388077	-0.017205720025401387	0.021328846429871186	-0.033210107129061285	0.0203790492292804	-0.020733074037032468	0.015793602637121894	-0.01972034428961369	0.03259230025076234	-0.021439976234191378	0.01552120788695406	-0.014684383289650098	0.016654767382825637	-0.020664745551216047	0.016700037831493195	-0.029831290621296618
0.020223537590220164	-0.02051291059766535	0.2100854543045323	-0.9285636746201159	1.000000000000001	-0.036916475219173066	0.044964859976243374	-0.06778794282753879	0.12212897053495657	-0.13326704664341185	0.04235103472587927	-0.05218612187301712	0.05764414398247101	-0.07061247402554444	0.0822778814454214	-0.027018166154329903	0.03628214279136343	-0.03530255188171721	0.047194782473117446	-0.051173497640062265	0.022347457494613785	-0.04918608015149257	0.03671291872366302	-0.04055211572988514	0.03345121151820041	-0.03372151361435048	0.02625101882544792	-0.029492935161351062	0.027956715060110576	-0.02769332786246111	0.020308583091802432	-0.02517667730768738	0.03877509847363781	-0.023702826355823287	0.024087555230626355	-0.01870212215707784	0.02333049695053796	-0.038795776946530816	0.025443625453057773	-0.018381310189983718	0.017376121762888642	-0.01974673471451078	0.024548952853903964	-0.019838566196856443	0.0354591899636822
-0.17860106504447612	0.15272010241769884	-0.09761544055031625	0.03358586289877421	-0.036916475219173066	1.0000000000000004	-0.3927528206774498	0.21593780633813664	-0.0963095817974862	0.08811710281754345	-0.8366662922407007	0.2393696734511231	-0.1797534670225526	0.09501006631449259	-0.10197895473026646	0.05138963240861145	-0.0978750773339439	0.08992471575995908	-0.06619481743476079	0.06343983717411888	-0.043928297357178986	0.06337055217101945	-0.05509151216407818	0.050701423340566425	-0.04324024962453994	0.04250211102803894	-0.03427366375870409	0.04116564129482837	-0.03719996948137494	0.03575626000781509	-0.0246052460207487	0.030362493428654935	-0.05158105016724939	0.030748916624099426	-0.031067593838941983	0.021668667245439446	-0.027365313782959214	0.04168239870757758	-0.028317820207414152	0.020750165928379766	-0.020365669864768912	0.02249197125920588	-0.027316220986935962	0.021911107469701763	-0.038965430274483966
0.14734064101498603	-0.17040333963796656	0.11431445535975623	-0.04235520156472035	0.044964859976243374	-0.3927528206774498	1.0000000000000002	-0.5724323057724405	0.13571041287247773	-0.12389527324480173	0.27447301927501017	-0.5839657122472259	0.28962187140963624	-0.13384468085499437	0.12843801327518511	-0.05265337475100731	0.1372964867481119	-0.1313906008952575	0.0888106704828324	-0.08240044464263753	0.04460956266711032	-0.0731140097595404	0.06625545827584281	-0.06356522296736207	0.05419617682520099	-0.04905749684295224	0.03954834285575665	-0.04924284692224777	0.04407425316234423	-0.04280620147119795	0.02816223201199564	-0.03497041755997084	0.0593052846253824	-0.036179406976434667	0.03643871939705045	-0.02486106348795125	0.031355567517957414	-0.04797813753564607	0.03209981817649547	-0.023636474576181267	0.023263764336861587	-0.025756216465906603	0.03093722992145466	-0.0249054249296345	0.04400463148984193
-0.11685008696030719	0.11108313883197757	-0.18349855910607882	0.06404663001246219	-0.06778794282753879	0.21593780633813664	-0.5724323057724405	0.9999999999999997	-0.24970927600892207	0.1792853029918599	-0.26481059940091495	0.3242778977821379	-0.5702785698775863	0.1938600000082649	-0.19461061824625428	0.06588629820221499	-0.1799941081530398	0.16350675111845725	-0.13431693676776849	0.11735773565399173	-0.05686844941217203	0.09470222492250914	-0.08834745751444256	0.08805087604794103	-0.0765351712143078	0.06416138131741049	-0.051957383797725715	0.06508252161421041	-0.059518465886638824	0.057833222490557334	-0.03729159632963489	0.04620809505289059	-0.079429907597291	0.04857608425021713	-0.0492446739086641	0.032919306971336736	-0.04155500370322598	0.0636125084217451	-0.04300195131681825	0.0316813336547617	-0.030861396520880807	0.03416081725457849	-0.0412979123297207	0.03324793595754515	-0.058951322401015235
0.04755331463541816	-0.04775374354092364	0.13975427120811926	-0.13208984248473257	0.12212897053495657	-0.0963095817974862	0.13571041287247773	-0.24970927600892207	0.9999999999999998	-0.8089097335458538	0.10845917229159714	-0.1539531259123076	0.18340654612141927	-0.3313978989600726	0.26658790780891883	-0.053098281702232714	0.09396023399725	-0.09287442315508536	0.1752801548922741	-0.18021442866294918	0.044672000407744765	-0.09166267609352349	0.07973129005465972	-0.12232768124962878	0.10080771834527179	-0.06260753912289183	0.04997086114888298	-0.062363621355357224	0.06284270977147262	-0.06453291894171947	0.03630632188631725	-0.04531234810923755	0.07669900031191339	-0.05071360562153354	0.0518866565025256	-0.03243627048309979	0.040765107293432315	-0.06387556273497501	0.04216547971229881	-0.031416231251068176	0.030167244913880908	-0.03368140726839636	0.04020919334089931	-0.032702196467945345	0.05735390622411975
-0.045317933635449274	0.044477819794464135	-0.14965811018924105	0.11601564555327794	-0.13326704664341185	0.08811710281754345	-0.12389527324480173	0.1792853029918599	-0.8089097335458538	0.9999999999999994	-0.10742433491999706	0.13302412554816057	-0.17067581456450642	0.23623980470764802	-0.40829813773569207	0.05224163308994128	-0.09203254755610565	0.08714510230553377	-0.1765639848523968	0.17136110766261692	-0.044312832894435	0.09050664478946635	-0.08006765311796245	0.11588101597347106	-0.1009028361913529	0.06230532112927792	-0.049971121124453094	0.06226296446017843	-0.06334759819682739	0.06424739113219095	-0.03671535749737167	0.04560098546921497	-0.07845689958520582	0.05104102891644353	-0.05266078809592485	0.03274620683118351	-0.04122062312240764	0.06436441241559461	-0.04335610495649627	0.03221130392362667	-0.030588078781985575	0.034087478085390574	-0.041225346533974715	0.03344580035539286	-0.05911814449155743
0.14366674222251052	-0.15796814315431412	0.10976637790301023	-0.0388193326074308	0.04235103472587927	-0.8366662922407007	0.27447301927501017	-0.26481059940091495	0.10845917229159714	-0.10742433491999706	0.9999999999999986	-0.3234919763952315	0.1905423727567789	-0.11242444102073731	0.11331721883616058	-0.06430876335670795	0.10951716683213886	-0.10758523384480158	0.07541778433244711	-0.0749433071567825	0.05251465950609444	-0.07777496022784058	0.06494850090565493	-0.060486126813867024	0.050725612058154367	-0.051647453263216576	0.04131690394353935	-0.049103900367403884	0.04400733090874721	-0.042548977696483255	0.029486578612359725	-0.03652402443080337	0.060825829622873036	-0.03652012676116595	0.036721678893246755	-0.02604823095419463	0.03283163666961228	-0.05030149052021364	0.03357931885355003	-0.02461774829894476	0.024388615720818473	-0.027001137687535978	0.03249455593166866	-0.026109896455523644	0.04616948767806262
-0.12407815598116395	0.11715570230452424	-0.1310274950475356	0.04764281202903947	-0.05218612187301712	0.2393696734511231	-0.5839657122472259	0.3242778977821379	-0.1539531259123076	0.13302412554816057	-0.3234919763952315	0.9999999999999989	-0.5524109844504022	0.17580850950591617	-0.17815890159984013	0.07251467504803691	-0.24987727384799374	0.19636019754614997	-0.12512999918408824	0.10781582522475312	-0.06261707284985601	0.09690951396695366	-0.09263581932201934	0.08329751298589222	-0.07266644097849999	0.06521689640334978	-0.05308625015244159	0.06727830107789166	-0.05967490559892347	0.057346902931032125	-0.037546041195061094	0.046526466068137214	-0.08060810484399167	0.04870906714076417	-0.04911528818432115	0.03292140330427511	-0.04163040686568463	0.06285522819789553	-0.04258766897927779	0.03139390742614238	-0.030903909052689103	0.034062457316003804	-0.040985145313926205	0.0329318567690452	-0.05832837365285114
0.08451837186909544	-0.08599391616347908	0.13778056453603232	-0.05403704458075442	0.05764414398247101	-0.1797534670225526	0.28962187140963624	-0.5702785698775863	0.18340654612141927	-0.17067581456450642	0.1905423727567789	-0.5524109844504022	0.9999999999999961	-0.3153249973495216	0.19732608400760931	-0.07475524061212815	0.22025336967445291	-0.28845206573856846	0.16150008805471658	-0.14155235125840981	0.06342813422480707	-0.10806076876341655	0.10402250257356872	-0.10336779559688498	0.08808502815825456	-0.07248656729607347	0.05869786308409145	-0.07634808104044076	0.06720522168455141	-0.0658378236797268	0.0411190941298918	-0.051336625692560894	0.08767128675840424	-0.054645177417928015	0.05485532601274707	-0.03620478520101338	0.045672981273827545	-0.06950209579418799	0.046104706384180745	-0.03416249855993147	0.03378981803682972	-0.03738050625498228	0.044372300266088946	-0.035811099717785025	0.06289626169260414
-0.047558912443245026	0.047127997309214444	-0.13253305410228045	0.0643964426342239	-0.07061247402554444	0.09501006631449259	-0.13384468085499437	0.1938600000082649	-0.3313978989600726	0.23623980470764802	-0.11242444102073731	0.17580850950591617	-0.3153249973495216	0.9999999999999976	-0.4614743786309539	0.064341594779448	-0.12257704583264725	0.12074279201926696	-0.6273349627476803	0.29116963132863966	-0.05489263669903465	0.11246646958262911	-0.10820040297573151	0.17634138896141968	-0.17118480041030465	0.07798661858199343	-0.06338117659396708	0.0826672033439147	-0.08813160541020984	0.08973724838030138	-0.045837911218327386	0.057065434458973774	-0.10215623831006365	0.0686763308793504	-0.07216407370729191	0.0405533158810359	-0.05121028066813449	0.0787562117729732	-0.053719285539131925	0.04038846259412348	-0.03790934973987017	0.042073609793594605	-0.050525217171632955	0.04114758756289309	-0.07259423489511505
0.049540936013105476	-0.0503165015502804	0.16099634702903648	-0.07493768401850259	0.0822778814454214	-0.10197895473026646	0.12843801327518511	-0.19461061824625428	0.26658790780891883	-0.40829813773569207	0.11331721883616058	-0.17815890159984013	0.19732608400760931	-0.4614743786309539	0.9999999999999966	-0.09004519494548777	0.1214233691085925	-0.12436108075321864	0.2940138397687164	-0.5100503752207702	0.07474736259306386	-0.17075297887187532	0.14325566845604745	-0.28806002721413687	0.22246186125408668	-0.11620729661157862	0.09185248351399455	-0.1159005387041751	0.12211103208716376	-0.13189232979932267	0.06581341125867277	-0.083000923406021	0.13799533287458204	-0.0980192388324141	0.09955350236121464	-0.05911168797675204	0.07403869155949376	-0.11730029866493387	0.07422903171700185	-0.0561368923798271	0.054430525177696504	-0.06108762300805074	0.0707045109109494	-0.0581096902632609	0.09979391067057507
-0.02186988101290087	0.022032035952497513	-0.07374687452592835	0.02317318172461972	-0.027018166154329903	0.05138963240861145	-0.05265337475100731	0.06588629820221499	-0.053098281702232714	0.05224163308994128	-0.06430876335670795	0.07251467504803691	-0.07475524061212815	0.064341594779448	-0.09004519494548777	0.9999999999999948	-0.16681306578783187	0.1277711026361937	-0.053534529493125295	0.059967875525613015	-0.8894541589334134	0.23776168553379318	-0.17122495354670456	0.07420327967953719	-0.06491365378100938	0.15435673400537503	-0.13448098611350212	0.12108106543792964	-0.10293050916576343	0.08665021861563363	-0.08583266625564523	0.09954990322903152	-0.17722411859338838	0.08635538824678018	-0.08798344114331892	0.06884776365397026	-0.09014209664188969	0.11447773788569614	-0.09180677570370048	0.06559818271614733	-0.06824590395585224	0.0707751203904333	-0.09015892416504731	0.0692506713626303	-0.12855673847295773
0.046291107855095236	-0.046761963354304534	0.0914539793886264	-0.03268371124267268	0.03628214279136343	-0.0978750773339439	0.1372964867481119	-0.1799941081530398	0.09396023399725	-0.09203254755610565	0.10951716683213886	-0.24987727384799374	0.22025336967445291	-0.12257704583264725	0.1214233691085925	-0.16681306578783187	0.9999999999999947	-0.867480042685221	0.08744704405952956	-0.08730192414379163	0.12384178915084708	-0.1677912345478905	0.167329627815418	-0.08803573919623367	0.0722699221041933	-0.10663065964382919	0.08689875166119625	-0.12008025012466186	0.08485314968825583	-0.079316641928742	0.05601911851480851	-0.07079004372418046	0.11782799211798303	-0.07028711694682734	0.06716627302131473	-0.04829900985861406	0.06108737200900411	-0.08883414152702737	0.05705479352207675	-0.042251267244223054	0.04491086904326277	-0.04909668490579933	0.05603866200629591	-0.04490854478585704	0.07763350979236941
-0.04415966179247351	0.04363171790699552	-0.08916124219539379	0.03162846584405156	-0.03530255188171721	0.08992471575995908	-0.1313906008952575	0.16350675111845725	-0.09287442315508536	0.08714510230553377	-0.10758523384480158	0.19636019754614997	-0.28845206573856846	0.12074279201926696	-0.12436108075321864	0.1277711026361937	-0.867480042685221	0.9999999999999957	-0.09114844105352461	0.08582059329296197	-0.11454839022432574	0.14968570504116327	-0.2098613360274358	0.08692920309061908	-0.07308271785754383	0.09874737600175906	-0.0834983885673414	0.12117638742996636	-0.08662359282552141	0.07806385144812539	-0.054132709453205176	0.06784689633404921	-0.12142197605170661	0.06994383124136505	-0.06741469277657092	0.04625775558002183	-0.05891260545076365	0.08451119384488233	-0.05614088374151691	0.04157547578720822	-0.043385272302009004	0.047156637276347106	-0.05473944136733175	0.04372978167687258	-0.07643959536014144
0.03240110689337618	-0.03256164340326391	0.09226353487246748	-0.043237582103099755	0.047194782473117446	-0.06619481743476079	0.0888106704828324	-0.13431693676776849	0.1752801548922741	-0.1765639848523968	0.07541778433244711	-0.12512999918408824	0.16150008805471658	-0.6273349627476803	0.2940138397687164	-0.053534529493125295	0.08744704405952956	-0.09114844105352461	0.9999999999999964	-0.61182896961317	0.04530203389715684	-0.09913751325962174	0.09725478132501474	-0.24941822864859928	0.20931203226522901	-0.06881253343456879	0.055902585521731725	-0.07652035385257099	0.086551609568391	-0.09395751218001139	0.03951712885126416	-0.049732093284826924	0.08900226715999919	-0.06572684436511957	0.06903239499296296	-0.034964926471567244	0.044100100926012346	-0.06784723654952599	0.04559233899046162	-0.034936316573646924	0.03246260165736674	-0.03610369590004615	0.04243620447990659	-0.03490448997960498	0.06080045343165477
-0.03157430233250825	0.03145857856818275	-0.10237899622227446	0.045772499381310776	-0.051173497640062265	0.06343983717411888	-0.08240044464263753	0.11735773565399173	-0.18021442866294918	0.17136110766261692	-0.0749433071567825	0.10781582522475312	-0.14155235125840981	0.29116963132863966	-0.5100503752207702	0.059967875525613015	-0.08730192414379163	0.08582059329296197	-0.61182896961317	0.9999999999999961	-0.050981188141875466	0.11460245522772951	-0.11622038397656177	0.2668290935187955	-0.4083228648193906	0.08053884809625986	-0.06600210711006552	0.09092552612844981	-0.11003447105830613	0.11904925004143303	-0.047033707318574376	0.05900224556361741	-0.1091639788584238	0.08111014700503667	-0.08893382353690688	0.041501835738287196	-0.0524761620032126	0.0803888732297157	-0.055345076133744064	0.0426210087219454	-0.03865527022331902	0.042921446188208895	-0.05086831735831355	0.041927415813489397	-0.07349633896119112
0.01849141041736027	-0.018740409439803773	0.06060276108840233	-0.019227442920537775	0.022347457494613785	-0.043928297357178986	0.04460956266711032	-0.05686844941217203	0.044672000407744765	-0.044312832894435	0.05251465950609444	-0.06261707284985601	0.06342813422480707	-0.05489263669903465	0.07474736259306386	-0.8894541589334134	0.12384178915084708	-0.11454839022432574	0.04530203389715684	-0.050981188141875466	0.999999999999995	-0.32540588668511	0.14796098995924106	-0.06396273457241991	0.05513618595491665	-0.17652327642050838	0.13546503069561108	-0.1097979567414537	0.08782097575628457	-0.07479254701583876	0.07708113745022925	-0.09282906203222327	0.14720235168838688	-0.07366538479751823	0.07374228223541386	-0.061619821161801765	0.08014270904975074	-0.10009586531258641	0.0750768048854541	-0.05389001341643407	0.05979111833257262	-0.06221125801930466	0.07473006105932574	-0.05766280491354973	0.1044581695787939
-0.030720387183836902	0.030610869916974117	-0.1353669844001612	0.041755074691232	-0.04918608015149257	0.06337055217101945	-0.0731140097595404	0.09470222492250914	-0.09166267609352349	0.09050664478946635	-0.07777496022784058	0.09690951396695366	-0.10806076876341655	0.11246646958262911	-0.17075297887187532	0.23776168553379318	-0.1677912345478905	0.14968570504116327	-0.09913751325962174	0.11460245522772951	-0.32540588668511	0.9999999999999943	-0.45395862163670186	0.15514374439697332	-0.1369202416523285	0.2886321134922671	-0.3726325446156078	0.2804190013507783	-0.2320279876557083	0.18885547580387133	-0.18889671637558683	0.2198665743638543	-0.40297735491667913	0.19069432360883387	-0.19393291606513888	0.14783121494838844	-0.19777046778919735	0.24147325992274216	-0.19549901114406334	0.14001663332327452	-0.147506609025443	0.15171645225344071	-0.19214027741257775	0.14716579550166603	-0.2731371454347536
0.026450313587750865	-0.026546194755013335	0.0957897712790468	-0.03175437149858341	0.03671291872366302	-0.05509151216407818	0.06625545827584281	-0.08834745751444256	0.07973129005465972	-0.08006765311796245	0.06494850090565493	-0.09263581932201934	0.10402250257356872	-0.10820040297573151	0.14325566845604745	-0.17122495354670456	0.167329627815418	-0.2098613360274358	0.09725478132501474	-0.11622038397656177	0.14796098995924106	-0.45395862163670186	0.9999999999999984	-0.21893031064804971	0.15335722452542042	-0.27886602653289866	0.2393701237311787	-0.648826416189394	0.2403282702362791	-0.22233230825225114	0.13252537037229695	-0.17941329736424227	0.2933959041196188	-0.19497849783497762	0.16818743624840665	-0.11360480953291408	0.1433766374778099	-0.20583915631694366	0.11993603158372997	-0.0914524950369939	0.1028025820443974	-0.11304439805080657	0.11865929033598252	-0.09637107894471274	0.1593922863917303
-0.02513389685872129	0.025040142108126988	-0.08916337593787588	0.035725613473305086	-0.04055211572988514	0.050701423340566425	-0.06356522296736207	0.08805087604794103	-0.12232768124962878	0.11588101597347106	-0.060486126813867024	0.08329751298589222	-0.10336779559688498	0.17634138896141968	-0.28806002721413687	0.07420327967953719	-0.08803573919623367	0.08692920309061908	-0.24941822864859928	0.2668290935187955	-0.06396273457241991	0.15514374439697332	-0.21893031064804971	0.9999999999999958	-0.7968061432282763	0.11151101698927036	-0.09506767082560144	0.15142548750981882	-0.2163648122191865	0.19966930971302163	-0.06449179741353692	0.08179526330207475	-0.1634400371289578	0.133149277215309	-0.149247943134294	0.056010248039625045	-0.07131668279076604	0.10614301720931711	-0.07555781872109993	0.05993037074776744	-0.052155656906846815	0.05753087818981534	-0.06721781990650261	0.05603891573200352	-0.09806577248074111
0.021259770141995052	-0.02128324364510549	0.07342803234876698	-0.02965927876316514	0.03345121151820041	-0.04324024962453994	0.05419617682520099	-0.0765351712143078	0.10080771834527179	-0.1009028361913529	0.050725612058154367	-0.07266644097849999	0.08808502815825456	-0.17118480041030465	0.22246186125408668	-0.06491365378100938	0.0722699221041933	-0.07308271785754383	0.20931203226522901	-0.4083228648193906	0.05513618595491665	-0.1369202416523285	0.15335722452542042	-0.7968061432282763	0.9999999999999929	-0.0972419463785366	0.08060538696236995	-0.12665591342020277	0.17164405653529063	-0.23784776182694445	0.05458391428796707	-0.06994787482927357	0.13266079013633908	-0.12018159146913261	0.13272975011006863	-0.04790819497701541	0.06059989192058746	-0.09189687653903297	0.06348482063091555	-0.05124827326018359	0.04418949065475323	-0.04910294408099682	0.05634459809939887	-0.04744072245346893	0.08168511651025599
-0.020636260313868424	0.0206033718980967	-0.09284506146162044	0.028627076652660448	-0.03372151361435048	0.04250211102803894	-0.04905749684295224	0.06416138131741049	-0.06260753912289183	0.06230532112927792	-0.051647453263216576	0.06521689640334978	-0.07248656729607347	0.07798661858199343	-0.11620729661157862	0.15435673400537503	-0.10663065964382919	0.09874737600175906	-0.06881253343456879	0.08053884809625986	-0.17652327642050838	0.2886321134922671	-0.27886602653289866	0.11151101698927036	-0.0972419463785366	0.9999999999999947	-0.7317689242247924	0.24397946811881535	-0.18450875888118973	0.14745557593531217	-0.23739042049753226	0.26251628606814587	-0.3162928446985224	0.14999898598311984	-0.14806171022906017	0.15997706345340457	-0.22127760198625004	0.21381714927510323	-0.15333927386839474	0.10942693735050883	-0.15810898847011817	0.15325570339583997	-0.1616755011979092	0.12195420080067841	-0.21143953230666454
0.0165308515046603	-0.016538381914585527	0.07168496413220263	-0.022356184108497854	0.02625101882544792	-0.03427366375870409	0.03954834285575665	-0.051957383797725715	0.04997086114888298	-0.049971121124453094	0.04131690394353935	-0.05308625015244159	0.05869786308409145	-0.06338117659396708	0.09185248351399455	-0.13448098611350212	0.08689875166119625	-0.0834983885673414	0.055902585521731725	-0.06600210711006552	0.13546503069561108	-0.3726325446156078	0.2393701237311787	-0.09506767082560144	0.08060538696236995	-0.7317689242247924	0.9999999999999934	-0.3099026874426047	0.15755737486023183	-0.12963631912122636	0.1962081110428936	-0.3708893895520204	0.25095072360605963	-0.1287455483543586	0.12000992985169187	-0.1442270134556307	0.1918435210480714	-0.19043493057535693	0.11539710742085055	-0.08353801149524157	0.1288616964607474	-0.13384906182663786	0.12375367943836849	-0.09531964509452984	0.1568539984111512
-0.019945864218983964	0.019958256151886226	-0.0776549559786834	0.025374898322630388	-0.029492935161351062	0.04116564129482837	-0.04924284692224777	0.06508252161421041	-0.062363621355357224	0.06226296446017843	-0.049103900367403884	0.06727830107789166	-0.07634808104044076	0.0826672033439147	-0.1159005387041751	0.12108106543792964	-0.12008025012466186	0.12117638742996636	-0.07652035385257099	0.09092552612844981	-0.1097979567414537	0.2804190013507783	-0.648826416189394	0.15142548750981882	-0.12665591342020277	0.24397946811881535	-0.3099026874426047	0.999999999999994	-0.3828943658802338	0.22133054185911005	-0.12897746333824095	0.17363731341905828	-0.45448079282937476	0.21389574714216847	-0.18486614735484577	0.10403011637822715	-0.13711501072095195	0.18011899467266781	-0.11264933082316797	0.08677940050866781	-0.0961233972183741	0.10309197962207743	-0.10904318301428878	0.0879384916350148	-0.14816242976511432
0.01802271736667489	-0.01807785458360312	0.0715303594618852	-0.024154447632855597	0.027956715060110576	-0.03719996948137494	0.04407425316234423	-0.059518465886638824	0.06284270977147262	-0.06334759819682739	0.04400733090874721	-0.05967490559892347	0.06720522168455141	-0.08813160541020984	0.12211103208716376	-0.10293050916576343	0.08485314968825583	-0.08662359282552141	0.086551609568391	-0.11003447105830613	0.08782097575628457	-0.2320279876557083	0.2403282702362791	-0.2163648122191865	0.17164405653529063	-0.18450875888118973	0.15755737486023183	-0.3828943658802338	0.9999999999999944	-0.6294105808398591	0.09831910050906047	-0.1316718460889984	0.27216883294933736	-0.4767528381482432	0.30603221747974585	-0.08562274573970798	0.10859575665879362	-0.16286297801001437	0.11180540115518584	-0.09573980240094734	0.07780710726431952	-0.0866712294020851	0.09513653837412726	-0.08207670038165842	0.13804409153297537
-0.017464006080446286	0.017475157062889508	-0.06977395669769686	0.02394705288388077	-0.02769332786246111	0.03575626000781509	-0.04280620147119795	0.057833222490557334	-0.06453291894171947	0.06424739113219095	-0.042548977696483255	0.057346902931032125	-0.0658378236797268	0.08973724838030138	-0.13189232979932267	0.08665021861563363	-0.079316641928742	0.07806385144812539	-0.09395751218001139	0.11904925004143303	-0.07479254701583876	0.18885547580387133	-0.22233230825225114	0.19966930971302163	-0.23784776182694445	0.14745557593531217	-0.12963631912122636	0.22133054185911005	-0.6294105808398591	0.999999999999995	-0.08891746313624467	0.11405952880355741	-0.2682243232793028	0.313262580607945	-0.5602021958903572	0.07704621671423001	-0.09888030663377557	0.14765471706018918	-0.12783786006218037	0.11358556357606822	-0.07170863241165712	0.07956597576560029	-0.09478571731701782	0.08411126294271505	-0.15126013233941538
0.011950088843202842	-0.011972797190927765	0.056520018387318856	-0.017205720025401387	0.020308583091802432	-0.0246052460207487	0.02816223201199564	-0.03729159632963489	0.03630632188631725	-0.03671535749737167	0.029486578612359725	-0.037546041195061094	0.0411190941298918	-0.045837911218327386	0.06581341125867277	-0.08583266625564523	0.05601911851480851	-0.054132709453205176	0.03951712885126416	-0.047033707318574376	0.07708113745022925	-0.18889671637558683	0.13252537037229695	-0.06449179741353692	0.05458391428796707	-0.23739042049753226	0.1962081110428936	-0.12897746333824095	0.09831910050906047	-0.08891746313624467	0.9999999999999963	-0.5444314002182192	0.1830869885374239	-0.09223884797619322	0.08660663296960366	-0.6394801104296276	0.2687023845474704	-0.23968033295317806	0.11210153354718311	-0.07958632437315197	0.26335031566411693	-0.2761814417866429	0.1490491523932425	-0.11659495358212191	0.14909114050738953
-0.014801564706261889	0.014809739150956814	-0.06994616460584588	0.021328846429871186	-0.02517667730768738	0.030362493428654935	-0.03497041755997084	0.04620809505289059	-0.04531234810923755	0.04560098546921497	-0.03652402443080337	0.046526466068137214	-0.051336625692560894	0.057065434458973774	-0.083000923406021	0.09954990322903152	-0.07079004372418046	0.06784689633404921	-0.049732093284826924	0.05900224556361741	-0.09282906203222327	0.2198665743638543	-0.17941329736424227	0.08179526330207475	-0.06994787482927357	0.26251628606814587	-0.3708893895520204	0.17363731341905828	-0.1316718460889984	0.11405952880355741	-0.5444314002182192	0.9999999999999927	-0.28724354125626095	0.12201217114800558	-0.1145864970527067	0.2666053412682348	-0.5102659789317721	0.2641633231810846	-0.13974303357179535	0.09832343868110471	-0.24564211937610692	0.2363085431357636	-0.17088641451270067	0.12625865828130495	-0.18830745369544333
0.024740882394972855	-0.024887866305747564	0.10421056925345727	-0.033210107129061285	0.03877509847363781	-0.05158105016724939	0.0593052846253824	-0.079429907597291	0.07669900031191339	-0.07845689958520582	0.060825829622873036	-0.08060810484399167	0.08767128675840424	-0.10215623831006365	0.13799533287458204	-0.17722411859338838	0.11782799211798303	-0.12142197605170661	0.08900226715999919	-0.1091639788584238	0.14720235168838688	-0.40297735491667913	0.2933959041196188	-0.1634400371289578	0.13266079013633908	-0.3162928446985224	0.25095072360605963	-0.45448079282937476	0.27216883294933736	-0.2682243232793028	0.1830869885374239	-0.28724354125626095	0.9999999999999913	-0.4012754478645974	0.24347592706130575	-0.16330096729817306	0.20697814333651554	-0.33888517299066984	0.15635560781413022	-0.12256621772937819	0.14218514746210992	-0.161496825436161	0.15683735050881514	-0.12970807033519985	0.20253457149353687
-0.014927581078852028	0.014963559681638853	-0.06187892553606714	0.0203790492292804	-0.023702826355823287	0.030748916624099426	-0.036179406976434667	0.04857608425021713	-0.05071360562153354	0.05104102891644353	-0.03652012676116595	0.04870906714076417	-0.054645177417928015	0.0686763308793504	-0.0980192388324141	0.08635538824678018	-0.07028711694682734	0.06994383124136505	-0.06572684436511957	0.08111014700503667	-0.07366538479751823	0.19069432360883387	-0.19497849783497762	0.133149277215309	-0.12018159146913261	0.14999898598311984	-0.1287455483543586	0.21389574714216847	-0.4767528381482432	0.313262580607945	-0.09223884797619322	0.12201217114800558	-0.4012754478645974	0.9999999999999897	-0.6802639474499251	0.08005621428038874	-0.10324868713398047	0.15643157839864974	-0.13229164974998509	0.12022609846280333	-0.07358622696706384	0.08221248304434559	-0.09491762270297341	0.08549106642307552	-0.15099660405988885
0.015056976205611926	-0.015114273819134319	0.06266292840898396	-0.020733074037032468	0.024087555230626355	-0.031067593838941983	0.03643871939705045	-0.0492446739086641	0.0518866565025256	-0.05266078809592485	0.036721678893246755	-0.04911528818432115	0.05485532601274707	-0.07216407370729191	0.09955350236121464	-0.08798344114331892	0.06716627302131473	-0.06741469277657092	0.06903239499296296	-0.08893382353690688	0.07374228223541386	-0.19393291606513888	0.16818743624840665	-0.149247943134294	0.13272975011006863	-0.14806171022906017	0.12000992985169187	-0.18486614735484577	0.30603221747974585	-0.5602021958903572	0.08660663296960366	-0.1145864970527067	0.24347592706130575	-0.6802639474499251	0.9999999999999895	-0.07832710424771777	0.09865985095297729	-0.15987906321520354	0.14239141583045495	-0.16522231946756336	0.07107774499207332	-0.08136863303851606	0.09518228423984892	-0.091323327100082	0.15626116092209671
-0.010606214007809601	0.010613752860898737	-0.05253712123836284	0.015793602637121894	-0.01870212215707784	0.021668667245439446	-0.02486106348795125	0.032919306971336736	-0.03243627048309979	0.03274620683118351	-0.02604823095419463	0.03292140330427511	-0.03620478520101338	0.0405533158810359	-0.05911168797675204	0.06884776365397026	-0.04829900985861406	0.04625775558002183	-0.034964926471567244	0.041501835738287196	-0.061619821161801765	0.14783121494838844	-0.11360480953291408	0.056010248039625045	-0.04790819497701541	0.15997706345340457	-0.1442270134556307	0.10403011637822715	-0.08562274573970798	0.07704621671423001	-0.6394801104296276	0.2666053412682348	-0.16330096729817306	0.08005621428038874	-0.07832710424771777	0.9999999999999875	-0.3003069277230904	0.20846337291606087	-0.11791628425654643	0.08170830071506104	-0.5582520266257394	0.27939524072506006	-0.1663132884889077	0.11834566548569099	-0.15856318582702397
0.013358658783064192	-0.013376585511974199	0.06538868749903777	-0.01972034428961369	0.02333049695053796	-0.027365313782959214	0.031355567517957414	-0.04155500370322598	0.040765107293432315	-0.04122062312240764	0.03283163666961228	-0.04163040686568463	0.045672981273827545	-0.05121028066813449	0.07403869155949376	-0.09014209664188969	0.06108737200900411	-0.05891260545076365	0.044100100926012346	-0.0524761620032126	0.08014270904975074	-0.19777046778919735	0.1433766374778099	-0.07131668279076604	0.06059989192058746	-0.22127760198625004	0.1918435210480714	-0.13711501072095195	0.10859575665879362	-0.09888030663377557	0.2687023845474704	-0.5102659789317721	0.20697814333651554	-0.10324868713398047	0.09865985095297729	-0.3003069277230904	0.9999999999999872	-0.51707890143327	0.1452038602632026	-0.10134454799040539	0.263572867864066	-0.4715575328730844	0.1967803344007262	-0.14918860945676676	0.19067851443173325
-0.020663886287928902	0.020644399202729136	-0.11065412079781899	0.03259230025076234	-0.038795776946530816	0.04168239870757758	-0.04797813753564607	0.0636125084217451	-0.06387556273497501	0.06436441241559461	-0.05030149052021364	0.06285522819789553	-0.06950209579418799	0.0787562117729732	-0.11730029866493387	0.11447773788569614	-0.08883414152702737	0.08451119384488233	-0.06784723654952599	0.0803888732297157	-0.10009586531258641	0.24147325992274216	-0.20583915631694366	0.10614301720931711	-0.09189687653903297	0.21381714927510323	-0.19043493057535693	0.18011899467266781	-0.16286297801001437	0.14765471706018918	-0.23968033295317806	0.2641633231810846	-0.33888517299066984	0.15643157839864974	-0.15987906321520354	0.20846337291606087	-0.51707890143327	0.9999999999999872	-0.303678575562173	0.19786680687000044	-0.2317965874826728	0.2525803859879189	-0.34257660876772666	0.23168544453963189	-0.3986633307341296
0.013836505025711642	-0.013900048903594007	0.07238215601819131	-0.021439976234191378	0.025443625453057773	-0.028317820207414152	0.03209981817649547	-0.04300195131681825	0.04216547971229881	-0.04335610495649627	0.03357931885355003	-0.04258766897927779	0.046104706384180745	-0.053719285539131925	0.07422903171700185	-0.09180677570370048	0.05705479352207675	-0.05614088374151691	0.04559233899046162	-0.055345076133744064	0.0750768048854541	-0.19549901114406334	0.11993603158372997	-0.07555781872109993	0.06348482063091555	-0.15333927386839474	0.11539710742085055	-0.11264933082316797	0.11180540115518584	-0.12783786006218037	0.11210153354718311	-0.13974303357179535	0.15635560781413022	-0.13229164974998509	0.14239141583045495	-0.11791628425654643	0.1452038602632026	-0.303678575562173	0.9999999999999867	-0.7304818033740228	0.10844551211262946	-0.14071272550755756	0.2205599857298751	-0.36814782339850793	0.32406640754087546
-0.010137311641493525	0.010180048156442386	-0.05182446143691133	0.01552120788695406	-0.018381310189983718	0.020750165928379766	-0.023636474576181267	0.0316813336547617	-0.031416231251068176	0.03221130392362667	-0.02461774829894476	0.03139390742614238	-0.03416249855993147	0.04038846259412348	-0.0561368923798271	0.06559818271614733	-0.042251267244223054	0.04157547578720822	-0.034936316573646924	0.0426210087219454	-0.05389001341643407	0.14001663332327452	-0.0914524950369939	0.05993037074776744	-0.05124827326018359	0.10942693735050883	-0.08353801149524157	0.08677940050866781	-0.09573980240094734	0.11358556357606822	-0.07958632437315197	0.09832343868110471	-0.12256621772937819	0.12022609846280333	-0.16522231946756336	0.08170830071506104	-0.10134454799040539	0.19786680687000044	-0.7304818033740228	0.999999999999987	-0.07678461338479482	0.09703373182306357	-0.16610112858608728	0.21463679009414893	-0.5693789976131898
0.009928440644013254	-0.009948245343588227	0.048786601110953204	-0.014684383289650098	0.017376121762888642	-0.020365669864768912	0.023263764336861587	-0.030861396520880807	0.030167244913880908	-0.030588078781985575	0.024388615720818473	-0.030903909052689103	0.03378981803682972	-0.03790934973987017	0.054430525177696504	-0.06824590395585224	0.04491086904326277	-0.043385272302009004	0.03246260165736674	-0.03865527022331902	0.05979111833257262	-0.147506609025443	0.1028025820443974	-0.052155656906846815	0.04418949065475323	-0.15810898847011817	0.1288616964607474	-0.0961233972183741	0.07780710726431952	-0.07170863241165712	0.26335031566411693	-0.24564211937610692	0.14218514746210992	-0.07358622696706384	0.07107774499207332	-0.5582520266257394	0.263572867864066	-0.2317965874826728	0.10844551211262946	-0.07678461338479482	0.9999999999999866	-0.6703414790744151	0.17693814790212087	-0.13898434448357755	0.14145329509047863
-0.01102440395741682	0.011036084395799518	-0.05574170795712629	0.016654767382825637	-0.01974673471451078	0.02249197125920588	-0.025756216465906603	0.03416081725457849	-0.03368140726839636	0.034087478085390574	-0.027001137687535978	0.034062457316003804	-0.03738050625498228	0.042073609793594605	-0.06108762300805074	0.0707751203904333	-0.04909668490579933	0.047156637276347106	-0.03610369590004615	0.042921446188208895	-0.06221125801930466	0.15171645225344071	-0.11304439805080657	0.05753087818981534	-0.04910294408099682	0.15325570339583997	-0.13384906182663786	0.10309197962207743	-0.0866712294020851	0.07956597576560029	-0.2761814417866429	0.2363085431357636	-0.161496825436161	0.08221248304434559	-0.08136863303851606	0.27939524072506006	-0.4715575328730844	0.2525803859879189	-0.14071272550755756	0.09703373182306357	-0.6703414790744151	0.9999999999999871	-0.29541968120126993	0.17420072823070457	-0.18413151440083436
0.013352882023413849	-0.013404716914078619	0.07007952217537723	-0.020664745551216047	0.024548952853903964	-0.027316220986935962	0.03093722992145466	-0.0412979123297207	0.04020919334089931	-0.041225346533974715	0.03249455593166866	-0.040985145313926205	0.044372300266088946	-0.050525217171632955	0.0707045109109494	-0.09015892416504731	0.05603866200629591	-0.05473944136733175	0.04243620447990659	-0.05086831735831355	0.07473006105932574	-0.19214027741257775	0.11865929033598252	-0.06721781990650261	0.05634459809939887	-0.1616755011979092	0.12375367943836849	-0.10904318301428878	0.09513653837412726	-0.09478571731701782	0.1490491523932425	-0.17088641451270067	0.15683735050881514	-0.09491762270297341	0.09518228423984892	-0.1663132884889077	0.1967803344007262	-0.34257660876772666	0.2205599857298751	-0.16610112858608728	0.17693814790212087	-0.29541968120126993	0.9999999999999871	-0.7608056979463347	0.24853538901344088
