1.0	-0.48657321882947074	0.2832241306213365	-0.1511836595079516	0.12777638027980043	-0.385829783659901	0.30399254467827086	-0.34998222211268787	0.19558661628083107	-0.23569436701823304	0.25220615639834887	-0.4157606679365019	0.23856292141652471	-0.18473171899851565	0.15212047017405878	-0.17601109188240172	0.1825060586536938	-0.21080651518961666	0.19922099949547167	-0.16086630605337388	0.19311309334009857	-0.17282017788325338	0.15645520490633646	-0.17610167726294176	0.18761718992844503	-0.16508320512690972	0.13078356237468722	-0.19011222851120377	0.1362873167155059	-0.15064955187324072	0.12653245041302788	-0.13825534750247498	0.13373314676713147	-0.16047005682755092	0.11441817379248373	-0.1298004154472239	0.11288396956112523	-0.1933327879138788	0.11390062936320966	-0.10685601562305397
-0.48657321882947074	0.9999999999999996	-0.5337149842030775	0.12091982185044656	-0.11056211333358978	0.24319462219649374	-0.5764601635179025	0.3086245142898378	-0.14562473147788632	0.14945751013661585	-0.19569152594659103	0.24877291983033673	-0.16891491530713137	0.12044357764647977	-0.09728611173106123	0.1074090885592863	-0.11736150034390963	0.12792915541896052	-0.13158653736023612	0.09515829980032688	-0.12135065147946403	0.10087016502183266	-0.09494564139474003	0.1018321624265637	-0.11407592065281401	0.0849628089107029	-0.06848066886055884	0.09506334928297508	-0.07769734729752728	0.08352371184971334	-0.06582069752518574	0.06956882906363145	-0.06758623400843077	0.07858973717696108	-0.05852202871424356	0.06372538782261183	-0.0566718787998185	0.09272448709383792	-0.05662931135453418	0.052786033760559306
0.2832241306213365	-0.5337149842030775	0.9999999999999991	-0.22272949959416194	0.164238836778661	-0.2240293051575317	0.29396721530929776	-0.6483336357738279	0.19510548101800573	-0.21645391108142192	0.16631410478923941	-0.24826644338955883	0.1856089143705013	-0.14928146312288632	0.11523792712050183	-0.11067838208723361	0.1207615893497617	-0.14545419151882025	0.15107140879114586	-0.11418271059634547	0.12370119751518754	-0.1102002149486186	0.10329591538382922	-0.11466685178769033	0.12520639802675684	-0.09218448183300591	0.07416557727508694	-0.10487432206391338	0.0860282821685253	-0.09345223794646458	0.07114106471978485	-0.07599982886613438	0.07406416932104365	-0.08656065749020472	0.06399815798814489	-0.06977689660896819	0.06178753125599582	-0.10214390665237986	0.06209342560371986	-0.05802740268427916
-0.1511836595079516	0.12091982185044656	-0.22272949959416194	0.9999999999999988	-0.8970244372518061	0.08709067450628999	-0.10117456248455485	0.15850261427337003	-0.20515577991625247	0.22405343265701907	-0.07217633890819215	0.10324472159597224	-0.11569372335895511	0.11647909935480864	-0.10194684481537862	0.06199024662616151	-0.07241294448408167	0.08736878988450393	-0.12805585594393093	0.08822410792850252	-0.07525494220787296	0.06789338629355732	-0.06662017617182493	0.0787572061833969	-0.09384620384997605	0.05471102142482092	-0.0451724116607971	0.06345083904032196	-0.05922300929741049	0.06339983502082581	-0.04309277595146226	0.04559264325215167	-0.045098558791120305	0.05193017285240843	-0.039770202762586	0.04134939896640456	-0.0371669331534138	0.060261811409297296	-0.0376250024222955	0.035204039413767034
0.12777638027980043	-0.11056211333358978	0.164238836778661	-0.8970244372518061	0.9999999999999986	-0.08119083879915154	0.09109444907288111	-0.15304976751009952	0.18182175358852173	-0.3110841700652123	0.06601123821213693	-0.09692863002047022	0.10348978515804527	-0.10931603371069662	0.09462503753959033	-0.05680006981042142	0.06549430179346771	-0.08035522870763988	0.11269678128359109	-0.08527044263233763	0.06794401118387891	-0.06236288155222774	0.060487252513050385	-0.07214235093705784	0.0838488173680777	-0.05079108736514471	0.04171763178769228	-0.05913388850252423	0.053842709189765796	-0.05831542088750402	0.03981931511106955	-0.04239671553622391	0.04186819999539611	-0.04848715968456943	0.03676330056798623	-0.038594281392104204	0.03452356477719448	-0.05646702878929278	0.03499092207995264	-0.03278174179268664
-0.385829783659901	0.24319462219649374	-0.2240293051575317	0.08709067450628999	-0.08119083879915154	0.9999999999999983	-0.449775444736703	0.22094705136721063	-0.12956919852759802	0.12958476427648824	-0.6759095227357912	0.3222760234036105	-0.18654282799603597	0.11927296120326124	-0.09682736830197333	0.15928960265919573	-0.15772456111619215	0.14232078575658624	-0.1359523899587201	0.09409020114675552	-0.16309805961970483	0.11719692320436638	-0.10799310489875957	0.10818867128165449	-0.12107196509462437	0.09414024012372989	-0.07521692615615333	0.09971470384282453	-0.08262584382866246	0.08730463555086147	-0.07210818190494415	0.07424527473047952	-0.07134440786650258	0.08141722311474417	-0.06137451025319699	0.06703866819220684	-0.060172413012180646	0.0954655833402616	-0.05906908628471287	0.05464713001201903
0.30399254467827086	-0.5764601635179025	0.29396721530929776	-0.10117456248455485	0.09109444907288111	-0.449775444736703	0.9999999999999993	-0.43346492697028166	0.14421231889380612	-0.14490420852859276	0.2559014600985077	-0.40392558920112903	0.1759311905147679	-0.12147594053000657	0.09362972610371095	-0.11742112066804077	0.1227992255854122	-0.1329100272731451	0.1283790311221135	-0.0919251366788727	0.12362741909064032	-0.10222689713825313	0.09503205890282238	-0.09997560831350809	0.10952809449351981	-0.08303619668155318	0.06648880964372605	-0.09160065505440289	0.07537594959702107	-0.08074160312179075	0.06374000268403494	-0.06709078754004257	0.06498847795538241	-0.07517180420011581	0.05599065541828373	-0.061149160149520765	0.05443352324798258	-0.08845973433428947	0.05416136801829867	-0.0503839533077733
-0.34998222211268787	0.3086245142898378	-0.6483336357738279	0.15850261427337003	-0.15304976751009952	0.22094705136721063	-0.43346492697028166	0.999999999999998	-0.2964680719491575	0.22061020121434785	-0.18620846300785254	0.2415578594741307	-0.2554507695472485	0.17910248912129612	-0.1340173363051253	0.12166456492874528	-0.13941185865118524	0.16586662123975449	-0.18443943822650818	0.12570955044925908	-0.14129102493609577	0.12223592696693274	-0.11849761317918409	0.12816273100755587	-0.1435333579017878	0.0976101585973111	-0.07943544004840371	0.11014514267925678	-0.09602055459345996	0.10243198606477119	-0.07600838003860014	0.08002123027968472	-0.07827239120234003	0.09019367281879176	-0.0681133450800761	0.07271492644690469	-0.06509090152093537	0.10542470405350957	-0.06520003677855402	0.06076359006074479
0.19558661628083107	-0.14562473147788632	0.19510548101800573	-0.20515577991625247	0.18182175358852173	-0.12956919852759802	0.14421231889380612	-0.2964680719491575	0.9999999999999987	-0.7074747941401512	0.10931082370662296	-0.16198302754720278	0.21599583019480428	-0.45089462449516915	0.20412396273597908	-0.1052743551536811	0.1231122002009365	-0.1677476165070767	0.25544747502876003	-0.1904449745168261	0.12452517476509224	-0.12251608328002078	0.11939572854229151	-0.15129764271171398	0.16044742233880602	-0.0942099863790573	0.07757025182313765	-0.11147742057790425	0.10632608283054328	-0.11617913980850783	0.07356755196357316	-0.07874105801976901	0.0782292112653924	-0.09031837143801581	0.0685005962320651	-0.07125323044927259	0.06376457040689945	-0.10437895508293124	0.06495141695865078	-0.06098540679652509
-0.23569436701823304	0.14945751013661585	-0.21645391108142192	0.22405343265701907	-0.3110841700652123	0.12958476427648824	-0.14490420852859276	0.22061020121434785	-0.7074747941401512	0.999999999999997	-0.11325292640983009	0.15988034900865936	-0.22950649802125686	0.27368477690618503	-0.2692562578837935	0.11036062761807686	-0.1330234377209044	0.16660455566865967	-0.292550675903033	0.1969613326255976	-0.13667129172513828	0.12691862275811017	-0.1276620587351476	0.15659279043577165	-0.188964128607768	0.0980560555186425	-0.08184719981945496	0.11517326379417686	-0.11608337002014947	0.12329122335607341	-0.07762722894458947	0.08194936687557348	-0.08179620218957029	0.0933723039380884	-0.07262804616254054	0.07370661615150187	-0.06668849883776429	0.1072013473851309	-0.06785687710224475	0.0635670085920827
0.25220615639834887	-0.19569152594659103	0.16631410478923941	-0.07217633890819215	0.06601123821213693	-0.6759095227357912	0.2559014600985077	-0.18620846300785254	0.10931082370662296	-0.11325292640983009	0.9999999999999972	-0.5850526696806952	0.17706899502475368	-0.10970706962964046	0.08543981168809114	-0.21988168972475106	0.1642316264037116	-0.14498859262181268	0.12176074443894798	-0.08471680801847821	0.1626098166488988	-0.11843181503442922	0.10411408849137813	-0.10177136812762305	0.10863351037681851	-0.09185251129180534	0.07149355981290245	-0.09442956705812035	0.07645768755204757	-0.08074877238148154	0.06829583359228351	-0.07043792185408662	0.0670680439956201	-0.07637427742547089	0.056903226984529	-0.06337828653908603	0.056569558075758364	-0.08963977471694738	0.055161887404353085	-0.05090227258225777
-0.4157606679365019	0.24877291983033673	-0.24826644338955883	0.10324472159597224	-0.09692863002047022	0.3222760234036105	-0.40392558920112903	0.2415578594741307	-0.16198302754720278	0.15988034900865936	-0.5850526696806952	0.9999999999999986	-0.3230681382613993	0.1624603243813181	-0.12667109672318927	0.18658451480049815	-0.2105762033952017	0.20014989002752936	-0.1823211126309682	0.1217952210969461	-0.19770740227505454	0.15245840929086443	-0.1441141783861715	0.14124117923784607	-0.1571699341409971	0.11696099353516998	-0.0940793020412776	0.12537219892084847	-0.10692979750214318	0.11221831579296974	-0.08999350512680883	0.0927578907402525	-0.08960008924651292	0.10188433033622056	-0.07724861158687397	0.08352355786462697	-0.0751633799878009	0.11896077385122683	-0.073999935314992	0.06846024120592639
0.23856292141652471	-0.16891491530713137	0.1856089143705013	-0.11569372335895511	0.10348978515804527	-0.18654282799603597	0.1759311905147679	-0.2554507695472485	0.21599583019480428	-0.22950649802125686	0.17706899502475368	-0.3230681382613993	0.999999999999996	-0.3966923945223022	0.18395334569222022	-0.20380182295336452	0.24053746874796092	-0.6018176043755779	0.2820980687091438	-0.18970048230100178	0.20898700108753848	-0.23758169396657128	0.2288310727743243	-0.2248037639346554	0.2054114671901614	-0.15465580914342872	0.12332775076548765	-0.1776201606993554	0.15265652347335734	-0.16272046257635725	0.11644659941708627	-0.12518935236341056	0.12258990926865967	-0.14106185624715906	0.10347821760051602	-0.11301903099308094	0.10002566177873286	-0.16415959824380186	0.10041211517785356	-0.09341193355033825
-0.18473171899851565	0.12044357764647977	-0.14928146312288632	0.11647909935480864	-0.10931603371069662	0.11927296120326124	-0.12147594053000657	0.17910248912129612	-0.45089462449516915	0.27368477690618503	-0.10970706962964046	0.1624603243813181	-0.3966923945223022	0.9999999999999963	-0.33001409514521585	0.12376297904995726	-0.1529944859019644	0.229048791122493	-0.6117213451278564	0.23515184061786384	-0.14759586700003618	0.15170581870146865	-0.1574786306033226	0.20390311694663402	-0.20373838407977043	0.10778251751689497	-0.08978873127698711	0.1291223855710345	-0.13870977030640796	0.14271492257094245	-0.08427943795771611	0.08988599848563537	-0.09031805574899013	0.10264349365320741	-0.07888440272855564	0.08034479884343036	-0.07240724202561574	0.1171468421888075	-0.07397373406803012	0.06934669309796535
0.15212047017405878	-0.09728611173106123	0.11523792712050183	-0.10194684481537862	0.09462503753959033	-0.09682736830197333	0.09362972610371095	-0.1340173363051253	0.20412396273597908	-0.2692562578837935	0.08543981168809114	-0.12667109672318927	0.18395334569222022	-0.33001409514521585	0.9999999999999973	-0.10001911028063785	0.11724828106049612	-0.15590359881396842	0.2420928551815481	-0.8114247697732853	0.12196668678831306	-0.12670090764585062	0.12256907588964254	-0.1746440664170267	0.22644186125820273	-0.10049729901735349	0.08367603799354392	-0.12392546548157113	0.1254929777551174	-0.15513957317174507	0.0790189532239024	-0.08585112769717333	0.08643301565058581	-0.10082042935596425	0.07729243980650011	-0.07771086262978755	0.06945976615465577	-0.11547760794261096	0.07222524367229592	-0.0689135463562406
-0.17601109188240172	0.1074090885592863	-0.11067838208723361	0.06199024662616151	-0.05680006981042142	0.15928960265919573	-0.11742112066804077	0.12166456492874528	-0.1052743551536811	0.11036062761807686	-0.21988168972475106	0.18658451480049815	-0.20380182295336452	0.12376297904995726	-0.10001911028063785	0.9999999999999983	-0.6281437414486569	0.2274220427836383	-0.15599049571060378	0.10006017336721294	-0.6089984629136661	0.2404036482138449	-0.1894285914164558	0.1493836271233634	-0.1507821815097729	0.17074819758559834	-0.12600912079703488	0.1416328639791866	-0.11212187195466897	0.11282049352847838	-0.11889866543117855	0.11279330885985576	-0.10197753902049726	0.10981598440880777	-0.08251230009516318	0.0971834779935404	-0.08821430213562212	0.12772060296135654	-0.08028702209303255	0.07220589204008354
0.1825060586536938	-0.11736150034390963	0.1207615893497617	-0.07241294448408167	0.06549430179346771	-0.15772456111619215	0.1227992255854122	-0.13941185865118524	0.1231122002009365	-0.1330234377209044	0.1642316264037116	-0.2105762033952017	0.24053746874796092	-0.1529944859019644	0.11724828106049612	-0.6281437414486569	0.9999999999999974	-0.4232483513839715	0.18561332977638778	-0.12109296423695054	0.30748927067344045	-0.4069278329822828	0.24920256214660189	-0.19446673498125996	0.1743556524906795	-0.1723110286058764	0.1276585105726714	-0.16862006122029333	0.13543372320405317	-0.13855944453182842	0.11974459027764534	-0.12429989030121166	0.1169205248096782	-0.13057528045860808	0.09540164793300605	-0.10980256684967124	0.09713429407354388	-0.15213622315267025	0.0934354973528326	-0.08539124333925942
-0.21080651518961666	0.12792915541896052	-0.14545419151882025	0.08736878988450393	-0.08035522870763988	0.14232078575658624	-0.1329100272731451	0.16586662123975449	-0.1677476165070767	0.16660455566865967	-0.14498859262181268	0.20014989002752936	-0.6018176043755779	0.229048791122493	-0.15590359881396842	0.2274220427836383	-0.4232483513839715	0.9999999999999979	-0.31180216331032795	0.15221333231438103	-0.2563405758133197	0.276222272813947	-0.40302783884037036	0.22551493797131525	-0.20935747773496358	0.14440568249249663	-0.11850029248992189	0.16003223353113089	-0.15675654319477403	0.1522175456431239	-0.11031873796334003	0.11364020836521425	-0.11248893023541386	0.12297263495040747	-0.09425867410461489	0.09960137450561236	-0.09053882072513705	0.14035087618163716	-0.08931126264611228	0.0820513127785471
0.19922099949547167	-0.13158653736023612	0.15107140879114586	-0.12805585594393093	0.11269678128359109	-0.1359523899587201	0.1283790311221135	-0.18443943822650818	0.25544747502876003	-0.292550675903033	0.12176074443894798	-0.1823211126309682	0.2820980687091438	-0.6117213451278564	0.2420928551815481	-0.15599049571060378	0.18561332977638778	-0.31180216331032795	0.999999999999997	-0.28494217976068686	0.18121280870895398	-0.2102729954407275	0.20973625826223166	-0.3839500524922071	0.24850392431732687	-0.14408803477843576	0.11977570515768679	-0.1796589723787828	0.19547206733684203	-0.20863023723494684	0.111819833570104	-0.12153708444967	0.1228641676472059	-0.14088345842190816	0.10631616141444593	-0.1085765870237039	0.0971569403108024	-0.1600206339318899	0.10024651020954256	-0.09450482067710864
-0.16086630605337388	0.09515829980032688	-0.11418271059634547	0.08822410792850252	-0.08527044263233763	0.09409020114675552	-0.0919251366788727	0.12570955044925908	-0.1904449745168261	0.1969613326255976	-0.08471680801847821	0.1217952210969461	-0.18970048230100178	0.23515184061786384	-0.8114247697732853	0.10006017336721294	-0.12109296423695054	0.15221333231438103	-0.28494217976068686	0.9999999999999939	-0.12668293637163283	0.12640989417286555	-0.12785589915610104	0.18096127143765123	-0.3428694263044416	0.09807674219795909	-0.0833510259049613	0.12121892756156616	-0.13816449770946515	0.16331158701296114	-0.0783029448236515	0.0838694330275524	-0.08548414280849376	0.09788358291184998	-0.07793281737350775	0.07500328712820295	-0.06802728902983005	0.11054244083875697	-0.0710287044047201	0.06762523281875764
0.19311309334009857	-0.12135065147946403	0.12370119751518754	-0.07525494220787296	0.06794401118387891	-0.16309805961970483	0.12362741909064032	-0.14129102493609577	0.12452517476509224	-0.13667129172513828	0.1626098166488988	-0.19770740227505454	0.20898700108753848	-0.14759586700003618	0.12196668678831306	-0.6089984629136661	0.30748927067344045	-0.2563405758133197	0.18121280870895398	-0.12668293637163283	0.999999999999995	-0.365597112754259	0.22605743378978838	-0.2022976885467676	0.19098468546043212	-0.35215619137796966	0.19605178801933412	-0.22540733412230368	0.15094595473339445	-0.15628317988657234	0.18488930805283413	-0.18329800661296122	0.15770053559812433	-0.17261582082684446	0.12328260121447773	-0.15835140632166184	0.1372303883074192	-0.20405464840708282	0.12363420756784407	-0.11090077934728051
-0.17282017788325338	0.10087016502183266	-0.1102002149486186	0.06789338629355732	-0.06236288155222774	0.11719692320436638	-0.10222689713825313	0.12223592696693274	-0.12251608328002078	0.12691862275811017	-0.11843181503442922	0.15245840929086443	-0.23758169396657128	0.15170581870146865	-0.12670090764585062	0.2404036482138449	-0.4069278329822828	0.276222272813947	-0.2102729954407275	0.12640989417286555	-0.365597112754259	0.9999999999999941	-0.68669620485523	0.24557308341086534	-0.2257724572054502	0.15811449949829184	-0.1335166330972768	0.16858595407724816	-0.17686248971831195	0.15722517559897725	-0.11909049965308355	0.1198685977858914	-0.11903832992336799	0.12367656051822315	-0.09673063570954071	0.10145690642810117	-0.09381233028306173	0.13893414763688777	-0.09082977013533042	0.08223797081488045
0.15645520490633646	-0.09494564139474003	0.10329591538382922	-0.06662017617182493	0.060487252513050385	-0.10799310489875957	0.09503205890282238	-0.11849761317918409	0.11939572854229151	-0.1276620587351476	0.10411408849137813	-0.1441141783861715	0.2288310727743243	-0.1574786306033226	0.12256907588964254	-0.1894285914164558	0.24920256214660189	-0.40302783884037036	0.20973625826223166	-0.12785589915610104	0.22605743378978838	-0.68669620485523	0.9999999999999928	-0.4084893107266915	0.21541660941106852	-0.14517230202961096	0.12299443694684911	-0.19043837934335675	0.19057088473941558	-0.17610224569223754	0.10940954628028587	-0.11703277614472496	0.1213576744124262	-0.1274216842105848	0.09630639563748365	-0.09927252339999909	0.09044562579691116	-0.14126251495218292	0.09107975424259687	-0.08324590493263719
-0.17610167726294176	0.1018321624265637	-0.11466685178769033	0.0787572061833969	-0.07214235093705784	0.10818867128165449	-0.09997560831350809	0.12816273100755587	-0.15129764271171398	0.15659279043577165	-0.10177136812762305	0.14124117923784607	-0.2248037639346554	0.20390311694663402	-0.1746440664170267	0.1493836271233634	-0.19446673498125996	0.22551493797131525	-0.3839500524922071	0.18096127143765123	-0.2022976885467676	0.24557308341086534	-0.4084893107266915	0.9999999999999939	-0.44917508963298425	0.14448106443890038	-0.1334394770403553	0.2009494408120976	-0.5211811995482802	0.2959055166855076	-0.11801753529532806	0.1257824218386163	-0.13927575747825058	0.14493865373486042	-0.12054971886568966	0.1062745082898558	-0.09961806972060575	0.1543865385233843	-0.10600703644616398	0.09904207848096908
0.18761718992844503	-0.11407592065281401	0.12520639802675684	-0.09384620384997605	0.0838488173680777	-0.12107196509462437	0.10952809449351981	-0.1435333579017878	0.16044742233880602	-0.188964128607768	0.10863351037681851	-0.1571699341409971	0.2054114671901614	-0.20373838407977043	0.22644186125820273	-0.1507821815097729	0.1743556524906795	-0.20935747773496358	0.24850392431732687	-0.3428694263044416	0.19098468546043212	-0.2257724572054502	0.21541660941106852	-0.44917508963298425	0.9999999999999949	-0.17873903793570603	0.1532948842050008	-0.24378022099864546	0.30366131806646834	-0.5501909941233242	0.14201296412532738	-0.15849283704190836	0.16523101756958578	-0.19434289953262301	0.1541967000464066	-0.14133961413172216	0.12679815601687267	-0.2149935999368408	0.13754590138955342	-0.1369008436633896
-0.16508320512690972	0.0849628089107029	-0.09218448183300591	0.05471102142482092	-0.05079108736514471	0.09414024012372989	-0.08303619668155318	0.0976101585973111	-0.0942099863790573	0.0980560555186425	-0.09185251129180534	0.11696099353516998	-0.15465580914342872	0.10778251751689497	-0.10049729901735349	0.17074819758559834	-0.1723110286058764	0.14440568249249663	-0.14408803477843576	0.09807674219795909	-0.35215619137796966	0.15811449949829184	-0.14517230202961096	0.14448106443890038	-0.17873903793570603	0.9999999999999919	-0.5815665711103133	0.2516796802544668	-0.13739094676244912	0.13113371786546013	-0.5203737356341642	0.305528790819956	-0.21176624023157667	0.17764168387803633	-0.14181691221985074	0.21990699756922666	-0.21574359326817433	0.20465677013502748	-0.1409338375043456	0.11377138593404529
0.13078356237468722	-0.06848066886055884	0.07416557727508694	-0.0451724116607971	0.04171763178769228	-0.07521692615615333	0.06648880964372605	-0.07943544004840371	0.07757025182313765	-0.08184719981945496	0.07149355981290245	-0.0940793020412776	0.12332775076548765	-0.08978873127698711	0.08367603799354392	-0.12600912079703488	0.1276585105726714	-0.11850029248992189	0.11977570515768679	-0.0833510259049613	0.19605178801933412	-0.1335166330972768	0.12299443694684911	-0.1334394770403553	0.1532948842050008	-0.5815665711103133	0.9999999999999921	-0.4342742973589008	0.13681639371718474	-0.12977301703274377	0.2964714496192877	-0.5456029786864246	0.25716809384840467	-0.2017810573669491	0.1407349100025984	-0.20130597092889002	0.18934662615270006	-0.21454808577945472	0.1440053844849109	-0.11585215674602728
-0.19011222851120377	0.09506334928297508	-0.10487432206391338	0.06345083904032196	-0.05913388850252423	0.09971470384282453	-0.09160065505440289	0.11014514267925678	-0.11147742057790425	0.11517326379417686	-0.09442956705812035	0.12537219892084847	-0.1776201606993554	0.1291223855710345	-0.12392546548157113	0.1416328639791866	-0.16862006122029333	0.16003223353113089	-0.1796589723787828	0.12121892756156616	-0.22540733412230368	0.16858595407724816	-0.19043837934335675	0.2009494408120976	-0.24378022099864546	0.2516796802544668	-0.4342742973589008	0.9999999999999941	-0.2795552639445532	0.2009208146955567	-0.2439752823043783	0.2830230468326067	-0.5870470630648776	0.2672100246290307	-0.21261684608216389	0.17718144573732889	-0.1909244465774964	0.24781514144862865	-0.20510279145992039	0.15628321011439195
0.1362873167155059	-0.07769734729752728	0.0860282821685253	-0.05922300929741049	0.053842709189765796	-0.08262584382866246	0.07537594959702107	-0.09602055459345996	0.10632608283054328	-0.11608337002014947	0.07645768755204757	-0.10692979750214318	0.15265652347335734	-0.13870977030640796	0.1254929777551174	-0.11212187195466897	0.13543372320405317	-0.15675654319477403	0.19547206733684203	-0.13816449770946515	0.15094595473339445	-0.17686248971831195	0.19057088473941558	-0.5211811995482802	0.30366131806646834	-0.13739094676244912	0.13681639371718474	-0.2795552639445532	0.999999999999992	-0.6815763897074502	0.11445021164920449	-0.12943796266323268	0.15589414349284914	-0.16167828999326064	0.13233976978041465	-0.10315068023849625	0.09809085497566332	-0.15513938135902833	0.11147681472669288	-0.1073144560643289
-0.15064955187324072	0.08352371184971334	-0.09345223794646458	0.06339983502082581	-0.05831542088750402	0.08730463555086147	-0.08074160312179075	0.10243198606477119	-0.11617913980850783	0.12329122335607341	-0.08074877238148154	0.11221831579296974	-0.16272046257635725	0.14271492257094245	-0.15513957317174507	0.11282049352847838	-0.13855944453182842	0.1522175456431239	-0.20863023723494684	0.16331158701296114	-0.15628317988657234	0.15722517559897725	-0.17610224569223754	0.2959055166855076	-0.5501909941233242	0.13113371786546013	-0.12977301703274377	0.2009208146955567	-0.6815763897074502	0.9999999999999919	-0.11311116137763164	0.12215252790224089	-0.14502788744431647	0.15313657653475768	-0.16552158424932834	0.10157883499650297	-0.09786615353006471	0.15256769234001283	-0.1154317373719469	0.1181656809397576
0.12653245041302788	-0.06582069752518574	0.07114106471978485	-0.04309277595146226	0.03981931511106955	-0.07210818190494415	0.06374000268403494	-0.07600838003860014	0.07356755196357316	-0.07762722894458947	0.06829583359228351	-0.08999350512680883	0.11644659941708627	-0.08427943795771611	0.0790189532239024	-0.11889866543117855	0.11974459027764534	-0.11031873796334003	0.111819833570104	-0.0783029448236515	0.18488930805283413	-0.11909049965308355	0.10940954628028587	-0.11801753529532806	0.14201296412532738	-0.5203737356341642	0.2964714496192877	-0.2439752823043783	0.11445021164920449	-0.11311116137763164	0.9999999999999922	-0.5326637195520566	0.2211278128574599	-0.19839693580422788	0.14105408672403763	-0.46875015521951413	0.27173624977115624	-0.2507997324828816	0.15074482321645905	-0.12039333427781305
-0.13825534750247498	0.06956882906363145	-0.07599982886613438	0.04559264325215167	-0.04239671553622391	0.07424527473047952	-0.06709078754004257	0.08002123027968472	-0.07874105801976901	0.08194936687557348	-0.07043792185408662	0.0927578907402525	-0.12518935236341056	0.08988599848563537	-0.08585112769717333	0.11279330885985576	-0.12429989030121166	0.11364020836521425	-0.12153708444967	0.0838694330275524	-0.18329800661296122	0.1198685977858914	-0.11703277614472496	0.1257824218386163	-0.15849283704190836	0.305528790819956	-0.5456029786864246	0.2830230468326067	-0.12943796266323268	0.12215252790224089	-0.5326637195520566	0.9999999999999921	-0.3988919276144774	0.21682519518016866	-0.1639378538027827	0.24832135473844016	-0.29896930302902996	0.2346925588388419	-0.16975648782006944	0.1273642894810814
0.13373314676713147	-0.06758623400843077	0.07406416932104365	-0.045098558791120305	0.04186819999539611	-0.07134440786650258	0.06498847795538241	-0.07827239120234003	0.0782292112653924	-0.08179620218957029	0.0670680439956201	-0.08960008924651292	0.12258990926865967	-0.09031805574899013	0.08643301565058581	-0.10197753902049726	0.1169205248096782	-0.11248893023541386	0.1228641676472059	-0.08548414280849376	0.15770053559812433	-0.11903832992336799	0.1213576744124262	-0.13927575747825058	0.16523101756958578	-0.21176624023157667	0.25716809384840467	-0.5870470630648776	0.15589414349284914	-0.14502788744431647	0.2211278128574599	-0.3988919276144774	0.9999999999999922	-0.5005986857722764	0.20973436361894177	-0.1814024400348846	0.19104093621865068	-0.3416830800132808	0.23167057826737042	-0.17098605986472232
-0.16047005682755092	0.07858973717696108	-0.08656065749020472	0.05193017285240843	-0.04848715968456943	0.08141722311474417	-0.07517180420011581	0.09019367281879176	-0.09031837143801581	0.0933723039380884	-0.07637427742547089	0.10188433033622056	-0.14106185624715906	0.10264349365320741	-0.10082042935596425	0.10981598440880777	-0.13057528045860808	0.12297263495040747	-0.14088345842190816	0.09788358291184998	-0.17261582082684446	0.12367656051822315	-0.1274216842105848	0.14493865373486042	-0.19434289953262301	0.17764168387803633	-0.2017810573669491	0.2672100246290307	-0.16167828999326064	0.15313657653475768	-0.19839693580422788	0.21682519518016866	-0.5005986857722764	0.9999999999999922	-0.44506891828426576	0.16531418828946892	-0.18933429478778452	0.2961472376652998	-0.5121259120389298	0.2784945935759886
0.11441817379248373	-0.05852202871424356	0.06399815798814489	-0.039770202762586	0.03676330056798623	-0.06137451025319699	0.05599065541828373	-0.0681133450800761	0.0685005962320651	-0.07262804616254054	0.056903226984529	-0.07724861158687397	0.10347821760051602	-0.07888440272855564	0.07729243980650011	-0.08251230009516318	0.09540164793300605	-0.09425867410461489	0.10631616141444593	-0.07793281737350775	0.12328260121447773	-0.09673063570954071	0.09630639563748365	-0.12054971886568966	0.1541967000464066	-0.14181691221985074	0.1407349100025984	-0.21261684608216389	0.13233976978041465	-0.16552158424932834	0.14105408672403763	-0.1639378538027827	0.20973436361894177	-0.44506891828426576	0.9999999999999925	-0.14774892217391955	0.14898892424288296	-0.3031719324753774	0.31502371198120516	-0.7323157782621263
-0.1298004154472239	0.06372538782261183	-0.06977689660896819	0.04134939896640456	-0.038594281392104204	0.06703866819220684	-0.061149160149520765	0.07271492644690469	-0.07125323044927259	0.07370661615150187	-0.06337828653908603	0.08352355786462697	-0.11301903099308094	0.08034479884343036	-0.07771086262978755	0.0971834779935404	-0.10980256684967124	0.09960137450561236	-0.1085765870237039	0.07500328712820295	-0.15835140632166184	0.10145690642810117	-0.09927252339999909	0.1062745082898558	-0.14133961413172216	0.21990699756922666	-0.20130597092889002	0.17718144573732889	-0.10315068023849625	0.10157883499650297	-0.46875015521951413	0.24832135473844016	-0.1814024400348846	0.16531418828946892	-0.14774892217391955	0.9999999999999932	-0.739279723824425	0.2565241898671005	-0.16456246948994302	0.11747530401481593
0.11288396956112523	-0.0566718787998185	0.06178753125599582	-0.0371669331534138	0.03452356477719448	-0.060172413012180646	0.05443352324798258	-0.06509090152093537	0.06376457040689945	-0.06668849883776429	0.056569558075758364	-0.0751633799878009	0.10002566177873286	-0.07240724202561574	0.06945976615465577	-0.08821430213562212	0.09713429407354388	-0.09053882072513705	0.0971569403108024	-0.06802728902983005	0.1372303883074192	-0.09381233028306173	0.09044562579691116	-0.09961806972060575	0.12679815601687267	-0.21574359326817433	0.18934662615270006	-0.1909244465774964	0.09809085497566332	-0.09786615353006471	0.27173624977115624	-0.29896930302902996	0.19104093621865068	-0.18933429478778452	0.14898892424288296	-0.739279723824425	0.9999999999999929	-0.4432832430715145	0.18087123604809713	-0.13331555985276256
-0.1933327879138788	0.09272448709383792	-0.10214390665237986	0.060261811409297296	-0.05646702878929278	0.0954655833402616	-0.08845973433428947	0.10542470405350957	-0.10437895508293124	0.1072013473851309	-0.08963977471694738	0.11896077385122683	-0.16415959824380186	0.1171468421888075	-0.11547760794261096	0.12772060296135654	-0.15213622315267025	0.14035087618163716	-0.1600206339318899	0.11054244083875697	-0.20405464840708282	0.13893414763688777	-0.14126251495218292	0.1543865385233843	-0.2149935999368408	0.20465677013502748	-0.21454808577945472	0.24781514144862865	-0.15513938135902833	0.15256769234001283	-0.2507997324828816	0.2346925588388419	-0.3416830800132808	0.2961472376652998	-0.3031719324753774	0.2565241898671005	-0.4432832430715145	0.9999999999999939	-0.5090816060672259	0.24271032954656402
0.11390062936320966	-0.05662931135453418	0.06209342560371986	-0.0376250024222955	0.03499092207995264	-0.05906908628471287	0.05416136801829867	-0.06520003677855402	0.06495141695865078	-0.06785687710224475	0.055161887404353085	-0.073999935314992	0.10041211517785356	-0.07397373406803012	0.07222524367229592	-0.08028702209303255	0.0934354973528326	-0.08931126264611228	0.10024651020954256	-0.0710287044047201	0.12363420756784407	-0.09082977013533042	0.09107975424259687	-0.10600703644616398	0.13754590138955342	-0.1409338375043456	0.1440053844849109	-0.20510279145992039	0.11147681472669288	-0.1154317373719469	0.15074482321645905	-0.16975648782006944	0.23167057826737042	-0.5121259120389298	0.31502371198120516	-0.16456246948994302	0.18087123604809713	-0.5090816060672259	0.9999999999999942	-0.5488188069623305
-0.10685601562305397	0.052786033760559306	-0.05802740268427916	0.035204039413767034	-0.03278174179268664	0.05464713001201903	-0.0503839533077733	0.06076359006074479	-0.06098540679652509	0.0635670085920827	-0.05090227258225777	0.06846024120592639	-0.09341193355033825	0.06934669309796535	-0.0689135463562406	0.07220589204008354	-0.08539124333925942	0.0820513127785471	-0.09450482067710864	0.06762523281875764	-0.11090077934728051	0.08223797081488045	-0.08324590493263719	0.09904207848096908	-0.1369008436633896	0.11377138593404529	-0.11585215674602728	0.15628321011439195	-0.1073144560643289	0.1181656809397576	-0.12039333427781305	0.1273642894810814	-0.17098605986472232	0.2784945935759886	-0.7323157782621263	0.11747530401481593	-0.13331555985276256	0.24271032954656402	-0.5488188069623305	0.999999999999994
