1.0	-0.7475082546164656	0.08265720469863849	-0.05930873802120134	0.12512986659172892	-0.5461535615570263	0.30770709786689543	-0.1642566680020691	0.06197110108654044	-0.0576822323160094	0.13846085901347568	-0.1464907457850816	0.10814251545055359	-0.08971725530222974	0.06309022475499924	-0.09204266657352873	0.11080169963073425	-0.10239387039310117	0.08486084571541148	-0.05216776592856575	0.07914924427513947	-0.076551827094241	0.046989548675504415	-0.05677270213762675	0.05786731483350604	-0.07614382152451764	0.054245463768951695	-0.052690951591871864	0.041321100626078494	-0.042513016053928765
-0.7475082546164656	1.0000000000000002	-0.09802039762550074	0.06835570632474955	-0.14615417778698558	0.3161029918079312	-0.5260652058020197	0.1766765722012866	-0.07108126956485288	0.06454198936393181	-0.1345573671288807	0.13876659627763682	-0.12780674535312425	0.09665274067281991	-0.07047344391773276	0.0866325142339437	-0.11548660761768545	0.10818610942094412	-0.09517223643448955	0.05739973545710092	-0.07958287948687474	0.07477147014806423	-0.049462056036980256	0.06106152756291385	-0.0637713470613396	0.07452409173864796	-0.054506081388896184	0.05483033684295058	-0.04495301187273576	0.04609870990991321
0.08265720469863849	-0.09802039762550074	1.0000000000000002	-0.8025550206047494	0.29344035031726967	-0.13408505937056914	0.11417155430180541	-0.2368957166472243	0.22448294388223558	-0.24084585925687746	0.08401416673356245	-0.09457935345933217	0.15085206760665296	-0.2549783100082858	0.14698918034023606	-0.07949452979961298	0.10321464901322709	-0.19882738327365765	0.1613711106343844	-0.1282379154468904	0.08310520379669323	-0.09725560259020259	0.08793360685500393	-0.12714867530339502	0.12025217336539896	-0.11752312392253779	0.07878339981809993	-0.10653756709545205	0.0865120329958263	-0.10079512590344268
-0.05930873802120134	0.06835570632474955	-0.8025550206047494	1.0	-0.419652657460368	0.09354046235057051	-0.08220875309165242	0.165171088236883	-0.30493518585877494	0.22271899996253847	-0.06016738927079104	0.06706743339333363	-0.11154447056397941	0.18452945212070757	-0.12120324479559957	0.05655004393904307	-0.07437060370815284	0.13994433723782393	-0.12174074685573819	0.09942016127758348	-0.05967145679220966	0.06910663600260264	-0.06380326936366763	0.09346077330421472	-0.09216146078914747	0.08291070280801353	-0.05629656609463353	0.07660626253468306	-0.06440910216813349	0.07464661304830082
0.12512986659172892	-0.14615417778698558	0.29344035031726967	-0.419652657460368	1.0	-0.21295639778992148	0.17410884030008447	-0.34986189110569493	0.2589201459533557	-0.3393091047244876	0.1359662662488322	-0.15364904098693474	0.23094703663147048	-0.4187949470827493	0.22377770110274292	-0.13143512442627406	0.16869922922620184	-0.32329207405670857	0.2563856448055285	-0.20189978942933987	0.13789580782848432	-0.1638551075144648	0.1459287000539908	-0.21015855144960502	0.1923362418703382	-0.20159944933574261	0.13293298307494972	-0.17909440264815282	0.14153848838195882	-0.166294584667537
-0.5461535615570263	0.3161029918079312	-0.13408505937056914	0.09354046235057051	-0.21295639778992148	0.9999999999999996	-0.6104746029414062	0.22373042257371334	-0.09853933114548555	0.0894003459244453	-0.2765160980516945	0.21518095458613717	-0.17238295124920755	0.1345073589529095	-0.10006832276733699	0.14427505519682118	-0.18095151602760037	0.14826322208660822	-0.13463303764206638	0.08120424172685756	-0.12919212471385785	0.11546055131845409	-0.07200523898520825	0.08729140199455127	-0.0915006531941991	0.1128036259220675	-0.08309427617920297	0.079624000060074	-0.06463423218377606	0.06580278090225651
0.30770709786689543	-0.5260652058020197	0.11417155430180541	-0.08220875309165242	0.17410884030008447	-0.6104746029414062	1.0000000000000002	-0.36661098428400246	0.092801537220079	-0.08473062299817435	0.190558312376766	-0.2490512266987816	0.18080876521828568	-0.1280316966851114	0.08988101758400016	-0.12298981183560437	0.15781219375783678	-0.15623740413395493	0.12326865285378241	-0.07409577418122631	0.10610490325318864	-0.10209450127083915	0.06532234998625631	-0.07936045268467146	0.08125394458176234	-0.10030275178324731	0.07253562608596537	-0.07253757399356464	0.0576859360242363	-0.05922936021991339
-0.1642566680020691	0.1766765722012866	-0.2368957166472243	0.165171088236883	-0.34986189110569493	0.22373042257371334	-0.36661098428400246	0.9999999999999997	-0.22315849781855301	0.17549463597608503	-0.1420138310362343	0.15145016331996927	-0.6288683797452065	0.2392877704572317	-0.17859591222207544	0.112502475653604	-0.16505308324449344	0.29244274493894684	-0.2550829166445405	0.14225547432575417	-0.11668376311999382	0.1178360098209711	-0.10807134071368786	0.14155247517643862	-0.1525742783695088	0.12456601257744362	-0.09385841597067238	0.11589392725658093	-0.10471104588247253	0.1074369623787926
0.06197110108654044	-0.07108126956485288	0.22448294388223558	-0.30493518585877494	0.2589201459533557	-0.09853933114548555	0.092801537220079	-0.22315849781855301	0.9999999999999996	-0.8323985779581744	0.06388918671682933	-0.07072815082993612	0.13835595481316354	-0.2435669806028867	0.18685796921258957	-0.05881790355677204	0.0794485436491001	-0.15639602488794913	0.1518743759579218	-0.14648732083990537	0.06252329244278572	-0.0710832819072148	0.07107071731414147	-0.10941283425309672	0.1153255288511319	-0.08270075417738304	0.058415406583762625	-0.08355827978515686	0.07598620331103216	-0.08905850671402418
-0.0576822323160094	0.06454198936393181	-0.24084585925687746	0.22271899996253847	-0.3393091047244876	0.0894003459244453	-0.08473062299817435	0.17549463597608503	-0.8323985779581744	0.9999999999999993	-0.060660195549341225	0.0663683829709523	-0.1282311057888264	0.21248272644985944	-0.25242328604318354	0.05610499179184919	-0.07643796531306317	0.1437758571835319	-0.15265293747254347	0.15297747279480312	-0.06049649834136429	0.06844869064798097	-0.06972721487582273	0.10882708442456014	-0.12257733366305344	0.07970294194318296	-0.05671983323575469	0.08149862820747746	-0.07691803975812772	0.08946806346675404
0.13846085901347568	-0.1345573671288807	0.08401416673356245	-0.06016738927079104	0.1359662662488322	-0.2765160980516945	0.190558312376766	-0.1420138310362343	0.06388918671682933	-0.060660195549341225	0.9999999999999971	-0.6989499700622642	0.10995493420122918	-0.10457544697587792	0.0751004219221078	-0.4848059075626685	0.3080556379507205	-0.1256146628969073	0.10161433508487215	-0.06377497968970995	0.23321339240564173	-0.21400762283516764	0.08134176685122736	-0.080770979318056	0.0764123492634441	-0.18854705314519665	0.12817752613018601	-0.09244900803578308	0.057936649499364695	-0.0572852835418124
-0.1464907457850816	0.13876659627763682	-0.09457935345933217	0.06706743339333363	-0.15364904098693474	0.21518095458613717	-0.2490512266987816	0.15145016331996927	-0.07072815082993612	0.0663683829709523	-0.6989499700622642	0.9999999999999978	-0.12913025539817147	0.1115159132479616	-0.0817866027452493	0.28525286715239795	-0.5174052067061139	0.13784231530882687	-0.11269001507059799	0.06861210639043475	-0.2301987062256069	0.19195592684116547	-0.08159589864587169	0.08334649755793329	-0.08141528896795411	0.16373550997319805	-0.12308501161809518	0.09041921389126653	-0.06066045839284366	0.05990205821327556
0.10814251545055359	-0.12780674535312425	0.15085206760665296	-0.11154447056397941	0.23094703663147048	-0.17238295124920755	0.18080876521828568	-0.6288683797452065	0.13835595481316354	-0.1282311057888264	0.10995493420122918	-0.12913025539817147	0.9999999999999962	-0.2802828697703517	0.1533880039679026	-0.09508258061329937	0.1388036626235308	-0.6050621511216202	0.2443764919565638	-0.1310387222425713	0.09465776038972569	-0.10224145141174942	0.10647439761223984	-0.13371229051797937	0.1320050309419743	-0.10668851700854054	0.08043386788166249	-0.11386354852690564	0.09282947339788514	-0.0960939150322466
-0.08971725530222974	0.09665274067281991	-0.2549783100082858	0.18452945212070757	-0.4187949470827493	0.1345073589529095	-0.1280316966851114	0.2392877704572317	-0.2435669806028867	0.21248272644985944	-0.10457544697587792	0.1115159132479616	-0.2802828697703517	0.9999999999999976	-0.4467261167472667	0.09778632974279229	-0.1407948485919514	0.27997612920260057	-0.5354218030022229	0.2743300862614738	-0.10970280311709173	0.12034792232355161	-0.13881265072125065	0.22301130523122736	-0.2720865672152462	0.13482376533228538	-0.1022710676960738	0.1515823555330549	-0.16860630449161848	0.17353581591969477
0.06309022475499924	-0.07047344391773276	0.14698918034023606	-0.12120324479559957	0.22377770110274292	-0.10006832276733699	0.08988101758400016	-0.17859591222207544	0.18685796921258957	-0.25242328604318354	0.0751004219221078	-0.0817866027452493	0.1533880039679026	-0.4467261167472667	0.9999999999999954	-0.0730545982132233	0.10040709127132369	-0.2102881239926864	0.27745636400929097	-0.7012184245020257	0.08226268681666893	-0.09708203339719296	0.12337667847525088	-0.23111603687258117	0.26831356977384935	-0.11250055708422717	0.08408495305962546	-0.14729501553510754	0.1538681053006421	-0.2050222430263274
-0.09204266657352873	0.0866325142339437	-0.07949452979961298	0.05655004393904307	-0.13143512442627406	0.14427505519682118	-0.12298981183560437	0.112502475653604	-0.05881790355677204	0.05610499179184919	-0.4848059075626685	0.28525286715239795	-0.09508258061329937	0.09778632974279229	-0.0730545982132233	0.9999999999999929	-0.5204225035967245	0.1197289240520844	-0.09948621410092297	0.06211541451327996	-0.583126776167769	0.2609625195704834	-0.0903541728494331	0.08219501134805116	-0.07736307782084106	0.20647604320824195	-0.1594061113132717	0.09953853807692092	-0.05962089362734926	0.057382145456129775
0.11080169963073425	-0.11548660761768545	0.10321464901322709	-0.07437060370815284	0.16869922922620184	-0.18095151602760037	0.15781219375783678	-0.16505308324449344	0.0794485436491001	-0.07643796531306317	0.3080556379507205	-0.5174052067061139	0.1388036626235308	-0.1407948485919514	0.10040709127132369	-0.5204225035967245	0.9999999999999927	-0.20421690103904705	0.140607321641158	-0.08713372710346715	0.29679947581587696	-0.4012233400865098	0.12440474965045548	-0.11661101734846503	0.10589565128619174	-0.29854673258687286	0.20385288228367446	-0.14186644904964754	0.08214023660932881	-0.08042251837474157
-0.10239387039310117	0.10818610942094412	-0.19882738327365765	0.13994433723782393	-0.32329207405670857	0.14826322208660822	-0.15623740413395493	0.29244274493894684	-0.15639602488794913	0.1437758571835319	-0.1256146628969073	0.13784231530882687	-0.6050621511216202	0.27997612920260057	-0.2102881239926864	0.1197289240520844	-0.20421690103904705	0.9999999999999959	-0.4925266342937767	0.18216158830141943	-0.125409555545037	0.1352684471919084	-0.17237664560750313	0.19064448420593438	-0.19188993990799877	0.13950152072298233	-0.10976810626396372	0.15894962834837856	-0.13568712902146315	0.13330130087176495
0.08486084571541148	-0.09517223643448955	0.1613711106343844	-0.12174074685573819	0.2563856448055285	-0.13463303764206638	0.12326865285378241	-0.2550829166445405	0.1518743759579218	-0.15265293747254347	0.10161433508487215	-0.11269001507059799	0.2443764919565638	-0.5354218030022229	0.27745636400929097	-0.09948621410092297	0.140607321641158	-0.4925266342937767	0.9999999999999936	-0.3676111567296292	0.10815246540419453	-0.127084013043775	0.16906661066329565	-0.3444523138219484	0.2563159321521189	-0.13975337960270715	0.10698606740498007	-0.18770283307836624	0.18306695119317096	-0.19939292799453892
-0.05216776592856575	0.05739973545710092	-0.1282379154468904	0.09942016127758348	-0.20189978942933987	0.08120424172685756	-0.07409577418122631	0.14225547432575417	-0.14648732083990537	0.15297747279480312	-0.06377497968970995	0.06861210639043475	-0.1310387222425713	0.2743300862614738	-0.7012184245020257	0.06211541451327996	-0.08713372710346715	0.18216158830141943	-0.3676111567296292	0.9999999999999926	-0.07119493065884946	0.08311510310963403	-0.1149754426325685	0.22018580331008675	-0.4695109223539705	0.09451648729749745	-0.07293177679187361	0.1291197726589806	-0.16042341648788716	0.19528861912741288
0.07914924427513947	-0.07958287948687474	0.08310520379669323	-0.05967145679220966	0.13789580782848432	-0.12919212471385785	0.10610490325318864	-0.11668376311999382	0.06252329244278572	-0.06049649834136429	0.23321339240564173	-0.2301987062256069	0.09465776038972569	-0.10970280311709173	0.08226268681666893	-0.583126776167769	0.29679947581587696	-0.125409555545037	0.10815246540419453	-0.07119493065884946	0.9999999999999928	-0.5596481030491516	0.1287552644067769	-0.1057082715279515	0.09312500735020543	-0.3837499580376953	0.25101740162226904	-0.14648945551018314	0.07474123757623068	-0.07064785971531301
-0.076551827094241	0.07477147014806423	-0.09725560259020259	0.06910663600260264	-0.1638551075144648	0.11546055131845409	-0.10209450127083915	0.1178360098209711	-0.0710832819072148	0.06844869064798097	-0.21400762283516764	0.19195592684116547	-0.10224145141174942	0.12034792232355161	-0.09708203339719296	0.2609625195704834	-0.4012233400865098	0.1352684471919084	-0.127084013043775	0.08311510310963403	-0.5596481030491516	0.9999999999999931	-0.20841337279121983	0.12921855486439174	-0.11584927278114983	0.3178357178583039	-0.529518526923729	0.19234174668825163	-0.09489977130100756	0.08413853312550194
0.046989548675504415	-0.049462056036980256	0.08793360685500393	-0.06380326936366763	0.1459287000539908	-0.07200523898520825	0.06532234998625631	-0.10807134071368786	0.07107071731414147	-0.06972721487582273	0.08134176685122736	-0.08159589864587169	0.10647439761223984	-0.13881265072125065	0.12337667847525088	-0.0903541728494331	0.12440474965045548	-0.17237664560750313	0.16906661066329565	-0.1149754426325685	0.1287552644067769	-0.20841337279121983	0.999999999999992	-0.39582498720624004	0.18926805858874587	-0.18338232061120444	0.18391618887432098	-0.8110503216996544	0.18282188481444636	-0.14681558927261656
-0.05677270213762675	0.06106152756291385	-0.12714867530339502	0.09346077330421472	-0.21015855144960502	0.08729140199455127	-0.07936045268467146	0.14155247517643862	-0.10941283425309672	0.10882708442456014	-0.080770979318056	0.08334649755793329	-0.13371229051797937	0.22301130523122736	-0.23111603687258117	0.08219501134805116	-0.11661101734846503	0.19064448420593438	-0.3444523138219484	0.22018580331008675	-0.1057082715279515	0.12921855486439174	-0.39582498720624004	0.9999999999999919	-0.4830622653768588	0.13661403118584436	-0.12316432480939017	0.2622538722891232	-0.5185907848899234	0.29620366663477027
0.05786731483350604	-0.0637713470613396	0.12025217336539896	-0.09216146078914747	0.1923362418703382	-0.0915006531941991	0.08125394458176234	-0.1525742783695088	0.1153255288511319	-0.12257733366305344	0.0764123492634441	-0.08141528896795411	0.1320050309419743	-0.2720865672152462	0.26831356977384935	-0.07736307782084106	0.10589565128619174	-0.19188993990799877	0.2563159321521189	-0.4695109223539705	0.09312500735020543	-0.11584927278114983	0.18926805858874587	-0.4830622653768588	0.9999999999999918	-0.13391834413815507	0.10580264717215354	-0.22689683873371755	0.28985141583857366	-0.5094472726339337
-0.07614382152451764	0.07452409173864796	-0.11752312392253779	0.08291070280801353	-0.20159944933574261	0.1128036259220675	-0.10030275178324731	0.12456601257744362	-0.08270075417738304	0.07970294194318296	-0.18854705314519665	0.16373550997319805	-0.10668851700854054	0.13482376533228538	-0.11250055708422717	0.20647604320824195	-0.29854673258687286	0.13950152072298233	-0.13975337960270715	0.09451648729749745	-0.3837499580376953	0.3178357178583039	-0.18338232061120444	0.13661403118584436	-0.13391834413815507	0.9999999999999918	-0.7244309546620867	0.1941093883473195	-0.10696095530174658	0.0946288363586983
0.054245463768951695	-0.054506081388896184	0.07878339981809993	-0.05629656609463353	0.13293298307494972	-0.08309427617920297	0.07253562608596537	-0.09385841597067238	0.058415406583762625	-0.05671983323575469	0.12817752613018601	-0.12308501161809518	0.08043386788166249	-0.1022710676960738	0.08408495305962546	-0.1594061113132717	0.20385288228367446	-0.10976810626396372	0.10698606740498007	-0.07293177679187361	0.25101740162226904	-0.529518526923729	0.18391618887432098	-0.12316432480939017	0.10580264717215354	-0.7244309546620867	0.9999999999999918	-0.2630767340257074	0.08927087347045512	-0.07832749965129296
-0.052690951591871864	0.05483033684295058	-0.10653756709545205	0.07660626253468306	-0.17909440264815282	0.079624000060074	-0.07253757399356464	0.11589392725658093	-0.08355827978515686	0.08149862820747746	-0.09244900803578308	0.09041921389126653	-0.11386354852690564	0.1515823555330549	-0.14729501553510754	0.09953853807692092	-0.14186644904964754	0.15894962834837856	-0.18770283307836624	0.1291197726589806	-0.14648945551018314	0.19234174668825163	-0.8110503216996544	0.2622538722891232	-0.22689683873371755	0.1941093883473195	-0.2630767340257074	0.9999999999999916	-0.21683286520300804	0.1551741755919014
0.041321100626078494	-0.04495301187273576	0.0865120329958263	-0.06440910216813349	0.14153848838195882	-0.06463423218377606	0.0576859360242363	-0.10471104588247253	0.07598620331103216	-0.07691803975812772	0.057936649499364695	-0.06066045839284366	0.09282947339788514	-0.16860630449161848	0.1538681053006421	-0.05962089362734926	0.08214023660932881	-0.13568712902146315	0.18306695119317096	-0.16042341648788716	0.07474123757623068	-0.09489977130100756	0.18282188481444636	-0.5185907848899234	0.28985141583857366	-0.10696095530174658	0.08927087347045512	-0.21683286520300804	0.9999999999999915	-0.7316625762414902
-0.042513016053928765	0.04609870990991321	-0.10079512590344268	0.07464661304830082	-0.166294584667537	0.06580278090225651	-0.05922936021991339	0.1074369623787926	-0.08905850671402418	0.08946806346675404	-0.0572852835418124	0.05990205821327556	-0.0960939150322466	0.17353581591969477	-0.2050222430263274	0.057382145456129775	-0.08042251837474157	0.13330130087176495	-0.19939292799453892	0.19528861912741288	-0.07064785971531301	0.08413853312550194	-0.14681558927261656	0.29620366663477027	-0.5094472726339337	0.0946288363586983	-0.07832749965129296	0.1551741755919014	-0.7316625762414902	0.9999999999999916
