1.0	-0.5197812050499904	0.24896766972177142	-0.18096103104876676	0.14565987724767443	-0.6390412366918321	0.2889579933153716	-0.1995839155109243	0.17658624706717835	-0.14042870579455555	0.28300872647326497	-0.23809864300053604	0.19950531292682386	-0.25358385770910985	0.19076611213329828	-0.1804681422473502	0.1547602908867448	-0.15417262951422134	0.13609982710097845	-0.10564873887173003	0.13413009247922866	-0.13751990367025388	0.09440396819589404	-0.08541037132112704	0.0824578801827682	-0.10628084006805119	0.10002446195913632	-0.09808379687285941	0.0776986677746425	-0.06806998671824854	0.071665673661103	-0.1219337666216763	0.08305242478008984	-0.08166283186222126	0.05672337728770966	-0.0719310902415964	0.08978526836091721	-0.08650332410447688	0.06110006782911711	-0.07432475311652716	0.10679469375625739	-0.06845833661107067	0.09724639543598429	-0.07454375732060615	0.08556028342495531
-0.5197812050499904	0.9999999999999998	-0.4773866583005951	0.2034446570732416	-0.15313325579695258	0.285074739737762	-0.5493557456599503	0.21597319640442836	-0.1996163231052746	0.13621076446634392	-0.2521505516293028	0.24651514448526604	-0.2172522541970934	0.206840243039412	-0.16842707188478773	0.15152491050796613	-0.14355719083443017	0.13004136298677957	-0.11756385213020601	0.08349884961072848	-0.1113434404176817	0.11212838612410632	-0.0771024756666567	0.06882300066800787	-0.06637829149010951	0.08486024750550612	-0.08150064914570661	0.07713783120870732	-0.0616739364934527	0.05339849234736762	-0.05737860325200691	0.09572812519326258	-0.06558596814120832	0.06402941163522609	-0.04471580129529441	0.05705989113329825	-0.07151849388025454	0.06787193089229168	-0.04788371152407881	0.057904643405531364	-0.08550355455529088	0.054316660323943285	-0.07708404571183146	0.05824043785747583	-0.06741571929300592
0.24896766972177142	-0.4773866583005951	0.9999999999999999	-0.5182879883539743	0.22722771216357018	-0.24124380660142633	0.257288620018268	-0.4048249948459821	0.29784693903432985	-0.22119989482970423	0.22380167636182127	-0.2322571511382371	0.24755858922219115	-0.2753901258689377	0.212232379211524	-0.1655153479537442	0.14681960069500816	-0.15758255757877263	0.13973660694070286	-0.10186852459936026	0.124976599136744	-0.1284089823882632	0.09143278304371612	-0.08264015946173021	0.07967363681869735	-0.0986376088839926	0.09347943698667764	-0.09281761390065131	0.07385415098164647	-0.06438239244365322	0.066894062329401	-0.11362791809416513	0.07819858763374919	-0.07702929590341977	0.05368869329354172	-0.067045989027539	0.0844983444596886	-0.08130571651023098	0.05753866391347938	-0.06989695809724458	0.10031119874183926	-0.0643077744469476	0.09165604846248725	-0.07013993358655767	0.08073037086569565
-0.18096103104876676	0.2034446570732416	-0.5182879883539743	0.9999999999999996	-0.45080996337967577	0.15805877931837856	-0.1821257730450551	0.26631101823677383	-0.5827074530371797	0.26254981887413015	-0.17203338358132342	0.15895469985002456	-0.20463563439834437	0.2061310266410958	-0.21183055999317846	0.11830461741793846	-0.10784153947646477	0.11614485578545938	-0.10706056708899071	0.07669880081544635	-0.09373293982358262	0.0940135407767001	-0.06885337831305535	0.061906710525992774	-0.060422995809664176	0.07313280565176972	-0.06944155489771033	0.06930815815383676	-0.055418396288913145	0.048196793595578935	-0.05011177645822792	0.08416812700166974	-0.05852560448536821	0.05760988744873798	-0.04027808213072726	0.050106105833725816	-0.06393942550372718	0.06094104951116283	-0.043188044485019325	0.05240802328383037	-0.07595586206133342	0.04851444972040264	-0.069219616065616	0.05274124930643312	-0.06105547211080152
0.14565987724767443	-0.15313325579695258	0.22722771216357018	-0.45080996337967577	0.9999999999999997	-0.14278777438839121	0.14087491444285824	-0.19463871720222087	0.26453997797499285	-0.7261467793365857	0.15650521632869163	-0.1369427089979394	0.1601225296091332	-0.21595038792803523	0.27138932723804043	-0.11715873258610601	0.1029374181891141	-0.11697788722943557	0.10655220807608318	-0.08626833878632473	0.09839980323036988	-0.09942527962579509	0.0736312898588586	-0.06709020175158667	0.06635889657877767	-0.07951211733819022	0.07434539691245644	-0.07752481997951734	0.061460332248600986	-0.054262046136197534	0.05494237845990755	-0.09365267908642612	0.06532866465598129	-0.06486543301313262	0.04512763444330395	-0.05543313069577259	0.07146680465055498	-0.0687848495220523	0.04892149294853802	-0.05983175744335755	0.08434988385538075	-0.05431630080151351	0.07768466658624572	-0.06021111698568918	0.06933630515880708
-0.6390412366918321	0.285074739737762	-0.24124380660142633	0.15805877931837856	-0.14278777438839121	0.9999999999999994	-0.38576885392584676	0.186297159620716	-0.1765316201085199	0.12932376055684358	-0.5141961652461938	0.2552869939637822	-0.21368543778170446	0.2215804442099636	-0.18979640454587404	0.1812111503968288	-0.16551497538935397	0.14490729186965523	-0.13231223141886542	0.09709132842894592	-0.13625993203231307	0.13245514408150896	-0.0900334263792057	0.0800627592510275	-0.07776447684299359	0.10196796722644685	-0.09746843777173929	0.09096868805552118	-0.072829598738862	0.06306052092024471	-0.06933964136470432	0.11382932151392207	-0.07800990269803201	0.07579551011179647	-0.05294314117974143	0.06873059491048308	-0.08645767060820575	0.08090611050656106	-0.05699390784840268	0.06882677465673849	-0.1038787936631677	0.06550426108704877	-0.09262777448329607	0.06946182415516582	-0.08086065033368436
0.2889579933153716	-0.5493557456599503	0.257288620018268	-0.1821257730450551	0.14087491444285824	-0.38576885392584676	0.9999999999999999	-0.2571039701662517	0.1879775033921588	-0.13529768196014552	0.28525244824402884	-0.5368379791096984	0.2525834852789927	-0.24716578859216362	0.17550484164862692	-0.20696750793799357	0.19130384360456654	-0.1618261805497157	0.14022454498216974	-0.09763407620631331	0.1334270861412659	-0.14083181319866167	0.0913036260914877	-0.08155951150849246	0.07745234944996238	-0.1017598869643049	0.09846352220697022	-0.09052665317942409	0.07222895803169795	-0.0623593043478878	0.06766395491101145	-0.11379058544832381	0.07689691464679695	-0.0748442018597203	0.05219374470224465	-0.06720934267153353	0.08281090922524308	-0.07909742008394681	0.05564845510625548	-0.06717960428396128	0.09914834792942069	-0.06304819365027389	0.08930742220691884	-0.06738978169465631	0.07771592123416465
-0.1995839155109243	0.21597319640442836	-0.4048249948459821	0.26631101823677383	-0.19463871720222087	0.186297159620716	-0.2571039701662517	0.999999999999999	-0.5295600167485314	0.1813282961832809	-0.22446555282800895	0.2404466220555305	-0.5765045750779761	0.2586661844152287	-0.19952825971805901	0.15036602585789388	-0.14568194874834342	0.1541259337438246	-0.14342526141135445	0.08910515345526805	-0.11339860823629494	0.11369870819283572	-0.08399991807814049	0.074479379259125	-0.07160189840885489	0.0860523530794415	-0.08312694699485809	0.08045018738615405	-0.06487704254920283	0.055618083502613457	-0.05863011474362035	0.09745124453995298	-0.06785836882949291	0.0664044816006731	-0.04665863235903324	0.05819389827500843	-0.07385858959518067	0.06995834040915373	-0.049485779930735246	0.05965887500604287	-0.08806586156035967	0.055950954407078334	-0.0798088714973586	0.06002984291697802	-0.0697970561915606
0.17658624706717835	-0.1996163231052746	0.29784693903432985	-0.5827074530371797	0.26453997797499285	-0.1765316201085199	0.1879775033921588	-0.5295600167485314	1.0	-0.32116063497202835	0.19122866925132892	-0.19414009788714445	0.2552613225057665	-0.2885226834479732	0.22187085213398006	-0.14389919877750387	0.1292516071513923	-0.1491209026031333	0.13468419793713615	-0.09308231143232333	0.11121943114850648	-0.11334168998090688	0.08372927382953536	-0.07564140104776723	0.0729965265431675	-0.08740709422587106	0.08303724180039088	-0.08350988698290239	0.0667339823494754	-0.05793561761098948	0.05963420600415495	-0.10087838991237753	0.0701123996422393	-0.06915858290613985	0.048358321149036834	-0.059691414718646446	0.07589861018742372	-0.07282611707051921	0.05162004177524301	-0.06262098859853288	0.08999958638264487	-0.05765867660386978	0.08238721707042045	-0.06288750369905985	0.07261061520675646
-0.14042870579455555	0.13621076446634392	-0.22119989482970423	0.26254981887413015	-0.7261467793365857	0.12932376055684358	-0.13529768196014552	0.1813282961832809	-0.32116063497202835	1.0000000000000002	-0.1501091066833133	0.12715237657422332	-0.15905132161840446	0.1963985929334755	-0.46693493646350137	0.1061827620941726	-0.09520733429389731	0.10652508012101451	-0.09943829199612567	0.07851470181599428	-0.08985591097411959	0.08951272334357326	-0.06721585359735688	0.0608570659204494	-0.06099839454892571	0.07149141143349226	-0.06717994696111156	0.06949060991694107	-0.05542644772551029	0.04866313019702414	-0.04956610164864182	0.08362853414618694	-0.05866330072064623	0.05809428045569597	-0.04058557178527187	0.049817972741067994	-0.06451340979530837	0.06160708854852582	-0.04381538202445816	0.053425456670156836	-0.07628822954919118	0.04892363679657159	-0.06999798145131213	0.053846641167554145	-0.062311266829070934
0.28300872647326497	-0.2521505516293028	0.22380167636182127	-0.17203338358132342	0.15650521632869163	-0.5141961652461938	0.28525244824402884	-0.22446555282800895	0.19122866925132892	-0.1501091066833133	0.9999999999999986	-0.45654046066403076	0.2580150260901373	-0.33532686945636514	0.2269697677906794	-0.3297896076824378	0.24455596630649257	-0.2186359643283719	0.18683985653978732	-0.14179887554858855	0.19174465834468843	-0.20155019283468148	0.1291674017860694	-0.11663210619505363	0.11080069568505606	-0.1504439140851944	0.14183956873009512	-0.132878343536284	0.1050542022621273	-0.0916426123235466	0.09885697248854733	-0.16885479541784715	0.11272182365228899	-0.11018300153042518	0.07638526697191869	-0.09904068989279571	0.12014022003863682	-0.11644828850328713	0.08186017851339049	-0.09929415623850878	0.14350869994042112	-0.09194190189723933	0.12999233550463682	-0.09925875073755765	0.11338639299449663
-0.23809864300053604	0.24651514448526604	-0.2322571511382371	0.15895469985002456	-0.1369427089979394	0.2552869939637822	-0.5368379791096984	0.2404466220555305	-0.19414009788714445	0.12715237657422332	-0.45654046066403076	0.999999999999998	-0.4588205857542984	0.2530468788186581	-0.17955416571384003	0.24531122419290224	-0.3400383067587002	0.1852552091698988	-0.16514499355966936	0.10236363510339762	-0.15410751564881744	0.1597486771086615	-0.100960705057609	0.08816067907517969	-0.08312519929743242	0.11084690144804811	-0.11201733711160013	0.09545118852129869	-0.07692107645678531	0.06546882699112212	-0.07353334624926638	0.12082198658757744	-0.08172965858043592	0.07864029619737153	-0.05511215748341458	0.07207462301756268	-0.08843683170787041	0.08319538885212362	-0.05837925400643224	0.06997583200273663	-0.10667605148024822	0.06712017319976146	-0.09479096923976002	0.07035391815211987	-0.08170922518739604
0.19950531292682386	-0.2172522541970934	0.24755858922219115	-0.20463563439834437	0.1601225296091332	-0.21368543778170446	0.2525834852789927	-0.5765045750779761	0.2552613225057665	-0.15905132161840446	0.2580150260901373	-0.4588205857542984	0.9999999999999974	-0.43642554813060713	0.20417292641943646	-0.2037972582273982	0.19501941680165252	-0.2397519838692531	0.197625047553763	-0.11149985065139104	0.13967779924401924	-0.14567209916885884	0.10746939327704803	-0.09574699415468618	0.08934718823193775	-0.10607336025355237	0.10335146745852666	-0.09953574222759373	0.08030448774392285	-0.06829515583729456	0.07141923646925263	-0.1197286573074683	0.08310273182870744	-0.08136737304091593	0.05723888234633357	-0.07079028870088756	0.08892581102206591	-0.08496500725917384	0.060035877331304076	-0.0721566301477064	0.1059455387655853	-0.06746972474845966	0.09638335989936192	-0.07234138822165496	0.08385909665842822
-0.25358385770910985	0.206840243039412	-0.2753901258689377	0.2061310266410958	-0.21595038792803523	0.2215804442099636	-0.24716578859216362	0.2586661844152287	-0.2885226834479732	0.1963985929334755	-0.33532686945636514	0.2530468788186581	-0.43642554813060713	0.9999999999999979	-0.37829804440537135	0.21322703680841854	-0.21543784478541605	0.2786862685627457	-0.44090177352892485	0.156417770458907	-0.18659601720716448	0.17449663370423846	-0.1557945867069996	0.13640152206614606	-0.1336278970795726	0.136385223654418	-0.133031558527983	0.13456808640144483	-0.11256960714547083	0.0933782574548978	-0.09623691724012642	0.15387310538048374	-0.11295017445301041	0.11037048242902753	-0.07928426262910077	0.09452008738488081	-0.1256941533544825	0.11546121176753103	-0.08220216487700187	0.09784192265219335	-0.14973211877823656	0.09405729836718377	-0.13563490350725244	0.09921709130118875	-0.11828445788413416
0.19076611213329828	-0.16842707188478773	0.212232379211524	-0.21183055999317846	0.27138932723804043	-0.18979640454587404	0.17550484164862692	-0.19952825971805901	0.22187085213398006	-0.46693493646350137	0.2269697677906794	-0.17955416571384003	0.20417292641943646	-0.37829804440537135	0.9999999999999986	-0.17719940897997452	0.15372943175981707	-0.18439788168386742	0.1709249744699395	-0.1568756197578028	0.16145434293193248	-0.16226771186970726	0.124410281073109	-0.11453481558493009	0.11695598532185002	-0.13368814896052356	0.12368180580190866	-0.13486998520514615	0.10657868573414365	-0.09520226412262445	0.09369335563841234	-0.16074509730646874	0.11344777265412997	-0.11355525201198284	0.07893656588246553	-0.0951079066355706	0.12489407856461368	-0.12063773330440455	0.0862029458487227	-0.10605044521728345	0.14652030346811795	-0.09486883925572716	0.13619697667659203	-0.10688579609713095	0.12297129470361057
-0.1804681422473502	0.15152491050796613	-0.1655153479537442	0.11830461741793846	-0.11715873258610601	0.1812111503968288	-0.20696750793799357	0.15036602585789388	-0.14389919877750387	0.1061827620941726	-0.3297896076824378	0.24531122419290224	-0.2037972582273982	0.21322703680841854	-0.17719940897997452	0.9999999999999972	-0.7211164722916544	0.22591587041697633	-0.21728522329974237	0.12551199361130536	-0.3504767395929623	0.2511429944006576	-0.13654569727958973	0.11439535835654878	-0.10670613712711335	0.18054723048279922	-0.18480393540486803	0.12448656635813637	-0.10154183101794025	0.08458865866753006	-0.11442649566103008	0.16965843229519773	-0.11137233071280571	0.10287526109246146	-0.07221753477733783	0.10769452039491531	-0.12418711790033457	0.11094402096135816	-0.0766291341829014	0.0903965948446823	-0.1556833407713117	0.09407544944106525	-0.12883359062296454	0.09149980419072404	-0.10742354864379469
0.1547602908867448	-0.14355719083443017	0.14681960069500816	-0.10784153947646477	0.1029374181891141	-0.16551497538935397	0.19130384360456654	-0.14568194874834342	0.1292516071513923	-0.09520733429389731	0.24455596630649257	-0.3400383067587002	0.19501941680165252	-0.21543784478541605	0.15372943175981707	-0.7211164722916544	0.9999999999999971	-0.3232630506118248	0.21108316712952807	-0.11852239824753615	0.2322126049891309	-0.32949626792503134	0.13159008668015956	-0.11174337465357143	0.09836680066498212	-0.15720942574091476	0.17268371541444896	-0.11576206519736006	0.09324760518614532	-0.07742283464167204	0.09708946005353966	-0.16011344112719852	0.10111554507827722	-0.09394548097939144	0.0656269697129306	-0.0929828634270967	0.10621822524747755	-0.0993781120309166	0.06852174331823647	-0.08083457166091218	0.13066490580348772	-0.0809345821080914	0.11246162163940213	-0.08097573307208222	0.09390502135878748
-0.15417262951422134	0.13004136298677957	-0.15758255757877263	0.11614485578545938	-0.11697788722943557	0.14490729186965523	-0.1618261805497157	0.1541259337438246	-0.1491209026031333	0.10652508012101451	-0.2186359643283719	0.1852552091698988	-0.2397519838692531	0.2786862685627457	-0.18439788168386742	0.22591587041697633	-0.3232630506118248	0.9999999999999977	-0.7617932194287197	0.16231180247137802	-0.16890880925219487	0.17087109008998347	-0.23192028123165126	0.17254203381423566	-0.14403562318773477	0.11895497740387678	-0.12478115370542224	0.1337487934340069	-0.11433807215857499	0.08800343601711325	-0.08199891356843528	0.13405900016098685	-0.10355980411449657	0.10206533425763668	-0.07468344605690337	0.07941387909885084	-0.10442812276096894	0.10027933390168621	-0.07176139459154961	0.08359191084529333	-0.12280081690141857	0.07827288958160226	-0.11551875789278133	0.08323952707523717	-0.09834748794543191
0.13609982710097845	-0.11756385213020601	0.13973660694070286	-0.10706056708899071	0.10655220807608318	-0.13231223141886542	0.14022454498216974	-0.14342526141135445	0.13468419793713615	-0.09943829199612567	0.18683985653978732	-0.16514499355966936	0.197625047553763	-0.44090177352892485	0.1709249744699395	-0.21728522329974237	0.21108316712952807	-0.7617932194287197	0.9999999999999986	-0.1901238436749503	0.1486574500094417	-0.15915576673849263	0.18615332176594804	-0.19083880780931356	0.14552248317236482	-0.11071012720755259	0.11257934000517358	-0.13041468700662856	0.11046964451101492	-0.08690763678456535	0.0754852581621968	-0.12775542749706803	0.09838347961506756	-0.09963681363629412	0.07257354132724865	-0.07388587110172028	0.0966712232513363	-0.09571327196601014	0.06867191073834038	-0.08036397327599268	0.11260370643083242	-0.07282003708639431	0.1081046826705252	-0.07921684500118112	0.0924465548236192
-0.10564873887173003	0.08349884961072848	-0.10186852459936026	0.07669880081544635	-0.08626833878632473	0.09709132842894592	-0.09763407620631331	0.08910515345526805	-0.09308231143232333	0.07851470181599428	-0.14179887554858855	0.10236363510339762	-0.11149985065139104	0.156417770458907	-0.1568756197578028	0.12551199361130536	-0.11852239824753615	0.16231180247137802	-0.1901238436749503	0.9999999999999969	-0.15600204656330205	0.1486425081760116	-0.3050797631924401	0.2652214716834382	-0.8062922663874431	0.11982708535110301	-0.12370593115683193	0.18793929454704325	-0.18878342697517614	0.16305256250311684	-0.0922561448535431	0.15209190732667788	-0.14790122206165376	0.15493083306525926	-0.14301202954996342	0.08997058841105972	-0.141591793706825	0.13872090341320825	-0.10527506742079869	0.11831084711864429	-0.15502541418398286	0.10356971802008928	-0.1688991224746798	0.11751946581767607	-0.14615431289687933
0.13413009247922866	-0.1113434404176817	0.124976599136744	-0.09373293982358262	0.09839980323036988	-0.13625993203231307	0.1334270861412659	-0.11339860823629494	0.11121943114850648	-0.08985591097411959	0.19174465834468843	-0.15410751564881744	0.13967779924401924	-0.18659601720716448	0.16145434293193248	-0.3504767395929623	0.2322126049891309	-0.16890880925219487	0.1486574500094417	-0.15600204656330205	0.9999999999999968	-0.4797902523941631	0.1573855832667236	-0.13974063287406718	0.12477287658678807	-0.5678469431385322	0.29144242629813055	-0.1801381635349624	0.13814569558448225	-0.12067648098838198	0.2256154708623175	-0.30594673473108935	0.16647365965482602	-0.15126092842573305	0.10134531075488612	-0.22749423850528763	0.1732882385391913	-0.1659959223260692	0.11048732163634818	-0.13190966430464746	0.22858897223170976	-0.14136534850015742	0.1778743982366447	-0.13057558046034118	0.14396966935386601
-0.13751990367025388	0.11212838612410632	-0.1284089823882632	0.0940135407767001	-0.09942527962579509	0.13245514408150896	-0.14083181319866167	0.11369870819283572	-0.11334168998090688	0.08951272334357326	-0.20155019283468148	0.1597486771086615	-0.14567209916885884	0.17449663370423846	-0.16226771186970726	0.2511429944006576	-0.32949626792503134	0.17087109008998347	-0.15915576673849263	0.1486425081760116	-0.4797902523941631	0.9999999999999978	-0.2095524309964717	0.152431167777851	-0.13103799004040637	0.2771868146622749	-0.596911015422403	0.17196419798690163	-0.14042956793125738	0.11318697548331098	-0.17767329264167395	0.2843872067187459	-0.17071788324195558	0.14211830691230598	-0.09879482116080066	0.15700468823417565	-0.17957318033358052	0.15701846829239924	-0.10559736818110704	0.12139709016317289	-0.2275727564567483	0.13455200257075958	-0.18327438866638285	0.12337191446569858	-0.1457763673172276
0.09440396819589404	-0.0771024756666567	0.09143278304371612	-0.06885337831305535	0.0736312898588586	-0.0900334263792057	0.0913036260914877	-0.08399991807814049	0.08372927382953536	-0.06721585359735688	0.1291674017860694	-0.100960705057609	0.10746939327704803	-0.1557945867069996	0.124410281073109	-0.13654569727958973	0.13159008668015956	-0.23192028123165126	0.18615332176594804	-0.3050797631924401	0.1573855832667236	-0.2095524309964717	0.999999999999997	-0.7458884365562218	0.25436663482762273	-0.12438119346411108	0.142376665044312	-0.34793818680965544	0.24330156795941046	-0.1611231585547816	0.08987457445011462	-0.16959406200537583	0.1710556839286688	-0.18340526829631554	0.13058273423331546	-0.0873756426649073	0.12837167143993963	-0.1484874008610937	0.1083471118659462	-0.12155806738468909	0.13830764282394764	-0.09602338980272271	0.15633055809780566	-0.11403517238828312	0.13015931529965655
-0.08541037132112704	0.06882300066800787	-0.08264015946173021	0.061906710525992774	-0.06709020175158667	0.0800627592510275	-0.08155951150849246	0.074479379259125	-0.07564140104776723	0.0608570659204494	-0.11663210619505363	0.08816067907517969	-0.09574699415468618	0.13640152206614606	-0.11453481558493009	0.11439535835654878	-0.11174337465357143	0.17254203381423566	-0.19083880780931356	0.2652214716834382	-0.13974063287406718	0.152431167777851	-0.7458884365562218	0.9999999999999966	-0.4040439335058311	0.10733764917136421	-0.12135297534532599	0.24320163015634344	-0.3114119845568416	0.15545872029115881	-0.08026661365179218	0.14284521432407513	-0.15416913282485745	0.17078246953371107	-0.13117407724237784	0.07767904032239413	-0.11939282421010838	0.1309596703968341	-0.1005524002818996	0.10963461254369905	-0.12796443878331348	0.08818550682024423	-0.14640863709603555	0.10391856604518043	-0.12235536077238018
0.0824578801827682	-0.06637829149010951	0.07967363681869735	-0.060422995809664176	0.06635889657877767	-0.07776447684299359	0.07745234944996238	-0.07160189840885489	0.0729965265431675	-0.06099839454892571	0.11080069568505606	-0.08312519929743242	0.08934718823193775	-0.1336278970795726	0.11695598532185002	-0.10670613712711335	0.09836680066498212	-0.14403562318773477	0.14552248317236482	-0.8062922663874431	0.12477287658678807	-0.13103799004040637	0.25436663482762273	-0.4040439335058311	0.9999999999999952	-0.10048261843436007	0.1049157329224545	-0.18764169415926132	0.17954824070927417	-0.19208397033954358	0.07500078970909306	-0.13566407353112914	0.13176011641861393	-0.15369556757000427	0.1379901498896068	-0.07382129494242048	0.1122550860180431	-0.12297331959587059	0.0940341416333963	-0.10745410645266265	0.1209205182977051	-0.08361181612437303	0.13653739877595678	-0.10124310274688772	0.11802360897004205
-0.10628084006805119	0.08486024750550612	-0.0986376088839926	0.07313280565176972	-0.07951211733819022	0.10196796722644685	-0.1017598869643049	0.0860523530794415	-0.08740709422587106	0.07149141143349226	-0.1504439140851944	0.11084690144804811	-0.10607336025355237	0.136385223654418	-0.13368814896052356	0.18054723048279922	-0.15720942574091476	0.11895497740387678	-0.11071012720755259	0.11982708535110301	-0.5678469431385322	0.2771868146622749	-0.12438119346411108	0.10733764917136421	-0.10048261843436007	1.0000000000000004	-0.40521569688724746	0.14878754258508317	-0.11756728728681783	0.10073456983100237	-0.4737602198865462	0.2680532082326086	-0.15303189744591406	0.1288695344216654	-0.08715936162174331	0.2648370115938285	-0.1982938933217281	0.15176552935243556	-0.09907376582863625	0.11573440216791098	-0.31151192811656003	0.15644511562914115	-0.17849110415592806	0.11864972880565454	-0.1361114915950791
0.10002446195913632	-0.08150064914570661	0.09347943698667764	-0.06944155489771033	0.07434539691245644	-0.09746843777173929	0.09846352220697022	-0.08312694699485809	0.08303724180039088	-0.06717994696111156	0.14183956873009512	-0.11201733711160013	0.10335146745852666	-0.133031558527983	0.12368180580190866	-0.18480393540486803	0.17268371541444896	-0.12478115370542224	0.11257934000517358	-0.12370593115683193	0.29144242629813055	-0.596911015422403	0.142376665044312	-0.12135297534532599	0.1049157329224545	-0.40521569688724746	0.9999999999999939	-0.17037825915690427	0.1295300974456979	-0.10816220971021005	0.19083301954620494	-0.5512310971562813	0.18611003592937947	-0.14392540513127616	0.0939777197807183	-0.16826847344168672	0.1621737888907228	-0.16264563229275425	0.10163654128308246	-0.11595307203132367	0.20421319749394376	-0.12518349540022622	0.16798994565477807	-0.11493257095280167	0.13014579044540098
-0.09808379687285941	0.07713783120870732	-0.09281761390065131	0.06930815815383676	-0.07752481997951734	0.09096868805552118	-0.09052665317942409	0.08045018738615405	-0.08350988698290239	0.06949060991694107	-0.132878343536284	0.09545118852129869	-0.09953574222759373	0.13456808640144483	-0.13486998520514615	0.12448656635813637	-0.11576206519736006	0.1337487934340069	-0.13041468700662856	0.18793929454704325	-0.1801381635349624	0.17196419798690163	-0.34793818680965544	0.24320163015634344	-0.18764169415926132	0.14878754258508317	-0.17037825915690427	0.9999999999999927	-0.5996634984741356	0.2248845288248517	-0.12113071246316622	0.2283593850274725	-0.4393633866131398	0.29060114608557697	-0.2140001625451463	0.1165298119950031	-0.20695812322774365	0.2474870029128146	-0.17795227358714513	0.1800328829184133	-0.20277613054389876	0.1492577607079464	-0.27592379548168616	0.17429308089033366	-0.20991699260549845
0.0776986677746425	-0.0616739364934527	0.07385415098164647	-0.055418396288913145	0.061460332248600986	-0.072829598738862	0.07222895803169795	-0.06487704254920283	0.0667339823494754	-0.05542644772551029	0.1050542022621273	-0.07692107645678531	0.08030448774392285	-0.11256960714547083	0.10657868573414365	-0.10154183101794025	0.09324760518614532	-0.11433807215857499	0.11046964451101492	-0.18878342697517614	0.13814569558448225	-0.14042956793125738	0.24330156795941046	-0.3114119845568416	0.17954824070927417	-0.11756728728681783	0.1295300974456979	-0.5996634984741356	0.9999999999999928	-0.37904199418319023	0.09235900882087258	-0.1888404480273458	0.2620308231730525	-0.4843222732942898	0.2583517211861669	-0.09045979550159179	0.15245838357154698	-0.20794735739134496	0.17410110843430762	-0.18429744354479957	0.15064008261472975	-0.11344200142899463	0.2021321801672459	-0.15680587816232908	0.17021188637451617
-0.06806998671824854	0.05339849234736762	-0.06438239244365322	0.048196793595578935	-0.054262046136197534	0.06306052092024471	-0.0623593043478878	0.055618083502613457	-0.05793561761098948	0.04866313019702414	-0.0916426123235466	0.06546882699112212	-0.06829515583729456	0.0933782574548978	-0.09520226412262445	0.08458865866753006	-0.07742283464167204	0.08800343601711325	-0.08690763678456535	0.16305256250311684	-0.12067648098838198	0.11318697548331098	-0.1611231585547816	0.15545872029115881	-0.19208397033954358	0.10073456983100237	-0.10816220971021005	0.2248845288248517	-0.37904199418319023	0.9999999999999872	-0.08175774990167209	0.14978667411722826	-0.2074329971276989	0.29443999318714115	-0.7820428845632674	0.0798504357994468	-0.1417702904065216	0.1649521298890811	-0.15441994851439522	0.15649403561755185	-0.13996812596948532	0.10329135079843527	-0.190056358511361	0.13667378659451476	-0.16490747406511405
0.071665673661103	-0.05737860325200691	0.066894062329401	-0.05011177645822792	0.05494237845990755	-0.06933964136470432	0.06766395491101145	-0.05863011474362035	0.05963420600415495	-0.04956610164864182	0.09885697248854733	-0.07353334624926638	0.07141923646925263	-0.09623691724012642	0.09369335563841234	-0.11442649566103008	0.09708946005353966	-0.08199891356843528	0.0754852581621968	-0.0922561448535431	0.2256154708623175	-0.17767329264167395	0.08987457445011462	-0.08026661365179218	0.07500078970909306	-0.4737602198865462	0.19083301954620494	-0.12113071246316622	0.09235900882087258	-0.08175774990167209	0.9999999999999948	-0.2566415939684046	0.12383510740347611	-0.10589171906657775	0.0695544279103518	-0.7381465376256902	0.15253972767958537	-0.1256675014355768	0.07988239934186278	-0.09483399990521327	0.26682299806192655	-0.14446642394948667	0.13740480205771	-0.09563371170653637	0.10312095978443196
-0.1219337666216763	0.09572812519326258	-0.11362791809416513	0.08416812700166974	-0.09365267908642612	0.11382932151392207	-0.11379058544832381	0.09745124453995298	-0.10087838991237753	0.08362853414618694	-0.16885479541784715	0.12082198658757744	-0.1197286573074683	0.15387310538048374	-0.16074509730646874	0.16965843229519773	-0.16011344112719852	0.13405900016098685	-0.12775542749706803	0.15209190732667788	-0.30594673473108935	0.2843872067187459	-0.16959406200537583	0.14284521432407513	-0.13566407353112914	0.2680532082326086	-0.5512310971562813	0.2283593850274725	-0.1888404480273458	0.14978667411722826	-0.2566415939684046	0.9999999999999895	-0.406308061474777	0.20807992980320786	-0.14003557890325455	0.19891046974172702	-0.26541225205461705	0.2450853596179661	-0.15383140098277173	0.1661857470712246	-0.31025942363354025	0.18948140800604107	-0.27371147868076695	0.16924442488986247	-0.2009205309797628
0.08305242478008984	-0.06558596814120832	0.07819858763374919	-0.05852560448536821	0.06532866465598129	-0.07800990269803201	0.07689691464679695	-0.06785836882949291	0.0701123996422393	-0.05866330072064623	0.11272182365228899	-0.08172965858043592	0.08310273182870744	-0.11295017445301041	0.11344777265412997	-0.11137233071280571	0.10111554507827722	-0.10355980411449657	0.09838347961506756	-0.14790122206165376	0.16647365965482602	-0.17071788324195558	0.1710556839286688	-0.15416913282485745	0.13176011641861393	-0.15303189744591406	0.18611003592937947	-0.4393633866131398	0.2620308231730525	-0.2074329971276989	0.12383510740347611	-0.406308061474777	0.9999999999999865	-0.42633036911056454	0.19140593904923053	-0.11916018609232028	0.20515943256870947	-0.5381571724675964	0.20298328897423848	-0.20518454757479954	0.18874695723445997	-0.15474242285637904	0.2765021356487742	-0.1862601204554618	0.19422323239088585
-0.08166283186222126	0.06402941163522609	-0.07702929590341977	0.05760988744873798	-0.06486543301313262	0.07579551011179647	-0.0748442018597203	0.0664044816006731	-0.06915858290613985	0.05809428045569597	-0.11018300153042518	0.07864029619737153	-0.08136737304091593	0.11037048242902753	-0.11355525201198284	0.10287526109246146	-0.09394548097939144	0.10206533425763668	-0.09963681363629412	0.15493083306525926	-0.15126092842573305	0.14211830691230598	-0.18340526829631554	0.17078246953371107	-0.15369556757000427	0.1288695344216654	-0.14392540513127616	0.29060114608557697	-0.4843222732942898	0.29443999318714115	-0.10589171906657775	0.20807992980320786	-0.42633036911056454	0.9999999999999851	-0.47081465733539524	0.10282263835884177	-0.18796225691373908	0.24973535217025056	-0.31822065171389785	0.23265186457476839	-0.1787959599226314	0.13688038457679189	-0.26174935238206987	0.1969579514924923	-0.22242058377234836
0.05672337728770966	-0.04471580129529441	0.05368869329354172	-0.04027808213072726	0.04512763444330395	-0.05294314117974143	0.05219374470224465	-0.04665863235903324	0.048358321149036834	-0.04058557178527187	0.07638526697191869	-0.05511215748341458	0.05723888234633357	-0.07928426262910077	0.07893656588246553	-0.07221753477733783	0.0656269697129306	-0.07468344605690337	0.07257354132724865	-0.14301202954996342	0.10134531075488612	-0.09879482116080066	0.13058273423331546	-0.13117407724237784	0.1379901498896068	-0.08715936162174331	0.0939777197807183	-0.2140001625451463	0.2583517211861669	-0.7820428845632674	0.0695544279103518	-0.14003557890325455	0.19140593904923053	-0.47081465733539524	0.9999999999999867	-0.06843481022000375	0.11879737954310653	-0.16025809571838678	0.15829864188343382	-0.1748392126768391	0.11591149595676636	-0.08828661151255694	0.16072490997081712	-0.13180576368365804	0.14437575198088243
-0.0719310902415964	0.05705989113329825	-0.067045989027539	0.050106105833725816	-0.05543313069577259	0.06873059491048308	-0.06720934267153353	0.05819389827500843	-0.059691414718646446	0.049817972741067994	-0.09904068989279571	0.07207462301756268	-0.07079028870088756	0.09452008738488081	-0.0951079066355706	0.10769452039491531	-0.0929828634270967	0.07941387909885084	-0.07388587110172028	0.08997058841105972	-0.22749423850528763	0.15700468823417565	-0.0873756426649073	0.07767904032239413	-0.07382129494242048	0.2648370115938285	-0.16826847344168672	0.1165298119950031	-0.09045979550159179	0.0798504357994468	-0.7381465376256902	0.19891046974172702	-0.11916018609232028	0.10282263835884177	-0.06843481022000375	0.9999999999999841	-0.19342644646564977	0.12784587991041507	-0.08102432091557449	0.095836721621528	-0.48606190567647145	0.1753861494191487	-0.15211036362838015	0.09890965725377016	-0.10826665980905904
0.08978526836091721	-0.07151849388025454	0.0844983444596886	-0.06393942550372718	0.07146680465055498	-0.08645767060820575	0.08281090922524308	-0.07385858959518067	0.07589861018742372	-0.06451340979530837	0.12014022003863682	-0.08843683170787041	0.08892581102206591	-0.1256941533544825	0.12489407856461368	-0.12418711790033457	0.10621822524747755	-0.10442812276096894	0.0966712232513363	-0.141591793706825	0.1732882385391913	-0.17957318033358052	0.12837167143993963	-0.11939282421010838	0.1122550860180431	-0.1982938933217281	0.1621737888907228	-0.20695812322774365	0.15245838357154698	-0.1417702904065216	0.15253972767958537	-0.26541225205461705	0.20515943256870947	-0.18796225691373908	0.11879737954310653	-0.19342644646564977	0.9999999999999837	-0.3347384748603664	0.15711901577660256	-0.18873896454015351	0.2916642540911757	-0.722908925952482	0.28426302432365386	-0.1906650796474187	0.17830084818629457
-0.08650332410447688	0.06787193089229168	-0.08130571651023098	0.06094104951116283	-0.0687848495220523	0.08090611050656106	-0.07909742008394681	0.06995834040915373	-0.07282611707051921	0.06160708854852582	-0.11644828850328713	0.08319538885212362	-0.08496500725917384	0.11546121176753103	-0.12063773330440455	0.11094402096135816	-0.0993781120309166	0.10027933390168621	-0.09571327196601014	0.13872090341320825	-0.1659959223260692	0.15701846829239924	-0.1484874008610937	0.1309596703968341	-0.12297331959587059	0.15176552935243556	-0.16264563229275425	0.2474870029128146	-0.20794735739134496	0.1649521298890811	-0.1256675014355768	0.2450853596179661	-0.5381571724675964	0.24973535217025056	-0.16025809571838678	0.12784587991041507	-0.3347384748603664	0.999999999999983	-0.30073960247268383	0.2372653788306439	-0.22337042583061323	0.22241445261818937	-0.5594561341546044	0.2376706926691093	-0.2548629173670355
0.06110006782911711	-0.04788371152407881	0.05753866391347938	-0.043188044485019325	0.04892149294853802	-0.05699390784840268	0.05564845510625548	-0.049485779930735246	0.05162004177524301	-0.04381538202445816	0.08186017851339049	-0.05837925400643224	0.060035877331304076	-0.08220216487700187	0.0862029458487227	-0.0766291341829014	0.06852174331823647	-0.07176139459154961	0.06867191073834038	-0.10527506742079869	0.11048732163634818	-0.10559736818110704	0.1083471118659462	-0.1005524002818996	0.0940341416333963	-0.09907376582863625	0.10163654128308246	-0.17795227358714513	0.17410110843430762	-0.15441994851439522	0.07988239934186278	-0.15383140098277173	0.20298328897423848	-0.31822065171389785	0.15829864188343382	-0.08102432091557449	0.15711901577660256	-0.30073960247268383	0.9999999999999825	-0.7271938289715649	0.13945448772004224	-0.12019486958279582	0.24670220046248675	-0.4304137516647002	0.2974749390860707
-0.07432475311652716	0.057904643405531364	-0.06989695809724458	0.05240802328383037	-0.05983175744335755	0.06882677465673849	-0.06717960428396128	0.05965887500604287	-0.06262098859853288	0.053425456670156836	-0.09929415623850878	0.06997583200273663	-0.0721566301477064	0.09784192265219335	-0.10605044521728345	0.0903965948446823	-0.08083457166091218	0.08359191084529333	-0.08036397327599268	0.11831084711864429	-0.13190966430464746	0.12139709016317289	-0.12155806738468909	0.10963461254369905	-0.10745410645266265	0.11573440216791098	-0.11595307203132367	0.1800328829184133	-0.18429744354479957	0.15649403561755185	-0.09483399990521327	0.1661857470712246	-0.20518454757479954	0.23265186457476839	-0.1748392126768391	0.095836721621528	-0.18873896454015351	0.2372653788306439	-0.7271938289715649	0.9999999999999832	-0.17153217741828278	0.13937762683448318	-0.28874894128449435	0.30352033173657733	-0.45358109323954715
0.10679469375625739	-0.08550355455529088	0.10031119874183926	-0.07595586206133342	0.08434988385538075	-0.1038787936631677	0.09914834792942069	-0.08806586156035967	0.08999958638264487	-0.07628822954919118	0.14350869994042112	-0.10667605148024822	0.1059455387655853	-0.14973211877823656	0.14652030346811795	-0.1556833407713117	0.13066490580348772	-0.12280081690141857	0.11260370643083242	-0.15502541418398286	0.22858897223170976	-0.2275727564567483	0.13830764282394764	-0.12796443878331348	0.1209205182977051	-0.31151192811656003	0.20421319749394376	-0.20277613054389876	0.15064008261472975	-0.13996812596948532	0.26682299806192655	-0.31025942363354025	0.18874695723445997	-0.1787959599226314	0.11591149595676636	-0.48606190567647145	0.2916642540911757	-0.22337042583061323	0.13945448772004224	-0.17153217741828278	0.9999999999999836	-0.48300363304970484	0.2414204465401874	-0.17430933418542346	0.17154915127809642
-0.06845833661107067	0.054316660323943285	-0.0643077744469476	0.04851444972040264	-0.05431630080151351	0.06550426108704877	-0.06304819365027389	0.055950954407078334	-0.05765867660386978	0.04892363679657159	-0.09194190189723933	0.06712017319976146	-0.06746972474845966	0.09405729836718377	-0.09486883925572716	0.09407544944106525	-0.0809345821080914	0.07827288958160226	-0.07282003708639431	0.10356971802008928	-0.14136534850015742	0.13455200257075958	-0.09602338980272271	0.08818550682024423	-0.08361181612437303	0.15644511562914115	-0.12518349540022622	0.1492577607079464	-0.11344200142899463	0.10329135079843527	-0.14446642394948667	0.18948140800604107	-0.15474242285637904	0.13688038457679189	-0.08828661151255694	0.1753861494191487	-0.722908925952482	0.22241445261818937	-0.12019486958279582	0.13937762683448318	-0.48300363304970484	0.9999999999999847	-0.35514098201001054	0.1529056093354957	-0.14781279336904063
0.09724639543598429	-0.07708404571183146	0.09165604846248725	-0.069219616065616	0.07768466658624572	-0.09262777448329607	0.08930742220691884	-0.0798088714973586	0.08238721707042045	-0.06999798145131213	0.12999233550463682	-0.09479096923976002	0.09638335989936192	-0.13563490350725244	0.13619697667659203	-0.12883359062296454	0.11246162163940213	-0.11551875789278133	0.1081046826705252	-0.1688991224746798	0.1778743982366447	-0.18327438866638285	0.15633055809780566	-0.14640863709603555	0.13653739877595678	-0.17849110415592806	0.16798994565477807	-0.27592379548168616	0.2021321801672459	-0.190056358511361	0.13740480205771	-0.27371147868076695	0.2765021356487742	-0.26174935238206987	0.16072490997081712	-0.15211036362838015	0.28426302432365386	-0.5594561341546044	0.24670220046248675	-0.28874894128449435	0.2414204465401874	-0.35514098201001054	0.9999999999999848	-0.39629326860139114	0.2721055616277338
