0.9999999999999999	-0.7902755237209839	0.17445042093904706	-0.10583622770064885	0.08045270562829895	-0.15280810833523742	0.3046877551689866	-0.253306194294768	0.14329175119026394	-0.09053679165649663	0.12789008906293314	-0.237584995498996	0.16735284612773624	-0.10931990429651005	0.09447164069883343	-0.22111232044947204	0.17873224366705792	-0.17135453891157632	0.11213117373821592	-0.11347265557207506	0.14837899838531665	-0.16950463635760668	0.14172114585830933	-0.12351284693713357	0.09360624357612471	-0.18877238884087844	0.10820960187751795	-0.14979205114606878	0.09806298176558816	-0.09625040625179751
-0.7902755237209839	0.9999999999999998	-0.14974344095372416	0.08450747272081514	-0.06272773694004989	0.11716307015802302	-0.5027124956161851	0.19520201405258378	-0.11669278609695867	0.06880147305486983	-0.10611807179359445	0.17547732052837314	-0.13207794050084887	0.08036988945499028	-0.07058014554527241	0.14585569470509674	-0.13760321380470578	0.12299994816466105	-0.0815016847714134	0.08047444944037671	-0.10253481050746059	0.114605350836799	-0.09970381563695589	0.08397100403088964	-0.06477215172809321	0.12256575467573068	-0.07207910874083458	0.09902010159488465	-0.0667469651551694	0.06485634936509226
0.17445042093904706	-0.14974344095372416	1.0000000000000002	-0.5513196950387879	0.233994354924548	-0.1267023791853183	0.21431179933215286	-0.30803565317787845	0.31821115342603457	-0.2930771260637167	0.11907255888744493	-0.2389077290137374	0.2104673739351846	-0.19750593836928432	0.16504527942670064	-0.2969610857053495	0.21855504003072915	-0.2337690137704084	0.1711201103733116	-0.1827567162620051	0.20511704384416157	-0.23915571436865016	0.2012621140658517	-0.18929233940885	0.14256502194546478	-0.2998097869499649	0.16632536166677517	-0.233259646073095	0.14970453475127993	-0.149905892993221
-0.10583622770064885	0.08450747272081514	-0.5513196950387879	1.0000000000000002	-0.3930129806368603	0.06806745614694153	-0.13740910897309724	0.1991415352751003	-0.6351408254763259	0.27106548210005565	-0.06577172668704913	0.13261924036747488	-0.1359209861930853	0.14804370391066998	-0.13135244267400756	0.1431209087691351	-0.12378394346653888	0.130814377577689	-0.10759171308248053	0.1098720855803134	-0.10429974467323207	0.12018666092584022	-0.10727653314972678	0.09765676990798236	-0.07657560349594317	0.1395966059887415	-0.08085081090102968	0.1123295393565932	-0.07676465112094896	0.07588515558528627
0.08045270562829895	-0.06272773694004989	0.233994354924548	-0.3930129806368603	1.0000000000000007	-0.05296167830080363	0.10188582691059787	-0.14215778860443887	0.2444098542288533	-0.845284007788526	0.05127650333505437	-0.10427391537765242	0.10333971745762648	-0.14234423240234703	0.13439964081864897	-0.11304630411051465	0.098177940322423	-0.10520136315055274	0.09378188853618542	-0.1019455643013255	0.08324074624373272	-0.09611934954374034	0.08615922769047285	-0.08058918023769868	0.0641373163895118	-0.11076957834266819	0.06467611874611552	-0.08987367145384938	0.06285806187100595	-0.0624825478132033
-0.15280810833523742	0.11716307015802302	-0.1267023791853183	0.06806745614694153	-0.05296167830080363	1.0000000000000004	-0.238048932673822	0.13585360391038878	-0.09887513525288967	0.05552602274687496	-0.9139023766973091	0.1725893507583442	-0.11535581426858042	0.06774975910869449	-0.06138628904099164	0.1690628493149494	-0.15021158539808938	0.10692799731203623	-0.07173235902662635	0.06821196402349272	-0.12256667069201356	0.10398754184888163	-0.09163736510611233	0.07130099935384294	-0.056572273869028376	0.09954835702462823	-0.06176447430719734	0.08182906220631539	-0.057680166324620565	0.054387573288202394
0.3046877551689866	-0.5027124956161851	0.21431179933215286	-0.13740910897309724	0.10188582691059787	-0.238048932673822	0.9999999999999993	-0.47404079856567266	0.19397716161306672	-0.11381543529712872	0.18491355399101797	-0.3870292737105445	0.25017179336812806	-0.14227160201804848	0.12226982852606134	-0.25504475645267005	0.24291998409633933	-0.2293819505099694	0.1428460183490465	-0.14191429875365025	0.17596961999222718	-0.20128529396382927	0.17441377461858978	-0.14533982985252872	0.11139303728203657	-0.20792084702636593	0.12308531809698263	-0.16980398656705406	0.11451079237108522	-0.11133764655081324
-0.253306194294768	0.19520201405258378	-0.30803565317787845	0.1991415352751003	-0.14215778860443887	0.13585360391038878	-0.47404079856567266	0.9999999999999984	-0.3821556605759814	0.14733072896814695	-0.13774329162891522	0.2804086288356604	-0.5425805818934354	0.18121174616843697	-0.16323328818799	0.20872034516088772	-0.2599845009250334	0.26214853449921616	-0.17440367102576745	0.15785495239436964	-0.1678644077936668	0.1876501516429075	-0.19275344816990156	0.14397569957355882	-0.11611429011668022	0.18042080991704443	-0.11482467173629438	0.15552303251647603	-0.11398093850315452	0.10773740608302472
0.14329175119026394	-0.11669278609695867	0.31821115342603457	-0.6351408254763259	0.2444098542288533	-0.09887513525288967	0.19397716161306672	-0.3821556605759814	0.9999999999999986	-0.3107306737317069	0.09448186979914948	-0.19977876822996302	0.20601548970435637	-0.2542714480423239	0.1833324021821255	-0.20838962735728073	0.1792181850758517	-0.19973707407977737	0.15633811569419476	-0.1630613507422108	0.15062087183339956	-0.1764361094995852	0.15666847108387832	-0.1429967270638473	0.11085297230854338	-0.20322589016234927	0.11751602215418058	-0.1642081490838462	0.11144472773542921	-0.11067881586004771
-0.09053679165649663	0.06880147305486983	-0.2930771260637167	0.27106548210005565	-0.845284007788526	0.05552602274687496	-0.11381543529712872	0.14733072896814695	-0.3107306737317069	0.9999999999999973	-0.054567482487146116	0.10878384099408349	-0.11242512473903518	0.15401313461385252	-0.17819601803338733	0.11346704773238465	-0.10520749772716616	0.10974367632203198	-0.10500148843465983	0.10979452902893862	-0.08590940441365254	0.09774977688534942	-0.08998359480921109	0.08304772690486098	-0.0678297373165279	0.10949105565720985	-0.06526758663228727	0.09001977264232938	-0.06503995546857372	0.06403765767075294
0.12789008906293314	-0.10611807179359445	0.11907255888744493	-0.06577172668704913	0.05127650333505437	-0.9139023766973091	0.18491355399101797	-0.13774329162891522	0.09448186979914948	-0.054567482487146116	0.9999999999999967	-0.20696873829122708	0.11632819733216652	-0.0686480453308986	0.06132068468683751	-0.21201485497032166	0.15117450226822202	-0.1116111721708354	0.07278305637025535	-0.07020054666040097	0.1260237847304486	-0.11080244271008045	0.09439848125863143	-0.07448958381000642	0.05829275974696013	-0.10637230587866288	0.06492365911561043	-0.08669194807958958	0.059908252893419764	-0.05688536587791136
-0.237584995498996	0.17547732052837314	-0.2389077290137374	0.13261924036747488	-0.10427391537765242	0.1725893507583442	-0.3870292737105445	0.2804086288356604	-0.19977876822996302	0.10878384099408349	-0.20696873829122708	0.9999999999999966	-0.4453913788998902	0.15539258495438873	-0.14222444656532107	0.244395635374774	-0.618883358788523	0.27972659426144086	-0.16888044661216925	0.15191599410594414	-0.1945394627698769	0.20889878303601825	-0.20342457119068452	0.14470927806689493	-0.11643717156633866	0.17807673201717794	-0.1167545715364229	0.15591514702995746	-0.1150349265861714	0.10720462873530497
0.16735284612773624	-0.13207794050084887	0.2104673739351846	-0.1359209861930853	0.10333971745762648	-0.11535581426858042	0.25017179336812806	-0.5425805818934354	0.20601548970435637	-0.11242512473903518	0.11632819733216652	-0.4453913788998902	0.999999999999997	-0.23100354779423077	0.17152826749717476	-0.2002059337948396	0.2811902944299439	-0.5302026182127982	0.19831452885412115	-0.18604779526709506	0.1627676787570277	-0.20735453567171128	0.21557252715257916	-0.15363941819361326	0.11953559493133581	-0.1711068488003964	0.11318291916873172	-0.15825760482053147	0.11561011262442122	-0.10980720739234834
-0.10931990429651005	0.08036988945499028	-0.19750593836928432	0.14804370391066998	-0.14234423240234703	0.06774975910869449	-0.14227160201804848	0.18121174616843697	-0.2542714480423239	0.15401313461385252	-0.0686480453308986	0.15539258495438873	-0.23100354779423077	0.9999999999999928	-0.8028298230280926	0.1334530723459242	-0.15836954588762386	0.18786506271269257	-0.31865173046881246	0.2676980740344635	-0.11214527204771303	0.1303126472113117	-0.13663482329143106	0.1331073754094179	-0.11976159757636136	0.12608130250005367	-0.08349366339366565	0.11448410425578995	-0.09966200946662362	0.09713073226043352
0.09447164069883343	-0.07058014554527241	0.16504527942670064	-0.13135244267400756	0.13439964081864897	-0.06138628904099164	0.12226982852606134	-0.16323328818799	0.1833324021821255	-0.17819601803338733	0.06132068468683751	-0.14222444656532107	0.17152826749717476	-0.8028298230280926	0.9999999999999952	-0.12543789994268165	0.1381663236539735	-0.17583972782613827	0.25641070720470127	-0.40974171486933986	0.1031833999727098	-0.12365810215942967	0.12491872958183844	-0.13186286482214096	0.1175513658082341	-0.12180089975669164	0.07932622782536784	-0.11062572755024391	0.09502188486718932	-0.09817698322461846
-0.22111232044947204	0.14585569470509674	-0.2969610857053495	0.1431209087691351	-0.11304630411051465	0.1690628493149494	-0.25504475645267005	0.20872034516088772	-0.20838962735728073	0.11346704773238465	-0.21201485497032166	0.244395635374774	-0.2002059337948396	0.1334530723459242	-0.12543789994268165	0.9999999999999953	-0.3951385270870212	0.21781182727745366	-0.15196770479707558	0.13931121704898963	-0.6552671741155044	0.27942093959614006	-0.2336563769709879	0.1583858797324093	-0.12944930797367002	0.2268055909830757	-0.15087915381951442	0.18264522740499178	-0.1334308614522534	0.11954565843408861
0.17873224366705792	-0.13760321380470578	0.21855504003072915	-0.12378394346653888	0.098177940322423	-0.15021158539808938	0.24291998409633933	-0.2599845009250334	0.1792181850758517	-0.10520749772716616	0.15117450226822202	-0.618883358788523	0.2811902944299439	-0.15836954588762386	0.1381663236539735	-0.3951385270870212	0.9999999999999962	-0.4149966999320222	0.18419628025181004	-0.17853520527946276	0.24193253242307694	-0.3091277401186884	0.24155022484483563	-0.17524777758300253	0.13395004563687815	-0.21853670839384925	0.14118691388586221	-0.19250981744672396	0.13495895669012345	-0.12777333825255632
-0.17135453891157632	0.12299994816466105	-0.2337690137704084	0.130814377577689	-0.10520136315055274	0.10692799731203623	-0.2293819505099694	0.26214853449921616	-0.19973707407977737	0.10974367632203198	-0.1116111721708354	0.27972659426144086	-0.5302026182127982	0.18786506271269257	-0.17583972782613827	0.21781182727745366	-0.4149966999320222	0.9999999999999951	-0.3499851984351757	0.22415689295368482	-0.20263227424771987	0.2545113875451102	-0.4341248801860424	0.1944434520281998	-0.15531241027675266	0.18795939013991936	-0.1386318481913973	0.1891338811008722	-0.1476070116458308	0.13214477143749476
0.11213117373821592	-0.0815016847714134	0.1711201103733116	-0.10759171308248053	0.09378188853618542	-0.07173235902662635	0.1428460183490465	-0.17440367102576745	0.15633811569419476	-0.10500148843465983	0.07278305637025535	-0.16888044661216925	0.19831452885412115	-0.31865173046881246	0.25641070720470127	-0.15196770479707558	0.18419628025181004	-0.3499851984351757	0.9999999999999937	-0.7520367161039684	0.13404166352016825	-0.1691524763519653	0.18864499578207525	-0.25233797849622785	0.1910056367376	-0.15017646054060635	0.10551702829671941	-0.14950485686595533	0.14729533204404882	-0.151502049738112
-0.11347265557207506	0.08047444944037671	-0.1827567162620051	0.1098720855803134	-0.1019455643013255	0.06821196402349272	-0.14191429875365025	0.15785495239436964	-0.1630613507422108	0.10979452902893862	-0.07020054666040097	0.15191599410594414	-0.18604779526709506	0.2676980740344635	-0.40974171486933986	0.13931121704898963	-0.17853520527946276	0.22415689295368482	-0.7520367161039684	0.9999999999999936	-0.12709974996032325	0.1480793330339307	-0.17128886987154146	0.20202943202466273	-0.23664040864876543	0.13625507837935005	-0.09838685620016677	0.13457587370575086	-0.144999978271836	0.14789855248619196
0.14837899838531665	-0.10253481050746059	0.20511704384416157	-0.10429974467323207	0.08324074624373272	-0.12256667069201356	0.17596961999222718	-0.1678644077936668	0.15062087183339956	-0.08590940441365254	0.1260237847304486	-0.1945394627698769	0.1627676787570277	-0.11214527204771303	0.1031833999727098	-0.6552671741155044	0.24193253242307694	-0.20263227424771987	0.13404166352016825	-0.12709974996032325	0.9999999999999936	-0.5111325483741449	0.2510684043221859	-0.17313972257945096	0.13064538565111308	-0.32658383077692227	0.18337564641990017	-0.2238309594886565	0.14258648886417144	-0.12940622302196764
-0.16950463635760668	0.114605350836799	-0.23915571436865016	0.12018666092584022	-0.09611934954374034	0.10398754184888163	-0.20128529396382927	0.1876501516429075	-0.1764361094995852	0.09774977688534942	-0.11080244271008045	0.20889878303601825	-0.20735453567171128	0.1303126472113117	-0.12365810215942967	0.27942093959614006	-0.3091277401186884	0.2545113875451102	-0.1691524763519653	0.1480793330339307	-0.5111325483741449	0.9999999999999937	-0.601516946205742	0.20735964025229173	-0.16788078878711368	0.2376134581578368	-0.2111611068684402	0.23436492320626082	-0.1747471013410262	0.1442943105323658
0.14172114585830933	-0.09970381563695589	0.2012621140658517	-0.10727653314972678	0.08615922769047285	-0.09163736510611233	0.17441377461858978	-0.19275344816990156	0.15666847108387832	-0.08998359480921109	0.09439848125863143	-0.20342457119068452	0.21557252715257916	-0.13663482329143106	0.12491872958183844	-0.2336563769709879	0.24155022484483563	-0.4341248801860424	0.18864499578207525	-0.17128886987154146	0.2510684043221859	-0.601516946205742	0.9999999999999944	-0.3324114499853992	0.19370376562279257	-0.25247774074159385	0.20390395101073622	-0.35633515012410183	0.20578786908627328	-0.17654810554282735
-0.12351284693713357	0.08397100403088964	-0.18929233940885	0.09765676990798236	-0.08058918023769868	0.07130099935384294	-0.14533982985252872	0.14397569957355882	-0.1429967270638473	0.08304772690486098	-0.07448958381000642	0.14470927806689493	-0.15363941819361326	0.1331073754094179	-0.13186286482214096	0.1583858797324093	-0.17524777758300253	0.1944434520281998	-0.25233797849622785	0.20202943202466273	-0.17313972257945096	0.20735964025229173	-0.3324114499853992	0.9999999999999948	-0.6147894910152601	0.18742578627577297	-0.16875500817614392	0.23300844072339671	-0.49651330695146945	0.31449604126300884
0.09360624357612471	-0.06477215172809321	0.14256502194546478	-0.07657560349594317	0.0641373163895118	-0.056572273869028376	0.11139303728203657	-0.11611429011668022	0.11085297230854338	-0.0678297373165279	0.05829275974696013	-0.11643717156633866	0.11953559493133581	-0.11976159757636136	0.1175513658082341	-0.12944930797367002	0.13395004563687815	-0.15531241027675266	0.1910056367376	-0.23664040864876543	0.13064538565111308	-0.16788078878711368	0.19370376562279257	-0.6147894910152601	0.9999999999999937	-0.16684765465349358	0.13342718778353793	-0.20162528996011725	0.3117348926126814	-0.6217930509119443
-0.18877238884087844	0.12256575467573068	-0.2998097869499649	0.1395966059887415	-0.11076957834266819	0.09954835702462823	-0.20792084702636593	0.18042080991704443	-0.20322589016234927	0.10949105565720985	-0.10637230587866288	0.17807673201717794	-0.1711068488003964	0.12608130250005367	-0.12180089975669164	0.2268055909830757	-0.21853670839384925	0.18795939013991936	-0.15017646054060635	0.13625507837935005	-0.32658383077692227	0.2376134581578368	-0.25247774074159385	0.18742578627577297	-0.16684765465349358	0.9999999999999938	-0.6597265154452001	0.30860148441140745	-0.21300411770285665	0.15669018576550003
0.10820960187751795	-0.07207910874083458	0.16632536166677517	-0.08085081090102968	0.06467611874611552	-0.06176447430719734	0.12308531809698263	-0.11482467173629438	0.11751602215418058	-0.06526758663228727	0.06492365911561043	-0.1167545715364229	0.11318291916873172	-0.08349366339366565	0.07932622782536784	-0.15087915381951442	0.14118691388586221	-0.1386318481913973	0.10551702829671941	-0.09838685620016677	0.18337564641990017	-0.2111611068684402	0.20390395101073622	-0.16875500817614392	0.13342718778353793	-0.6597265154452001	0.9999999999999947	-0.6216464880767519	0.19295076300043723	-0.15338484077570824
-0.14979205114606878	0.09902010159488465	-0.233259646073095	0.1123295393565932	-0.08987367145384938	0.08182906220631539	-0.16980398656705406	0.15552303251647603	-0.1642081490838462	0.09001977264232938	-0.08669194807958958	0.15591514702995746	-0.15825760482053147	0.11448410425578995	-0.11062572755024391	0.18264522740499178	-0.19250981744672396	0.1891338811008722	-0.14950485686595533	0.13457587370575086	-0.2238309594886565	0.23436492320626082	-0.35633515012410183	0.23300844072339671	-0.20162528996011725	0.30860148441140745	-0.6216464880767519	0.9999999999999953	-0.3951661688136398	0.2116809427672024
0.09806298176558816	-0.0667469651551694	0.14970453475127993	-0.07676465112094896	0.06285806187100595	-0.057680166324620565	0.11451079237108522	-0.11398093850315452	0.11144472773542921	-0.06503995546857372	0.059908252893419764	-0.1150349265861714	0.11561011262442122	-0.09966200946662362	0.09502188486718932	-0.1334308614522534	0.13495895669012345	-0.1476070116458308	0.14729533204404882	-0.144999978271836	0.14258648886417144	-0.1747471013410262	0.20578786908627328	-0.49651330695146945	0.3117348926126814	-0.21300411770285665	0.19295076300043723	-0.3951661688136398	0.9999999999999954	-0.6420574828746607
-0.09625040625179751	0.06485634936509226	-0.149905892993221	0.07588515558528627	-0.0624825478132033	0.054387573288202394	-0.11133764655081324	0.10773740608302472	-0.11067881586004771	0.06403765767075294	-0.05688536587791136	0.10720462873530497	-0.10980720739234834	0.09713073226043352	-0.09817698322461846	0.11954565843408861	-0.12777333825255632	0.13214477143749476	-0.151502049738112	0.14789855248619196	-0.12940622302196764	0.1442943105323658	-0.17654810554282735	0.31449604126300884	-0.6217930509119443	0.15669018576550003	-0.15338484077570824	0.2116809427672024	-0.6420574828746607	0.9999999999999956
