0.9999999999999998	-0.7876016195849433	0.2810043576798332	-0.1527861993414038	0.13704191339446958	-0.2907013233499115	0.25524987644376934	-0.2101825945615171	0.15860706130055835	-0.2459229948767273	0.1946802610872708	-0.22646855434358393	0.15617315429078954	-0.15387200389008435	0.12849495434943198	-0.14411582508928744	0.12320778466853183	-0.16497335213150052	0.05453009296651396	-0.07359374313714503	0.08168099876392802	-0.09771610372988654	0.10298974371401268	-0.07284515981536509	0.06606522258353241	-0.0758756412557749	0.08156104892269588	-0.10207546122713095	0.10003934724795265	-0.12259524107902725
-0.7876016195849433	1.0	-0.4167253380024448	0.1369821047221102	-0.12623046148627518	0.21985318515244173	-0.3209517115828676	0.18241313478336318	-0.1421676022861376	0.1849067146536742	-0.17241341950104802	0.17966822026008653	-0.13078784073360444	0.12239621097572496	-0.10500162534812911	0.11189910186340815	-0.09907197543197997	0.12810037038938063	-0.04131623297426272	0.05495021362055417	-0.06466916282522525	0.0757507222944059	-0.08035719437026442	0.054765943201317294	-0.049896014755131626	0.05870760279647408	-0.0643765247774903	0.07786619285680957	-0.07728892090964928	0.09059592699970262
0.2810043576798332	-0.4167253380024448	0.9999999999999997	-0.37766008473904117	0.25943010577002557	-0.2125130541817474	0.23014803011260274	-0.39966441324313984	0.27148378459612743	-0.43186891629692753	0.20233272794346932	-0.2540811403157367	0.21305931259850042	-0.2640619992048423	0.21443382072050635	-0.16856850945748264	0.14988774372408686	-0.21988906806571412	0.075345973111359	-0.10092171226662178	0.09972877358492088	-0.12153989132379138	0.1351094811207959	-0.09765093848568353	0.08852933369518465	-0.09279804139447552	0.10160717489322908	-0.1338929189658867	0.13242463181105057	-0.1626892254181574
-0.1527861993414038	0.1369821047221102	-0.37766008473904117	0.9999999999999998	-0.7792862983810643	0.10613834581682077	-0.1260610173261442	0.21947133460358736	-0.34472006861101573	0.27365073414089774	-0.11247462083451999	0.1283070143708	-0.1245300571073176	0.18636650173218858	-0.1764455890961309	0.08500986459591829	-0.07921906408053998	0.11286559611965774	-0.04001216850682102	0.05125920108430021	-0.05209370636003128	0.06193855033801612	-0.0709050122908952	0.04903935167604242	-0.04489231380810762	0.04705531812758645	-0.05322192192698963	0.06752832638017026	-0.06927240506331933	0.0779682837652456
0.13704191339446958	-0.12623046148627518	0.25943010577002557	-0.7792862983810643	0.9999999999999988	-0.10557631735613168	0.11974998983735057	-0.21434330158945733	0.2356190785709269	-0.44680995639434723	0.11220808474066951	-0.13305762270851293	0.1232631563217803	-0.2155602158788135	0.19013151385619592	-0.08897569708183417	0.08178408575122627	-0.1184121172891885	0.04377301649808305	-0.05648527541299836	0.05431417768826598	-0.06520488184057605	0.07438838506432127	-0.05315345159782829	0.0485072704047217	-0.04952963549441372	0.055589070771238897	-0.07188747432116205	0.07351581323223419	-0.08480295506890637
-0.2907013233499115	0.21985318515244173	-0.2125130541817474	0.10613834581682077	-0.10557631735613168	0.9999999999999989	-0.7051851990993178	0.19500536978972752	-0.1522790147445191	0.14456619295608514	-0.5134043239910712	0.2686463813005932	-0.16984377159083416	0.11208256070985866	-0.09935646566750823	0.16971426381120036	-0.14669449751566888	0.15708684874523376	-0.04362841568402254	0.05714023987202894	-0.09034930409695052	0.09877193724920262	-0.0963160026389123	0.05944296036517029	-0.0541477829226641	0.07806036054098803	-0.08581420341566874	0.09058036475765263	-0.08705302143938616	0.09577368662731489
0.25524987644376934	-0.3209517115828676	0.23014803011260274	-0.1260610173261442	0.11974998983735057	-0.7051851990993178	0.9999999999999999	-0.30223477612333655	0.1794224765233175	-0.17484295352138432	0.29244723114220855	-0.3703703046524124	0.19825718585591745	-0.13779430179947633	0.1156851600046458	-0.17710918822356456	0.15161917003158473	-0.18778404125237283	0.05044264046424142	-0.06652568328568227	0.09330047594262932	-0.10834891389639666	0.10902231664031316	-0.06877889547430635	0.062195042040211944	-0.08449271607785669	0.09104272212676251	-0.10450978112122877	0.09778944268753745	-0.11138227641674742
-0.2101825945615171	0.18241313478336318	-0.39966441324313984	0.21947133460358736	-0.21434330158945733	0.19500536978972752	-0.30223477612333655	1.0000000000000002	-0.6444929797797863	0.23825302780067087	-0.2025896222259093	0.2320032909913804	-0.35186317340977297	0.23863940502163053	-0.21439502854892595	0.14210226125906472	-0.1408846153204141	0.2117922885745324	-0.057409448571795446	0.07253956732408534	-0.08564572105454109	0.10130917355258207	-0.12062561105166346	0.07322174517452158	-0.06675066768093404	0.07587287455499489	-0.08758017303662022	0.10891777070527528	-0.10638312053018668	0.11350400259258778
0.15860706130055835	-0.1421676022861376	0.27148378459612743	-0.34472006861101573	0.2356190785709269	-0.1522790147445191	0.1794224765233175	-0.6444929797797863	0.9999999999999991	-0.30956759015046603	0.15214092791709677	-0.19068761043337337	0.20239120649036693	-0.44641879864551187	0.24741935968102932	-0.11899465400233825	0.11214444542134357	-0.1776290271322314	0.0557088661762038	-0.06956443296571185	0.07048421961195465	-0.08508963989177742	0.0987984613225844	-0.06618589470683482	0.05958574438443535	-0.06380438341113648	0.0721809119957923	-0.09376986468548339	0.09032909391240462	-0.10094407645781953
-0.2459229948767273	0.1849067146536742	-0.43186891629692753	0.27365073414089774	-0.44680995639434723	0.14456619295608514	-0.17484295352138432	0.23825302780067087	-0.30956759015046603	0.9999999999999996	-0.16645430449075485	0.17083948518736952	-0.1667031327779098	0.2934526483876775	-0.5345920489662638	0.11634938525616328	-0.11084527782640045	0.14758855719571956	-0.060068626295879585	0.07462791202331451	-0.07488406068450783	0.08662557848644518	-0.1006368321102783	0.06998112337299658	-0.06530696313056632	0.0660426009171988	-0.07662533591421042	0.09371154257463063	-0.10403049717659166	0.1085639876603712
0.1946802610872708	-0.17241341950104802	0.20233272794346932	-0.11247462083451999	0.11220808474066951	-0.5134043239910712	0.29244723114220855	-0.2025896222259093	0.15214092791709677	-0.16645430449075485	0.9999999999999982	-0.5532221022303327	0.24240002180403095	-0.12885261922693295	0.11079910908326064	-0.38587653411996997	0.24658024384757066	-0.2601239856347392	0.06382925857116592	-0.08491036665778691	0.15148633932609634	-0.16726904782585889	0.14864886883250455	-0.09050990754858856	0.08132296251294681	-0.13658339197103464	0.1383824073587484	-0.1440687800461531	0.12837010344623517	-0.146875521308576
-0.22646855434358393	0.17966822026008653	-0.2540811403157367	0.1283070143708	-0.13305762270851293	0.2686463813005932	-0.3703703046524124	0.2320032909913804	-0.19068761043337337	0.17083948518736952	-0.5532221022303327	0.9999999999999993	-0.48423314009207	0.14386175822840078	-0.13060321021236806	0.24970220446282523	-0.30665327046499224	0.2789367397139591	-0.06427064443153521	0.08212020783074055	-0.14489919565407522	0.16192828330880826	-0.16541806701654949	0.08930754678543382	-0.08179235910075354	0.12101867739113238	-0.14476280200472758	0.14350566900931983	-0.137519966499183	0.13819451131936278
0.15617315429078954	-0.13078784073360444	0.21305931259850042	-0.1245300571073176	0.1232631563217803	-0.16984377159083416	0.19825718585591745	-0.35186317340977297	0.20239120649036693	-0.1667031327779098	0.24240002180403095	-0.48423314009207	0.9999999999999994	-0.1697692756056441	0.13374033247054734	-0.21974405810958977	0.23182003189754571	-0.6403730034464452	0.06912744076505398	-0.08904708114016466	0.12110389680151863	-0.15488743851135492	0.19704360158234027	-0.10109697375219677	0.08809342338351592	-0.10880377722195239	0.12672159238653247	-0.18034664699778624	0.13968818428163232	-0.1508531704334285
-0.15387200389008435	0.12239621097572496	-0.2640619992048423	0.18636650173218858	-0.2155602158788135	0.11208256070985866	-0.13779430179947633	0.23863940502163053	-0.44641879864551187	0.2934526483876775	-0.12885261922693295	0.14386175822840078	-0.1697692756056441	1.0000000000000018	-0.7295576122366241	0.0945925700540911	-0.09182431710105109	0.13305338176861448	-0.06850358246830643	0.07522739243063237	-0.05937673595888516	0.07015067714880104	-0.08483685812472341	0.06363394151486271	-0.05753896896956428	0.052686997705775805	-0.061235723359630685	0.07804969875314827	-0.08276628075601103	0.0877755487946921
0.12849495434943198	-0.10500162534812911	0.21443382072050635	-0.1764455890961309	0.19013151385619592	-0.09935646566750823	0.1156851600046458	-0.21439502854892595	0.24741935968102932	-0.5345920489662638	0.11079910908326064	-0.13060321021236806	0.13374033247054734	-0.7295576122366241	1.0000000000000027	-0.08610358033932766	0.08127531564357128	-0.12142917879269681	0.057223828156476225	-0.06891040795532377	0.053069480696669745	-0.06355953748622435	0.07532056465264747	-0.05740902771322583	0.05170485965625099	-0.047783154110539294	0.05468018579645194	-0.07132720374409775	0.07383388765440632	-0.08133870220470829
-0.14411582508928744	0.11189910186340815	-0.16856850945748264	0.08500986459591829	-0.08897569708183417	0.16971426381120036	-0.17710918822356456	0.14210226125906472	-0.11899465400233825	0.11634938525616328	-0.38587653411996997	0.24970220446282523	-0.21974405810958977	0.0945925700540911	-0.08610358033932766	0.9999999999999999	-0.6898250987812512	0.23997748215888207	-0.055595884152328835	0.07073731791393192	-0.35147938292600023	0.2438147094620851	-0.15987021851946195	0.08003888553842944	-0.0730738498339697	0.2118535677377683	-0.2308975311890064	0.1385013663088926	-0.12563646147010146	0.12157349287286703
0.12320778466853183	-0.09907197543197997	0.14988774372408686	-0.07921906408053998	0.08178408575122627	-0.14669449751566888	0.15161917003158473	-0.1408846153204141	0.11214444542134357	-0.11084527782640045	0.24658024384757066	-0.30665327046499224	0.23182003189754571	-0.09182431710105109	0.08127531564357128	-0.6898250987812512	1.0000000000000007	-0.3921968440814714	0.057724582583068486	-0.07401485164341756	0.2221211394300494	-0.3535617818583776	0.17766114217876955	-0.08604295420005534	0.07625422558637478	-0.19817324186254842	0.2163777920077572	-0.15736283309409962	0.12602136938906006	-0.12810844889827833
-0.16497335213150052	0.12810037038938063	-0.21988906806571412	0.11286559611965774	-0.1184121172891885	0.15708684874523376	-0.18778404125237283	0.2117922885745324	-0.1776290271322314	0.14758855719571956	-0.2601239856347392	0.2789367397139591	-0.6403730034464452	0.13305338176861448	-0.12142917879269681	0.23997748215888207	-0.3921968440814714	1.0000000000000007	-0.07935261069843486	0.09665583106540061	-0.14858247108958325	0.18754291710979498	-0.3578708398535858	0.11836187098114025	-0.10524197151437394	0.1252420461194292	-0.16253486074339557	0.21406797393453725	-0.17762741388394493	0.16274888173338972
0.05453009296651396	-0.04131623297426272	0.075345973111359	-0.04001216850682102	0.04377301649808305	-0.04362841568402254	0.05044264046424142	-0.057409448571795446	0.0557088661762038	-0.060068626295879585	0.06382925857116592	-0.06427064443153521	0.06912744076505398	-0.06850358246830643	0.057223828156476225	-0.055595884152328835	0.057724582583068486	-0.07935261069843486	1.0000000000000024	-0.8238300621388114	0.04605514801041205	-0.06100316439735371	0.1301984869650097	-0.4527859774358385	0.25816028178853856	-0.04024843760012081	0.05569901818235284	-0.11233387690499441	0.16335886090520196	-0.1808183628831771
-0.07359374313714503	0.05495021362055417	-0.10092171226662178	0.05125920108430021	-0.05648527541299836	0.05714023987202894	-0.06652568328568227	0.07253956732408534	-0.06956443296571185	0.07462791202331451	-0.08491036665778691	0.08212020783074055	-0.08904708114016466	0.07522739243063237	-0.06891040795532377	0.07073731791393192	-0.07401485164341756	0.09665583106540061	-0.8238300621388114	1.0000000000000016	-0.05995444680791841	0.07570205403216808	-0.15885328236236448	0.2908462595365598	-0.3549849006767175	0.05137325043841245	-0.07187977285551944	0.1314296589984114	-0.23215414708704502	0.20102106022268773
0.08168099876392802	-0.06466916282522525	0.09972877358492088	-0.05209370636003128	0.05431417768826598	-0.09034930409695052	0.09330047594262932	-0.08564572105454109	0.07048421961195465	-0.07488406068450783	0.15148633932609634	-0.14489919565407522	0.12110389680151863	-0.05937673595888516	0.053069480696669745	-0.35147938292600023	0.2221211394300494	-0.14858247108958325	0.04605514801041205	-0.05995444680791841	1.0000000000000022	-0.3825714428381492	0.13391864263023476	-0.06905751102488901	0.06176184290359075	-0.7656274944866565	0.29390394505312417	-0.13064408479163256	0.10346977515925655	-0.10656413500361343
-0.09771610372988654	0.0757507222944059	-0.12153989132379138	0.06193855033801612	-0.06520488184057605	0.09877193724920262	-0.10834891389639666	0.10130917355258207	-0.08508963989177742	0.08662557848644518	-0.16726904782585889	0.16192828330880826	-0.15488743851135492	0.07015067714880104	-0.06355953748622435	0.2438147094620851	-0.3535617818583776	0.18754291710979498	-0.06100316439735371	0.07570205403216808	-0.3825714428381492	1.0000000000000022	-0.2516883153326464	0.09350411248761578	-0.08397068074999832	0.28296194531069857	-0.7188428068434352	0.18885989474141662	-0.14592157472293016	0.13231466572672024
0.10298974371401268	-0.08035719437026442	0.1351094811207959	-0.0709050122908952	0.07438838506432127	-0.0963160026389123	0.10902231664031316	-0.12062561105166346	0.0987984613225844	-0.1006368321102783	0.14864886883250455	-0.16541806701654949	0.19704360158234027	-0.08483685812472341	0.07532056465264747	-0.15987021851946195	0.17766114217876955	-0.3578708398535858	0.1301984869650097	-0.15885328236236448	0.13391864263023476	-0.2516883153326464	1.0000000000000024	-0.26764133163756576	0.18462014466388407	-0.12241989273148607	0.18374258127869547	-0.7099455035788221	0.273177761117935	-0.27725522014483595
-0.07284515981536509	0.054765943201317294	-0.09765093848568353	0.04903935167604242	-0.05315345159782829	0.05944296036517029	-0.06877889547430635	0.07322174517452158	-0.06618589470683482	0.06998112337299658	-0.09050990754858856	0.08930754678543382	-0.10109697375219677	0.06363394151486271	-0.05740902771322583	0.08003888553842944	-0.08604295420005534	0.11836187098114025	-0.4527859774358385	0.2908462595365598	-0.06905751102488901	0.09350411248761578	-0.26764133163756576	1.000000000000002	-0.7037724442529619	0.0597424510900267	-0.08642076666401843	0.1828410387050492	-0.2756844829144578	0.26430848679465224
0.06606522258353241	-0.049896014755131626	0.08852933369518465	-0.04489231380810762	0.0485072704047217	-0.0541477829226641	0.062195042040211944	-0.06675066768093404	0.05958574438443535	-0.06530696313056632	0.08132296251294681	-0.08179235910075354	0.08809342338351592	-0.05753896896956428	0.05170485965625099	-0.0730738498339697	0.07625422558637478	-0.10524197151437394	0.25816028178853856	-0.3549849006767175	0.06176184290359075	-0.08397068074999832	0.18462014466388407	-0.7037724442529619	1.0000000000000016	-0.05439790545958557	0.07628461362477254	-0.17132654801252817	0.2478091997368822	-0.48380079609699206
-0.0758756412557749	0.05870760279647408	-0.09279804139447552	0.04705531812758645	-0.04952963549441372	0.07806036054098803	-0.08449271607785669	0.07587287455499489	-0.06380438341113648	0.0660426009171988	-0.13658339197103464	0.12101867739113238	-0.10880377722195239	0.052686997705775805	-0.047783154110539294	0.2118535677377683	-0.19817324186254842	0.1252420461194292	-0.04024843760012081	0.05137325043841245	-0.7656274944866565	0.28296194531069857	-0.12241989273148607	0.0597424510900267	-0.05439790545958557	1.0000000000000018	-0.5008774793261895	0.11673876143385481	-0.09660087126021177	0.09065960949965307
0.08156104892269588	-0.0643765247774903	0.10160717489322908	-0.05322192192698963	0.055589070771238897	-0.08581420341566874	0.09104272212676251	-0.08758017303662022	0.0721809119957923	-0.07662533591421042	0.1383824073587484	-0.14476280200472758	0.12672159238653247	-0.061235723359630685	0.05468018579645194	-0.2308975311890064	0.2163777920077572	-0.16253486074339557	0.05569901818235284	-0.07187977285551944	0.29390394505312417	-0.7188428068434352	0.18374258127869547	-0.08642076666401843	0.07628461362477254	-0.5008774793261895	1.0000000000000029	-0.20424727473077814	0.13124910704208276	-0.12970499465256502
-0.10207546122713095	0.07786619285680957	-0.1338929189658867	0.06752832638017026	-0.07188747432116205	0.09058036475765263	-0.10450978112122877	0.10891777070527528	-0.09376986468548339	0.09371154257463063	-0.1440687800461531	0.14350566900931983	-0.18034664699778624	0.07804969875314827	-0.07132720374409775	0.1385013663088926	-0.15736283309409962	0.21406797393453725	-0.11233387690499441	0.1314296589984114	-0.13064408479163256	0.18885989474141662	-0.7099455035788221	0.1828410387050492	-0.17132654801252817	0.11673876143385481	-0.20424727473077814	1.0000000000000029	-0.4953642011529149	0.25050419421553105
0.10003934724795265	-0.07728892090964928	0.13242463181105057	-0.06927240506331933	0.07351581323223419	-0.08705302143938616	0.09778944268753745	-0.10638312053018668	0.09032909391240462	-0.10403049717659166	0.12837010344623517	-0.137519966499183	0.13968818428163232	-0.08276628075601103	0.07383388765440632	-0.12563646147010146	0.12602136938906006	-0.17762741388394493	0.16335886090520196	-0.23215414708704502	0.10346977515925655	-0.14592157472293016	0.273177761117935	-0.2756844829144578	0.2478091997368822	-0.09660087126021177	0.13124910704208276	-0.4953642011529149	1.0000000000000027	-0.6677732127579452
-0.12259524107902725	0.09059592699970262	-0.1626892254181574	0.0779682837652456	-0.08480295506890637	0.09577368662731489	-0.11138227641674742	0.11350400259258778	-0.10094407645781953	0.1085639876603712	-0.146875521308576	0.13819451131936278	-0.1508531704334285	0.0877755487946921	-0.08133870220470829	0.12157349287286703	-0.12810844889827833	0.16274888173338972	-0.1808183628831771	0.20102106022268773	-0.10656413500361343	0.13231466572672024	-0.27725522014483595	0.26430848679465224	-0.48380079609699206	0.09065960949965307	-0.12970499465256502	0.25050419421553105	-0.6677732127579452	1.0000000000000027
