1.0000000000000002	-0.49375758492905575	0.20410877111955086	-0.2521325038662709	0.08729168521573774	-0.7235838263250937	0.32190755098949075	-0.13239275015176533	0.11707386535804397	-0.07013787888605436	0.10214866284156715	-0.14186945334587375	0.11550874729585893	-0.13618823149674952	0.062095446454414616	-0.07805113187807271	0.08677718380342166	-0.08077161135423279	0.09940773981180005	-0.06328469077841344	0.07368427132294691	-0.07091145437012009	0.07654728640620126	-0.06827320683406252	0.04811267649837119	-0.060662819117107046	0.05161092533466417	-0.06499247696027248	0.056517276416569694	-0.04061693794571972	0.0671450394202448	-0.0576608444060317	0.048464061319734096	-0.04543557785496819	0.07772454602788612
-0.49375758492905575	1.0	-0.36883573478961934	0.23190702928366302	-0.09114625349207889	0.3020962796832908	-0.6750021478952777	0.1438821566358864	-0.12899152444405548	0.07158835957467737	-0.10475024584840328	0.13833597230903505	-0.12131200917918321	0.12550766732213964	-0.06300904218033358	0.07541407508110472	-0.08952411700125053	0.08046389545239144	-0.1002755927124648	0.06253699261755805	-0.07414965241135965	0.06950749620518323	-0.07659530502666115	0.06600079009912417	-0.04698296004254532	0.05863110293836138	-0.05018901950587145	0.062469278230978614	-0.05506704440704263	0.039314715962826735	-0.06652745748564219	0.0551919106697903	-0.04691548499156476	0.043714088619219695	-0.07506720361764901
0.20410877111955086	-0.36883573478961934	1.0000000000000002	-0.732239120762998	0.15090126760700295	-0.1495919016133331	0.19303334415225137	-0.38448537402782995	0.2612210438560163	-0.12898826674526523	0.09876503145048215	-0.1377567672130777	0.18677158853677453	-0.20878627990302484	0.09755774401331195	-0.08308494691534783	0.10069348620836874	-0.1064916488995589	0.13225663547865715	-0.09676373170038165	0.08507026963052415	-0.08446949867032244	0.09601190428429347	-0.08692628201451325	0.060829061047739975	-0.07166349590186297	0.06315742726401609	-0.08040314633377725	0.07073591135024276	-0.05107334571856984	0.08011957909796422	-0.07063160780276898	0.05976986022826482	-0.056217255150433104	0.09596626036654754
-0.2521325038662709	0.23190702928366302	-0.732239120762998	1.0000000000000002	-0.2140070431488072	0.1472483876889486	-0.20074443023199126	0.28227129197281964	-0.3958417064088439	0.1625228934956896	-0.11207175578504085	0.14449999558185656	-0.20868575392623084	0.2069627489279474	-0.12514001603140903	0.0927190525234989	-0.1145830845743383	0.11845230327792199	-0.15888039994066913	0.1166757326793021	-0.09798489786364208	0.09534776692863739	-0.11065805028882392	0.0994508619383681	-0.07115225310266185	0.08148936523238783	-0.07245794124864785	0.09102818236334527	-0.08252149222654667	0.059168133542880835	-0.09362149892913149	0.08034406595711804	-0.06944345506793137	0.06499032455809553	-0.11319054819915436
0.08729168521573774	-0.09114625349207889	0.15090126760700295	-0.2140070431488072	1.0000000000000002	-0.06125944646233068	0.07325281255230551	-0.22909084763971993	0.23959075943109606	-0.7611603947289437	0.10137664685656132	-0.14085230169703997	0.17853798315393937	-0.24917427805700604	0.27255606931822374	-0.09519018118141129	0.11490775538212547	-0.1309789033806858	0.1962975824673069	-0.33002091436060516	0.10066387021978328	-0.10453086535112109	0.11947062615808883	-0.12888672561784464	0.08673761966049312	-0.09113491929154371	0.08310310931881913	-0.10927907410305605	0.09722115301827974	-0.0733060957652256	0.0992208435496956	-0.09648789321453262	0.08023768076752821	-0.07728334007382516	0.12838067372734932
-0.7235838263250937	0.3020962796832908	-0.1495919016133331	0.1472483876889486	-0.06125944646233068	1.0000000000000009	-0.5866193383132509	0.08935803072671797	-0.08079771583425624	0.04805486376965427	-0.09403645754258506	0.11542163048458823	-0.08425995980459425	0.09087024366600402	-0.043909758883713707	0.06350422649384974	-0.06981497212148152	0.06044409037341383	-0.07340693808441476	0.04429170708732873	-0.05799813418152964	0.054001579826095936	-0.05782340624519911	0.04948144374200667	-0.0350443093074572	0.045294149033079815	-0.03809513237046531	0.04739791149662929	-0.04120072470510252	0.029435209675385522	-0.05056241259826051	0.041897680428036946	-0.03526802401829805	0.032866389537541986	-0.0560142799285342
0.32190755098949075	-0.6750021478952777	0.19303334415225137	-0.20074443023199126	0.07325281255230551	-0.5866193383132509	1.0000000000000013	-0.12069008923375743	0.10188540851250262	-0.05866116244400368	0.10194913990799717	-0.1598805028788879	0.10199728756274078	-0.10979291355906129	0.05209943185712224	-0.0716361977680852	0.08290800191365347	-0.07165838932306132	0.08565962110120505	-0.05262602134375658	0.06675074511280217	-0.06270894167440791	0.06744877843578354	-0.05750934759851659	0.0405291071794716	-0.052127731678360864	0.044024514554452936	-0.0549360869851702	0.04758268560592751	-0.03403214014750493	0.05813753277091322	-0.04837110107794211	0.04061506356563939	-0.03787144771302298	0.06419477335233532
-0.13239275015176533	0.1438821566358864	-0.38448537402782995	0.28227129197281964	-0.22909084763971993	0.08935803072671797	-0.12069008923375743	1.0000000000000009	-0.7072468441045705	0.19477740297739027	-0.10723877970670802	0.14512852733120335	-0.39135199799119447	0.2614650916286802	-0.13582307973475247	0.09403206678196363	-0.12166073013993645	0.14072466715949689	-0.16366648088830807	0.12404627225183033	-0.09792199012757272	0.09917124640882687	-0.11879634973990894	0.10157225296166641	-0.07033845580864621	0.08055532759991903	-0.07248462542319127	0.09263064161546314	-0.08112970181172734	0.0585760764108503	-0.08994787449538388	0.07982083913090704	-0.06746683449642028	0.06336748995831719	-0.10646195514841635
0.11707386535804397	-0.12899152444405548	0.2612210438560163	-0.3958417064088439	0.23959075943109606	-0.08079771583425624	0.10188540851250262	-0.7072468441045705	1.000000000000002	-0.3234077810190789	0.10091527293978982	-0.1399553607308735	0.2490303131982944	-0.31558606627105346	0.1528945516491875	-0.09027596796576458	0.11231259577399297	-0.1292615873580232	0.16046932142515344	-0.1462862463014087	0.09381868774630912	-0.09569142376995293	0.11109890223489963	-0.10213269835095079	0.07029627701345488	-0.07972166420420873	0.07152067902347149	-0.09214328063913149	0.08082146493508985	-0.05887578616241407	0.08836249455131492	-0.0800680470017998	0.06734319327900966	-0.06364158576892029	0.1068956156601944
-0.07013787888605436	0.07158835957467737	-0.12898826674526523	0.1625228934956896	-0.7611603947289437	0.04805486376965427	-0.05866116244400368	0.19477740297739027	-0.3234077810190789	1.000000000000001	-0.07705014051023232	0.10408002214825618	-0.14846694261386081	0.1790069177638984	-0.42121763549846575	0.07139442933170684	-0.08850066855311553	0.10107752103233096	-0.16417419167385966	0.25418080272493737	-0.0760316522010883	0.07826133135055596	-0.09150513744027644	0.09512002704421178	-0.06541674086513669	0.06680671567899515	-0.061280749750816724	0.07975969709988495	-0.07261396515595289	0.054201822451990185	-0.07372333713316634	0.06988453665326555	-0.05894034567802821	0.05643606971040418	-0.0942333656385547
0.10214866284156715	-0.10475024584840328	0.09876503145048215	-0.11207175578504085	0.10137664685656132	-0.09403645754258506	0.10194913990799717	-0.10723877970670802	0.10091527293978982	-0.07705014051023232	1.0000000000000013	-0.623568337852841	0.18617010476575435	-0.197102971964955	0.08715909269699072	-0.6134967869683671	0.28302942930271247	-0.20626422673759862	0.1897665993895364	-0.09354525066559834	0.24596043058158137	-0.2251075273687385	0.1881976241236151	-0.145097085898665	0.09686317106201146	-0.17101203707127985	0.12155977112696349	-0.15097276581321037	0.11554773002642768	-0.08285855744313077	0.16000797915136508	-0.13050653645879876	0.10038250278506926	-0.09326544921577137	0.1442476256593231
-0.14186945334587375	0.13833597230903505	-0.1377567672130777	0.14449999558185656	-0.14085230169703997	0.11542163048458823	-0.1598805028788879	0.14512852733120335	-0.1399553607308735	0.10408002214825618	-0.623568337852841	0.9999999999999997	-0.2992394416992428	0.2364017707564545	-0.12033370063035263	0.30684480737008746	-0.4324349737097262	0.2512983633667596	-0.27012906221613797	0.1237956915673356	-0.2739440649156009	0.23331994056759944	-0.24256653955676308	0.17483921360508314	-0.12353445748938408	0.17774167288525256	-0.14429617093585081	0.17309752632985384	-0.14608732344778977	0.10251699117140668	-0.20190192514317584	0.14994703147502644	-0.12443792465114356	0.1136825726797418	-0.18623806843709734
0.11550874729585893	-0.12131200917918321	0.18677158853677453	-0.20868575392623084	0.17853798315393937	-0.08425995980459425	0.10199728756274078	-0.39135199799119447	0.2490303131982944	-0.14846694261386081	0.18617010476575435	-0.2992394416992428	0.9999999999999991	-0.6560586592591277	0.1376339905007639	-0.17497461083917543	0.22490833562361953	-0.3596226791620313	0.2585530183683937	-0.1460107334414702	0.170544284407779	-0.18484690641049575	0.21487273037014892	-0.17523181820872333	0.11533938061984557	-0.1400879330180866	0.12504279959825929	-0.16484501596060122	0.13425150139965641	-0.09734488023505145	0.14979027454038957	-0.13710888704176077	0.11188302110508452	-0.10534027025123333	0.1696834255939922
-0.13618823149674952	0.12550766732213964	-0.20878627990302484	0.2069627489279474	-0.24917427805700604	0.09087024366600402	-0.10979291355906129	0.2614650916286802	-0.31558606627105346	0.1790069177638984	-0.197102971964955	0.2364017707564545	-0.6560586592591277	1.0000000000000002	-0.18475467440533508	0.17088020233309328	-0.22927666329407972	0.25396853718672435	-0.3618706367670493	0.1770202815251721	-0.19005176672507296	0.18511557086632316	-0.23177862262305018	0.19268090678163052	-0.13900811848357453	0.1522822858131976	-0.13929101210103464	0.17306558021966964	-0.16068843325251328	0.11344264332900962	-0.17950556136615914	0.15015619590483184	-0.13235176135446666	0.12274780430951342	-0.2134715123547311
0.062095446454414616	-0.06300904218033358	0.09755774401331195	-0.12514001603140903	0.27255606931822374	-0.043909758883713707	0.05209943185712224	-0.13582307973475247	0.1528945516491875	-0.42121763549846575	0.08715909269699072	-0.12033370063035263	0.1376339905007639	-0.18475467440533508	0.9999999999999992	-0.08476998784587515	0.10334598329459686	-0.12514486302875447	0.22325186489129145	-0.7847632294270128	0.08936255674162272	-0.09504714983250799	0.10989658726956529	-0.12948713134563414	0.08573897003327809	-0.08084708682236297	0.075012716680047	-0.10011084836804673	0.09095211075795151	-0.07115103751528401	0.0868403253332294	-0.08705079167366729	0.0718885012474919	-0.07003200300514223	0.1123634422902772
-0.07805113187807271	0.07541407508110472	-0.08308494691534783	0.0927190525234989	-0.09519018118141129	0.06350422649384974	-0.0716361977680852	0.09403206678196363	-0.09027596796576458	0.07139442933170684	-0.6134967869683671	0.30684480737008746	-0.17497461083917543	0.17088020233309328	-0.08476998784587515	1.0000000000000002	-0.47268238608928775	0.2246891286321048	-0.20153990254526416	0.0906027899587061	-0.45428054831372083	0.258816310961342	-0.22024487965264097	0.14431803341376145	-0.0978541624930295	0.18292294740723158	-0.12896842683045337	0.151867422206264	-0.11687867722089938	0.08241904153377147	-0.18216798970948372	0.1302301418044688	-0.10137399685899365	0.09232747153668164	-0.14248579200486464
0.08677718380342166	-0.08952411700125053	0.10069348620836874	-0.1145830845743383	0.11490775538212547	-0.06981497212148152	0.08290800191365347	-0.12166073013993645	0.11231259577399297	-0.08850066855311553	0.28302942930271247	-0.4324349737097262	0.22490833562361953	-0.22927666329407972	0.10334598329459686	-0.47268238608928775	0.9999999999999974	-0.5225657390506934	0.24836200432194974	-0.11633058701206846	0.272567205243185	-0.3820667162407671	0.28056246789777173	-0.18520864730055783	0.11765094284442495	-0.17921034069256503	0.14954587718303372	-0.18982402521077577	0.13891236483441335	-0.09987313279145651	0.17491250589939927	-0.15310129131026542	0.11754809962038229	-0.10897974244063244	0.1644182822333398
-0.08077161135423279	0.08046389545239144	-0.1064916488995589	0.11845230327792199	-0.1309789033806858	0.06044409037341383	-0.07165838932306132	0.14072466715949689	-0.1292615873580232	0.10107752103233096	-0.20626422673759862	0.2512983633667596	-0.3596226791620313	0.25396853718672435	-0.12514486302875447	0.2246891286321048	-0.5225657390506934	0.9999999999999978	-0.42803050099515993	0.141189863290763	-0.22853955754506708	0.265793048647385	-0.506664431403794	0.21203765568617924	-0.1341522971577865	0.15747556772761762	-0.1540562658654041	0.2007308643713076	-0.15453548226708255	0.1096868275923635	-0.16660575012052015	0.15183567178566496	-0.12380350574718754	0.11413763759268084	-0.17393633433028405
0.09940773981180005	-0.1002755927124648	0.13225663547865715	-0.15888039994066913	0.1962975824673069	-0.07340693808441476	0.08565962110120505	-0.16366648088830807	0.16046932142515344	-0.16417419167385966	0.1897665993895364	-0.27012906221613797	0.2585530183683937	-0.3618706367670493	0.22325186489129145	-0.20153990254526416	0.24836200432194974	-0.42803050099515993	1.0	-0.36691673128014524	0.2019238696657855	-0.232044764483439	0.26933187090703437	-0.3868241984134464	0.19146896189067822	-0.18081051156201883	0.1697052984891969	-0.2354085947618642	0.20699289778195962	-0.16100832331241413	0.18612099445175911	-0.1956572007074262	0.15642428147479187	-0.1544642092520695	0.23052792647328704
-0.06328469077841344	0.06253699261755805	-0.09676373170038165	0.1166757326793021	-0.33002091436060516	0.04429170708732873	-0.05262602134375658	0.12404627225183033	-0.1462862463014087	0.25418080272493737	-0.09354525066559834	0.1237956915673356	-0.1460107334414702	0.1770202815251721	-0.7847632294270128	0.0906027899587061	-0.11633058701206846	0.141189863290763	-0.36691673128014524	0.9999999999999993	-0.09723312385638633	0.1025389454876978	-0.12418479984867146	0.14146590341981313	-0.10059653557448815	0.08485097563360351	-0.0801340368783757	0.1054073169615766	-0.10164549049489233	0.07846086267807924	-0.09277434274869542	0.09081674875106255	-0.07697030030069942	0.07455524033913696	-0.12079138716127054
0.07368427132294691	-0.07414965241135965	0.08507026963052415	-0.09798489786364208	0.10066387021978328	-0.05799813418152964	0.06675074511280217	-0.09792199012757272	0.09381868774630912	-0.0760316522010883	0.24596043058158137	-0.2739440649156009	0.170544284407779	-0.19005176672507296	0.08936255674162272	-0.45428054831372083	0.272567205243185	-0.22853955754506708	0.2019238696657855	-0.09723312385638633	0.9999999999999997	-0.5897516017129905	0.26109811928499177	-0.17882236486806896	0.11639065200237704	-0.4002030687614134	0.1804494478297947	-0.20900475633059104	0.14190634240658337	-0.10109864906995819	0.25314980125345665	-0.18247712301774424	0.12813650171838176	-0.11719830946235046	0.16949646614835095
-0.07091145437012009	0.06950749620518323	-0.08446949867032244	0.09534776692863739	-0.10453086535112109	0.054001579826095936	-0.06270894167440791	0.09917124640882687	-0.09569142376995293	0.07826133135055596	-0.2251075273687385	0.23331994056759944	-0.18484690641049575	0.18511557086632316	-0.09504714983250799	0.258816310961342	-0.3820667162407671	0.265793048647385	-0.232044764483439	0.1025389454876978	-0.5897516017129905	0.9999999999999991	-0.5122365877797327	0.19403823446923346	-0.13145066887685736	0.22537226866393678	-0.23070853822076856	0.2280927066343707	-0.15887720466796673	0.10930582304461828	-0.23279722773676942	0.18356472611719976	-0.1385487000850918	0.12241532467625321	-0.18087755283261275
0.07654728640620126	-0.07659530502666115	0.09601190428429347	-0.11065805028882392	0.11947062615808883	-0.05782340624519911	0.06744877843578354	-0.11879634973990894	0.11109890223489963	-0.09150513744027644	0.1881976241236151	-0.24256653955676308	0.21487273037014892	-0.23177862262305018	0.10989658726956529	-0.22024487965264097	0.28056246789777173	-0.506664431403794	0.26933187090703437	-0.12418479984867146	0.26109811928499177	-0.5122365877797327	0.999999999999998	-0.32355924927033697	0.16852919494525426	-0.1980579080483293	0.21573249476464093	-0.3686956887319794	0.19732488803063405	-0.14187947352790037	0.1926289612654299	-0.20526634856284282	0.15671650069754972	-0.14507014068358193	0.2026044029499275
-0.06827320683406252	0.06600079009912417	-0.08692628201451325	0.0994508619383681	-0.12888672561784464	0.04948144374200667	-0.05750934759851659	0.10157225296166641	-0.10213269835095079	0.09512002704421178	-0.145097085898665	0.17483921360508314	-0.17523181820872333	0.19268090678163052	-0.12948713134563414	0.14431803341376145	-0.18520864730055783	0.21203765568617924	-0.3868241984134464	0.14146590341981313	-0.17882236486806896	0.19403823446923346	-0.32355924927033697	1.000000000000001	-0.5543736717061537	0.15255461999606793	-0.17564625647806162	0.2318311363476212	-0.44789371228644437	0.29253242792882284	-0.17285852906840787	0.1892598211120331	-0.1895783219275354	0.19402155774872115	-0.2808763788591095
0.04811267649837119	-0.04698296004254532	0.060829061047739975	-0.07115225310266185	0.08673761966049312	-0.0350443093074572	0.0405291071794716	-0.07033845580864621	0.07029627701345488	-0.06541674086513669	0.09686317106201146	-0.12353445748938408	0.11533938061984557	-0.13900811848357453	0.08573897003327809	-0.0978541624930295	0.11765094284442495	-0.1341522971577865	0.19146896189067822	-0.10059653557448815	0.11639065200237704	-0.13145066887685736	0.16852919494525426	-0.5543736717061537	0.9999999999999994	-0.11247504069967955	0.13076223455828162	-0.1910847252420273	0.3074425791935604	-0.683559310486729	0.12095607917873048	-0.15706982659633634	0.14227236065876134	-0.16588794760699702	0.20772129413680196
-0.060662819117107046	0.05863110293836138	-0.07166349590186297	0.08148936523238783	-0.09113491929154371	0.045294149033079815	-0.052127731678360864	0.08055532759991903	-0.07972166420420873	0.06680671567899515	-0.17101203707127985	0.17774167288525256	-0.1400879330180866	0.1522822858131976	-0.08084708682236297	0.18292294740723158	-0.17921034069256503	0.15747556772761762	-0.18081051156201883	0.08485097563360351	-0.4002030687614134	0.22537226866393678	-0.1980579080483293	0.15255461999606793	-0.11247504069967955	1.0000000000000007	-0.24538211642845906	0.2021185691990573	-0.14474137670440237	0.09822320337883722	-0.7767269097747493	0.21731261209149452	-0.14807323196328542	0.12589701143560764	-0.18457310229741464
0.05161092533466417	-0.05018901950587145	0.06315742726401609	-0.07245794124864785	0.08310310931881913	-0.03809513237046531	0.044024514554452936	-0.07248462542319127	0.07152067902347149	-0.061280749750816724	0.12155977112696349	-0.14429617093585081	0.12504279959825929	-0.13929101210103464	0.075012716680047	-0.12896842683045337	0.14954587718303372	-0.1540562658654041	0.1697052984891969	-0.0801340368783757	0.1804494478297947	-0.23070853822076856	0.21573249476464093	-0.17564625647806162	0.13076223455828162	-0.24538211642845906	1.0000000000000004	-0.6253022837205535	0.19464986462284503	-0.1260077270367721	0.22167091131561772	-0.5992188315832733	0.23021862635978677	-0.18794492468554438	0.21030692774008472
-0.06499247696027248	0.062469278230978614	-0.08040314633377725	0.09102818236334527	-0.10927907410305605	0.04739791149662929	-0.0549360869851702	0.09263064161546314	-0.09214328063913149	0.07975969709988495	-0.15097276581321037	0.17309752632985384	-0.16484501596060122	0.17306558021966964	-0.10011084836804673	0.151867422206264	-0.18982402521077577	0.2007308643713076	-0.2354085947618642	0.1054073169615766	-0.20900475633059104	0.2280927066343707	-0.3686956887319794	0.2318311363476212	-0.1910847252420273	0.2021185691990573	-0.6253022837205535	1.0000000000000002	-0.3317554091365769	0.17618177809747224	-0.23336408547975296	0.3049660378061668	-0.28697298603108506	0.21286574145067078	-0.2851416581313926
0.056517276416569694	-0.05506704440704263	0.07073591135024276	-0.08252149222654667	0.09722115301827974	-0.04120072470510252	0.04758268560592751	-0.08112970181172734	0.08082146493508985	-0.07261396515595289	0.11554773002642768	-0.14608732344778977	0.13425150139965641	-0.16068843325251328	0.09095211075795151	-0.11687867722089938	0.13891236483441335	-0.15453548226708255	0.20699289778195962	-0.10164549049489233	0.14190634240658337	-0.15887720466796673	0.19732488803063405	-0.44789371228644437	0.3074425791935604	-0.14474137670440237	0.19464986462284503	-0.3317554091365769	0.9999999999999994	-0.5798274383191502	0.15580682957800698	-0.23502248955578062	0.2288814269711472	-0.350889812779992	0.2693762704813253
-0.04061693794571972	0.039314715962826735	-0.05107334571856984	0.059168133542880835	-0.0733060957652256	0.029435209675385522	-0.03403214014750493	0.0585760764108503	-0.05887578616241407	0.054201822451990185	-0.08285855744313077	0.10251699117140668	-0.09734488023505145	0.11344264332900962	-0.07115103751528401	0.08241904153377147	-0.09987313279145651	0.1096868275923635	-0.16100832331241413	0.07846086267807924	-0.10109864906995819	0.10930582304461828	-0.14187947352790037	0.29253242792882284	-0.683559310486729	0.09822320337883722	-0.1260077270367721	0.17618177809747224	-0.5798274383191502	1.0	-0.10963853264458798	0.1450463947987451	-0.15455127718836054	0.18004261358936396	-0.25264469244179627
0.0671450394202448	-0.06652745748564219	0.08011957909796422	-0.09362149892913149	0.0992208435496956	-0.05056241259826051	0.05813753277091322	-0.08994787449538388	0.08836249455131492	-0.07372333713316634	0.16000797915136508	-0.20190192514317584	0.14979027454038957	-0.17950556136615914	0.0868403253332294	-0.18216798970948372	0.17491250589939927	-0.16660575012052015	0.18612099445175911	-0.09277434274869542	0.25314980125345665	-0.23279722773676942	0.1926289612654299	-0.17285852906840787	0.12095607917873048	-0.7767269097747493	0.22167091131561772	-0.23336408547975296	0.15580682957800698	-0.10963853264458798	0.9999999999999996	-0.3066900792820776	0.16570852014170917	-0.14922676787682823	0.19940895362401878
-0.0576608444060317	0.0551919106697903	-0.07063160780276898	0.08034406595711804	-0.09648789321453262	0.041897680428036946	-0.04837110107794211	0.07982083913090704	-0.0800680470017998	0.06988453665326555	-0.13050653645879876	0.14994703147502644	-0.13710888704176077	0.15015619590483184	-0.08705079167366729	0.1302301418044688	-0.15310129131026542	0.15183567178566496	-0.1956572007074262	0.09081674875106255	-0.18247712301774424	0.18356472611719976	-0.20526634856284282	0.1892598211120331	-0.15706982659633634	0.21731261209149452	-0.5992188315832733	0.3049660378061668	-0.23502248955578062	0.1450463947987451	-0.3066900792820776	0.9999999999999998	-0.47391231018788516	0.2540312084124259	-0.3123505100786506
0.048464061319734096	-0.04691548499156476	0.05976986022826482	-0.06944345506793137	0.08023768076752821	-0.03526802401829805	0.04061506356563939	-0.06746683449642028	0.06734319327900966	-0.05894034567802821	0.10038250278506926	-0.12443792465114356	0.11188302110508452	-0.13235176135446666	0.0718885012474919	-0.10137399685899365	0.11754809962038229	-0.12380350574718754	0.15642428147479187	-0.07697030030069942	0.12813650171838176	-0.1385487000850918	0.15671650069754972	-0.1895783219275354	0.14227236065876134	-0.14807323196328542	0.23021862635978677	-0.28697298603108506	0.2288814269711472	-0.15455127718836054	0.16570852014170917	-0.47391231018788516	1.0000000000000004	-0.7001744029216639	0.2817111521784153
-0.04543557785496819	0.043714088619219695	-0.056217255150433104	0.06499032455809553	-0.07728334007382516	0.032866389537541986	-0.03787144771302298	0.06336748995831719	-0.06364158576892029	0.05643606971040418	-0.09326544921577137	0.1136825726797418	-0.10534027025123333	0.12274780430951342	-0.07003200300514223	0.09232747153668164	-0.10897974244063244	0.11413763759268084	-0.1544642092520695	0.07455524033913696	-0.11719830946235046	0.12241532467625321	-0.14507014068358193	0.19402155774872115	-0.16588794760699702	0.12589701143560764	-0.18794492468554438	0.21286574145067078	-0.350889812779992	0.18004261358936396	-0.14922676787682823	0.2540312084124259	-0.7001744029216639	1.0000000000000002	-0.4773507233873947
0.07772454602788612	-0.07506720361764901	0.09596626036654754	-0.11319054819915436	0.12838067372734932	-0.0560142799285342	0.06419477335233532	-0.10646195514841635	0.1068956156601944	-0.0942333656385547	0.1442476256593231	-0.18623806843709734	0.1696834255939922	-0.2134715123547311	0.1123634422902772	-0.14248579200486464	0.1644182822333398	-0.17393633433028405	0.23052792647328704	-0.12079138716127054	0.16949646614835095	-0.18087755283261275	0.2026044029499275	-0.2808763788591095	0.20772129413680196	-0.18457310229741464	0.21030692774008472	-0.2851416581313926	0.2693762704813253	-0.25264469244179627	0.19940895362401878	-0.3123505100786506	0.2817111521784153	-0.4773507233873947	1.0000000000000002
