1.0000000000000002	-0.5556459103009657	0.18734901767471715	-0.10918914648870519	0.0953904377471133	-0.7021817990609979	0.292898469889843	-0.18949275918526434	0.09654065046839212	-0.07726212529102007	0.2156125825159042	-0.23087165433225584	0.08935779099123896	-0.07316038024357516	0.07005482428830113	-0.11819998699206082	0.09390104814737658	-0.08807568704185954	0.06630758417892296	-0.0638327971280601	0.04633635469155332	-0.06870784225242897	0.07327516722393779	-0.05232426370425113	0.0500979750530491	-0.0395116018766325	0.047350915609397734	-0.05405377659163103	0.04421781440612684	-0.038541915503877255	0.029769989132001167	-0.034559365765699346	0.03806722391694079	-0.03878621814719681	0.03690856309823221	-0.03752569991248135	0.024692144168002965	-0.026122792493281193	0.023845424875860933	-0.023928250452384683
-0.5556459103009657	1.0	-0.3982757885273541	0.15781861818743226	-0.1400147116725066	0.29794795224648185	-0.5868223896382814	0.2697866904058189	-0.1461000138247867	0.10578816969781084	-0.19718849988513315	0.1939732944972352	-0.1012105440465054	0.08276091732553216	-0.08309463187125983	0.10370421384693235	-0.09046416695345612	0.09441333914419306	-0.07475507518315413	0.07277566011615318	-0.046856277195158405	0.06801116762521417	-0.07690301740260476	0.05647627064289201	-0.055241650211676686	0.039891423014251616	-0.04849943441363596	0.055947066943432044	-0.04763740561319806	0.04196779933278121	-0.0310464127159527	0.03598360754536528	-0.04061030957778203	0.04169163164894545	-0.03996688490648553	0.03966884480712468	-0.026216840237828307	0.027823373233830325	-0.02563329765198612	0.0257532264767609
0.18734901767471715	-0.3982757885273541	1.0000000000000002	-0.3970521680621082	0.19678428451783248	-0.19598575980922256	0.27762126564466383	-0.7057548005561611	0.2403353037393361	-0.16833267713780065	0.12871301502983845	-0.15017956267116217	0.12444736387590334	-0.1072464830494624	0.10167579205689707	-0.08918804407508539	0.0749339725718107	-0.11630848529949543	0.08903474472768134	-0.09046901069460879	0.04394181980000376	-0.06483628682493144	0.0754612169892385	-0.06265150098897868	0.060840508332006014	-0.03876135136859023	0.047051780296726096	-0.05742738300817285	0.05123238652606403	-0.04652518258076334	0.03142273333203845	-0.03694022385440266	0.04236948177041958	-0.04526056160651934	0.042853732574154806	-0.0422181042100928	0.027463068791291335	-0.029616525010247335	0.027344208152925507	-0.027845792830981264
-0.10918914648870519	0.15781861818743226	-0.3970521680621082	1.000000000000001	-0.484978363261501	0.10831835655589037	-0.1628165163184306	0.2570258428490178	-0.6737845353187818	0.2984238121795667	-0.08768891749823789	0.09806077234259948	-0.11211067733567301	0.11498326324224291	-0.13226005895320175	0.06975552667295366	-0.05956356470031287	0.10460446453774876	-0.09707553095154434	0.10693079460010177	-0.03981926682486772	0.05767666159354855	-0.07106122725328919	0.06484756668730704	-0.0659035625209616	0.035697190678293106	-0.0437941841845122	0.055189751460558226	-0.052741895983091876	0.04958206378654201	-0.03062212140948544	0.036188971475902894	-0.042963039686365355	0.04704757110256273	-0.044763291415252766	0.04280726608374328	-0.027774498031895398	0.03026904427580058	-0.028254521050541846	0.028989549576488687
0.0953904377471133	-0.1400147116725066	0.19678428451783248	-0.484978363261501	1.0000000000000007	-0.10668537804036551	0.13620210872988278	-0.22187666279910195	0.31883237129867525	-0.7275297918143832	0.08944087977297403	-0.10517380357168268	0.1236004444219891	-0.13902661419281043	0.18375394199698913	-0.0859183147966655	0.0708980286957306	-0.136338645072953	0.12039935390441876	-0.1704132863860506	0.05159611386504532	-0.07552974418989847	0.09107502350180659	-0.09037509853763769	0.09168513897409047	-0.04751376731510204	0.05788224035417674	-0.07531386577334757	0.07196123895977519	-0.07141100018458	0.04212934644318831	-0.05050447701020214	0.05947142328773585	-0.0674187485637846	0.06240286041909505	-0.06166390643211475	0.03902565120117347	-0.04313415398259529	0.03971779928863694	-0.04142835001074565
-0.7021817990609979	0.29794795224648185	-0.19598575980922256	0.10831835655589037	-0.10668537804036551	1.0	-0.42876631695622364	0.1841308594496058	-0.10440632514830256	0.08150011319322337	-0.38891692733071	0.25041247654458265	-0.0981506097428624	0.07800034327243718	-0.07697312603637653	0.13234058722130612	-0.1119835973879497	0.09304822123528791	-0.07235062517898574	0.06838393704868849	-0.05303824634747412	0.07681460731977074	-0.08374692301468371	0.05728558003320698	-0.055495951273708294	0.04426397163536051	-0.05362946638402469	0.05980303275860771	-0.0490048641863605	0.04229169539111985	-0.03324823387633563	0.03826703851063434	-0.04236400584186597	0.042574725376078926	-0.040913393513535144	0.04110204913398332	-0.027342247678670283	0.02875294747784981	-0.026371609511387558	0.02631691728777741
0.292898469889843	-0.5868223896382814	0.27762126564466383	-0.1628165163184306	0.13620210872988278	-0.42876631695622364	1.0000000000000009	-0.44700258651699004	0.14876694341064792	-0.11487346751960559	0.23257941456212042	-0.32937855349147427	0.1266206427947456	-0.10245122753518503	0.09523325183952633	-0.134893632006965	0.11415399172192753	-0.12022957435736263	0.0896141963718004	-0.08640368289921821	0.056898279282518276	-0.08491904701225711	0.09205515254055226	-0.0679382194092874	0.0650836510745331	-0.04882460563835663	0.05884710993901368	-0.06808043647654767	0.05688396889641905	-0.049965816923129534	0.03735059276991612	-0.04346690676633936	0.04831474007043955	-0.04979789025604561	0.047351182591878864	-0.047677109469349666	0.03131458882071767	-0.03327228636324246	0.030478082895420956	-0.03068736263073324
-0.18949275918526434	0.2697866904058189	-0.7057548005561611	0.2570258428490178	-0.22187666279910195	0.1841308594496058	-0.44700258651699004	1.0000000000000007	-0.30873604556779466	0.17207862443487154	-0.14178786092124032	0.1569159024853836	-0.1636920510355302	0.12002148297641993	-0.11387951169256649	0.09253540968433054	-0.08093739823935885	0.12713007916627597	-0.10039028400869952	0.09694382342331224	-0.047175298069119305	0.06895664253706002	-0.08249271375512482	0.06758549842786292	-0.06628332296368634	0.0413076658115752	-0.050529719688353535	0.061340728861418475	-0.05556553985444358	0.050052954272665415	-0.03359832284495361	0.039331185848011214	-0.04556634119311766	0.0484344641135067	-0.04628872286771612	0.04479950451352416	-0.02937723636203601	0.03160813851548065	-0.029385687203929173	0.029827371121619102
0.09654065046839212	-0.1461000138247867	0.2403353037393361	-0.6737845353187818	0.31883237129867525	-0.10440632514830256	0.14876694341064792	-0.30873604556779466	1.000000000000002	-0.5329227886514603	0.08367469007939708	-0.09740570542376717	0.11922735836270591	-0.14326118355235645	0.14556388411159835	-0.07034816997327285	0.05944561709406515	-0.11426966811358803	0.10572398884111679	-0.12191717261221058	0.040397254681798306	-0.0590520409634612	0.07244064174049193	-0.06903126339190845	0.06912641871332316	-0.036532277817103685	0.0447855392283294	-0.057186796248756	0.055194906190617676	-0.05250471543373761	0.03142294596462129	-0.037304134289596405	0.04416328694427852	-0.04921624749250176	0.04642877137472962	-0.04438643749090193	0.02862187623898349	-0.03137084418068585	0.02926646625323359	-0.030222546664071342
-0.07726212529102007	0.10578816969781084	-0.16833267713780065	0.2984238121795667	-0.7275297918143832	0.08150011319322337	-0.11487346751960559	0.17207862443487154	-0.5329227886514603	1.000000000000002	-0.0733673547500611	0.08349201530327736	-0.11455779520296042	0.13209590905763702	-0.23342593181672625	0.06844349312111125	-0.0580445596634025	0.11524217148222872	-0.11306933384496765	0.15243900331488913	-0.042620740809098966	0.061646894217428125	-0.07731262086495277	0.07697384380213132	-0.0813735380044677	0.03890566553736484	-0.04790658462527854	0.06208459716747778	-0.06178567394917972	0.060819875027860425	-0.03457577275169491	0.04118908504724745	-0.04965049087090154	0.05608171918395282	-0.05314070734697428	0.049992291711984195	-0.03217148953236181	0.03546933498936039	-0.03327313324618143	0.03452996267446133
0.2156125825159042	-0.19718849988513315	0.12871301502983845	-0.08768891749823789	0.08944087977297403	-0.38891692733071	0.23257941456212042	-0.14178786092124032	0.08367469007939708	-0.0733673547500611	1.0000000000000027	-0.7599114886226211	0.14260046026450823	-0.10937751699479646	0.0958862035912333	-0.3172762224195378	0.21440008769223734	-0.1396370911530288	0.0992177010038303	-0.08910407331581267	0.08697606075156707	-0.13149716013871426	0.12862279032984303	-0.08180258441806089	0.07645767055630179	-0.07175253321865632	0.08534725087974214	-0.09168602249137546	0.070403576770536	-0.05904779519977232	0.050054306304267285	-0.057476743515822624	0.0608259098568405	-0.0601328866913497	0.05743314745633934	-0.059172226435318484	0.03940395307080658	-0.04106482380546976	0.037279716115661096	-0.037040681864018814
-0.23087165433225584	0.1939732944972352	-0.15017956267116217	0.09806077234259948	-0.10517380357168268	0.25041247654458265	-0.32937855349147427	0.1569159024853836	-0.09740570542376717	0.08349201530327736	-0.7599114886226211	1.0000000000000018	-0.19909581141175878	0.12635784161638558	-0.11350691912217903	0.24194888207159784	-0.2822679035171718	0.15539924769188074	-0.11695393176846551	0.10074521489383766	-0.09694974431154588	0.14388683824298856	-0.15066941032989356	0.09218670895768824	-0.08785454382867063	0.07802553852447054	-0.09668339642238001	0.10137517889802525	-0.08014842267093247	0.06669829318483353	-0.0560502714587642	0.06364022349887971	-0.06874538413083615	0.06739609760525934	-0.06526427888985983	0.06539296087557676	-0.04417532239446559	0.04584592975431306	-0.04206825562469267	0.04160095325793821
0.08935779099123896	-0.1012105440465054	0.12444736387590334	-0.11211067733567301	0.1236004444219891	-0.0981506097428624	0.1266206427947456	-0.1636920510355302	0.11922735836270591	-0.11455779520296042	0.14260046026450823	-0.19909581141175878	1.0000000000000022	-0.59317469704925	0.23668223611938274	-0.1401118935890687	0.1256258440068335	-0.6321514204603262	0.30454305095677564	-0.22847708094029512	0.08367853065591112	-0.12991000503618588	0.1703842827691438	-0.15751920229191205	0.13814778058620522	-0.07658537098947336	0.09480982483152411	-0.12553653989033117	0.12012981280680791	-0.10522177322162059	0.0625911391516625	-0.07427000190926542	0.08688800776537337	-0.09752691550437179	0.09206157738566004	-0.08524672027074784	0.05560170238130109	-0.06084770390628804	0.05744805692159502	-0.059049090050652155
-0.07316038024357516	0.08276091732553216	-0.1072464830494624	0.11498326324224291	-0.13902661419281043	0.07800034327243718	-0.10245122753518503	0.12002148297641993	-0.14326118355235645	0.13209590905763702	-0.10937751699479646	0.12635784161638558	-0.59317469704925	1.0000000000000022	-0.42486251594184504	0.10957101605874481	-0.09928954986160203	0.3183833555500464	-0.5443786063996577	0.26950725961072175	-0.07474739153325247	0.10912509951277183	-0.15401282167494354	0.1677113822432868	-0.15581750935220073	0.0679033231789808	-0.08618303821484122	0.1139454090243173	-0.1306117009567986	0.1115007384618034	-0.058827649721149275	0.0694507261180599	-0.08622067904498655	0.09858428118586113	-0.09606724132061882	0.08173634372665547	-0.05420988949103744	0.059719802322647855	-0.058248359196488644	0.05981656561155001
0.07005482428830113	-0.08309463187125983	0.10167579205689707	-0.13226005895320175	0.18375394199698913	-0.07697312603637653	0.09523325183952633	-0.11387951169256649	0.14556388411159835	-0.23342593181672625	0.0958862035912333	-0.11350691912217903	0.23668223611938274	-0.42486251594184504	1.0000000000000016	-0.12241348311710756	0.1030389873566033	-0.28313076876252696	0.2928649707143118	-0.7011193233870282	0.08697747851463218	-0.1275235353100523	0.16263552590039176	-0.19835623962346263	0.21482675117614033	-0.08206567407464666	0.10200641905006155	-0.1396972693642586	0.1502446794122055	-0.1644017485905821	0.07610482823525275	-0.09205823252071324	0.11230749994166647	-0.13803107533164322	0.12770124009007777	-0.11542153436955921	0.07310122978444011	-0.08281563045592086	0.07856153745058123	-0.08418406626744708
-0.11819998699206082	0.10370421384693235	-0.08918804407508539	0.06975552667295366	-0.0859183147966655	0.13234058722130612	-0.134893632006965	0.09253540968433054	-0.07034816997327285	0.06844349312111125	-0.3172762224195378	0.24194888207159784	-0.1401118935890687	0.10957101605874481	-0.12241348311710756	0.9999999999999994	-0.7623800464344205	0.15367325306868795	-0.1268623520988649	0.1092139510199751	-0.21985285907588542	0.2739275023673848	-0.2817004012436196	0.13206085818945204	-0.12570077663547785	0.15386026589572835	-0.19053533204318504	0.17233067482442582	-0.1230266834415652	0.09563312262500058	-0.09926212763610433	0.10853093476757984	-0.11097853549404493	0.10046152583035126	-0.09888428363648537	0.1017860023877817	-0.07108200245370393	0.07115239393112957	-0.06459724613612955	0.062282785580905504
0.09390104814737658	-0.09046416695345612	0.0749339725718107	-0.05956356470031287	0.0708980286957306	-0.1119835973879497	0.11415399172192753	-0.08093739823935885	0.05944561709406515	-0.0580445596634025	0.21440008769223734	-0.2822679035171718	0.1256258440068335	-0.09928954986160203	0.1030389873566033	-0.7623800464344205	0.9999999999999998	-0.15708385136103065	0.11204026487307053	-0.09595831525631635	0.17660703160202387	-0.4352796898825566	0.2295006092857618	-0.11767796225201113	0.10472731625201026	-0.14521858427333015	0.17295498882807628	-0.16564063522029163	0.10594502794437712	-0.08261163947117242	0.08611009936224581	-0.09910796095419729	0.0935339725936318	-0.08729889612458074	0.08315168546349798	-0.09057689543460681	0.06090868251002252	-0.06176751383633081	0.05482931133334479	-0.053553833806574525
-0.08807568704185954	0.09441333914419306	-0.11630848529949543	0.10460446453774876	-0.136338645072953	0.09304822123528791	-0.12022957435736263	0.12713007916627597	-0.11426966811358803	0.11524217148222872	-0.1396370911530288	0.15539924769188074	-0.6321514204603262	0.3183833555500464	-0.28313076876252696	0.15367325306868795	-0.15708385136103065	0.9999999999999987	-0.5276911220288428	0.2375166145937763	-0.10357399853948324	0.15733897046517256	-0.2667064788390095	0.19369012939431138	-0.17539537896780813	0.09253678300886481	-0.11814639985432485	0.1536894448971457	-0.15673565811734433	0.12608884822963223	-0.07556523256714152	0.08822655421896398	-0.10685834917233292	0.11616410580813481	-0.11443188208749007	0.0991709349751662	-0.06680623657605654	0.0722490766808046	-0.0700670864223804	0.07063742589192644
0.06630758417892296	-0.07475507518315413	0.08903474472768134	-0.09707553095154434	0.12039935390441876	-0.07235062517898574	0.0896141963718004	-0.10039028400869952	0.10572398884111679	-0.11306933384496765	0.0992177010038303	-0.11695393176846551	0.30454305095677564	-0.5443786063996577	0.2928649707143118	-0.1268623520988649	0.11204026487307053	-0.5276911220288428	0.9999999999999979	-0.4298955568288836	0.09059878509944716	-0.1352066575201357	0.1897918965222685	-0.29666035699925053	0.19892524417129853	-0.08414825881182243	0.10710977927642609	-0.14840036531426098	0.1774451402166892	-0.14946642465696452	0.07296862322584592	-0.08690335983015483	0.10773978528056777	-0.12886782342596448	0.12194115222100312	-0.10264306083170582	0.06762919695002476	-0.07531786519740588	0.07366106259546351	-0.07651992816817332
-0.0638327971280601	0.07277566011615318	-0.09046901069460879	0.10693079460010177	-0.1704132863860506	0.06838393704868849	-0.08640368289921821	0.09694382342331224	-0.12191717261221058	0.15243900331488913	-0.08910407331581267	0.10074521489383766	-0.22847708094029512	0.26950725961072175	-0.7011193233870282	0.1092139510199751	-0.09595831525631635	0.2375166145937763	-0.4298955568288836	1.0000000000000009	-0.08481843807193537	0.11886122579633927	-0.16700297808793088	0.2046085349588169	-0.3476114885183987	0.07810707281790635	-0.10014746302574946	0.13471361892774128	-0.16862115319915016	0.1812522550585001	-0.07366470246708953	0.08749987358891885	-0.11514240099493082	0.13848422331822013	-0.1443821298573034	0.10832521656852988	-0.07223393884053222	0.08105331900218898	-0.0822745029246805	0.08612790211577216
0.04633635469155332	-0.046856277195158405	0.04394181980000376	-0.03981926682486772	0.05159611386504532	-0.05303824634747412	0.056898279282518276	-0.047175298069119305	0.040397254681798306	-0.042620740809098966	0.08697606075156707	-0.09694974431154588	0.08367853065591112	-0.07474739153325247	0.08697747851463218	-0.21985285907588542	0.17660703160202387	-0.10357399853948324	0.09059878509944716	-0.08481843807193537	0.9999999999999996	-0.38379328841166005	0.2273189880160413	-0.13457130159852823	0.11291015594266665	-0.7828889128852563	0.28752127799992544	-0.27052264556855754	0.12769674720540064	-0.09571866172798503	0.14965973840174138	-0.17238405293223683	0.12219949798443225	-0.10805437930974593	0.09854663036642543	-0.13531038770314438	0.08434553908878178	-0.08345813876885683	0.06814820625609924	-0.06620045775316882
-0.06870784225242897	0.06801116762521417	-0.06483628682493144	0.05767666159354855	-0.07552974418989847	0.07681460731977074	-0.08491904701225711	0.06895664253706002	-0.0590520409634612	0.061646894217428125	-0.13149716013871426	0.14388683824298856	-0.12991000503618588	0.10912509951277183	-0.1275235353100523	0.2739275023673848	-0.4352796898825566	0.15733897046517256	-0.1352066575201357	0.11886122579633927	-0.38379328841166005	1.0000000000000002	-0.5290183617082254	0.18091784344788253	-0.1568318093263295	0.255459977708947	-0.43037389759065053	0.283278260613195	-0.17191233818513166	0.12380827890000774	-0.14976290582603338	0.16459432316564773	-0.14825837679506587	0.13188457280240393	-0.12722526335099732	0.13776688244870766	-0.0957267688498028	0.09461543033751185	-0.0839156171861945	0.08070946069455101
0.07327516722393779	-0.07690301740260476	0.0754612169892385	-0.07106122725328919	0.09107502350180659	-0.08374692301468371	0.09205515254055226	-0.08249271375512482	0.07244064174049193	-0.07731262086495277	0.12862279032984303	-0.15066941032989356	0.1703842827691438	-0.15401282167494354	0.16263552590039176	-0.2817004012436196	0.2295006092857618	-0.2667064788390095	0.1897918965222685	-0.16700297808793088	0.2273189880160413	-0.5290183617082254	1.0000000000000004	-0.3475923753828038	0.20346324613021963	-0.22944742370167784	0.2833946096541608	-0.4865667082265584	0.2424285406645167	-0.17595672228298792	0.14810385926502928	-0.1801305989839903	0.17454955176109255	-0.182369231533658	0.16208125421014757	-0.17570703769065735	0.11286595391392094	-0.12029713048565474	0.10624359321152406	-0.10699771694524157
-0.05232426370425113	0.05647627064289201	-0.06265150098897868	0.06484756668730704	-0.09037509853763769	0.05728558003320698	-0.0679382194092874	0.06758549842786292	-0.06903126339190845	0.07697384380213132	-0.08180258441806089	0.09218670895768824	-0.15751920229191205	0.1677113822432868	-0.19835623962346263	0.13206085818945204	-0.11767796225201113	0.19369012939431138	-0.29666035699925053	0.2046085349588169	-0.13457130159852823	0.18091784344788253	-0.3475923753828038	0.9999999999999966	-0.4041474658163881	0.12184529064667396	-0.174829472437222	0.2448071131695969	-0.6625631623193021	0.27135394300630405	-0.11003772107849635	0.12757675379315636	-0.18286090576368133	0.22070143115809954	-0.22726792025959575	0.1467607467204574	-0.10449706907665951	0.11622977083711761	-0.12619390835889843	0.125278730734509
0.0500979750530491	-0.055241650211676686	0.060840508332006014	-0.0659035625209616	0.09168513897409047	-0.055495951273708294	0.0650836510745331	-0.06628332296368634	0.06912641871332316	-0.0813735380044677	0.07645767055630179	-0.08785454382867063	0.13814778058620522	-0.15581750935220073	0.21482675117614033	-0.12570077663547785	0.10472731625201026	-0.17539537896780813	0.19892524417129853	-0.3476114885183987	0.11291015594266665	-0.1568318093263295	0.20346324613021963	-0.4041474658163881	0.9999999999999967	-0.10948902047794774	0.1414679469611837	-0.20757827550448468	0.28928484977003327	-0.6346527302355977	0.11502380265213732	-0.1411937134972237	0.18809204895678883	-0.280172596418779	0.26990152585417243	-0.18912380476046886	0.1208304916434852	-0.14495177540748672	0.14826018224342258	-0.17433378874782846
-0.0395116018766325	0.039891423014251616	-0.03876135136859023	0.035697190678293106	-0.04751376731510204	0.04426397163536051	-0.04882460563835663	0.0413076658115752	-0.036532277817103685	0.03890566553736484	-0.07175253321865632	0.07802553852447054	-0.07658537098947336	0.0679033231789808	-0.08206567407464666	0.15386026589572835	-0.14521858427333015	0.09253678300886481	-0.08414825881182243	0.07810707281790635	-0.7828889128852563	0.255459977708947	-0.22944742370167784	0.12184529064667396	-0.10948902047794774	0.9999999999999984	-0.4511697293352667	0.2371419683806319	-0.1238408598478197	0.08966569778873225	-0.1834670604427691	0.17385623357535346	-0.1225856776982829	0.10132241039356023	-0.09574757525992962	0.1273879586308309	-0.0840304396050046	0.07964638438905952	-0.06594426662469415	0.06270017243578883
0.047350915609397734	-0.04849943441363596	0.047051780296726096	-0.0437941841845122	0.05788224035417674	-0.05362946638402469	0.05884710993901368	-0.050529719688353535	0.0447855392283294	-0.04790658462527854	0.08534725087974214	-0.09668339642238001	0.09480982483152411	-0.08618303821484122	0.10200641905006155	-0.19053533204318504	0.17295498882807628	-0.11814639985432485	0.10710977927642609	-0.10014746302574946	0.28752127799992544	-0.43037389759065053	0.2833946096541608	-0.174829472437222	0.1414679469611837	-0.4511697293352667	1.000000000000002	-0.5947056406921519	0.17920807442262907	-0.12383408056621106	0.1933336337112327	-0.2849823704110204	0.1583114214218625	-0.1372139572599658	0.12454792386061218	-0.15823909099969952	0.10531697875775477	-0.10281853472624741	0.08494387782053842	-0.08196979762689265
-0.05405377659163103	0.055947066943432044	-0.05742738300817285	0.055189751460558226	-0.07531386577334757	0.05980303275860771	-0.06808043647654767	0.061340728861418475	-0.057186796248756	0.06208459716747778	-0.09168602249137546	0.10137517889802525	-0.12553653989033117	0.1139454090243173	-0.1396972693642586	0.17233067482442582	-0.16564063522029163	0.1536894448971457	-0.14840036531426098	0.13471361892774128	-0.27052264556855754	0.283278260613195	-0.4865667082265584	0.2448071131695969	-0.20757827550448468	0.2371419683806319	-0.5947056406921519	1.000000000000001	-0.35051789944200407	0.17641393188682422	-0.17776885153199773	0.1956506768363823	-0.20821240665941765	0.18177695035462296	-0.1746398946286089	0.1669442029174182	-0.12043003680751493	0.12202072478220202	-0.11085859635307152	0.10637071624953143
0.04421781440612684	-0.04763740561319806	0.05123238652606403	-0.052741895983091876	0.07196123895977519	-0.0490048641863605	0.05688396889641905	-0.05556553985444358	0.055194906190617676	-0.06178567394917972	0.070403576770536	-0.08014842267093247	0.12012981280680791	-0.1306117009567986	0.1502446794122055	-0.1230266834415652	0.10594502794437712	-0.15673565811734433	0.1774451402166892	-0.16862115319915016	0.12769674720540064	-0.17191233818513166	0.2424285406645167	-0.6625631623193021	0.28928484977003327	-0.1238408598478197	0.17920807442262907	-0.35051789944200407	1.0	-0.4187661465215903	0.11137760227108967	-0.13385300955059282	0.1891029427803302	-0.31707828716901826	0.23965283189506056	-0.15506523081208257	0.10739378363376328	-0.12452056955748651	0.13409464679178384	-0.13990206846938874
-0.038541915503877255	0.04196779933278121	-0.04652518258076334	0.04958206378654201	-0.07141100018458	0.04229169539111985	-0.049965816923129534	0.050052954272665415	-0.05250471543373761	0.060819875027860425	-0.05904779519977232	0.06669829318483353	-0.10522177322162059	0.1115007384618034	-0.1644017485905821	0.09563312262500058	-0.08261163947117242	0.12608884822963223	-0.14946642465696452	0.1812522550585001	-0.09571866172798503	0.12380827890000774	-0.17595672228298792	0.27135394300630405	-0.6346527302355977	0.08966569778873225	-0.12383408056621106	0.17641393188682422	-0.4187661465215903	0.9999999999999998	-0.09603872468624547	0.114191530313296	-0.1795550908399068	0.25549461057077566	-0.4944945992042702	0.14881763676559584	-0.10671609976363472	0.12539349609821815	-0.15909693889326335	0.17350103750437088
0.029769989132001167	-0.0310464127159527	0.03142273333203845	-0.03062212140948544	0.04212934644318831	-0.03324823387633563	0.03735059276991612	-0.03359832284495361	0.03142294596462129	-0.03457577275169491	0.050054306304267285	-0.0560502714587642	0.0625911391516625	-0.058827649721149275	0.07610482823525275	-0.09926212763610433	0.08611009936224581	-0.07556523256714152	0.07296862322584592	-0.07366470246708953	0.14965973840174138	-0.14976290582603338	0.14810385926502928	-0.11003772107849635	0.11502380265213732	-0.1834670604427691	0.1933336337112327	-0.17776885153199773	0.11137760227108967	-0.09603872468624547	1.0000000000000002	-0.7819942097328098	0.21397467900238457	-0.13845675970153412	0.12468813449159982	-0.45212077051144584	0.19428846728837718	-0.16357844132655489	0.10316618711594931	-0.09385441491317276
-0.034559365765699346	0.03598360754536528	-0.03694022385440266	0.036188971475902894	-0.05050447701020214	0.03826703851063434	-0.04346690676633936	0.039331185848011214	-0.037304134289596405	0.04118908504724745	-0.057476743515822624	0.06364022349887971	-0.07427000190926542	0.0694507261180599	-0.09205823252071324	0.10853093476757984	-0.09910796095419729	0.08822655421896398	-0.08690335983015483	0.08749987358891885	-0.17238405293223683	0.16459432316564773	-0.1801305989839903	0.12757675379315636	-0.1411937134972237	0.17385623357535346	-0.2849823704110204	0.1956506768363823	-0.13385300955059282	0.114191530313296	-0.7819942097328098	1.0000000000000002	-0.29995997201666175	0.16330535753023245	-0.1537134350245599	0.27796339084658617	-0.2194517636413399	0.16952587145366355	-0.12107978647478718	0.10636198218481582
0.03806722391694079	-0.04061030957778203	0.04236948177041958	-0.042963039686365355	0.05947142328773585	-0.04236400584186597	0.04831474007043955	-0.04556634119311766	0.04416328694427852	-0.04965049087090154	0.0608259098568405	-0.06874538413083615	0.08688800776537337	-0.08622067904498655	0.11230749994166647	-0.11097853549404493	0.0935339725936318	-0.10685834917233292	0.10773978528056777	-0.11514240099493082	0.12219949798443225	-0.14825837679506587	0.17454955176109255	-0.18286090576368133	0.18809204895678883	-0.1225856776982829	0.1583114214218625	-0.20821240665941765	0.1891029427803302	-0.1795550908399068	0.21397467900238457	-0.29995997201666175	1.0000000000000002	-0.5296368019836656	0.2513974410534884	-0.407430859366819	0.27476032825053065	-0.4827597088580718	0.22609927637775717	-0.22180918152034745
-0.03878621814719681	0.04169163164894545	-0.04526056160651934	0.04704757110256273	-0.0674187485637846	0.042574725376078926	-0.04979789025604561	0.0484344641135067	-0.04921624749250176	0.05608171918395282	-0.0601328866913497	0.06739609760525934	-0.09752691550437179	0.09858428118586113	-0.13803107533164322	0.10046152583035126	-0.08729889612458074	0.11616410580813481	-0.12886782342596448	0.13848422331822013	-0.10805437930974593	0.13188457280240393	-0.182369231533658	0.22070143115809954	-0.280172596418779	0.10132241039356023	-0.1372139572599658	0.18177695035462296	-0.31707828716901826	0.25549461057077566	-0.13845675970153412	0.16330535753023245	-0.5296368019836656	0.9999999999999998	-0.5393191000014641	0.21933334110726183	-0.18412255803260758	0.22551581590194125	-0.33088666532685573	0.2533927666354091
0.03690856309823221	-0.03996688490648553	0.042853732574154806	-0.044763291415252766	0.06240286041909505	-0.040913393513535144	0.047351182591878864	-0.04628872286771612	0.04642877137472962	-0.05314070734697428	0.05743314745633934	-0.06526427888985983	0.09206157738566004	-0.09606724132061882	0.12770124009007777	-0.09888428363648537	0.08315168546349798	-0.11443188208749007	0.12194115222100312	-0.1443821298573034	0.09854663036642543	-0.12722526335099732	0.16208125421014757	-0.22726792025959575	0.26990152585417243	-0.09574757525992962	0.12454792386061218	-0.1746398946286089	0.23965283189506056	-0.4944945992042702	0.12468813449159982	-0.1537134350245599	0.2513974410534884	-0.5393191000014641	0.9999999999999998	-0.2254054038936269	0.1555131707642781	-0.20269436735695634	0.26432796882592374	-0.42428041806276723
-0.03752569991248135	0.03966884480712468	-0.0422181042100928	0.04280726608374328	-0.06166390643211475	0.04110204913398332	-0.047677109469349666	0.04479950451352416	-0.04438643749090193	0.049992291711984195	-0.059172226435318484	0.06539296087557676	-0.08524672027074784	0.08173634372665547	-0.11542153436955921	0.1017860023877817	-0.09057689543460681	0.0991709349751662	-0.10264306083170582	0.10832521656852988	-0.13531038770314438	0.13776688244870766	-0.17570703769065735	0.1467607467204574	-0.18912380476046886	0.1273879586308309	-0.15823909099969952	0.1669442029174182	-0.15506523081208257	0.14881763676559584	-0.45212077051144584	0.27796339084658617	-0.407430859366819	0.21933334110726183	-0.2254054038936269	1.0	-0.56892699198078	0.29054597505779156	-0.1969406760896213	0.1605004015564342
0.024692144168002965	-0.026216840237828307	0.027463068791291335	-0.027774498031895398	0.03902565120117347	-0.027342247678670283	0.03131458882071767	-0.02937723636203601	0.02862187623898349	-0.03217148953236181	0.03940395307080658	-0.04417532239446559	0.05560170238130109	-0.05420988949103744	0.07310122978444011	-0.07108200245370393	0.06090868251002252	-0.06680623657605654	0.06762919695002476	-0.07223393884053222	0.08434553908878178	-0.0957267688498028	0.11286595391392094	-0.10449706907665951	0.1208304916434852	-0.0840304396050046	0.10531697875775477	-0.12043003680751493	0.10739378363376328	-0.10671609976363472	0.19428846728837718	-0.2194517636413399	0.27476032825053065	-0.18412255803260758	0.1555131707642781	-0.56892699198078	1.0000000000000004	-0.6828961442603381	0.18442773753269717	-0.16931697109286392
-0.026122792493281193	0.027823373233830325	-0.029616525010247335	0.03026904427580058	-0.04313415398259529	0.02875294747784981	-0.03327228636324246	0.03160813851548065	-0.03137084418068585	0.03546933498936039	-0.04106482380546976	0.04584592975431306	-0.06084770390628804	0.059719802322647855	-0.08281563045592086	0.07115239393112957	-0.06176751383633081	0.0722490766808046	-0.07531786519740588	0.08105331900218898	-0.08345813876885683	0.09461543033751185	-0.12029713048565474	0.11622977083711761	-0.14495177540748672	0.07964638438905952	-0.10281853472624741	0.12202072478220202	-0.12452056955748651	0.12539349609821815	-0.16357844132655489	0.16952587145366355	-0.4827597088580718	0.22551581590194125	-0.20269436735695634	0.29054597505779156	-0.6828961442603381	1.0000000000000009	-0.3198059284437067	0.2056740499232803
0.023845424875860933	-0.02563329765198612	0.027344208152925507	-0.028254521050541846	0.03971779928863694	-0.026371609511387558	0.030478082895420956	-0.029385687203929173	0.02926646625323359	-0.03327313324618143	0.037279716115661096	-0.04206825562469267	0.05744805692159502	-0.058248359196488644	0.07856153745058123	-0.06459724613612955	0.05482931133334479	-0.0700670864223804	0.07366106259546351	-0.0822745029246805	0.06814820625609924	-0.0839156171861945	0.10624359321152406	-0.12619390835889843	0.14826018224342258	-0.06594426662469415	0.08494387782053842	-0.11085859635307152	0.13409464679178384	-0.15909693889326335	0.10316618711594931	-0.12107978647478718	0.22609927637775717	-0.33088666532685573	0.26432796882592374	-0.1969406760896213	0.18442773753269717	-0.3198059284437067	1.0000000000000009	-0.7972472591072763
-0.023928250452384683	0.0257532264767609	-0.027845792830981264	0.028989549576488687	-0.04142835001074565	0.02631691728777741	-0.03068736263073324	0.029827371121619102	-0.030222546664071342	0.03452996267446133	-0.037040681864018814	0.04160095325793821	-0.059049090050652155	0.05981656561155001	-0.08418406626744708	0.062282785580905504	-0.053553833806574525	0.07063742589192644	-0.07651992816817332	0.08612790211577216	-0.06620045775316882	0.08070946069455101	-0.10699771694524157	0.125278730734509	-0.17433378874782846	0.06270017243578883	-0.08196979762689265	0.10637071624953143	-0.13990206846938874	0.17350103750437088	-0.09385441491317276	0.10636198218481582	-0.22180918152034745	0.2533927666354091	-0.42428041806276723	0.1605004015564342	-0.16931697109286392	0.2056740499232803	-0.7972472591072763	1.0000000000000009
