1.0	-0.6693277039604542	0.29351990461293453	-0.13971381083321158	0.0971779651336318	-0.3232562391214892	0.21093719748116693	-0.1812585673730007	0.11113438361412553	-0.08335443741405636	0.22910776304130906	-0.055003227686744836	0.061884978887477154	-0.059479231979592005	0.06337767333994218	-0.11556738089268313	0.05013583914109412	-0.05491144957885942	0.05553558282491562	-0.08147814024684852	0.06811168561463772	-0.09039992577936913	0.058070690005374896	-0.052459532001702246	0.058257024853141263	-0.061608744176459465	0.06335691262308175	-0.057328415824712	0.056228451751353964	-0.049032685410903804	0.06767834841075894	-0.06635355960357463	0.06422097321191124	-0.049220913942690604	0.06755308084044065	-0.05392711287708737	0.06681627141867874	-0.06318654079084808	0.05068328765986674	-0.03685552601578594	0.059541528652322234	-0.038112060109150185	0.04117507801919425	-0.040429373838852256	0.035522253664285575
-0.6693277039604542	1.0000000000000002	-0.5509493084309821	0.13767079659722586	-0.08802995703013225	0.1686238542388349	-0.32203670593005124	0.22252943550278534	-0.1185315446022669	0.07640576170621828	-0.17695109700984196	0.04247625963604986	-0.05147967448294711	0.050156988411182823	-0.05427547208150235	0.0746179217413533	-0.03914932421883114	0.04363546603266811	-0.04479688552488574	0.06674152414563755	-0.04543192643278573	0.05994015418077265	-0.04057111341737956	0.03747258820573219	-0.041024307688251396	0.04057173926953601	-0.04267060569439308	0.03918232653022389	-0.038872366774131806	0.03392958803957216	-0.04510556442308436	0.04416835223540343	-0.043105968913640394	0.03326720973151151	-0.045607548201716315	0.0349230813296285	-0.04456277903510247	0.04198930575703816	-0.0338528447127226	0.02459770702322977	-0.03882007997659144	0.025311773558088956	-0.027392207829251808	0.026855469234169024	-0.023636376828838956
0.29351990461293453	-0.5509493084309821	1.0	-0.24980016833693913	0.1381028796380523	-0.14727737350107512	0.2988329382956255	-0.4265262549676584	0.18783387521754083	-0.1243133215156347	0.14554942108836713	-0.05961778910299454	0.0793952320960325	-0.07916456211999366	0.08601299098796757	-0.10757181132773802	0.054456538415708154	-0.06752656485129827	0.06944040262875889	-0.10747218709480066	0.06490278139236894	-0.09132613376176991	0.061833289731745116	-0.05776542457050393	0.06279436955480333	-0.06035743727437896	0.06432204006873432	-0.05999059830541895	0.05946979229934447	-0.05220545821609416	0.0660677894985425	-0.06742821739349669	0.06577495031902872	-0.051022221007231465	0.06971569707486136	-0.05421209702134433	0.06769911246445744	-0.06493922236432641	0.05206260500997661	-0.037957911140801597	0.059603900487258756	-0.038872239337308545	0.041935073172987086	-0.04152557250800999	0.036407009361992454
-0.13971381083321158	0.13767079659722586	-0.24980016833693913	0.9999999999999996	-0.37581659933785494	0.07163734853372317	-0.2620309727669765	0.23460576361586225	-0.7723779449619447	0.26465492912765354	-0.07992539663477927	0.05759819463463384	-0.1348068394708332	0.13976216485431808	-0.1633683421345705	0.06320188106290413	-0.05469077584290379	0.09520206451854166	-0.10953103221698111	0.16463766811752073	-0.04131871110477186	0.0622683169421095	-0.05595296480448997	0.05853595800180025	-0.05923764639886254	0.03847120558376807	-0.04653522607954279	0.048617776594313974	-0.051040888251037	0.0452342378587313	-0.04271920828800687	0.04660311560291379	-0.04709634936436198	0.038517172165041864	-0.051736831531402815	0.03175156418870019	-0.04603110832828043	0.0449236374446668	-0.03645464970975977	0.02669986300647674	-0.035121321262209605	0.02632818035004313	-0.02843177154888652	0.02846629037915982	-0.02494608005342666
0.0971779651336318	-0.08802995703013225	0.1381028796380523	-0.37581659933785494	1.0	-0.051699287351966175	0.13357307687741776	-0.13481486947170454	0.26793635435368957	-0.7519053415929279	0.05909488875942791	-0.06571337221210963	0.1493633402027432	-0.17554528768796326	0.26121776449169365	-0.06801434718624819	0.060838617239112776	-0.1242020207647441	0.13307303934879317	-0.3587997870854034	0.044866257182147665	-0.07110035338751904	0.06540083326333761	-0.07139834922084606	0.06981337555556397	-0.04244425495091624	0.05271296642866534	-0.057143682559349034	0.05944293490445506	-0.05396750500193006	0.04654626858292646	-0.052849314230975615	0.053082017255242725	-0.04412447576567896	0.0583902574739232	-0.034603501047638104	0.05117620906147316	-0.05126822028891999	0.0409454214694	-0.03026282438234713	0.037753946747241786	-0.029585294707921275	0.0317681507203913	-0.03218592925136609	0.027973502039717532
-0.3232562391214892	0.1686238542388349	-0.14727737350107512	0.07163734853372317	-0.051699287351966175	1.0000000000000004	-0.14116871367746386	0.10134994099205721	-0.060167953754222694	0.04413555536894083	-0.888660530080868	0.047165285020395145	-0.03826908437525243	0.03499635779425839	-0.03535619988201782	0.10128874820883334	-0.04402512705811085	0.034761435910164645	-0.03444733786641551	0.04466283526434876	-0.06252626424019059	0.06311459319581605	-0.04020398242271672	0.03470061069496717	-0.03947576835947746	0.04759752808320684	-0.04627269254656305	0.03926639356666509	-0.038443741764857875	0.03279584155897498	-0.05554240665134432	0.04635619746937886	-0.04476227913371725	0.03355779551511529	-0.0465672138061032	0.036057526742568555	-0.04752647056318799	0.042036256496725884	-0.034327747635502115	0.024651699373406725	-0.041430581091212726	0.026066358346789005	-0.028469446983997213	0.026912094607807996	-0.0239719183525524
0.21093719748116693	-0.32203670593005124	0.2988329382956255	-0.2620309727669765	0.13357307687741776	-0.14116871367746386	1.0000000000000002	-0.7684874879063883	0.2174684152987591	-0.13177065931513893	0.12894964481540946	-0.0624643639697841	0.07660270726800676	-0.07793930163775664	0.08398814462524404	-0.07994224837910988	0.05545571653978229	-0.06345848203166202	0.06507716466528937	-0.10197748352365037	0.04920660408231033	-0.06954186611430985	0.04939725513266765	-0.04747680574422059	0.050475830160206056	-0.045068181675785995	0.04931396249309262	-0.04673369624986468	0.046770741600486936	-0.04114496465093701	0.049616748608118724	-0.05072496051751529	0.049664771314977485	-0.03890131492679506	0.05291609482460376	-0.03901002516755622	0.050670095320074854	-0.04850022263722745	0.03894603374583836	-0.028414924972927476	0.043013458739680696	-0.028953708262535793	0.03125466378032758	-0.030905843582183363	0.0271040513112151
-0.1812585673730007	0.22252943550278534	-0.4265262549676584	0.23460576361586225	-0.13481486947170454	0.10134994099205721	-0.7684874879063883	1.0	-0.3184528207308153	0.1283537016894382	-0.10452441294973278	0.04883046692391199	-0.07255743007759503	0.07405865775347423	-0.08059967477514698	0.0605779291658118	-0.045174421101253186	0.05643188514352002	-0.05973619561777228	0.09104958257209149	-0.03790835602986848	0.05366039916422661	-0.040239460170288115	0.03946202198982308	-0.041434098864789395	0.0345933779560115	-0.038598802100911885	0.03725823009928161	-0.037723529742137794	0.033197976565511725	-0.03829643396544781	0.03938579730207205	-0.038852608908189395	0.03068165070223363	-0.041659098622882244	0.029534347546468213	-0.039327470338419136	0.03765367508684304	-0.030353248610810613	0.022143617798106717	-0.03267210226644507	0.02242951180411431	-0.024232800848602503	0.0239775231271237	-0.02104522792032036
0.11113438361412553	-0.1185315446022669	0.18783387521754083	-0.7723779449619447	0.26793635435368957	-0.060167953754222694	0.2174684152987591	-0.3184528207308153	0.9999999999999998	-0.37686260480716816	0.06523241216003771	-0.05273700654712113	0.12395444562250732	-0.15888018438468524	0.16114182327168172	-0.056180654272682644	0.04925728109343168	-0.0919485303925936	0.10362102603712713	-0.17024413142570186	0.03655892764400296	-0.05576293423058292	0.050078306164466964	-0.05365078067807602	0.05285054777419707	-0.03413247313650169	0.041313448708200966	-0.04355658471282677	0.04546658725494819	-0.04053506478988073	0.0376590141617196	-0.04139283759769288	0.04154759247447075	-0.03412255123891588	0.04553683660645221	-0.028154581299870203	0.04054082924926828	-0.03985286054224351	0.03211242727133003	-0.023589537508710515	0.030964275813143316	-0.023265971246425196	0.02506569311678071	-0.025170329198657696	0.021989304749929092
-0.08335443741405636	0.07640576170621828	-0.1243133215156347	0.26465492912765354	-0.7519053415929279	0.04413555536894083	-0.13177065931513893	0.1283537016894382	-0.37686260480716816	0.9999999999999996	-0.05035943282467309	0.05668272282878933	-0.15095322494840574	0.16972593386373735	-0.3837745204186468	0.05461386052794482	-0.0536208518747274	0.10960922980181174	-0.12740873910860168	0.2625497982292573	-0.03653242233780354	0.05775940026447205	-0.05649498856893743	0.06184968255883331	-0.06049429653975616	0.0344336232486596	-0.04362712224583281	0.047807020149401164	-0.050711651545734295	0.04543480526257637	-0.03801015725967183	0.04323471747590745	-0.04392818514504923	0.036738971219324464	-0.048740458245075065	0.027736663398175616	-0.042026745934937174	0.04181408858747135	-0.03376748912263655	0.024871618366232806	-0.03043779493791962	0.024171934036737064	-0.026022735999807586	0.026318248314411673	-0.022957940166479493
0.22910776304130906	-0.17695109700984196	0.14554942108836713	-0.07992539663477927	0.05909488875942791	-0.888660530080868	0.12894964481540946	-0.10452441294973278	0.06523241216003771	-0.05035943282467309	0.9999999999999977	-0.05838935764568081	0.044857417738895025	-0.04100616118696463	0.04118672071426085	-0.13930598595845314	0.0521527738415448	-0.04141113406666513	0.0407068591107102	-0.05282769572241435	0.07599082127012712	-0.07933623149796752	0.04855847498957531	-0.041938580127485955	0.047543081881515875	-0.05917791394137252	0.05643080069491201	-0.04792085096937976	0.04649193747981116	-0.03977745189626558	0.0667434625356289	-0.05689506563995205	0.05423972570253621	-0.04072545024271595	0.05627002710169833	-0.044463162465549655	0.05750568208014688	-0.051472646233244095	0.041659530177174026	-0.030018026556469263	0.050369385098473926	-0.0317561387069612	0.034553972304291	-0.032845440358370045	0.029137150638025466
-0.055003227686744836	0.04247625963604986	-0.05961778910299454	0.05759819463463384	-0.06571337221210963	0.047165285020395145	-0.0624643639697841	0.04883046692391199	-0.05273700654712113	0.05668272282878933	-0.05838935764568081	0.9999999999999988	-0.19824481360390905	0.11746436774234954	-0.07996986345458897	0.10604374434835753	-0.9232980133598974	0.17784840618187253	-0.14367854374495173	0.09616518526500464	-0.088053848514013	0.14717779998690522	-0.09162886427332909	0.08393264047890427	-0.0886397126349073	0.06985473159057348	-0.09914417626577866	0.0805850490554364	-0.08043307614287461	0.06733378563269798	-0.08098676775080672	0.08160404353089142	-0.07906011778148421	0.06118738583851771	-0.08336154699417145	0.04730329241779406	-0.0813849764259626	0.06991083795519207	-0.05759517614616066	0.04132231075359371	-0.054167311501434945	0.04307331592284421	-0.04722646048270173	0.04403007760618529	-0.03935128492826659
0.061884978887477154	-0.05147967448294711	0.0793952320960325	-0.1348068394708332	0.1493633402027432	-0.03826908437525243	0.07660270726800676	-0.07255743007759503	0.12395444562250732	-0.15095322494840574	0.044857417738895025	-0.19824481360390905	0.9999999999999974	-0.6227911429961626	0.23743369623855096	-0.08170183575152597	0.1626997388672006	-0.5678381663883678	0.31941047593223587	-0.3140051384781193	0.05807341030355782	-0.09970671901701257	0.10448746803329881	-0.1265979427664102	0.10915530949474343	-0.05363702069798151	0.07352910129430101	-0.08437255595395057	0.08928144140030282	-0.08034682110276663	0.05877013892227334	-0.06929484698092435	0.06940064361701423	-0.05993868779637066	0.07723836525550581	-0.03933017883643755	0.0648395541365146	-0.06505207877506208	0.05187864486259015	-0.038497758514046965	0.04280738942965429	-0.03708375270403137	0.03973764170964691	-0.04028385234169081	0.034913392239728475
-0.059479231979592005	0.050156988411182823	-0.07916456211999366	0.13976216485431808	-0.17554528768796326	0.03499635779425839	-0.07793930163775664	0.07405865775347423	-0.15888018438468524	0.16972593386373735	-0.04100616118696463	0.11746436774234954	-0.6227911429961626	0.9999999999999987	-0.4192453160353356	0.0714729043664338	-0.11411875697376803	0.3011808048802959	-0.4984823052993397	0.28389300776647597	-0.050930976407956595	0.08621536677524437	-0.10991180816068022	0.13334819002952258	-0.11625476439624108	0.04794546853715705	-0.06768437435115117	0.08174779186338915	-0.09121263362837889	0.07974772679824298	-0.05277929976541235	0.06366219248031683	-0.06551266525172697	0.05778350441835737	-0.07445401682189383	0.035545833038144396	-0.05971048588318625	0.06045913857865499	-0.04893861900167625	0.03623822999602754	-0.03872498961958444	0.034252621319448076	-0.03674945675064188	0.03756803173660603	-0.032628073406586
0.06337767333994218	-0.05427547208150235	0.08601299098796757	-0.1633683421345705	0.26121776449169365	-0.03535619988201782	0.08398814462524404	-0.08059967477514698	0.16114182327168172	-0.3837745204186468	0.04118672071426085	-0.07996986345458897	0.23743369623855096	-0.4192453160353356	1.0000000000000004	-0.0616521374090783	0.07496697112207677	-0.18503345154166126	0.21488554754136405	-0.7272961410758725	0.042563671553265674	-0.07057690373461468	0.07730346836475376	-0.09136018750811192	0.08375875463697535	-0.04031269533416027	0.05407117939274964	-0.0628935450678404	0.06758728592503173	-0.06125450804509605	0.04428020556940821	-0.0524466490734901	0.053495531039822596	-0.04613142970273728	0.06007215621815844	-0.030984541574375156	0.0498324720827475	-0.0504318543693974	0.040571108496178454	-0.030053388809049567	0.033782643289220315	-0.028731720466353472	0.03083262846948325	-0.031466475100337635	0.027325189878548227
-0.11556738089268313	0.0746179217413533	-0.10757181132773802	0.06320188106290413	-0.06801434718624819	0.10128874820883334	-0.07994224837910988	0.0605779291658118	-0.056180654272682644	0.05461386052794482	-0.13930598595845314	0.10604374434835753	-0.08170183575152597	0.0714729043664338	-0.0616521374090783	0.9999999999999983	-0.11235886294494846	0.08483592963295453	-0.08528757887902873	0.07941377962191483	-0.6618157008347256	0.2918758156349014	-0.17895996006003578	0.13556862415155937	-0.16593794683923793	0.29034146356049895	-0.24063113547315818	0.174855477335636	-0.16868365578734207	0.13736563311152303	-0.3722636369790488	0.2221692773785203	-0.21139853011420992	0.15029036839964552	-0.21290604177350342	0.16608697951141582	-0.23461831618089532	0.1831902028110543	-0.15366087794020372	0.10776858571488378	-0.20432935662181972	0.1200562520147542	-0.1334481721994281	0.1173479642445807	-0.10707214176276995
0.05013583914109412	-0.03914932421883114	0.054456538415708154	-0.05469077584290379	0.060838617239112776	-0.04402512705811085	0.05545571653978229	-0.045174421101253186	0.04925728109343168	-0.0536208518747274	0.0521527738415448	-0.9232980133598974	0.1626997388672006	-0.11411875697376803	0.07496697112207677	-0.11235886294494846	0.9999999999999954	-0.21572071807197685	0.1345794696834843	-0.0949288999146191	0.08777808676354086	-0.17389037913449273	0.08510444511930794	-0.07966968942043456	0.08105765494702495	-0.06878715328588847	0.09509212776638482	-0.07712676814331942	0.0742403547389174	-0.0627871884261477	0.07693600430330165	-0.07843419817564021	0.07287630652571865	-0.05652465868705541	0.07595314952772926	-0.044486563085375	0.07495433840522679	-0.0652851808967811	0.05270007269404055	-0.038051480859807515	0.050242553314129926	-0.039935774663310025	0.04346645329666074	-0.040670828080131394	0.036086103048263825
-0.05491144957885942	0.04363546603266811	-0.06752656485129827	0.09520206451854166	-0.1242020207647441	0.034761435910164645	-0.06345848203166202	0.05643188514352002	-0.0919485303925936	0.10960922980181174	-0.04141113406666513	0.17784840618187253	-0.5678381663883678	0.3011808048802959	-0.18503345154166126	0.08483592963295453	-0.21572071807197685	0.9999999999999966	-0.6678943578662049	0.2064679759235362	-0.06242797498010219	0.10726977920331562	-0.13980798977458278	0.16621984069226647	-0.14592147972622058	0.05771139427806854	-0.08382737864736946	0.1006068725669432	-0.11362254055168974	0.09766321302924537	-0.06382544515930871	0.07686424504342677	-0.07917865120556186	0.07014552129207106	-0.09020266330874784	0.0415763651499819	-0.07182837763169746	0.07208983450648561	-0.058595733968048055	0.043313203603488205	-0.04540799308501127	0.04089709826510523	-0.04392382803969755	0.04472198409295912	-0.03890085920458496
0.05553558282491562	-0.04479688552488574	0.06944040262875889	-0.10953103221698111	0.13307303934879317	-0.03444733786641551	0.06507716466528937	-0.05973619561777228	0.10362102603712713	-0.12740873910860168	0.0407068591107102	-0.14367854374495173	0.31941047593223587	-0.4984823052993397	0.21488554754136405	-0.08528757887902873	0.1345794696834843	-0.6678943578662049	0.9999999999999977	-0.29767775726033635	0.06111295206160588	-0.10714873285331246	0.14976369533907663	-0.2544632910060562	0.15428814889875617	-0.05796968161864369	0.08432989968205552	-0.11061904039448696	0.12040019608955185	-0.10835268893995235	0.06293043204553699	-0.07876531708929287	0.07994511090260138	-0.07300044480780428	0.09081692835888304	-0.04165440680864295	0.07140072907195928	-0.07418493398143969	0.05895772872722017	-0.04412160178441458	0.04482553807162081	-0.04130644936186201	0.04401254207025847	-0.04548173516867926	0.03913588014035622
-0.08147814024684852	0.06674152414563755	-0.10747218709480066	0.16463766811752073	-0.3587997870854034	0.04466283526434876	-0.10197748352365037	0.09104958257209149	-0.17024413142570186	0.2625497982292573	-0.05282769572241435	0.09616518526500464	-0.3140051384781193	0.28389300776647597	-0.7272961410758725	0.07941377962191483	-0.0949288999146191	0.2064679759235362	-0.29767775726033635	0.9999999999999977	-0.05552222373931055	0.09115566141066793	-0.1055624693368549	0.11846600845401976	-0.11744981211457438	0.052815502636970414	-0.07195879486133744	0.08342592157386282	-0.09253956721638984	0.08221745961392433	-0.05862685860697069	0.06950432275192707	-0.0724697799377179	0.06245504784798039	-0.08244900937167306	0.04086332948614557	-0.06707362320973226	0.06722001715556274	-0.05513899176113671	0.04057493977003306	-0.04492891271768197	0.038484100448611586	-0.041494432126158956	0.042278246334709425	-0.036959140522191604
0.06811168561463772	-0.04543192643278573	0.06490278139236894	-0.04131871110477186	0.044866257182147665	-0.06252626424019059	0.04920660408231033	-0.03790835602986848	0.03655892764400296	-0.03653242233780354	0.07599082127012712	-0.088053848514013	0.05807341030355782	-0.050930976407956595	0.042563671553265674	-0.6618157008347256	0.08777808676354086	-0.06242797498010219	0.06111295206160588	-0.05552222373931055	0.9999999999999986	-0.4255317949251897	0.1328233377820626	-0.09967863530182966	0.11505164210487606	-0.49601933228084727	0.21171881134020612	-0.14191520528559878	0.12003768638793096	-0.0982156657246719	0.2858134249108549	-0.18595665577232148	0.1446251116940561	-0.1036007315053304	0.13900329084386828	-0.12453249262235835	0.1587005451414694	-0.13077720834948295	0.10038592682838415	-0.07215499091808433	0.1326913743357972	-0.08305215053445746	0.0890382977212926	-0.0793790920128785	0.07017867265574836
-0.09039992577936913	0.05994015418077265	-0.09132613376176991	0.0622683169421095	-0.07110035338751904	0.06311459319581605	-0.06954186611430985	0.05366039916422661	-0.05576293423058292	0.05775940026447205	-0.07933623149796752	0.14717779998690522	-0.09970671901701257	0.08621536677524437	-0.07057690373461468	0.2918758156349014	-0.17389037913449273	0.10726977920331562	-0.10714873285331246	0.09115566141066793	-0.4255317949251897	0.9999999999999986	-0.27333267798722466	0.18261840870165919	-0.21607633882923757	0.25197623697054555	-0.5288164953394621	0.25821200018071994	-0.22433163660243624	0.17538829095931785	-0.2866427216185436	0.2855232995700506	-0.2520217619521592	0.17988912289601752	-0.246069183394508	0.14340297179638212	-0.27474861683268675	0.21210119589379078	-0.171307923844072	0.12143680259922077	-0.1637408683859462	0.1361639699231421	-0.14967210131236286	0.13117277383944032	-0.11803486398475797
0.058070690005374896	-0.04057111341737956	0.061833289731745116	-0.05595296480448997	0.06540083326333761	-0.04020398242271672	0.04939725513266765	-0.040239460170288115	0.050078306164466964	-0.05649498856893743	0.04855847498957531	-0.09162886427332909	0.10448746803329881	-0.10991180816068022	0.07730346836475376	-0.17895996006003578	0.08510444511930794	-0.13980798977458278	0.14976369533907663	-0.1055624693368549	0.1328233377820626	-0.27333267798722466	0.9999999999999964	-0.5762266866234164	0.270632841331827	-0.1341381519880153	0.23580651992971038	-0.58892734297567	0.26864563219377297	-0.25388793163127055	0.1359621379003148	-0.2033866895988495	0.1760783162734747	-0.16112079896734155	0.18092044155264791	-0.08410065384816985	0.15303857104345406	-0.16625894168135716	0.11846713112133633	-0.09114940616542634	0.08647957286824406	-0.0891130558593659	0.09224263834271051	-0.0946697337740899	0.07907279138694552
-0.052459532001702246	0.03747258820573219	-0.05776542457050393	0.05853595800180025	-0.07139834922084606	0.03470061069496717	-0.04747680574422059	0.03946202198982308	-0.05365078067807602	0.06184968255883331	-0.041938580127485955	0.08393264047890427	-0.1265979427664102	0.13334819002952258	-0.09136018750811192	0.13556862415155937	-0.07966968942043456	0.16621984069226647	-0.2544632910060562	0.11846600845401976	-0.09967863530182966	0.18261840870165919	-0.5762266866234164	0.999999999999997	-0.552251088421681	0.09975137396352843	-0.16977824348583176	0.2718692764406585	-0.36402950119434135	0.2764909683708125	-0.10639496146318914	0.1497155041802746	-0.1587907946205091	0.15977393699854225	-0.18858273996885191	0.06780891656666377	-0.12748007628134012	0.1404555643182294	-0.11239822979147564	0.08474978629235412	-0.07107493562246261	0.0749232634643574	-0.07906667985694964	0.08452557149820634	-0.07193626137978595
0.058257024853141263	-0.041024307688251396	0.06279436955480333	-0.05923764639886254	0.06981337555556397	-0.03947576835947746	0.050475830160206056	-0.041434098864789395	0.05285054777419707	-0.06049429653975616	0.047543081881515875	-0.0886397126349073	0.10915530949474343	-0.11625476439624108	0.08375875463697535	-0.16593794683923793	0.08105765494702495	-0.14592147972622058	0.15428814889875617	-0.11744981211457438	0.11505164210487606	-0.21607633882923757	0.270632841331827	-0.552251088421681	0.9999999999999946	-0.11540221742150238	0.17315889731563264	-0.2780035195032999	0.3025612716448681	-0.6167183314851289	0.11901021953453272	-0.16978244181296473	0.1680896399547424	-0.1759666255227641	0.20144077220921208	-0.07889188467388043	0.13987536900139227	-0.16556980176298136	0.12270802197062493	-0.09717475287657966	0.08054465889728135	-0.08560243223137713	0.08880805855100164	-0.09767634171025591	0.08085808536755075
-0.061608744176459465	0.04057173926953601	-0.06035743727437896	0.03847120558376807	-0.04244425495091624	0.04759752808320684	-0.045068181675785995	0.0345933779560115	-0.03413247313650169	0.0344336232486596	-0.05917791394137252	0.06985473159057348	-0.05363702069798151	0.04794546853715705	-0.04031269533416027	0.29034146356049895	-0.06878715328588847	0.05771139427806854	-0.05796968161864369	0.052815502636970414	-0.49601933228084727	0.25197623697054555	-0.1341381519880153	0.09975137396352843	-0.11540221742150238	1.0000000000000022	-0.2571013432050417	0.14741122624115904	-0.12351174467451417	0.10000379679451267	-0.7147661133932989	0.21806646163368326	-0.1563831128688425	0.10819763362681464	-0.14293361277926564	0.16270672970621866	-0.17562074634885463	0.13984504668429673	-0.10394800093810544	0.07495894613757602	-0.1775084093346027	0.09002320379877851	-0.09548184817005466	0.08327403402648995	-0.07306710658147478
0.06335691262308175	-0.04267060569439308	0.06432204006873432	-0.04653522607954279	0.05271296642866534	-0.04627269254656305	0.04931396249309262	-0.038598802100911885	0.041313448708200966	-0.04362712224583281	0.05643080069491201	-0.09914417626577866	0.07352910129430101	-0.06768437435115117	0.05407117939274964	-0.24063113547315818	0.09509212776638482	-0.08382737864736946	0.08432989968205552	-0.07195879486133744	0.21171881134020612	-0.5288164953394621	0.23580651992971038	-0.16977824348583176	0.17315889731563264	-0.2571013432050417	0.9999999999999972	-0.4568125394964866	0.20354335816280825	-0.1613964214205825	0.22751860269407853	-0.5245143641492123	0.22087639942926593	-0.15947642863823874	0.18785263458055718	-0.11534908287684095	0.2317666890969238	-0.1992881636904019	0.13279614516658292	-0.09891476898683532	0.11882237855734577	-0.12114587732585493	0.12173110858885272	-0.10919556790881023	0.09228556229906572
-0.057328415824712	0.03918232653022389	-0.05999059830541895	0.048617776594313974	-0.057143682559349034	0.03926639356666509	-0.04673369624986468	0.03725823009928161	-0.04355658471282677	0.047807020149401164	-0.04792085096937976	0.0805850490554364	-0.08437255595395057	0.08174779186338915	-0.0628935450678404	0.174855477335636	-0.07712676814331942	0.1006068725669432	-0.11061904039448696	0.08342592157386282	-0.14191520528559878	0.25821200018071994	-0.58892734297567	0.2718692764406585	-0.2780035195032999	0.14741122624115904	-0.4568125394964866	0.9999999999999954	-0.4170127821423092	0.23752435869125268	-0.15865576906713386	0.23635718301404818	-0.23303789338333047	0.19090873017143675	-0.2196949204147629	0.09037011516207712	-0.18621597667065934	0.18333977509966462	-0.13822446604410843	0.10244063550260507	-0.09544065675894552	0.10119160998655989	-0.10681327327427553	0.1051919372378891	-0.08996741818079214
0.056228451751353964	-0.038872366774131806	0.05946979229934447	-0.051040888251037	0.05944293490445506	-0.038443741764857875	0.046770741600486936	-0.037723529742137794	0.04546658725494819	-0.050711651545734295	0.04649193747981116	-0.08043307614287461	0.08928144140030282	-0.09121263362837889	0.06758728592503173	-0.16868365578734207	0.0742403547389174	-0.11362254055168974	0.12040019608955185	-0.09253956721638984	0.12003768638793096	-0.22433163660243624	0.26864563219377297	-0.36402950119434135	0.3025612716448681	-0.12351174467451417	0.20354335816280825	-0.4170127821423092	0.999999999999998	-0.5938120681030811	0.12827857028600018	-0.19847705175430216	0.2213122016726892	-0.36644651316894145	0.2671379667422191	-0.08325357270815954	0.15923525367519745	-0.20008643818221672	0.15722008672178306	-0.12358797451959902	0.08512913706219621	-0.09898250019518674	0.10292290106971938	-0.11835302972001761	0.09733745901072341
-0.049032685410903804	0.03392958803957216	-0.05220545821609416	0.0452342378587313	-0.05396750500193006	0.03279584155897498	-0.04114496465093701	0.033197976565511725	-0.04053506478988073	0.04543480526257637	-0.03977745189626558	0.06733378563269798	-0.08034682110276663	0.07974772679824298	-0.06125450804509605	0.13736563311152303	-0.0627871884261477	0.09766321302924537	-0.10835268893995235	0.08221745961392433	-0.0982156657246719	0.17538829095931785	-0.25388793163127055	0.2764909683708125	-0.6167183314851289	0.10000379679451267	-0.1613964214205825	0.23752435869125268	-0.5938120681030811	0.9999999999999986	-0.10737554609600283	0.15584011789759167	-0.18999721547869244	0.22066885022585384	-0.29838610108755165	0.07037315548089701	-0.1370029963500269	0.16317664600301712	-0.1408426218534197	0.10753969324863105	-0.07324810165859767	0.08383633391204556	-0.08872790758583933	0.10142770905443195	-0.08685111453464661
0.06767834841075894	-0.04510556442308436	0.0660677894985425	-0.04271920828800687	0.04654626858292646	-0.05554240665134432	0.049616748608118724	-0.03829643396544781	0.0376590141617196	-0.03801015725967183	0.0667434625356289	-0.08098676775080672	0.05877013892227334	-0.05277929976541235	0.04428020556940821	-0.3722636369790488	0.07693600430330165	-0.06382544515930871	0.06293043204553699	-0.05862685860697069	0.2858134249108549	-0.2866427216185436	0.1359621379003148	-0.10639496146318914	0.11901021953453272	-0.7147661133932989	0.22751860269407853	-0.15865576906713386	0.12827857028600018	-0.10737554609600283	0.999999999999994	-0.3183356673572975	0.16901714250267208	-0.1175818626448865	0.14885136341519942	-0.264892520964674	0.19024644569063356	-0.1633579492471869	0.11087588118464392	-0.08187697273256599	0.2038677926419136	-0.1026752809469413	0.10426986089161856	-0.0926967827487157	0.07886878340427364
-0.06635355960357463	0.04416835223540343	-0.06742821739349669	0.04660311560291379	-0.052849314230975615	0.04635619746937886	-0.05072496051751529	0.03938579730207205	-0.04139283759769288	0.04323471747590745	-0.05689506563995205	0.08160404353089142	-0.06929484698092435	0.06366219248031683	-0.0524466490734901	0.2221692773785203	-0.07843419817564021	0.07686424504342677	-0.07876531708929287	0.06950432275192707	-0.18595665577232148	0.2855232995700506	-0.2033866895988495	0.1497155041802746	-0.16978244181296473	0.21806646163368326	-0.5245143641492123	0.23635718301404818	-0.19847705175430216	0.15584011789759167	-0.3183356673572975	0.9999999999999954	-0.38763138432926697	0.19733352308305072	-0.23985861048398235	0.13566599152534303	-0.48375369338040974	0.2714780393149926	-0.17318883309204486	0.12548692947347206	-0.14062781232885752	0.18200407464141308	-0.18636949009568618	0.14330433164073703	-0.12289995579845539
0.06422097321191124	-0.043105968913640394	0.06577495031902872	-0.04709634936436198	0.053082017255242725	-0.04476227913371725	0.049664771314977485	-0.038852608908189395	0.04154759247447075	-0.04392818514504923	0.05423972570253621	-0.07906011778148421	0.06940064361701423	-0.06551266525172697	0.053495531039822596	-0.21139853011420992	0.07287630652571865	-0.07917865120556186	0.07994511090260138	-0.0724697799377179	0.1446251116940561	-0.2520217619521592	0.1760783162734747	-0.1587907946205091	0.1680896399547424	-0.1563831128688425	0.22087639942926593	-0.23303789338333047	0.2213122016726892	-0.18999721547869244	0.16901714250267208	-0.38763138432926697	0.9999999999999957	-0.4807640919925907	0.2984392760549859	-0.1124065061801237	0.26573749829798854	-0.5795471082658328	0.20873085401299885	-0.1652036264810533	0.11233937594415778	-0.1708962807911266	0.1783380267313208	-0.17108488868487187	0.13667211028478782
-0.049220913942690604	0.03326720973151151	-0.051022221007231465	0.038517172165041864	-0.04412447576567896	0.03355779551511529	-0.03890131492679506	0.03068165070223363	-0.03412255123891588	0.036738971219324464	-0.04072545024271595	0.06118738583851771	-0.05993868779637066	0.05778350441835737	-0.04613142970273728	0.15029036839964552	-0.05652465868705541	0.07014552129207106	-0.07300044480780428	0.06245504784798039	-0.1036007315053304	0.17988912289601752	-0.16112079896734155	0.15977393699854225	-0.1759666255227641	0.10819763362681464	-0.15947642863823874	0.19090873017143675	-0.36644651316894145	0.22066885022585384	-0.1175818626448865	0.19733352308305072	-0.4807640919925907	0.9999999999999937	-0.6552694376196107	0.07949860913250457	-0.17404446580549177	0.25626781360733236	-0.2999135513252406	0.19053127355334273	-0.08101962438244154	0.11585037581850392	-0.1235367407384584	0.16205241741908238	-0.13558975306873094
0.06755308084044065	-0.045607548201716315	0.06971569707486136	-0.051736831531402815	0.0583902574739232	-0.0465672138061032	0.05291609482460376	-0.041659098622882244	0.04553683660645221	-0.048740458245075065	0.05627002710169833	-0.08336154699417145	0.07723836525550581	-0.07445401682189383	0.06007215621815844	-0.21290604177350342	0.07595314952772926	-0.09020266330874784	0.09081692835888304	-0.08244900937167306	0.13900329084386828	-0.246069183394508	0.18092044155264791	-0.18858273996885191	0.20144077220921208	-0.14293361277926564	0.18785263458055718	-0.2196949204147629	0.2671379667422191	-0.29838610108755165	0.14885136341519942	-0.23985861048398235	0.2984392760549859	-0.6552694376196107	0.9999999999999944	-0.10630914207350955	0.20704868171907484	-0.3319059023871319	0.25573679632077473	-0.2716315543807409	0.10558580092666936	-0.14804379930856876	0.15154308759805812	-0.2087283949120746	0.16930237851847302
-0.05392711287708737	0.0349230813296285	-0.05421209702134433	0.03175156418870019	-0.034603501047638104	0.036057526742568555	-0.03901002516755622	0.029534347546468213	-0.028154581299870203	0.027736663398175616	-0.044463162465549655	0.04730329241779406	-0.03933017883643755	0.035545833038144396	-0.030984541574375156	0.16608697951141582	-0.044486563085375	0.0415763651499819	-0.04165440680864295	0.04086332948614557	-0.12453249262235835	0.14340297179638212	-0.08410065384816985	0.06780891656666377	-0.07889188467388043	0.16270672970621866	-0.11534908287684095	0.09037011516207712	-0.08325357270815954	0.07037315548089701	-0.264892520964674	0.13566599152534303	-0.1124065061801237	0.07949860913250457	-0.10630914207350955	0.9999999999999952	-0.15242708688854814	0.11805620496515155	-0.08443948262322183	0.06162231885686803	-0.9099013551780619	0.08767344168146207	-0.08760865049182373	0.0725712184885509	-0.062192003910168034
0.06681627141867874	-0.04456277903510247	0.06769911246445744	-0.04603110832828043	0.05117620906147316	-0.04752647056318799	0.050670095320074854	-0.039327470338419136	0.04054082924926828	-0.042026745934937174	0.05750568208014688	-0.0813849764259626	0.0648395541365146	-0.05971048588318625	0.0498324720827475	-0.23461831618089532	0.07495433840522679	-0.07182837763169746	0.07140072907195928	-0.06707362320973226	0.1587005451414694	-0.27474861683268675	0.15303857104345406	-0.12748007628134012	0.13987536900139227	-0.17562074634885463	0.2317666890969238	-0.18621597667065934	0.15923525367519745	-0.1370029963500269	0.19024644569063356	-0.48375369338040974	0.26573749829798854	-0.17404446580549177	0.20704868171907484	-0.15242708688854814	0.9999999999999937	-0.46674313999057765	0.18352350830790065	-0.14293284101291726	0.14110112778779582	-0.468946092978374	0.2782861978118088	-0.20034107091698136	0.14693567922183592
-0.06318654079084808	0.04198930575703816	-0.06493922236432641	0.0449236374446668	-0.05126822028891999	0.042036256496725884	-0.04850022263722745	0.03765367508684304	-0.03985286054224351	0.04181408858747135	-0.051472646233244095	0.06991083795519207	-0.06505207877506208	0.06045913857865499	-0.0504318543693974	0.1831902028110543	-0.0652851808967811	0.07208983450648561	-0.07418493398143969	0.06722001715556274	-0.13077720834948295	0.21210119589379078	-0.16625894168135716	0.1404555643182294	-0.16556980176298136	0.13984504668429673	-0.1992881636904019	0.18333977509966462	-0.20008643818221672	0.16317664600301712	-0.1633579492471869	0.2714780393149926	-0.5795471082658328	0.25626781360733236	-0.3319059023871319	0.11805620496515155	-0.46674313999057765	0.9999999999999937	-0.25806411465736223	0.1750201590490076	-0.12655140806758902	0.24336232607068775	-0.33917557908956153	0.20252660747161713	-0.17873053227513835
0.05068328765986674	-0.0338528447127226	0.05206260500997661	-0.03645464970975977	0.0409454214694	-0.034327747635502115	0.03894603374583836	-0.030353248610810613	0.03211242727133003	-0.03376748912263655	0.041659530177174026	-0.05759517614616066	0.05187864486259015	-0.04893861900167625	0.040571108496178454	-0.15366087794020372	0.05270007269404055	-0.058595733968048055	0.05895772872722017	-0.05513899176113671	0.10038592682838415	-0.171307923844072	0.11846713112133633	-0.11239822979147564	0.12270802197062493	-0.10394800093810544	0.13279614516658292	-0.13822446604410843	0.15722008672178306	-0.1408426218534197	0.11087588118464392	-0.17318883309204486	0.20873085401299885	-0.2999135513252406	0.25573679632077473	-0.08443948262322183	0.18352350830790065	-0.25806411465736223	0.9999999999999938	-0.6578591251773112	0.08486730154304475	-0.1737368846488386	0.18158803485587915	-0.4705783807101293	0.30862408079007725
-0.03685552601578594	0.02459770702322977	-0.037957911140801597	0.02669986300647674	-0.03026282438234713	0.024651699373406725	-0.028414924972927476	0.022143617798106717	-0.023589537508710515	0.024871618366232806	-0.030018026556469263	0.04132231075359371	-0.038497758514046965	0.03623822999602754	-0.030053388809049567	0.10776858571488378	-0.038051480859807515	0.043313203603488205	-0.04412160178441458	0.04057493977003306	-0.07215499091808433	0.12143680259922077	-0.09114940616542634	0.08474978629235412	-0.09717475287657966	0.07495894613757602	-0.09891476898683532	0.10244063550260507	-0.12358797451959902	0.10753969324863105	-0.08187697273256599	0.12548692947347206	-0.1652036264810533	0.19053127355334273	-0.2716315543807409	0.06162231885686803	-0.14293284101291726	0.1750201590490076	-0.6578591251773112	0.9999999999999928	-0.06355438689201937	0.1235669832161948	-0.14118906760710326	0.30721794888042253	-0.5915394724210903
0.059541528652322234	-0.03882007997659144	0.059603900487258756	-0.035121321262209605	0.037753946747241786	-0.041430581091212726	0.043013458739680696	-0.03267210226644507	0.030964275813143316	-0.03043779493791962	0.050369385098473926	-0.054167311501434945	0.04280738942965429	-0.03872498961958444	0.033782643289220315	-0.20432935662181972	0.050242553314129926	-0.04540799308501127	0.04482553807162081	-0.04492891271768197	0.1326913743357972	-0.1637408683859462	0.08647957286824406	-0.07107493562246261	0.08054465889728135	-0.1775084093346027	0.11882237855734577	-0.09544065675894552	0.08512913706219621	-0.07324810165859767	0.2038677926419136	-0.14062781232885752	0.11233937594415778	-0.08101962438244154	0.10558580092666936	-0.9099013551780619	0.14110112778779582	-0.12655140806758902	0.08486730154304475	-0.06355438689201937	0.9999999999999927	-0.0929605730915446	0.08738962638577026	-0.07598623043436804	0.06287087084125668
-0.038112060109150185	0.025311773558088956	-0.038872239337308545	0.02632818035004313	-0.029585294707921275	0.026066358346789005	-0.028953708262535793	0.02242951180411431	-0.023265971246425196	0.024171934036737064	-0.0317561387069612	0.04307331592284421	-0.03708375270403137	0.034252621319448076	-0.028731720466353472	0.1200562520147542	-0.039935774663310025	0.04089709826510523	-0.04130644936186201	0.038484100448611586	-0.08305215053445746	0.1361639699231421	-0.0891130558593659	0.0749232634643574	-0.08560243223137713	0.09002320379877851	-0.12114587732585493	0.10119160998655989	-0.09898250019518674	0.08383633391204556	-0.1026752809469413	0.18200407464141308	-0.1708962807911266	0.11585037581850392	-0.14804379930856876	0.08767344168146207	-0.468946092978374	0.24336232607068775	-0.1737368846488386	0.1235669832161948	-0.0929605730915446	0.9999999999999931	-0.774182431249078	0.20606334623024142	-0.16946953468104925
0.04117507801919425	-0.027392207829251808	0.041935073172987086	-0.02843177154888652	0.0317681507203913	-0.028469446983997213	0.03125466378032758	-0.024232800848602503	0.02506569311678071	-0.026022735999807586	0.034553972304291	-0.04722646048270173	0.03973764170964691	-0.03674945675064188	0.03083262846948325	-0.1334481721994281	0.04346645329666074	-0.04392382803969755	0.04401254207025847	-0.041494432126158956	0.0890382977212926	-0.14967210131236286	0.09224263834271051	-0.07906667985694964	0.08880805855100164	-0.09548184817005466	0.12173110858885272	-0.10681327327427553	0.10292290106971938	-0.08872790758583933	0.10426986089161856	-0.18636949009568618	0.1783380267313208	-0.1235367407384584	0.15154308759805812	-0.08760865049182373	0.2782861978118088	-0.33917557908956153	0.18158803485587915	-0.14118906760710326	0.08738962638577026	-0.774182431249078	0.9999999999999931	-0.3340678281084233	0.18161025708401168
