1.0	-0.7327143486486696	0.26540721771162834	-0.2235514202735657	0.18548808205736478	-0.17836285970928695	0.2740809588508904	-0.2256045121129469	0.17213245878846972	-0.19185374761313861	0.1389598549748786	-0.3332021424701561	0.15767444605581157	-0.19346421253123625	0.11972980266387502	-0.14494692863518105	0.15319916747098122	-0.2272896736804963	0.16495769382526657	-0.0907660455016193	0.11121249867728601	-0.11013018808546884	0.15048210535120454	-0.1154357089153837	0.11443472383476623	-0.10034776489104127	0.108614919046874	-0.09055294787408094	0.09135380414390136	-0.0984552940029344	0.11498713026642719	-0.08436931391515637	0.0658802719440415	-0.043459473271441215	0.04077126664780298
-0.7327143486486696	0.9999999999999999	-0.37611754992991664	0.18579454007992477	-0.1500644048728384	0.13436196640701165	-0.42559780462971014	0.169055857177166	-0.14210572816738176	0.13879160315402936	-0.11395020803286766	0.25633641626855963	-0.11982014407425656	0.1404971771209272	-0.08885756204489	0.10682871440023564	-0.12078945337470548	0.15712163987625094	-0.12320331545901887	0.066461616200778	-0.08340755072048835	0.08154332808274933	-0.11210282704798585	0.0836146337010715	-0.0844071822548646	0.07312430701314493	-0.08058379713991189	0.06547334862546329	-0.06682958832167242	0.07107809536894344	-0.0851432091926729	0.061328451999273864	-0.04806374571500611	0.031344657805034606	-0.02952474112337368
0.26540721771162834	-0.37611754992991664	1.0	-0.6108968130414569	0.2583797056805693	-0.10430697809670904	0.17264416842971902	-0.4035227819479853	0.29500004947570896	-0.26218886513272927	0.08792059230353128	-0.17919679582003492	0.21885362730981264	-0.27407694370657293	0.14785921979086647	-0.10603266348981844	0.119588797419312	-0.26868462637948354	0.19973366565876502	-0.11015453655578251	0.09644368284828705	-0.09703189161303183	0.15106980006199885	-0.1270617355598521	0.1331328086224551	-0.08721542202753767	0.10094688152459202	-0.08559129081208354	0.10108730482863214	-0.1099748069624688	0.10808728357591724	-0.07804404382834526	0.06311988544793433	-0.045799705489077795	0.04302895841277084
-0.2235514202735657	0.18579454007992477	-0.6108968130414569	1.0000000000000004	-0.38514197839426273	0.07561297580219985	-0.12515954140438926	0.2734744289984525	-0.5547572565727711	0.25572404320037834	-0.06587354174209152	0.12215809160863923	-0.18951283018961854	0.2400047427853902	-0.14328283293475363	0.08300094700370002	-0.09599014976069611	0.20764665926920314	-0.188663948107198	0.10270296421395629	-0.08064798498441758	0.08111903759753852	-0.13185041473532955	0.11246246169547194	-0.12479115477496808	0.07262755493768473	-0.08615581181041639	0.07288856245008969	-0.09133158960173332	0.09838045482336685	-0.09269065670328212	0.0661589151226195	-0.05419585687728398	0.04023928044706965	-0.037969988451294026
0.18548808205736478	-0.1500644048728384	0.2583797056805693	-0.38514197839426273	0.9999999999999997	-0.09023064074311513	0.12071620348403353	-0.28545386021511276	0.28010886894301834	-0.6468422567320913	0.07835336358519973	-0.13308877756383897	0.20517594242289283	-0.2804078685838767	0.22383003746580474	-0.11135611894555787	0.12702521840295172	-0.30773569740352325	0.24510938983220212	-0.16850772017027463	0.1143501047602056	-0.11626812712748068	0.1922742601033638	-0.17136597698335498	0.190265693110134	-0.1053890575740491	0.12583303431907375	-0.11000124064050545	0.13759372535457523	-0.15829073141658728	0.13656150851718651	-0.09869502387214153	0.08132584160959469	-0.06395792057655958	0.05966526508456871
-0.17836285970928695	0.13436196640701165	-0.10430697809670904	0.07561297580219985	-0.09023064074311513	1.0	-0.28075922511766044	0.08691620162083583	-0.07225029155802373	0.08125354733705115	-0.8613077642939884	0.23945333313552708	-0.07500182070850538	0.08363798796192506	-0.06279799271544147	0.21358226220316534	-0.22556546445662012	0.11076943862273878	-0.09177407113722846	0.047841120199302783	-0.1358849734758237	0.11245197593516962	-0.12312456833725877	0.07195222429533227	-0.06517288271695414	0.09977461589362882	-0.10309956276848618	0.07380820365575529	-0.0572921456751036	0.05815365842108509	-0.1074705901217808	0.07322480471378845	-0.05468363948203077	0.029022216854744917	-0.02750665958807267
0.2740809588508904	-0.42559780462971014	0.17264416842971902	-0.12515954140438926	0.12071620348403353	-0.28075922511766044	0.9999999999999998	-0.13862218126326825	0.10779424605732323	-0.11437618776750734	0.20944193698046032	-0.7518704230213161	0.1139347664793472	-0.12328597847413587	0.0799322046289784	-0.16974343946023002	0.18222131603226893	-0.15108133212767683	0.11440154345655995	-0.06054253152188738	0.10793482214884295	-0.10516966323655517	0.12180485024478796	-0.08332009772155935	0.07897025119756136	-0.092351140971164	0.09498367581789798	-0.07493966624806066	0.06586506489848516	-0.0690465092054186	0.09782772485410682	-0.07184479622345583	0.054326196929333666	-0.03222214770934674	0.0303277965058191
-0.2256045121129469	0.169055857177166	-0.4035227819479853	0.2734744289984525	-0.28545386021511276	0.08691620162083583	-0.13862218126326825	0.9999999999999989	-0.4765034588772251	0.23990693729309573	-0.07816029842990402	0.14004252064538764	-0.5656558758060647	0.31605594036125734	-0.1781596347095028	0.10296672264342667	-0.12367376244752078	0.29251337983832615	-0.2675290605241738	0.1269385590972264	-0.10420550823954058	0.1046907080840893	-0.1766150471650674	0.14490581952490647	-0.1600973412429124	0.09254805673523081	-0.11194192807461173	0.09281341386939532	-0.11895484101834747	0.12309079155946993	-0.12040565522417981	0.08450394427656924	-0.06961141142522062	0.05051032762976268	-0.04801675041120487
0.17213245878846972	-0.14210572816738176	0.29500004947570896	-0.5547572565727711	0.28010886894301834	-0.07225029155802373	0.10779424605732323	-0.4765034588772251	0.999999999999999	-0.3635085107332382	0.06351305700848725	-0.11412422348873327	0.2603072147794717	-0.45123209919892576	0.1710742702828553	-0.08558904835336613	0.09980257838296223	-0.25761472235869615	0.22334192046468362	-0.12240166408539445	0.0854554791291598	-0.08672501929773327	0.1439504718739139	-0.12925022729921418	0.1421823327424733	-0.07716131857862338	0.09244063545555165	-0.07902613794983836	0.10333663301698423	-0.11205090337720025	0.09916986977445857	-0.0711828304138624	0.05873850079853106	-0.044937282884577136	0.042356629611198085
-0.19185374761313861	0.13879160315402936	-0.26218886513272927	0.25572404320037834	-0.6468422567320913	0.08125354733705115	-0.11437618776750734	0.23990693729309573	-0.3635085107332382	0.9999999999999988	-0.0720247368137244	0.1196312971300855	-0.19062929592519637	0.25165418541007045	-0.38427079080486387	0.10233519394604411	-0.11947934330906299	0.24550973522666744	-0.2781330543930885	0.21185143368557457	-0.11028377416026991	0.11184041931564415	-0.19278793298707536	0.17404434730913448	-0.25435741684191143	0.10007802890300124	-0.1229261675612326	0.10621426843481725	-0.15271468397380872	0.16853857767672684	-0.13321590986914578	0.09480606343941328	-0.07988919443059661	0.06501385041498674	-0.061869212437746
0.1389598549748786	-0.11395020803286766	0.08792059230353128	-0.06587354174209152	0.07835336358519973	-0.8613077642939884	0.20944193698046032	-0.07816029842990402	0.06351305700848725	-0.0720247368137244	0.9999999999999986	-0.2946222278224966	0.06845651786047802	-0.0755232684771338	0.05549471055736128	-0.29178149785809027	0.2049374014519746	-0.10219172293234727	0.08118206433785517	-0.042475879517533614	0.1274628975330203	-0.10672061274425378	0.10834012055076647	-0.0647983692004057	0.05767604716215712	-0.09683380577681097	0.09253531731559544	-0.06789547008061862	0.051098355830434594	-0.052251202552398096	0.09540415099923262	-0.06735344786467046	0.049535930723929436	-0.026218227711322758	0.024752645778746862
-0.3332021424701561	0.25633641626855963	-0.17919679582003492	0.12215809160863923	-0.13308877756383897	0.23945333313552708	-0.7518704230213161	0.14004252064538764	-0.11412422348873327	0.1196312971300855	-0.2946222278224966	0.9999999999999953	-0.13350598057595808	0.1297176000748463	-0.08803097348857453	0.19580200363409955	-0.2809764217079567	0.15994983216198655	-0.12796645392217015	0.06635874420572625	-0.1303934079493924	0.12508965378885573	-0.14428416919850345	0.09276030195266667	-0.0878908997518059	0.10594787815570415	-0.11319113298111488	0.08520996226720828	-0.07387810063727514	0.07621903772677462	-0.11491005718917602	0.08243559809115009	-0.062486538847190486	0.03599989250846367	-0.03402529057862587
0.15767444605581157	-0.11982014407425656	0.21885362730981264	-0.18951283018961854	0.20517594242289283	-0.07500182070850538	0.1139347664793472	-0.5656558758060647	0.2603072147794717	-0.19062929592519637	0.06845651786047802	-0.13350598057595808	1.0000000000000016	-0.5354733749771696	0.1543825527081799	-0.09403665888376979	0.1140179853428329	-0.5194131938731957	0.2499931414348871	-0.11355235197507388	0.0912252994207501	-0.0930635905501161	0.1546725471302199	-0.13221600023377192	0.13619202087791835	-0.08101544512341124	0.09711792921655395	-0.08126664110277401	0.10438345480597339	-0.10874839676122647	0.10323850188092955	-0.07368046950503349	0.06048238788399318	-0.0442786367711981	0.04192052819997842
-0.19346421253123625	0.1404971771209272	-0.27407694370657293	0.2400047427853902	-0.2804078685838767	0.08363798796192506	-0.12328597847413587	0.31605594036125734	-0.45123209919892576	0.25165418541007045	-0.0755232684771338	0.1297176000748463	-0.5354733749771696	0.9999999999999982	-0.2528578567076907	0.1053628466193356	-0.12619752111833094	0.31100603897428086	-0.43437793334763847	0.16974604114219968	-0.11018991748181398	0.11223425209497795	-0.19401472307382603	0.18333022730823786	-0.1972028232759735	0.09864799385481612	-0.12064942029159219	0.10283922653152133	-0.14621613022104482	0.15094631983320672	-0.12886082413483674	0.09206482426207867	-0.0768483714256298	0.059410236266455724	-0.056356705204151286
0.11972980266387502	-0.08885756204489	0.14785921979086647	-0.14328283293475363	0.22383003746580474	-0.06279799271544147	0.0799322046289784	-0.1781596347095028	0.1710742702828553	-0.38427079080486387	0.05549471055736128	-0.08803097348857453	0.1543825527081799	-0.2528578567076907	1.0000000000000009	-0.08515187125369743	0.09752767679623463	-0.232045817375604	0.24758054232331755	-0.7051238032288537	0.09260545264034409	-0.09730731681725388	0.16503377481538242	-0.2011655079613308	0.29574677243282704	-0.08679052312435849	0.10649382684781192	-0.10245593349351603	0.16182399594143812	-0.23951127585036883	0.11237924076078623	-0.08734928526617788	0.07522602039838303	-0.08027690997147663	0.07321167799431166
-0.14494692863518105	0.10682871440023564	-0.10603266348981844	0.08300094700370002	-0.11135611894555787	0.21358226220316534	-0.16974343946023002	0.10296672264342667	-0.08558904835336613	0.10233519394604411	-0.29178149785809027	0.19580200363409955	-0.09403665888376979	0.1053628466193356	-0.08515187125369743	0.9999999999999981	-0.7268252783229106	0.15822433043120207	-0.12775284985122107	0.06608935027275709	-0.4161493454875987	0.24937186849930754	-0.21472572281132268	0.11191788464921651	-0.09239413880476187	0.21342102220911174	-0.20046970213849205	0.1326081620078589	-0.08732879755806233	0.08732211547336399	-0.2013195659100374	0.1360268259198437	-0.09762006037868753	0.046760886959273315	-0.04422893713896037
0.15319916747098122	-0.12078945337470548	0.119588797419312	-0.09599014976069611	0.12702521840295172	-0.22556546445662012	0.18222131603226893	-0.12367376244752078	0.09980257838296223	-0.11947934330906299	0.2049374014519746	-0.2809764217079567	0.1140179853428329	-0.12619752111833094	0.09752767679623463	-0.7268252783229106	0.9999999999999981	-0.2132840573807897	0.14635692620062443	-0.07607845795491193	0.2712411954534567	-0.34622792191612595	0.22178410251790356	-0.12961432856688285	0.10496391992771112	-0.2221621873915592	0.20436630905303146	-0.15113342560984816	0.09862295800532625	-0.10101933137324602	0.18862775013459587	-0.15126126121610428	0.10583313996192885	-0.05294250012018854	0.04958145198773685
-0.2272896736804963	0.15712163987625094	-0.26868462637948354	0.20764665926920314	-0.30773569740352325	0.11076943862273878	-0.15108133212767683	0.29251337983832615	-0.25761472235869615	0.24550973522666744	-0.10219172293234727	0.15994983216198655	-0.5194131938731957	0.31100603897428086	-0.232045817375604	0.15822433043120207	-0.2132840573807897	0.9999999999999964	-0.4543332725467725	0.17143000240499204	-0.16387424879529308	0.1662202394566184	-0.29672256630265564	0.21732182981320694	-0.2249232907533188	0.14197230842477443	-0.1748998852899206	0.14082742163226275	-0.17757486255804214	0.17490452666546114	-0.18576154404046494	0.12890626444574232	-0.10611924519183538	0.07313187778506544	-0.06995306332977701
0.16495769382526657	-0.12320331545901887	0.19973366565876502	-0.188663948107198	0.24510938983220212	-0.09177407113722846	0.11440154345655995	-0.2675290605241738	0.22334192046468362	-0.2781330543930885	0.08118206433785517	-0.12796645392217015	0.2499931414348871	-0.43437793334763847	0.24758054232331755	-0.12775284985122107	0.14635692620062443	-0.4543332725467725	0.9999999999999937	-0.26943838248882207	0.13531055910110257	-0.14566797545435484	0.25006667847124214	-0.4466707042244473	0.2511034784438366	-0.12630200771224825	0.15332059304809287	-0.1454893320323758	0.23696584184279018	-0.2601989914023959	0.15941940930524845	-0.12394217851234726	0.10491492163694284	-0.09464028120840048	0.08719569151078319
-0.0907660455016193	0.066461616200778	-0.11015453655578251	0.10270296421395629	-0.16850772017027463	0.047841120199302783	-0.06054253152188738	0.1269385590972264	-0.12240166408539445	0.21185143368557457	-0.042475879517533614	0.06635874420572625	-0.11355235197507388	0.16974604114219968	-0.7051238032288537	0.06608935027275709	-0.07607845795491193	0.17143000240499204	-0.26943838248882207	0.9999999999999992	-0.07351668874130708	0.07761844556972528	-0.1351793477484877	0.17161364305484475	-0.5474355453106456	0.06858853105874939	-0.0855539212901869	0.08279425784987425	-0.15580020685743376	0.2146716930676844	-0.08962351032897023	0.06976468595570422	-0.061548438703274325	0.06766181263900875	-0.06427767891898836
0.11121249867728601	-0.08340755072048835	0.09644368284828705	-0.08064798498441758	0.1143501047602056	-0.1358849734758237	0.10793482214884295	-0.10420550823954058	0.0854554791291598	-0.11028377416026991	0.1274628975330203	-0.1303934079493924	0.0912252994207501	-0.11018991748181398	0.09260545264034409	-0.4161493454875987	0.2712411954534567	-0.16387424879529308	0.13531055910110257	-0.07351668874130708	0.9999999999999944	-0.492361296724151	0.24964191255292542	-0.1380927264845234	0.1040692901504528	-0.5781348986207782	0.2643498061201297	-0.19033077598949044	0.10397949456060974	-0.10613159407415593	0.2733678337153074	-0.20200685987708017	0.13323555282574784	-0.06034145851098021	0.05630778361624211
-0.11013018808546884	0.08154332808274933	-0.09703189161303183	0.08111903759753852	-0.11626812712748068	0.11245197593516962	-0.10516966323655517	0.1046907080840893	-0.08672501929773327	0.11184041931564415	-0.10672061274425378	0.12508965378885573	-0.0930635905501161	0.11223425209497795	-0.09730731681725388	0.24937186849930754	-0.34622792191612595	0.1662202394566184	-0.14566797545435484	0.07761844556972528	-0.492361296724151	0.9999999999999968	-0.483674752722344	0.15983964406110793	-0.11183020280081182	0.26711186398980913	-0.5071146953021354	0.209835671555101	-0.11903073267819189	0.11421056397421246	-0.2558805839734071	0.21714564942887932	-0.15286518636219498	0.06503494879662917	-0.06151264095748442
0.15048210535120454	-0.11210282704798585	0.15106980006199885	-0.13185041473532955	0.1922742601033638	-0.12312456833725877	0.12180485024478796	-0.1766150471650674	0.1439504718739139	-0.19278793298707536	0.10834012055076647	-0.14428416919850345	0.1546725471302199	-0.19401472307382603	0.16503377481538242	-0.21472572281132268	0.22178410251790356	-0.29672256630265564	0.25006667847124214	-0.1351793477484877	0.24964191255292542	-0.483674752722344	0.9999999999999934	-0.38213572111389754	0.19161914369842387	-0.2470814321954375	0.28060648747541483	-0.2933807341268122	0.21440792094667835	-0.21299151391077079	0.24658102861660014	-0.23533769748456146	0.18010551096485017	-0.10063913128374594	0.09312448136234047
-0.1154357089153837	0.0836146337010715	-0.1270617355598521	0.11246246169547194	-0.17136597698335498	0.07195222429533227	-0.08332009772155935	0.14490581952490647	-0.12925022729921418	0.17404434730913448	-0.0647983692004057	0.09276030195266667	-0.13221600023377192	0.18333022730823786	-0.2011655079613308	0.11191788464921651	-0.12961432856688285	0.21732182981320694	-0.4466707042244473	0.17161364305484475	-0.1380927264845234	0.15983964406110793	-0.38213572111389754	0.9999999999999941	-0.28106256541446134	0.12503955868955088	-0.16560162674225132	0.16023817119353764	-0.6247473243846635	0.28481224529262367	-0.15961300759952265	0.1276116813489902	-0.1170043643244483	0.09782802018549219	-0.09733952359358916
0.11443472383476623	-0.0844071822548646	0.1331328086224551	-0.12479115477496808	0.190265693110134	-0.06517288271695414	0.07897025119756136	-0.1600973412429124	0.1421823327424733	-0.25435741684191143	0.05767604716215712	-0.0878908997518059	0.13619202087791835	-0.1972028232759735	0.29574677243282704	-0.09239413880476187	0.10496391992771112	-0.2249232907533188	0.2511034784438366	-0.5474355453106456	0.1040692901504528	-0.11183020280081182	0.19161914369842387	-0.28106256541446134	0.9999999999999966	-0.09903931143767204	0.12384345276224165	-0.12851266528429045	0.24729832064053522	-0.5278671430243141	0.12817168082024316	-0.10535250616421804	0.09464315213006437	-0.12841431820097043	0.11765659710762423
-0.10034776489104127	0.07312430701314493	-0.08721542202753767	0.07262755493768473	-0.1053890575740491	0.09977461589362882	-0.092351140971164	0.09254805673523081	-0.07716131857862338	0.10007802890300124	-0.09683380577681097	0.10594787815570415	-0.08101544512341124	0.09864799385481612	-0.08679052312435849	0.21342102220911174	-0.2221621873915592	0.14197230842477443	-0.12630200771224825	0.06858853105874939	-0.5781348986207782	0.26711186398980913	-0.2470814321954375	0.12503955868955088	-0.09903931143767204	0.9999999999999963	-0.33937862433819477	0.19528582469554273	-0.1000078912264251	0.09925166771075618	-0.6058872532032042	0.23090861091585455	-0.1557967057847482	0.061989847153587324	-0.058891077094633384
0.108614919046874	-0.08058379713991189	0.10094688152459202	-0.08615581181041639	0.12583303431907375	-0.10309956276848618	0.09498367581789798	-0.11194192807461173	0.09244063545555165	-0.1229261675612326	0.09253531731559544	-0.11319113298111488	0.09711792921655395	-0.12064942029159219	0.10649382684781192	-0.20046970213849205	0.20436630905303146	-0.1748998852899206	0.15332059304809287	-0.0855539212901869	0.2643498061201297	-0.5071146953021354	0.28060648747541483	-0.16560162674225132	0.12384345276224165	-0.33937862433819477	0.9999999999999957	-0.4085998965162593	0.13277424089596548	-0.13283598758175277	0.2905001530773315	-0.4923092382979674	0.2571725055740584	-0.0912653469666606	0.08484337415553651
-0.09055294787408094	0.06547334862546329	-0.08559129081208354	0.07288856245008969	-0.11000124064050545	0.07380820365575529	-0.07493966624806066	0.09281341386939532	-0.07902613794983836	0.10621426843481725	-0.06789547008061862	0.08520996226720828	-0.08126664110277401	0.10283922653152133	-0.10245593349351603	0.1326081620078589	-0.15113342560984816	0.14082742163226275	-0.1454893320323758	0.08279425784987425	-0.19033077598949044	0.209835671555101	-0.2933807341268122	0.16023817119353764	-0.12851266528429045	0.19528582469554273	-0.4085998965162593	0.999999999999994	-0.1738316612024568	0.1420289871666172	-0.3057776533134819	0.319966366798646	-0.6946064429761805	0.13246338260850166	-0.13600196294724842
0.09135380414390136	-0.06682958832167242	0.10108730482863214	-0.09133158960173332	0.13759372535457523	-0.0572921456751036	0.06586506489848516	-0.11895484101834747	0.10333663301698423	-0.15271468397380872	0.051098355830434594	-0.07387810063727514	0.10438345480597339	-0.14621613022104482	0.16182399594143812	-0.08732879755806233	0.09862295800532625	-0.17757486255804214	0.23696584184279018	-0.15580020685743376	0.10397949456060974	-0.11903073267819189	0.21440792094667835	-0.6247473243846635	0.24729832064053522	-0.1000078912264251	0.13277424089596548	-0.1738316612024568	0.9999999999999941	-0.6043875104434552	0.128728104711171	-0.1144162554545631	0.11418938972938535	-0.1316161884699516	0.12392526427021056
-0.0984552940029344	0.07107809536894344	-0.1099748069624688	0.09838045482336685	-0.15829073141658728	0.05815365842108509	-0.0690465092054186	0.12309079155946993	-0.11205090337720025	0.16853857767672684	-0.052251202552398096	0.07621903772677462	-0.10874839676122647	0.15094631983320672	-0.23951127585036883	0.08732211547336399	-0.10101933137324602	0.17490452666546114	-0.2601989914023959	0.2146716930676844	-0.10613159407415593	0.11421056397421246	-0.21299151391077079	0.28481224529262367	-0.5278671430243141	0.09925166771075618	-0.13283598758175277	0.1420289871666172	-0.6043875104434552	0.9999999999999936	-0.1341935949062225	0.11066641290614641	-0.11222722937107873	0.17183550073640572	-0.218043878301755
0.11498713026642719	-0.0851432091926729	0.10808728357591724	-0.09269065670328212	0.13656150851718651	-0.1074705901217808	0.09782772485410682	-0.12040565522417981	0.09916986977445857	-0.13321590986914578	0.09540415099923262	-0.11491005718917602	0.10323850188092955	-0.12886082413483674	0.11237924076078623	-0.2013195659100374	0.18862775013459587	-0.18576154404046494	0.15941940930524845	-0.08962351032897023	0.2733678337153074	-0.2558805839734071	0.24658102861660014	-0.15961300759952265	0.12817168082024316	-0.6058872532032042	0.2905001530773315	-0.3057776533134819	0.128728104711171	-0.1341935949062225	0.9999999999999936	-0.4513540321220459	0.2234157478275567	-0.08866471406641291	0.08149993987250377
-0.08436931391515637	0.061328451999273864	-0.07804404382834526	0.0661589151226195	-0.09869502387214153	0.07322480471378845	-0.07184479622345583	0.08450394427656924	-0.0711828304138624	0.09480606343941328	-0.06735344786467046	0.08243559809115009	-0.07368046950503349	0.09206482426207867	-0.08734928526617788	0.1360268259198437	-0.15126126121610428	0.12890626444574232	-0.12394217851234726	0.06976468595570422	-0.20200685987708017	0.21714564942887932	-0.23533769748456146	0.1276116813489902	-0.10535250616421804	0.23090861091585455	-0.4923092382979674	0.319966366798646	-0.1144162554545631	0.11066641290614641	-0.4513540321220459	0.9999999999999929	-0.5840080553430863	0.10756448163249493	-0.106273800257435
0.0658802719440415	-0.04806374571500611	0.06311988544793433	-0.05419585687728398	0.08132584160959469	-0.05468363948203077	0.054326196929333666	-0.06961141142522062	0.05873850079853106	-0.07988919443059661	0.049535930723929436	-0.062486538847190486	0.06048238788399318	-0.0768483714256298	0.07522602039838303	-0.09762006037868753	0.10583313996192885	-0.10611924519183538	0.10491492163694284	-0.061548438703274325	0.13323555282574784	-0.15286518636219498	0.18010551096485017	-0.1170043643244483	0.09464315213006437	-0.1557967057847482	0.2571725055740584	-0.6946064429761805	0.11418938972938535	-0.11222722937107873	0.2234157478275567	-0.5840080553430863	0.9999999999999921	-0.16599500734257164	0.13412619915456256
-0.043459473271441215	0.031344657805034606	-0.045799705489077795	0.04023928044706965	-0.06395792057655958	0.029022216854744917	-0.03222214770934674	0.05051032762976268	-0.044937282884577136	0.06501385041498674	-0.026218227711322758	0.03599989250846367	-0.0442786367711981	0.059410236266455724	-0.08027690997147663	0.046760886959273315	-0.05294250012018854	0.07313187778506544	-0.09464028120840048	0.06766181263900875	-0.06034145851098021	0.06503494879662917	-0.10063913128374594	0.09782802018549219	-0.12841431820097043	0.061989847153587324	-0.0912653469666606	0.13246338260850166	-0.1316161884699516	0.17183550073640572	-0.08866471406641291	0.10756448163249493	-0.16599500734257164	0.999999999999992	-0.9374291503892596
0.04077126664780298	-0.02952474112337368	0.04302895841277084	-0.037969988451294026	0.05966526508456871	-0.02750665958807267	0.0303277965058191	-0.04801675041120487	0.042356629611198085	-0.061869212437746	0.024752645778746862	-0.03402529057862587	0.04192052819997842	-0.056356705204151286	0.07321167799431166	-0.04422893713896037	0.04958145198773685	-0.06995306332977701	0.08719569151078319	-0.06427767891898836	0.05630778361624211	-0.06151264095748442	0.09312448136234047	-0.09733952359358916	0.11765659710762423	-0.058891077094633384	0.08484337415553651	-0.13600196294724842	0.12392526427021056	-0.218043878301755	0.08149993987250377	-0.106273800257435	0.13412619915456256	-0.9374291503892596	0.9999999999999921
