1.0	-0.6251243940506048	0.20548227203412375	-0.20712031620717125	0.1722803132370637	-0.6427944217906142	0.2545990991273739	-0.19253685768620127	0.15665475527297806	-0.14948839795479257	0.23719281323803004	-0.19091479074557893	0.1581255040101103	-0.15071421023013395	0.15437029498170957	-0.13060370712321775	0.15652678561811106	-0.12181985340477161	0.12580283569277678	-0.05585952558428929	0.1400862319068882	-0.11640924069413137	0.13549433294208538	-0.10585441120858034	0.06467772629834524	-0.08615995909280137	0.08514599322415516	-0.12275586371701276	0.09829373340122619	-0.13643370144812475	0.08495691659268355	-0.0833721228859529	0.075653694911328	-0.08483748104174639	0.0928185818940817	-0.09683445137235822	0.0715022066282088	-0.08378709946870522	0.07321889054397528	-0.07124610065295324	0.07589027288276282	-0.053643770085152406	0.08606826682246292	-0.06718845852011586	0.05481749140566276
-0.6251243940506048	0.9999999999999996	-0.38794640191757623	0.2565329595807202	-0.24205104852051337	0.3137728066422627	-0.3837857703020416	0.24900520101751944	-0.21403159474754857	0.18985107547664662	-0.29419318542342365	0.22895956924625288	-0.211251073767342	0.1905808795296867	-0.21092385328069305	0.15803010434879186	-0.20629559280277737	0.15551194109918207	-0.16460563378946452	0.07393288911783802	-0.1803874717762622	0.13868906885110038	-0.17780679611975486	0.13304445623538272	-0.08687582879639796	0.10492132345705507	-0.1034208059673658	0.1464839361382459	-0.1237904113834201	0.1624811154712356	-0.10618859581366426	0.10035214768653339	-0.09185560636767048	0.10425260190657136	-0.11533418706712284	0.11624514407431352	-0.086940717575302	0.10087143116480007	-0.09018722032056807	0.08666880069281475	-0.09411591204065195	0.06602965216753968	-0.10711650636955379	0.08165430377819893	-0.06736765310047105
0.20548227203412375	-0.38794640191757623	1.0	-0.6796389971976431	0.2265862300652687	-0.20955400142087424	0.25538336869405354	-0.4576843484596598	0.25789386275939674	-0.20931120293195	0.19803382241135725	-0.20816538900967946	0.20807958836462961	-0.20963103772834854	0.19252067110702498	-0.12196533421093178	0.16183553911228957	-0.1388500468506499	0.14792005373661657	-0.06721134193010424	0.1384426991368788	-0.11766393053743547	0.14987303827066562	-0.12058380568124095	0.07697739780305324	-0.08595623404267161	0.08710274941106258	-0.12666128550961603	0.10794740528904544	-0.14576916683598443	0.0861979842211171	-0.0855098942380317	0.0785774406384929	-0.09157725298010104	0.09944238497468247	-0.09903343803777567	0.07373774432495656	-0.08678812105806363	0.07802146898741932	-0.07568466697663355	0.07884147035026629	-0.05562611425511727	0.08969086364524709	-0.07122641392505785	0.058229792093888344
-0.20712031620717125	0.2565329595807202	-0.6796389971976431	1.0000000000000002	-0.36055664045298286	0.19748446180733023	-0.2596027349788655	0.2908104879959373	-0.3706563441720824	0.24369289105704817	-0.23570077189400737	0.21117151654689523	-0.2328191918925365	0.23038242979959803	-0.250956842788862	0.14141800564709786	-0.19166120276900026	0.1586308650305515	-0.17795365014800088	0.08403751660696399	-0.16618118142623306	0.13519421981740254	-0.18024932681437553	0.1396363385757405	-0.0981178733948873	0.10030593282808571	-0.10128015379604755	0.14545358687682589	-0.12787852684623197	0.1669212598882805	-0.10210075273781272	0.09909088707513188	-0.09140944258649389	0.10659226727756595	-0.11741548638767457	0.11488628849053208	-0.08602678198768196	0.10050264063547494	-0.09150209490120327	0.08802443833628124	-0.09328722454679175	0.06548822246476116	-0.10634577090492578	0.08280201307313476	-0.06826114609838428
0.1722803132370637	-0.24205104852051337	0.2265862300652687	-0.36055664045298286	1.0000000000000002	-0.2027226263100698	0.2096578733052821	-0.226259934225818	0.24967335525421352	-0.4735643181846248	0.23750013742245413	-0.21147880581809655	0.20338437426937733	-0.23053632696660864	0.29927540654321105	-0.15474603117964983	0.20009418381341668	-0.17047491664660616	0.188605679394597	-0.1105817745351796	0.1915991494908109	-0.18218712624672906	0.1988868766315799	-0.16579619803398474	0.12384303775372267	-0.13025851846588968	0.13556242608974428	-0.20166942783268244	0.16137245790325025	-0.24925972750066674	0.1323853984354552	-0.13832514959772296	0.12590612523502775	-0.14324592569870326	0.16076196225742195	-0.16532669889578322	0.11989489720061719	-0.14168458203110557	0.12518953356092555	-0.12443700279671227	0.13097165870543664	-0.0922401351996657	0.14910652510265374	-0.1173517267157029	0.09540883688805302
-0.6427944217906142	0.3137728066422627	-0.20955400142087424	0.19748446180733023	-0.2027226263100698	1.0	-0.4134705806829764	0.21737143435323877	-0.18539898761857795	0.16867807572210017	-0.42501268155625815	0.23435586972341993	-0.19765465111599076	0.17573916632368858	-0.1855680022521464	0.17817668876583753	-0.21067591169721836	0.15119097632641912	-0.1546244800537837	0.06629621322215272	-0.18795019738339616	0.13951377805008114	-0.16968226978953055	0.1268383547856329	-0.07744407066570003	0.10622902374401169	-0.10264957082299758	0.144798486305167	-0.11761088476672617	0.1570204915117156	-0.10525690260698625	0.09894041319103519	-0.08982261342012073	0.10006412929787491	-0.10975521652483561	0.11433507068939869	-0.08508689856609149	0.09878305325702988	-0.0865256198124203	0.08343221227922455	-0.0907423996248531	0.06392257986977434	-0.10296312242424456	0.07869408558630686	-0.06455957897557324
0.2545990991273739	-0.3837857703020416	0.25538336869405354	-0.2596027349788655	0.2096578733052821	-0.4134705806829764	0.9999999999999997	-0.5104171878489845	0.24770108292845194	-0.21155885763380788	0.26103900048443884	-0.4810330702535207	0.2743936637847512	-0.24311202812385221	0.20222852293699337	-0.16266244913973213	0.21569285477157685	-0.1749262310766112	0.1734327142760213	-0.07226027981004171	0.16955714876623296	-0.14284238362443383	0.17911428908302104	-0.14275857495080338	0.08241719300921349	-0.10435473020566362	0.10434208369515965	-0.15158811093910385	0.12571709071089834	-0.16979275990696271	0.10252514776761469	-0.10163259292868551	0.09293768628984533	-0.10715492238636681	0.11496454973957258	-0.11701737310948697	0.08703665443583014	-0.10260320790094732	0.0908870891654291	-0.08821784209144391	0.09172642708481196	-0.06496136682628792	0.10410465330078414	-0.08307464254994598	0.06761980177314861
-0.19253685768620127	0.24900520101751944	-0.4576843484596598	0.2908104879959373	-0.226259934225818	0.21737143435323877	-0.5104171878489845	0.9999999999999993	-0.467621214051161	0.23035447764992556	-0.22376859908816635	0.2724042829267556	-0.37326129521689844	0.2694600293173565	-0.2251012445304686	0.13928009632755695	-0.1945912626875174	0.1709069777610292	-0.18138681720707953	0.0752551384256147	-0.15465032941776866	0.12802932660468277	-0.17824359422175728	0.13925212170440623	-0.08630039396577494	0.09364947447782766	-0.0948723150293864	0.1373992961539701	-0.12121232527763985	0.15635426906197125	-0.09367534867984832	0.09218070833718278	-0.08515946414511671	0.10056431357385665	-0.10803284114113525	0.10591359015990542	-0.07945120209314326	0.09352723679768096	-0.08490511031837382	0.08175122568743169	-0.08453481265121958	0.05966973968253691	-0.09620015551905917	0.07686154775208826	-0.06292110679077535
0.15665475527297806	-0.21403159474754857	0.25789386275939674	-0.3706563441720824	0.24967335525421352	-0.18539898761857795	0.24770108292845194	-0.467621214051161	0.9999999999999991	-0.45509945079607533	0.20206277099942985	-0.24165996652049038	0.27293899695462964	-0.5204816180235643	0.2708356457191383	-0.13322249219141008	0.18165905505965652	-0.17426747515500457	0.20264801199037694	-0.08861204654522345	0.15025706939947844	-0.13233951168833302	0.1777844426086103	-0.15829382740456854	0.09832950080342065	-0.09503920214100257	0.09800156938511456	-0.14432978508203087	0.1302013942445039	-0.1706367604805543	0.09508569113268357	-0.09624480322610936	0.08929447931654658	-0.10879857545870338	0.11492912969104523	-0.11065202062269182	0.0828845815492581	-0.09847645684102391	0.09039401501207303	-0.08758224003429041	0.08789358313468715	-0.062189002677430126	0.10007979377720716	-0.08226137062758149	0.06696606472460113
-0.14948839795479257	0.18985107547664662	-0.20931120293195	0.24369289105704817	-0.4735643181846248	0.16867807572210017	-0.21155885763380788	0.23035447764992556	-0.45509945079607533	1.0000000000000004	-0.21097616517393375	0.19824624581049832	-0.22053495280721602	0.2619505095715216	-0.5955151410999355	0.13519051879157012	-0.183780760772904	0.15991077157548228	-0.18905782353605197	0.14396738655082073	-0.16201023439995757	0.14043797214420206	-0.1822317076342406	0.14958214943333809	-0.1657659029170024	0.10214832589479049	-0.10516918639696034	0.15349777355544067	-0.13652125094641807	0.18342169036797992	-0.1039577099295256	0.10420065408288555	-0.09636919052790614	0.11430650867913508	-0.1257080169666407	0.12136127312477656	-0.09042267858070774	0.10653173650029125	-0.09774676088121483	0.09472658479600744	-0.09782468348273649	0.06884067013405655	-0.11155497613173379	0.08902591781045659	-0.0730907363544535
0.23719281323803004	-0.29419318542342365	0.19803382241135725	-0.23570077189400737	0.23750013742245413	-0.42501268155625815	0.26103900048443884	-0.22376859908816635	0.20206277099942985	-0.21097616517393375	0.9999999999999994	-0.3548612888030629	0.23380428928318875	-0.2260381448080462	0.21879508097062403	-0.46038398825976673	0.2962939551104315	-0.21726329360730373	0.20286077213987205	-0.08355924656788105	0.2854612905540902	-0.24265053184151203	0.22686270974455092	-0.18134794197825446	0.09585368703857096	-0.1824100966632996	0.16858256992605547	-0.24191432513116506	0.16990173536189243	-0.24973175349514315	0.1642355691250048	-0.1636125618061859	0.14444899450499996	-0.15213363186799958	0.1637290441754625	-0.18956405570966456	0.1372128493506152	-0.16118309308885648	0.1320990607453567	-0.12984810567201402	0.13995190300289845	-0.10013184274303111	0.15728491391719748	-0.1229069161976934	0.09881187103817904
-0.19091479074557893	0.22895956924625288	-0.20816538900967946	0.21117151654689523	-0.21147880581809655	0.23435586972341993	-0.4810330702535207	0.2724042829267556	-0.24165996652049038	0.19824624581049832	-0.3548612888030629	0.9999999999999989	-0.552562586662908	0.2662912148107529	-0.22005519684962935	0.21453593915065192	-0.38105182397208814	0.23251609169019197	-0.2170306310137943	0.07761724000117094	-0.21315061218645545	0.16186525750569644	-0.23083527551430777	0.16630674735394052	-0.08922959042480662	0.1203234900331654	-0.11848147598848897	0.16920777788304722	-0.14438197527457525	0.183620800510001	-0.11769373185434774	0.11303452523469094	-0.10374140081977798	0.11954269587873247	-0.1274330155831012	0.12884376524077545	-0.09678055387234459	0.11347138520655344	-0.10099588354957939	0.09690025461774555	-0.1015031505501928	0.07183625583484841	-0.1151900962476795	0.09120502189078203	-0.0745124810339191
0.1581255040101103	-0.211251073767342	0.20807958836462961	-0.2328191918925365	0.20338437426937733	-0.19765465111599076	0.2743936637847512	-0.37326129521689844	0.27293899695462964	-0.22053495280721602	0.23380428928318875	-0.552562586662908	0.9999999999999976	-0.5211939977662146	0.2206433807061775	-0.167891288918911	0.2428133144025397	-0.3109991284210452	0.23720293983399948	-0.07937610495002233	0.1727296231042762	-0.15212649495464195	0.22685173987056825	-0.18421406515993846	0.08828506468832983	-0.10791056858155551	0.11111800923399397	-0.16430908496295438	0.14526280498483932	-0.18589015715508048	0.10591966226766987	-0.10736544227312597	0.0996745526777171	-0.12083073484022512	0.1249779976003353	-0.12180061110157714	0.09177674947963058	-0.10937684609940981	0.09924071592257357	-0.09583800623231871	0.09562260963575547	-0.06793471434366702	0.10869028636305797	-0.09003562530100195	0.07299155795285885
-0.15071421023013395	0.1905808795296867	-0.20963103772834854	0.23038242979959803	-0.23053632696660864	0.17573916632368858	-0.24311202812385221	0.2694600293173565	-0.5204816180235643	0.2619505095715216	-0.2260381448080462	0.2662912148107529	-0.5211939977662146	0.9999999999999964	-0.3323607412535173	0.15233695520500148	-0.22303288833619783	0.23068571987462497	-0.37288683422419605	0.09840753376613956	-0.17054181202091526	0.14648462806143417	-0.2308244668781542	0.2045228671504859	-0.10930975943791221	0.10507238999845345	-0.1093376376936638	0.16045671847493745	-0.16235836628831093	0.18878821006923255	-0.10540274624017201	0.10602420908577279	-0.0997898103771219	0.12639326028625908	-0.1311937031456801	0.12045368130250043	-0.0914945058959298	0.10890693322529454	-0.10326181081810237	0.0982509990879456	-0.09655330874671304	0.06832069992090219	-0.11012704657530248	0.0920306624124026	-0.0752821228968515
0.15437029498170957	-0.21092385328069305	0.19252067110702498	-0.250956842788862	0.29927540654321105	-0.1855680022521464	0.20222852293699337	-0.2251012445304686	0.2708356457191383	-0.5955151410999355	0.21879508097062403	-0.22005519684962935	0.2206433807061775	-0.3323607412535173	0.999999999999998	-0.14706972180442138	0.19293564664556773	-0.1767702267709123	0.20167160147515617	-0.2883591977228781	0.17648883100457197	-0.169299554214314	0.1958065416992594	-0.1764888873661942	0.2183197410151995	-0.11950462527393461	0.12533567722274794	-0.18787072464877236	0.15819842917883548	-0.2355761960445523	0.12032403236920078	-0.12654374714411587	0.11635235284412385	-0.13839100524750825	0.1503315473238855	-0.14853328783672415	0.10909154344480879	-0.13029092391913805	0.11755842232162735	-0.1165306137725049	0.11655995154973772	-0.08256221620154744	0.13262528590405848	-0.10960328206740239	0.08865853825716763
-0.13060370712321775	0.15803010434879186	-0.12196533421093178	0.14141800564709786	-0.15474603117964983	0.17817668876583753	-0.16266244913973213	0.13928009632755695	-0.13322249219141008	0.13519051879157012	-0.46038398825976673	0.21453593915065192	-0.167891288918911	0.15233695520500148	-0.14706972180442138	0.9999999999999923	-0.5442622637092063	0.20113497465640365	-0.16455271677471792	0.056702135679581676	-0.5847735164745611	0.19842667087864452	-0.20034337962785112	0.13865357745799425	-0.06530887893930129	0.1705691389949198	-0.1397790685825239	0.17982301929282243	-0.12566943977997988	0.16951388548284224	-0.15310197536209605	0.12411590001881835	-0.10850390565187602	0.10961376511403627	-0.1165579266851231	0.13989543081606037	-0.10412007960488572	0.11808949944545707	-0.09509381282496557	0.09143280355409909	-0.1051227993818204	0.07475568841476536	-0.11777263039331107	0.08671486216323895	-0.07019545618770469
0.15652678561811106	-0.20629559280277737	0.16183553911228957	-0.19166120276900026	0.20009418381341668	-0.21067591169721836	0.21569285477157685	-0.1945912626875174	0.18165905505965652	-0.183780760772904	0.2962939551104315	-0.38105182397208814	0.2428133144025397	-0.22303288833619783	0.19293564664556773	-0.5442622637092063	0.9999999999999997	-0.42895139539106025	0.23268987040478012	-0.0757819380034165	0.2854935221022826	-0.2310612038190881	0.26950899844203763	-0.20177398767631413	0.08607799338448796	-0.17028994550913412	0.1590993156774591	-0.22983794885807257	0.16797575552846236	-0.22897279966754586	0.15181915040560096	-0.1500341965229292	0.13442379772359586	-0.1464876350312599	0.15189142477241863	-0.16900553310370747	0.12535468431545677	-0.1480711870126656	0.12327201407184038	-0.11979936175729027	0.12617744153772514	-0.09041316012531092	0.14206379634884422	-0.11316385024917232	0.0909132679547746
-0.12181985340477161	0.15551194109918207	-0.1388500468506499	0.1586308650305515	-0.17047491664660616	0.15119097632641912	-0.1749262310766112	0.1709069777610292	-0.17426747515500457	0.15991077157548228	-0.21726329360730373	0.23251609169019197	-0.3109991284210452	0.23068571987462497	-0.1767702267709123	0.20113497465640365	-0.42895139539106025	0.9999999999999932	-0.4599682001908183	0.07164815114911896	-0.20123941324895922	0.1772953853281805	-0.6133181350782738	0.26043038158021664	-0.08114747485641813	0.11980590790007252	-0.13080088424935288	0.19323962655604648	-0.18537258798817743	0.20309261213459703	-0.11756259906291479	0.11963469569727755	-0.11454969202107682	0.14205234452926593	-0.14067557222171362	0.13101861422368055	-0.10210843608883233	0.12194919978337643	-0.11298537499678689	0.10647895722842055	-0.1041011543358063	0.074140992913957	-0.11855555490422776	0.0997869676420304	-0.08102016885176157
0.12580283569277678	-0.16460563378946452	0.14792005373661657	-0.17795365014800088	0.188605679394597	-0.1546244800537837	0.1734327142760213	-0.18138681720707953	0.20264801199037694	-0.18905782353605197	0.20286077213987205	-0.2170306310137943	0.23720293983399948	-0.37288683422419605	0.20167160147515617	-0.16455271677471792	0.23268987040478012	-0.4599682001908183	0.9999999999999976	-0.09320958877662822	0.17828247653263624	-0.1769002331235486	0.3056865709707895	-0.5858662863043509	0.10056843343810719	-0.11964596461248474	0.13208218578403333	-0.20505062618234213	0.25424930385678596	-0.2702493336641785	0.11904790162022885	-0.1289183828565148	0.1259844840114154	-0.1973836836464122	0.17517038396374968	-0.14194152107884164	0.11057043606409449	-0.13698298750636542	0.1403528001274413	-0.13365396875157562	0.11294797406754528	-0.0808355894328543	0.129320747759349	-0.12442030672764748	0.09935552406495002
-0.05585952558428929	0.07393288911783802	-0.06721134193010424	0.08403751660696399	-0.1105817745351796	0.06629621322215272	-0.07226027981004171	0.0752551384256147	-0.08861204654522345	0.14396738655082073	-0.08355924656788105	0.07761724000117094	-0.07937610495002233	0.09840753376613956	-0.2883591977228781	0.056702135679581676	-0.0757819380034165	0.07164815114911896	-0.09320958877662822	0.999999999999995	-0.06907352519125276	0.06530123298858828	-0.08335610629379506	0.08447466252800284	-0.9241426473745818	0.046211732693341376	-0.04896773163527206	0.07320443711410726	-0.07115106033126403	0.09526355071250148	-0.04694959618772478	0.04919547504552004	-0.04601085582355431	0.05802010679279738	-0.06286253865182015	0.057174479184819986	-0.04263362854637909	0.05104941941598984	-0.048439315409346186	0.04711937829282477	-0.04565754357858371	0.03228884776795865	-0.052126020743458804	0.04410971173649476	-0.036072703743240314
0.1400862319068882	-0.1803874717762622	0.1384426991368788	-0.16618118142623306	0.1915991494908109	-0.18795019738339616	0.16955714876623296	-0.15465032941776866	0.15025706939947844	-0.16201023439995757	0.2854612905540902	-0.21315061218645545	0.1727296231042762	-0.17054181202091526	0.17648883100457197	-0.5847735164745611	0.2854935221022826	-0.20123941324895922	0.17828247653263624	-0.06907352519125276	0.9999999999999956	-0.3683835372470346	0.2148210848928789	-0.16447460915191442	0.079836220009866	-0.355752662248613	0.22465959003204106	-0.2752936091586356	0.16033788079485511	-0.22816414529648055	0.2371887751751637	-0.19420185228838163	0.16177358186436	-0.14667265471092017	0.15665268747508873	-0.21698353211163385	0.1578740795614418	-0.17672487864153252	0.1307495931925438	-0.12594159774225552	0.15369134187990824	-0.11037944827407048	0.17038384239106508	-0.12014705104022388	0.09656456975475312
-0.11640924069413137	0.13868906885110038	-0.11766393053743547	0.13519421981740254	-0.18218712624672906	0.13951377805008114	-0.14284238362443383	0.12802932660468277	-0.13233951168833302	0.14043797214420206	-0.24265053184151203	0.16186525750569644	-0.15212649495464195	0.14648462806143417	-0.169299554214314	0.19842667087864452	-0.2310612038190881	0.1772953853281805	-0.1769002331235486	0.06530123298858828	-0.3683835372470346	0.999999999999993	-0.2664565402894977	0.15981591170808598	-0.0774167727288292	0.23038988904151425	-0.6719421611178977	0.3010628357366702	-0.16947789409537278	0.19841057814837856	-0.24678080931346108	0.241453211008347	-0.20641213360635352	0.1487252378449084	-0.1656274685103197	0.21287486365047334	-0.20765295564910669	0.1929334264478733	-0.14017780301271393	0.12495899147157088	-0.19328925389082477	0.13515261063703582	-0.21949712559712725	0.12015808700324611	-0.10125300586035631
0.13549433294208538	-0.17780679611975486	0.14987303827066562	-0.18024932681437553	0.1988868766315799	-0.16968226978953055	0.17911428908302104	-0.17824359422175728	0.1777844426086103	-0.1822317076342406	0.22686270974455092	-0.23083527551430777	0.22685173987056825	-0.2308244668781542	0.1958065416992594	-0.20034337962785112	0.26950899844203763	-0.6133181350782738	0.3056865709707895	-0.08335610629379506	0.2148210848928789	-0.2664565402894977	0.9999999999999942	-0.3972043747150946	0.09394838449491406	-0.15090097922153226	0.18346988626824884	-0.30488091486925456	0.23337814441618013	-0.27995645140678194	0.14791868568665528	-0.16463468728165687	0.15942402172257733	-0.19460233323511208	0.18438220250560436	-0.17392052003101383	0.13810929015248416	-0.1692412471918876	0.15023641445008185	-0.14373443340975273	0.13680321075074783	-0.0983119243325454	0.15583540086120873	-0.13486322066326706	0.10789794857098353
-0.10585441120858034	0.13304445623538272	-0.12058380568124095	0.1396363385757405	-0.16579619803398474	0.1268383547856329	-0.14275857495080338	0.13925212170440623	-0.15829382740456854	0.14958214943333809	-0.18134794197825446	0.16630674735394052	-0.18421406515993846	0.2045228671504859	-0.1764888873661942	0.13865357745799425	-0.20177398767631413	0.26043038158021664	-0.5858662863043509	0.08447466252800284	-0.16447460915191442	0.15981591170808598	-0.3972043747150946	0.9999999999999855	-0.09989959943276007	0.10887828966030813	-0.1257848232194169	0.19265735160698969	-0.5343197933862706	0.25287747968219404	-0.11184289340828789	0.12119220147130269	-0.12603242437625295	0.22256590626335168	-0.1994248775347002	0.13088425690259575	-0.10606248039569481	0.13193443240242217	-0.15943318662663683	0.136316820051779	-0.10904535266411186	0.07765177045737097	-0.12596299796007618	0.12528335982959646	-0.10402443496760333
0.06467772629834524	-0.08687582879639796	0.07697739780305324	-0.0981178733948873	0.12384303775372267	-0.07744407066570003	0.08241719300921349	-0.08630039396577494	0.09832950080342065	-0.1657659029170024	0.09585368703857096	-0.08922959042480662	0.08828506468832983	-0.10930975943791221	0.2183197410151995	-0.06530887893930129	0.08607799338448796	-0.08114747485641813	0.10056843343810719	-0.9241426473745818	0.079836220009866	-0.0774167727288292	0.09394838449491406	-0.09989959943276007	0.9999999999999891	-0.05441270729603056	0.05782285841647419	-0.08707154636647733	0.08176159235971281	-0.11570402952844262	0.05513499130072379	-0.05845396239554446	0.0544517784374446	-0.068420838558772	0.07374529557229578	-0.06818264942039083	0.050547523541336216	-0.06071772108435933	0.05697481138963508	-0.055978006644583335	0.053997908772361145	-0.038249074034701874	0.06158907747840577	-0.05244423967322054	0.04262471900288865
-0.08615995909280137	0.10492132345705507	-0.08595623404267161	0.10030593282808571	-0.13025851846588968	0.10622902374401169	-0.10435473020566362	0.09364947447782766	-0.09503920214100257	0.10214832589479049	-0.1824100966632996	0.1203234900331654	-0.10791056858155551	0.10507238999845345	-0.11950462527393461	0.1705691389949198	-0.17028994550913412	0.11980590790007252	-0.11964596461248474	0.046211732693341376	-0.355752662248613	0.23038988904151425	-0.15090097922153226	0.10887828966030813	-0.05441270729603056	0.9999999999999916	-0.2720678253661121	0.21090469477424292	-0.11560508113255377	0.14956518694514542	-0.7961067793392367	0.19080786554747023	-0.14660929414586898	0.10704855310260925	-0.11703007086783035	0.2168722427488268	-0.1626933130551019	0.14946048579361698	-0.10121564569407622	0.09263708513187474	-0.1626467230883942	0.11084269969654055	-0.17433685161750323	0.0899224903573197	-0.07391494864871483
0.08514599322415516	-0.1034208059673658	0.08710274941106258	-0.10128015379604755	0.13556242608974428	-0.10264957082299758	0.10434208369515965	-0.0948723150293864	0.09800156938511456	-0.10516918639696034	0.16858256992605547	-0.11848147598848897	0.11111800923399397	-0.1093376376936638	0.12533567722274794	-0.1397790685825239	0.1590993156774591	-0.13080088424935288	0.13208218578403333	-0.04896773163527206	0.22465959003204106	-0.6719421611178977	0.18346988626824884	-0.1257848232194169	0.05782285841647419	-0.2720678253661121	0.9999999999999909	-0.4794558935021189	0.1397621461794899	-0.1634440842907857	0.22086519512214975	-0.3589835805882032	0.2205615018464845	-0.12905179693157295	0.13533719001265604	-0.2051914615281613	0.20987392899609045	-0.2043055500218683	0.12134439441172024	-0.10689979751895554	0.16453133621752128	-0.121756135898101	0.18422435796155076	-0.10327994567403263	0.08495638786485163
-0.12275586371701276	0.1464839361382459	-0.12666128550961603	0.14545358687682589	-0.20166942783268244	0.144798486305167	-0.15158811093910385	0.1373992961539701	-0.14432978508203087	0.15349777355544067	-0.24191432513116506	0.16920777788304722	-0.16430908496295438	0.16045671847493745	-0.18787072464877236	0.17982301929282243	-0.22983794885807257	0.19323962655604648	-0.20505062618234213	0.07320443711410726	-0.2752936091586356	0.3010628357366702	-0.30488091486925456	0.19265735160698969	-0.08707154636647733	0.21090469477424292	-0.4794558935021189	0.9999999999999887	-0.24350086948241365	0.23549306462525255	-0.23928199609541342	0.27628002382918176	-0.44607891829660284	0.1983034552551692	-0.21205094744623484	0.23972035155333984	-0.24548779292758047	0.27566052531359614	-0.1876329337654962	0.15732167073232256	-0.22870189968755705	0.1606538031685423	-0.2656274722413171	0.15071717661352263	-0.12821967527567585
0.09829373340122619	-0.1237904113834201	0.10794740528904544	-0.12787852684623197	0.16137245790325025	-0.11761088476672617	0.12571709071089834	-0.12121232527763985	0.1302013942445039	-0.13652125094641807	0.16990173536189243	-0.14438197527457525	0.14526280498483932	-0.16235836628831093	0.15819842917883548	-0.12566943977997988	0.16797575552846236	-0.18537258798817743	0.25424930385678596	-0.07115106033126403	0.16033788079485511	-0.16947789409537278	0.23337814441618013	-0.5343197933862706	0.08176159235971281	-0.11560508113255377	0.1397621461794899	-0.24350086948241365	0.9999999999999883	-0.4383722162654984	0.12055034806697926	-0.14332127069309894	0.15911045444786556	-0.5185762671686112	0.27465778890557513	-0.14973494523368694	0.12513414710132156	-0.16814691847002505	0.22623592635257173	-0.19871006490900409	0.12501681394932912	-0.09023793415164218	0.145657265517162	-0.18142435311217506	0.14253352529553567
-0.13643370144812475	0.1624811154712356	-0.14576916683598443	0.1669212598882805	-0.24925972750066674	0.1570204915117156	-0.16979275990696271	0.15635426906197125	-0.1706367604805543	0.18342169036797992	-0.24973175349514315	0.183620800510001	-0.18589015715508048	0.18878821006923255	-0.2355761960445523	0.16951388548284224	-0.22897279966754586	0.20309261213459703	-0.2702493336641785	0.09526355071250148	-0.22816414529648055	0.19841057814837856	-0.27995645140678194	0.25287747968219404	-0.11570402952844262	0.14956518694514542	-0.1634440842907857	0.23549306462525255	-0.4383722162654984	0.9999999999999871	-0.1627373415329306	0.16828507903512646	-0.17416393296065494	0.29281947010893833	-0.5516639444116378	0.19046851806844736	-0.15434254715604426	0.1858361198762338	-0.2501290661607088	0.2332714912496674	-0.17764662619037638	0.12286484948875767	-0.20859717429866592	0.19921719281323602	-0.1904475209630767
0.08495691659268355	-0.10618859581366426	0.0861979842211171	-0.10210075273781272	0.1323853984354552	-0.10525690260698625	0.10252514776761469	-0.09367534867984832	0.09508569113268357	-0.1039577099295256	0.1642355691250048	-0.11769373185434774	0.10591966226766987	-0.10540274624017201	0.12032403236920078	-0.15310197536209605	0.15181915040560096	-0.11756259906291479	0.11904790162022885	-0.04694959618772478	0.2371887751751637	-0.24678080931346108	0.14791868568665528	-0.11184289340828789	0.05513499130072379	-0.7961067793392367	0.22086519512214975	-0.23928199609541342	0.12055034806697926	-0.1627373415329306	0.999999999999988	-0.2450712627261276	0.16171756994007597	-0.11534658722344399	0.12352305818588007	-0.32038977215797465	0.18662480902877104	-0.17448609015683544	0.10915120020659669	-0.10102113379618094	0.1727425110220766	-0.12234762866535472	0.1798761188868425	-0.09822750767158227	0.079284278637742
-0.0833721228859529	0.10035214768653339	-0.0855098942380317	0.09909088707513188	-0.13832514959772296	0.09894041319103519	-0.10163259292868551	0.09218070833718278	-0.09624480322610936	0.10420065408288555	-0.1636125618061859	0.11303452523469094	-0.10736544227312597	0.10602420908577279	-0.12654374714411587	0.12411590001881835	-0.1500341965229292	0.11963469569727755	-0.1289183828565148	0.04919547504552004	-0.19420185228838163	0.241453211008347	-0.16463468728165687	0.12119220147130269	-0.05845396239554446	0.19080786554747023	-0.3589835805882032	0.27628002382918176	-0.14332127069309894	0.16828507903512646	-0.2450712627261276	0.9999999999999903	-0.4278088737591728	0.14602059854011962	-0.15194513218841166	0.2787667085019046	-0.6233264811348292	0.29832981378231804	-0.14827256917371864	0.12252744873971966	-0.2511520932114116	0.196367239559198	-0.2779638296520383	0.12058341068918466	-0.09933275927098564
0.075653694911328	-0.09185560636767048	0.0785774406384929	-0.09140944258649389	0.12590612523502775	-0.08982261342012073	0.09293768628984533	-0.08515946414511671	0.08929447931654658	-0.09636919052790614	0.14444899450499996	-0.10374140081977798	0.0996745526777171	-0.0997898103771219	0.11635235284412385	-0.10850390565187602	0.13442379772359586	-0.11454969202107682	0.1259844840114154	-0.04601085582355431	0.16177358186436	-0.20641213360635352	0.15942402172257733	-0.12603242437625295	0.0544517784374446	-0.14660929414586898	0.2205615018464845	-0.44607891829660284	0.15911045444786556	-0.17416393296065494	0.16171756994007597	-0.4278088737591728	0.99999999999999	-0.20468121028870856	0.16562390676265684	-0.22234101239927326	0.2747214654841363	-0.6704949454172603	0.18257895483913225	-0.14292690115263965	0.17973023098803742	-0.14292672753651414	0.20900371576773158	-0.13814960459115397	0.1088498860364652
-0.08483748104174639	0.10425260190657136	-0.09157725298010104	0.10659226727756595	-0.14324592569870326	0.10006412929787491	-0.10715492238636681	0.10056431357385665	-0.10879857545870338	0.11430650867913508	-0.15213363186799958	0.11954269587873247	-0.12083073484022512	0.12639326028625908	-0.13839100524750825	0.10961376511403627	-0.1464876350312599	0.14205234452926593	-0.1973836836464122	0.05802010679279738	-0.14667265471092017	0.1487252378449084	-0.19460233323511208	0.22256590626335168	-0.068420838558772	0.10704855310260925	-0.12905179693157295	0.1983034552551692	-0.5185762671686112	0.29281947010893833	-0.11534658722344399	0.14602059854011962	-0.20468121028870856	0.9999999999999872	-0.5026689200119004	0.1465337049273392	-0.1333686253642812	0.1911192435430028	-0.4929374237751478	0.25780913642606923	-0.12826874839786015	0.09330921232841481	-0.15242209016754055	0.2271547816403052	-0.19471513581013472
0.0928185818940817	-0.11533418706712284	0.09944238497468247	-0.11741548638767457	0.16076196225742195	-0.10975521652483561	0.11496454973957258	-0.10803284114113525	0.11492912969104523	-0.1257080169666407	0.1637290441754625	-0.1274330155831012	0.1249779976003353	-0.1311937031456801	0.1503315473238855	-0.1165579266851231	0.15189142477241863	-0.14067557222171362	0.17517038396374968	-0.06286253865182015	0.15665268747508873	-0.1656274685103197	0.18438220250560436	-0.1994248775347002	0.07374529557229578	-0.11703007086783035	0.13533719001265604	-0.21205094744623484	0.27465778890557513	-0.5516639444116378	0.12352305818588007	-0.15194513218841166	0.16562390676265684	-0.5026689200119004	0.9999999999999872	-0.16465749099462543	0.13513836573665503	-0.18718677154489663	0.2903270387830505	-0.4383830036234938	0.13666266290090107	-0.09970569878394571	0.1611214362625175	-0.2772641620502981	0.22756474281779998
-0.09683445137235822	0.11624514407431352	-0.09903343803777567	0.11488628849053208	-0.16532669889578322	0.11433507068939869	-0.11701737310948697	0.10591359015990542	-0.11065202062269182	0.12136127312477656	-0.18956405570966456	0.12884376524077545	-0.12180061110157714	0.12045368130250043	-0.14853328783672415	0.13989543081606037	-0.16900553310370747	0.13101861422368055	-0.14194152107884164	0.057174479184819986	-0.21698353211163385	0.21287486365047334	-0.17392052003101383	0.13088425690259575	-0.06818264942039083	0.2168722427488268	-0.2051914615281613	0.23972035155333984	-0.14973494523368694	0.19046851806844736	-0.32038977215797465	0.2787667085019046	-0.22234101239927326	0.1465337049273392	-0.16465749099462543	0.9999999999999872	-0.4641292681233508	0.24597118102909152	-0.15184129831417356	0.1332174596030089	-0.5185289567509888	0.28320760002039896	-0.4282149068757971	0.1349188901904027	-0.11174077734230986
0.0715022066282088	-0.086940717575302	0.07373774432495656	-0.08602678198768196	0.11989489720061719	-0.08508689856609149	0.08703665443583014	-0.07945120209314326	0.0828845815492581	-0.09042267858070774	0.1372128493506152	-0.09678055387234459	0.09177674947963058	-0.0914945058959298	0.10909154344480879	-0.10412007960488572	0.12535468431545677	-0.10210843608883233	0.11057043606409449	-0.04263362854637909	0.1578740795614418	-0.20765295564910669	0.13810929015248416	-0.10606248039569481	0.050547523541336216	-0.1626933130551019	0.20987392899609045	-0.24548779292758047	0.12513414710132156	-0.15434254715604426	0.18662480902877104	-0.6233264811348292	0.2747214654841363	-0.1333686253642812	0.13513836573665503	-0.4641292681233508	0.9999999999999841	-0.4216254434254806	0.1410252195678014	-0.11782512658869616	0.26024235086737146	-0.2861797655011299	0.26761621688971593	-0.11745735574744307	0.09296012218632016
-0.08378709946870522	0.10087143116480007	-0.08678812105806363	0.10050264063547494	-0.14168458203110557	0.09878305325702988	-0.10260320790094732	0.09352723679768096	-0.09847645684102391	0.10653173650029125	-0.16118309308885648	0.11347138520655344	-0.10937684609940981	0.10890693322529454	-0.13029092391913805	0.11808949944545707	-0.1480711870126656	0.12194919978337643	-0.13698298750636542	0.05104941941598984	-0.17672487864153252	0.1929334264478733	-0.1692412471918876	0.13193443240242217	-0.06071772108435933	0.14946048579361698	-0.2043055500218683	0.27566052531359614	-0.16814691847002505	0.1858361198762338	-0.17448609015683544	0.29832981378231804	-0.6704949454172603	0.1911192435430028	-0.18718677154489663	0.24597118102909152	-0.4216254434254806	0.9999999999999852	-0.2623242553534279	0.16285617136090672	-0.23243830779434482	0.18131504947403085	-0.2911950507458597	0.15953272205848004	-0.13031216238952267
0.07321889054397528	-0.09018722032056807	0.07802146898741932	-0.09150209490120327	0.12518953356092555	-0.0865256198124203	0.0908870891654291	-0.08490511031837382	0.09039401501207303	-0.09774676088121483	0.1320990607453567	-0.10099588354957939	0.09924071592257357	-0.10326181081810237	0.11755842232162735	-0.09509381282496557	0.12327201407184038	-0.11298537499678689	0.1403528001274413	-0.048439315409346186	0.1307495931925438	-0.14017780301271393	0.15023641445008185	-0.15943318662663683	0.05697481138963508	-0.10121564569407622	0.12134439441172024	-0.1876329337654962	0.22623592635257173	-0.2501290661607088	0.10915120020659669	-0.14827256917371864	0.18257895483913225	-0.4929374237751478	0.2903270387830505	-0.15184129831417356	0.1410252195678014	-0.2623242553534279	0.9999999999999851	-0.5042710561922712	0.12919545782370168	-0.0979497297995099	0.15769176378488467	-0.5028084356411643	0.2894745419345281
-0.07124610065295324	0.08666880069281475	-0.07568466697663355	0.08802443833628124	-0.12443700279671227	0.08343221227922455	-0.08821784209144391	0.08175122568743169	-0.08758224003429041	0.09472658479600744	-0.12984810567201402	0.09690025461774555	-0.09583800623231871	0.0982509990879456	-0.1165306137725049	0.09143280355409909	-0.11979936175729027	0.10647895722842055	-0.13365396875157562	0.04711937829282477	-0.12594159774225552	0.12495899147157088	-0.14373443340975273	0.136316820051779	-0.055978006644583335	0.09263708513187474	-0.10689979751895554	0.15732167073232256	-0.19871006490900409	0.2332714912496674	-0.10102113379618094	0.12252744873971966	-0.14292690115263965	0.25780913642606923	-0.4383830036234938	0.1332174596030089	-0.11782512658869616	0.16285617136090672	-0.5042710561922712	0.9999999999999833	-0.12191318995606099	0.0885333565232779	-0.14890198143894764	0.3234607913847737	-0.5959628869079254
0.07589027288276282	-0.09411591204065195	0.07884147035026629	-0.09328722454679175	0.13097165870543664	-0.0907423996248531	0.09172642708481196	-0.08453481265121958	0.08789358313468715	-0.09782468348273649	0.13995190300289845	-0.1015031505501928	0.09562260963575547	-0.09655330874671304	0.11655995154973772	-0.1051227993818204	0.12617744153772514	-0.1041011543358063	0.11294797406754528	-0.04565754357858371	0.15369134187990824	-0.19328925389082477	0.13680321075074783	-0.10904535266411186	0.053997908772361145	-0.1626467230883942	0.16453133621752128	-0.22870189968755705	0.12501681394932912	-0.17764662619037638	0.1727425110220766	-0.2511520932114116	0.17973023098803742	-0.12826874839786015	0.13666266290090107	-0.5185289567509888	0.26024235086737146	-0.23243830779434482	0.12919545782370168	-0.12191318995606099	0.9999999999999825	-0.6489869738261621	0.3274739142473663	-0.12627820858181055	0.09638066176833485
-0.053643770085152406	0.06602965216753968	-0.05562611425511727	0.06548822246476116	-0.0922401351996657	0.06392257986977434	-0.06496136682628792	0.05966973968253691	-0.062189002677430126	0.06884067013405655	-0.10013184274303111	0.07183625583484841	-0.06793471434366702	0.06832069992090219	-0.08256221620154744	0.07475568841476536	-0.09041316012531092	0.074140992913957	-0.0808355894328543	0.03228884776795865	-0.11037944827407048	0.13515261063703582	-0.0983119243325454	0.07765177045737097	-0.038249074034701874	0.11084269969654055	-0.121756135898101	0.1606538031685423	-0.09023793415164218	0.12286484948875767	-0.12234762866535472	0.196367239559198	-0.14292672753651414	0.09330921232841481	-0.09970569878394571	0.28320760002039896	-0.2861797655011299	0.18131504947403085	-0.0979497297995099	0.0885333565232779	-0.6489869738261621	0.999999999999982	-0.6314943470125088	0.09575281910670068	-0.07373771336993383
0.08606826682246292	-0.10711650636955379	0.08969086364524709	-0.10634577090492578	0.14910652510265374	-0.10296312242424456	0.10410465330078414	-0.09620015551905917	0.10007979377720716	-0.11155497613173379	0.15728491391719748	-0.1151900962476795	0.10869028636305797	-0.11012704657530248	0.13262528590405848	-0.11777263039331107	0.14206379634884422	-0.11855555490422776	0.129320747759349	-0.052126020743458804	0.17038384239106508	-0.21949712559712725	0.15583540086120873	-0.12596299796007618	0.06158907747840577	-0.17433685161750323	0.18422435796155076	-0.2656274722413171	0.145657265517162	-0.20859717429866592	0.1798761188868425	-0.2779638296520383	0.20900371576773158	-0.15242209016754055	0.1611214362625175	-0.4282149068757971	0.26761621688971593	-0.2911950507458597	0.15769176378488467	-0.14890198143894764	0.3274739142473663	-0.6314943470125088	0.999999999999982	-0.17006860379870087	0.12205556981313725
-0.06718845852011586	0.08165430377819893	-0.07122641392505785	0.08280201307313476	-0.1173517267157029	0.07869408558630686	-0.08307464254994598	0.07686154775208826	-0.08226137062758149	0.08902591781045659	-0.1229069161976934	0.09120502189078203	-0.09003562530100195	0.0920306624124026	-0.10960328206740239	0.08671486216323895	-0.11316385024917232	0.0997869676420304	-0.12442030672764748	0.04410971173649476	-0.12014705104022388	0.12015808700324611	-0.13486322066326706	0.12528335982959646	-0.05244423967322054	0.0899224903573197	-0.10327994567403263	0.15071717661352263	-0.18142435311217506	0.19921719281323602	-0.09822750767158227	0.12058341068918466	-0.13814960459115397	0.2271547816403052	-0.2772641620502981	0.1349188901904027	-0.11745735574744307	0.15953272205848004	-0.5028084356411643	0.3234607913847737	-0.12627820858181055	0.09575281910670068	-0.17006860379870087	0.9999999999999823	-0.6964830833892772
