1.0	-0.10946636343044555	0.10223546930415114	-0.07830124895183083	0.06413866939301871	-0.9038337776062662	0.1524997627720274	-0.14087686110839628	0.10491477817027357	-0.1004138454908491	0.2181628774754546	-0.23303381631924397	0.11958440951275584	-0.09428200065492694	0.07578997745932751	-0.0821099783089631	0.08005779607867027	-0.1208648009533319	0.07971988398328772	-0.08361560908511638	0.06526891976344738	-0.07028010670864274	0.09707318812270994	-0.0902765478884414	0.06735741152730149	-0.04815971327478049	0.06294503192705635	-0.07553873822214396	0.06870795341320964	-0.06207126846457466	0.057224673643627974	-0.07350244017864443	0.06656640312030014	-0.06715070397885196	0.07947147510089342	-0.07901235957193503	0.05161067417630551	-0.08141934519860575	0.06140476498018561	-0.0805245945280132
-0.10946636343044555	1.0000000000000002	-0.8529674141739376	0.11402326104852613	-0.09008328831680662	0.09625043881670349	-0.4088536672421928	0.24475929145505745	-0.14033699621683302	0.10839719519143523	-0.08520851523790639	0.08879980765038221	-0.10588602862072853	0.09775046624407538	-0.07804224180044733	0.04128930103456969	-0.04326739695757358	0.09521077830369185	-0.07723737742537162	0.07965728836112997	-0.0395185908516589	0.041161767733207386	-0.07950098971630128	0.07788241693552597	-0.05905069227157766	0.0318796820609103	-0.0429094078665399	0.05850340126126698	-0.05636410512581497	0.05240879247675879	-0.03963875051950327	0.0531954740227722	-0.0512869463528728	0.05328117310545486	-0.06530732290947287	0.054117221931363965	-0.03740042976187895	0.06020893488198277	-0.047429688400984105	0.06097952068403245
0.10223546930415114	-0.8529674141739376	1.0000000000000002	-0.15731332480094284	0.11088581328249929	-0.09816303466107043	0.27595462934414006	-0.3278315410266893	0.16356061233584734	-0.14321960058811564	0.0917602060485899	-0.09981205991977685	0.1260621962640003	-0.1229732490344337	0.09789030306167074	-0.04976734727922541	0.051644873652488314	-0.12049575871863957	0.09565180972714057	-0.10239165272646057	0.0483257684286157	-0.05056176128306667	0.09810641820136083	-0.09887601500667738	0.07426457479230249	-0.039806923475092015	0.05344002216039164	-0.07413588655689453	0.07100724578323915	-0.06658108990778526	0.049687756557679576	-0.06814266615361789	0.06485596017846734	-0.06770577391285594	0.08189620598829572	-0.06885655069422239	0.047740247208475736	-0.07722245640582141	0.060326631052363355	-0.0784726370463951
-0.07830124895183083	0.11402326104852613	-0.15731332480094284	1.0000000000000002	-0.7705708139140928	0.06610574488594895	-0.16651416562271693	0.1660700804182434	-0.42284099823959254	0.2854763981501764	-0.09171052273367677	0.08940477200647141	-0.14558818825175524	0.19513001153368692	-0.20434244311837613	0.05349348511905668	-0.056851610422846054	0.12693597984788285	-0.16308140928523607	0.16204436155198762	-0.05778402754177616	0.058640323100046965	-0.1347976857339827	0.1383174752505034	-0.11689062034579846	0.048769728087794575	-0.06724332665318723	0.09545325932963718	-0.10116190656187236	0.0959713167117537	-0.062407370299882615	0.0822851922675439	-0.08533067439032206	0.0910007531554992	-0.12215141663927866	0.08208869971597081	-0.05852906329234309	0.0942497920567133	-0.07952609698636622	0.09747627954843324
0.06413866939301871	-0.09008328831680662	0.11088581328249929	-0.7705708139140928	1.0	-0.055024589616695194	0.12432571148603623	-0.13279505207063197	0.2553228935279193	-0.487821014110315	0.07780047754793744	-0.07772022872696976	0.12471465021116658	-0.18020059730063648	0.20135878048448014	-0.04846248528798988	0.05104854503807728	-0.11615762037891111	0.1441107934413247	-0.17294990248129988	0.052584827736838084	-0.053685979608383845	0.12027397957698652	-0.13125623367332961	0.10945543830867932	-0.04523906589698096	0.06197642290281975	-0.08951848170591208	0.09366524752895639	-0.09223988732093369	0.057927412439995975	-0.07892194354642651	0.0796362226294864	-0.08586680376631038	0.11138556387801418	-0.07809565722401897	0.05575768538896701	-0.09047535749150581	0.07486023981038124	-0.09414437217543406
-0.9038337776062662	0.09625043881670349	-0.09816303466107043	0.06610574488594895	-0.055024589616695194	1.0000000000000004	-0.16786731661246238	0.12586485669510936	-0.09386423350862694	0.08277053378210011	-0.29105136522216285	0.1975610189138844	-0.10637875377924035	0.0802787094366265	-0.06410944700968638	0.06954719878481937	-0.069736146833491	0.10001784802837438	-0.06777078958923731	0.06921968943250979	-0.05571563389469189	0.05866140407871895	-0.0824801065486358	0.0746274360874854	-0.05623599627468646	0.03992044886569503	-0.05260646685316957	0.06196921077140623	-0.056922949951073935	0.051189365485464676	-0.04740255106822999	0.05905098631298474	-0.05467245928347166	0.05495689638477721	-0.06617103686975048	0.06372524757117555	-0.041667317202223025	0.06543097543561302	-0.050028101344087146	0.0645540639595651
0.1524997627720274	-0.4088536672421928	0.27595462934414006	-0.16651416562271693	0.12432571148603623	-0.16786731661246238	1.0000000000000002	-0.7318491245624058	0.23401212854392373	-0.18931043724390395	0.14784813457962664	-0.1744913398217178	0.19355360349010267	-0.17915208878450697	0.13141973017677272	-0.07314426713273961	0.07657409626117297	-0.18071747928281434	0.13255762225159656	-0.14011941751578008	0.06848755753281065	-0.07208256910056228	0.1371401095055543	-0.13750595489125897	0.10102280487867384	-0.05530830170055944	0.07408849574528291	-0.10242819959096182	0.09723884857694802	-0.09087764681242577	0.06835122778714696	-0.093108832736123	0.08886423231042556	-0.09252019104934663	0.11089000800551525	-0.09434212289561178	0.06525243007980192	-0.10544224667878056	0.08205819479865933	-0.106503958849344
-0.14087686110839628	0.24475929145505745	-0.3278315410266893	0.1660700804182434	-0.13279505207063197	0.12586485669510936	-0.7318491245624058	1.0000000000000009	-0.3813623222196728	0.17903582968582996	-0.1423123666904568	0.14703867209288476	-0.2626832669682398	0.19404768342655346	-0.13731194551165435	0.068941355992996	-0.07372211740992234	0.18118029929440327	-0.14341447466211577	0.13749682861775747	-0.06623211632892219	0.06891030807136929	-0.1429403995095597	0.13634390913597633	-0.10127162756553798	0.053017995878487295	-0.0717456358289987	0.09943632263356986	-0.09626234644291533	0.08881840834148265	-0.06569581704075765	0.08724611466035687	-0.08634081578395736	0.08944172067543706	-0.10988884726727731	0.0884472413404644	-0.06152855326611906	0.09899537475179283	-0.07871132907666183	0.09968426717311783
0.10491477817027357	-0.14033699621683302	0.16356061233584734	-0.42284099823959254	0.2553228935279193	-0.09386423350862694	0.23401212854392373	-0.3813623222196728	0.9999999999999998	-0.3948730039030197	0.12924282823795039	-0.13701789017563754	0.23046987416182366	-0.5024318714054684	0.2522630411337279	-0.08067592654956258	0.0846289787440216	-0.21397188831327585	0.24839015073727408	-0.255861646608061	0.08415588540596519	-0.08727646540045698	0.19248557838213146	-0.22639525144390352	0.1627743624327236	-0.07190172142300795	0.09766671086820948	-0.1436684076622608	0.14630252189935072	-0.14150074037640292	0.09086676268450045	-0.12612444553535448	0.12519168788195284	-0.13491814071012104	0.16541997776165102	-0.1246384515382293	0.08864575479017715	-0.14441229928939633	0.11647560026884254	-0.1487174274493836
-0.1004138454908491	0.10839719519143523	-0.14321960058811564	0.2854763981501764	-0.487821014110315	0.08277053378210011	-0.18931043724390395	0.17903582968582996	-0.3948730039030197	0.9999999999999996	-0.1223650390507197	0.11627734256995911	-0.19453528879860998	0.258835446624877	-0.5431493663010868	0.07263969971366607	-0.07763048240131978	0.16811762680391643	-0.24399565360401848	0.2696012762871019	-0.08081995145061341	0.08124934124634915	-0.19384675399637946	0.19766221899818848	-0.1879463467472067	0.06859015942633909	-0.09540694007274653	0.1358725880569213	-0.14994467981851473	0.14525412178385297	-0.0884130567649458	0.11459304439566478	-0.12263858775833358	0.13204797280851216	-0.18634255088097842	0.11401435761180993	-0.08203348114512252	0.13174556743535704	-0.11475219699576816	0.13727755655052304
0.2181628774754546	-0.08520851523790639	0.0917602060485899	-0.09171052273367677	0.07780047754793744	-0.29105136522216285	0.14784813457962664	-0.1423123666904568	0.12924282823795039	-0.1223650390507197	1.0000000000000022	-0.824296599980864	0.2065012063945832	-0.13210449964716606	0.10003438891934413	-0.18695522890929334	0.1737786768914347	-0.20317786530845547	0.11033243985917522	-0.11080202237752267	0.11960491119221854	-0.13152420736477127	0.14475428096450912	-0.1272011601847578	0.09237438487398258	-0.07799075466829568	0.10016123864893253	-0.10934399784619414	0.09651756411847487	-0.08533758410113412	0.08705407022135528	-0.10404911576138125	0.09457828690198848	-0.0935365313289165	0.10943985220536061	-0.1163961199552963	0.07353573564612577	-0.11382233709370884	0.08482275313082983	-0.10911848039519269
-0.23303381631924397	0.08879980765038221	-0.09981205991977685	0.08940477200647141	-0.07772022872696976	0.1975610189138844	-0.1744913398217178	0.14703867209288476	-0.13701789017563754	0.11627734256995911	-0.824296599980864	1.0000000000000002	-0.28745804790227475	0.13448237157241552	-0.10050702132676413	0.1671944090101637	-0.21689080746690378	0.19558125056247133	-0.11256451780703773	0.10655335760664343	-0.12102807697535861	0.12688530937148446	-0.1491237349320888	0.12154902331085744	-0.0902001125168103	0.0749600392122321	-0.09889215725544853	0.10359369310258086	-0.0931066292741283	0.08140819252541162	-0.08428415569543499	0.09472142799712344	-0.08997506411064875	0.08812001530666885	-0.10621307077033364	0.10642735237202375	-0.06758300396556083	0.1037708470506776	-0.07939054654048658	0.09925997924914828
0.11958440951275584	-0.10588602862072853	0.1260621962640003	-0.14558818825175524	0.12471465021116658	-0.10637875377924035	0.19355360349010267	-0.2626832669682398	0.23046987416182366	-0.19453528879860998	0.2065012063945832	-0.28745804790227475	1.0	-0.3607160479424631	0.178883934964272	-0.12461187660376762	0.13482142340433478	-0.6918410929865801	0.2128764239921491	-0.19164522456797212	0.10994183575819175	-0.11929098240990686	0.26328115292864707	-0.22587336064226524	0.14801594402091137	-0.08600996877129448	0.11532209957058909	-0.1712392813966041	0.1506465083261636	-0.1339626393745206	0.10303881930205971	-0.13865338695790053	0.13838966012078868	-0.13999812987965524	0.16158420048562183	-0.13962069592512782	0.09733000532931586	-0.15751439409676882	0.12054784104457385	-0.1520591334063791
-0.09428200065492694	0.09775046624407538	-0.1229732490344337	0.19513001153368692	-0.18020059730063648	0.0802787094366265	-0.17915208878450697	0.19404768342655346	-0.5024318714054684	0.258835446624877	-0.13210449964716606	0.13448237157241552	-0.3607160479424631	1.0000000000000007	-0.3754669699009451	0.07926836654762213	-0.08547298234298166	0.22969185808171003	-0.5315912879138451	0.27828074623373134	-0.08373960401304188	0.08630583197828028	-0.2230895878595569	0.2539006850293295	-0.18245710129814055	0.07018342274321838	-0.09680034592471323	0.146010361716353	-0.15921548906683794	0.1464277141162398	-0.08823034144307308	0.11797153654057696	-0.12640404856099668	0.13547547692558778	-0.1720538720492448	0.11635371682265595	-0.08388209380384959	0.13576824374192498	-0.11415432261340773	0.13825575224477127
0.07578997745932751	-0.07804224180044733	0.09789030306167074	-0.20434244311837613	0.20135878048448014	-0.06410944700968638	0.13141973017677272	-0.13731194551165435	0.2522630411337279	-0.5431493663010868	0.10003438891934413	-0.10050702132676413	0.178883934964272	-0.3754669699009451	1.0	-0.06572141565530581	0.0694936156499298	-0.16741634785585924	0.2689980300720502	-0.6061455377987569	0.07258871407556525	-0.07434088533305006	0.17715665034368336	-0.22062457054450035	0.20077647809987884	-0.06340015417090168	0.08719613211204705	-0.13325483570039834	0.14666670756849076	-0.16340364051458295	0.08091799838851339	-0.11191997457342968	0.11654542004287922	-0.1302727648200376	0.16725914539507902	-0.10888696005495996	0.07915035582785224	-0.1293929476033332	0.108836805661753	-0.1355167398432482
-0.0821099783089631	0.04128930103456969	-0.04976734727922541	0.05349348511905668	-0.04846248528798988	0.06954719878481937	-0.07314426713273961	0.068941355992996	-0.08067592654956258	0.07263969971366607	-0.18695522890929334	0.1671944090101637	-0.12461187660376762	0.07926836654762213	-0.06572141565530581	0.999999999999999	-0.7792871574629917	0.13310386815446187	-0.07593199362780781	0.0721926953567373	-0.4649431950891717	0.2920696220604009	-0.12819335824685918	0.09074846514636556	-0.0708564605509811	0.1437039650666978	-0.17635219882398515	0.0985830372085895	-0.08071531946973869	0.06530470514648597	-0.13029943217077364	0.09692494325647931	-0.08617491688826134	0.07679462761803492	-0.09130611431686338	0.1348777205694893	-0.07179084240289663	0.09780901988265661	-0.0708101408321638	0.08362316994004526
0.08005779607867027	-0.04326739695757358	0.051644873652488314	-0.056851610422846054	0.05104854503807728	-0.069736146833491	0.07657409626117297	-0.07372211740992234	0.0846289787440216	-0.07763048240131978	0.1737786768914347	-0.21689080746690378	0.13482142340433478	-0.08547298234298166	0.0694936156499298	-0.7792871574629917	0.999999999999999	-0.16752511557394617	0.0805088792805914	-0.07712526022721097	0.29261171159202987	-0.4351557322868178	0.13572636915131095	-0.09770851535529353	0.07433867237084735	-0.13990741412051746	0.1707463761296568	-0.10501276332162422	0.08468276373112425	-0.06908574589548896	0.12312065043129909	-0.10452895906875811	0.09038483082951802	-0.08142207973799055	0.09492350561937575	-0.14517329018597933	0.0765581259463801	-0.10525212059908744	0.0748288595460457	-0.08972305267756661
-0.1208648009533319	0.09521077830369185	-0.12049575871863957	0.12693597984788285	-0.11615762037891111	0.10001784802837438	-0.18071747928281434	0.18118029929440327	-0.21397188831327585	0.16811762680391643	-0.20317786530845547	0.19558125056247133	-0.6918410929865801	0.22969185808171003	-0.16741634785585924	0.13310386815446187	-0.16752511557394617	1.0000000000000029	-0.21277464280617592	0.17188229165876895	-0.12376004101948325	0.13114828896008768	-0.4737189850780854	0.21994087880417842	-0.15199636722403495	0.0918844993638725	-0.12692406290514022	0.1872428452827857	-0.16178213212273498	0.1337604445003842	-0.10957047298808872	0.13634980070893699	-0.1520664660838584	0.1430610592409397	-0.17047744317946592	0.13897316553440006	-0.09743611992653524	0.15477390297876809	-0.12272951485308432	0.1465475314484595
0.07971988398328772	-0.07723737742537162	0.09565180972714057	-0.16308140928523607	0.1441107934413247	-0.06777078958923731	0.13255762225159656	-0.14341447466211577	0.24839015073727408	-0.24399565360401848	0.11033243985917522	-0.11256451780703773	0.2128764239921491	-0.5315912879138451	0.2689980300720502	-0.07593199362780781	0.0805088792805914	-0.21277464280617592	1.0000000000000009	-0.4648073930698825	0.08404665077033474	-0.08716897057920771	0.23256662071246767	-0.5251291287724978	0.22413782138985297	-0.0738076693465406	0.10177837862603731	-0.16735252357605196	0.1937528743300566	-0.1838322937703965	0.09304507401482193	-0.12985316525765178	0.14061319020718482	-0.16129142001849037	0.19025911193916417	-0.124970401413141	0.09192649991959125	-0.1508894752680795	0.127431688167917	-0.15523935562922397
-0.08361560908511638	0.07965728836112997	-0.10239165272646057	0.16204436155198762	-0.17294990248129988	0.06921968943250979	-0.14011941751578008	0.13749682861775747	-0.255861646608061	0.2696012762871019	-0.11080202237752267	0.10655335760664343	-0.19164522456797212	0.27828074623373134	-0.6061455377987569	0.0721926953567373	-0.07712526022721097	0.17188229165876895	-0.4648073930698825	1.0	-0.0828525037916123	0.08381332526108795	-0.21770698859304952	0.2650212067535986	-0.3692338058008314	0.07254719216128579	-0.10129466261749832	0.1567269116704981	-0.19132817406758898	0.21329535837714508	-0.09318406318522904	0.12539863135845716	-0.1392949169511356	0.15762167255749931	-0.22300989809073746	0.1214918995985587	-0.08970044950276103	0.14587804814109334	-0.1297680653661768	0.15411441343909826
0.06526891976344738	-0.0395185908516589	0.0483257684286157	-0.05778402754177616	0.052584827736838084	-0.05571563389469189	0.06848755753281065	-0.06623211632892219	0.08415588540596519	-0.08081995145061341	0.11960491119221854	-0.12102807697535861	0.10994183575819175	-0.08373960401304188	0.07258871407556525	-0.4649431950891717	0.29261171159202987	-0.12376004101948325	0.08404665077033474	-0.0828525037916123	0.999999999999999	-0.6860607318128407	0.14761517964373524	-0.1089455151776914	0.08608357503787521	-0.3221968933353918	0.270220830827131	-0.13473010751081374	0.10323686219058613	-0.08163528517874798	0.2023923427273285	-0.14822489870773226	0.11735586634176236	-0.10141865460629632	0.11610140322110765	-0.2326918184570459	0.11006907983403211	-0.14139931455592786	0.09520331120387393	-0.11219827298463228
-0.07028010670864274	0.041161767733207386	-0.05056176128306667	0.058640323100046965	-0.053685979608383845	0.05866140407871895	-0.07208256910056228	0.06891030807136929	-0.08727646540045698	0.08124934124634915	-0.13152420736477127	0.12688530937148446	-0.11929098240990686	0.08630583197828028	-0.07434088533305006	0.2920696220604009	-0.4351557322868178	0.13114828896008768	-0.08716897057920771	0.08381332526108795	-0.6860607318128407	0.9999999999999948	-0.1743638914534014	0.11181601253700371	-0.08797152361973794	0.23801139063724816	-0.4013064125250488	0.14032136098251524	-0.1067175604164989	0.08230853383714061	-0.20000819996793326	0.13248364662734438	-0.11885230004166104	0.10052155105686862	-0.11677317437406594	0.1937936387755737	-0.09922890241890187	0.1304662953861624	-0.0923774223112126	0.10645982731527762
0.09707318812270994	-0.07950098971630128	0.09810641820136083	-0.1347976857339827	0.12027397957698652	-0.0824801065486358	0.1371401095055543	-0.1429403995095597	0.19248557838213146	-0.19384675399637946	0.14475428096450912	-0.1491237349320888	0.26328115292864707	-0.2230895878595569	0.17715665034368336	-0.12819335824685918	0.13572636915131095	-0.4737189850780854	0.23256662071246767	-0.21770698859304952	0.14761517964373524	-0.1743638914534014	0.9999999999999986	-0.4389918396846308	0.2130867032193636	-0.13114338689247432	0.17916041049838843	-0.4417487561891526	0.25822457275361343	-0.20639598099235	0.15357975993703438	-0.2258129856771239	0.249481632737105	-0.23620471222206504	0.23999112938834694	-0.21093604706864408	0.15669875162201785	-0.26245954795644355	0.18892155836811775	-0.2318683077062884
-0.0902765478884414	0.07788241693552597	-0.09887601500667738	0.1383174752505034	-0.13125623367332961	0.0746274360874854	-0.13750595489125897	0.13634390913597633	-0.22639525144390352	0.19766221899818848	-0.1272011601847578	0.12154902331085744	-0.22587336064226524	0.2539006850293295	-0.22062457054450035	0.09074846514636556	-0.09770851535529353	0.21994087880417842	-0.5251291287724978	0.2650212067535986	-0.1089455151776914	0.11181601253700371	-0.4389918396846308	0.9999999999999981	-0.36605330628719107	0.09665387240274846	-0.13723036861113044	0.241057379727084	-0.38063448208808337	0.2489929924817972	-0.12200851077221506	0.16451906404151495	-0.2035896340071051	0.22897673178149036	-0.2800906615166744	0.1564773502086388	-0.11864834385406785	0.19314150066355493	-0.1769086804625979	0.19631946156847402
0.06735741152730149	-0.05905069227157766	0.07426457479230249	-0.11689062034579846	0.10945543830867932	-0.05623599627468646	0.10102280487867384	-0.10127162756553798	0.1627743624327236	-0.1879463467472067	0.09237438487398258	-0.0902001125168103	0.14801594402091137	-0.18245710129814055	0.20077647809987884	-0.0708564605509811	0.07433867237084735	-0.15199636722403495	0.22413782138985297	-0.3692338058008314	0.08608357503787521	-0.08797152361973794	0.2130867032193636	-0.36605330628719107	0.9999999999999998	-0.08197420673054297	0.11301747201261157	-0.20303753001036498	0.26015649999526336	-0.6981353968454201	0.10524577112644927	-0.15904093127573957	0.17090309737685414	-0.22438836757322675	0.27386673147317697	-0.14613128388593977	0.1116776378289166	-0.18851884065802416	0.16288159274445171	-0.21004645602832217
-0.04815971327478049	0.0318796820609103	-0.039806923475092015	0.048769728087794575	-0.04523906589698096	0.03992044886569503	-0.05530830170055944	0.053017995878487295	-0.07190172142300795	0.06859015942633909	-0.07799075466829568	0.0749600392122321	-0.08600996877129448	0.07018342274321838	-0.06340015417090168	0.1437039650666978	-0.13990741412051746	0.0918844993638725	-0.0738076693465406	0.07254719216128579	-0.3221968933353918	0.23801139063724816	-0.13114338689247432	0.09665387240274846	-0.08197420673054297	0.9999999999999994	-0.644640337377022	0.14691450560164246	-0.10580222659796742	0.07788414865969306	-0.5803379277503089	0.15430233365605803	-0.12724655369812943	0.10049083322957221	-0.11565792889367818	0.2720198108520766	-0.12238686885478325	0.14111729336687967	-0.09486336860063353	0.10493006430644775
0.06294503192705635	-0.0429094078665399	0.05344002216039164	-0.06724332665318723	0.06197642290281975	-0.05260646685316957	0.07408849574528291	-0.0717456358289987	0.09766671086820948	-0.09540694007274653	0.10016123864893253	-0.09889215725544853	0.11532209957058909	-0.09680034592471323	0.08719613211204705	-0.17635219882398515	0.1707463761296568	-0.12692406290514022	0.10177837862603731	-0.10129466261749832	0.270220830827131	-0.4013064125250488	0.17916041049838843	-0.13723036861113044	0.11301747201261157	-0.644640337377022	0.9999999999999976	-0.2541537959425646	0.14943161318438786	-0.11011447596677497	0.2996916463525366	-0.22469122844131648	0.17981643425402857	-0.14499947879755787	0.1574849540457508	-0.3688086799199799	0.16597287209296113	-0.2053861878201349	0.1326753557756999	-0.1512863275315584
-0.07553873822214396	0.05850340126126698	-0.07413588655689453	0.09545325932963718	-0.08951848170591208	0.06196921077140623	-0.10242819959096182	0.09943632263356986	-0.1436684076622608	0.1358725880569213	-0.10934399784619414	0.10359369310258086	-0.1712392813966041	0.146010361716353	-0.13325483570039834	0.0985830372085895	-0.10501276332162422	0.1872428452827857	-0.16735252357605196	0.1567269116704981	-0.13473010751081374	0.14032136098251524	-0.4417487561891526	0.241057379727084	-0.20303753001036498	0.14691450560164246	-0.2541537959425646	0.9999999999999974	-0.4455661318585531	0.20043692140148486	-0.169367113146995	0.22098360456146254	-0.5765061036176025	0.27802048236190585	-0.26560870828516175	0.19846593039337515	-0.16625012605174902	0.26069774215566294	-0.20793617791335287	0.20610810788661404
0.06870795341320964	-0.05636410512581497	0.07100724578323915	-0.10116190656187236	0.09366524752895639	-0.056922949951073935	0.09723884857694802	-0.09626234644291533	0.14630252189935072	-0.14994467981851473	0.09651756411847487	-0.0931066292741283	0.1506465083261636	-0.15921548906683794	0.14666670756849076	-0.08071531946973869	0.08468276373112425	-0.16178213212273498	0.1937528743300566	-0.19132817406758898	0.10323686219058613	-0.1067175604164989	0.25822457275361343	-0.38063448208808337	0.26015649999526336	-0.10580222659796742	0.14943161318438786	-0.4455661318585531	0.9999999999999981	-0.3971778578910418	0.12986065925144272	-0.19808504762327925	0.27368990691357237	-0.5484063631992161	0.30002254621870134	-0.17375365120442798	0.14129278501234646	-0.24225137345388026	0.22755536643208052	-0.2474606209938351
-0.06207126846457466	0.05240879247675879	-0.06658108990778526	0.0959713167117537	-0.09223988732093369	0.051189365485464676	-0.09087764681242577	0.08881840834148265	-0.14150074037640292	0.14525412178385297	-0.08533758410113412	0.08140819252541162	-0.1339626393745206	0.1464277141162398	-0.16340364051458295	0.06530470514648597	-0.06908574589548896	0.1337604445003842	-0.1838322937703965	0.21329535837714508	-0.08163528517874798	0.08230853383714061	-0.20639598099235	0.2489929924817972	-0.6981353968454201	0.07788414865969306	-0.11011447596677497	0.20043692140148486	-0.3971778578910418	0.9999999999999921	-0.10061404302844934	0.1457119225491093	-0.17797819581059396	0.24092399526501657	-0.44170998109741005	0.13360217002107352	-0.10454232295977048	0.1743317861879523	-0.16936307152448432	0.19852825796504808
0.057224673643627974	-0.03963875051950327	0.049687756557679576	-0.062407370299882615	0.057927412439995975	-0.04740255106822999	0.06835122778714696	-0.06569581704075765	0.09086676268450045	-0.0884130567649458	0.08705407022135528	-0.08428415569543499	0.10303881930205971	-0.08823034144307308	0.08091799838851339	-0.13029943217077364	0.12312065043129909	-0.10957047298808872	0.09304507401482193	-0.09318406318522904	0.2023923427273285	-0.20000819996793326	0.15357975993703438	-0.12200851077221506	0.10524577112644927	-0.5803379277503089	0.2996916463525366	-0.169367113146995	0.12986065925144272	-0.10061404302844934	0.9999999999999968	-0.2611616498977861	0.16357485345572123	-0.13308799810147176	0.15362722899565262	-0.6166914737781687	0.2067701451624128	-0.21816233033710297	0.13244341491067346	-0.14785500943389468
-0.07350244017864443	0.0531954740227722	-0.06814266615361789	0.0822851922675439	-0.07892194354642651	0.05905098631298474	-0.093108832736123	0.08724611466035687	-0.12612444553535448	0.11459304439566478	-0.10404911576138125	0.09472142799712344	-0.13865338695790053	0.11797153654057696	-0.11191997457342968	0.09692494325647931	-0.10452895906875811	0.13634980070893699	-0.12985316525765178	0.12539863135845716	-0.14822489870773226	0.13248364662734438	-0.2258129856771239	0.16451906404151495	-0.15904093127573957	0.15430233365605803	-0.22469122844131648	0.22098360456146254	-0.19808504762327925	0.1457119225491093	-0.2611616498977861	0.9999999999999977	-0.3624366994419419	0.20078611519872056	-0.2540183030149699	0.27951200196922954	-0.6922120284983143	0.3165246730908162	-0.2170466996394905	0.18897488877182872
0.06656640312030014	-0.0512869463528728	0.06485596017846734	-0.08533067439032206	0.0796362226294864	-0.05467245928347166	0.08886423231042556	-0.08634081578395736	0.12519168788195284	-0.12263858775833358	0.09457828690198848	-0.08997506411064875	0.13838966012078868	-0.12640404856099668	0.11654542004287922	-0.08617491688826134	0.09038483082951802	-0.1520664660838584	0.14061319020718482	-0.1392949169511356	0.11735586634176236	-0.11885230004166104	0.249481632737105	-0.2035896340071051	0.17090309737685414	-0.12724655369812943	0.17981643425402857	-0.5765061036176025	0.27368990691357237	-0.17797819581059396	0.16357485345572123	-0.3624366994419419	0.9999999999999969	-0.39588297307572257	0.2551900798303779	-0.21902140400245257	0.2333690293266146	-0.4741437602868303	0.23468552343077126	-0.23384979774389553
-0.06715070397885196	0.05328117310545486	-0.06770577391285594	0.0910007531554992	-0.08586680376631038	0.05495689638477721	-0.09252019104934663	0.08944172067543706	-0.13491814071012104	0.13204797280851216	-0.0935365313289165	0.08812001530666885	-0.13999812987965524	0.13547547692558778	-0.1302727648200376	0.07679462761803492	-0.08142207973799055	0.1430610592409397	-0.16129142001849037	0.15762167255749931	-0.10141865460629632	0.10052155105686862	-0.23620471222206504	0.22897673178149036	-0.22438836757322675	0.10049083322957221	-0.14499947879755787	0.27802048236190585	-0.5484063631992161	0.24092399526501657	-0.13308799810147176	0.20078611519872056	-0.39588297307572257	0.999999999999997	-0.4709335134317735	0.1698023255167344	-0.15172312443185984	0.2568985371925594	-0.4212889178361484	0.28479470309663313
0.07947147510089342	-0.06530732290947287	0.08189620598829572	-0.12215141663927866	0.11138556387801418	-0.06617103686975048	0.11089000800551525	-0.10988884726727731	0.16541997776165102	-0.18634255088097842	0.10943985220536061	-0.10621307077033364	0.16158420048562183	-0.1720538720492448	0.16725914539507902	-0.09130611431686338	0.09492350561937575	-0.17047744317946592	0.19025911193916417	-0.22300989809073746	0.11610140322110765	-0.11677317437406594	0.23999112938834694	-0.2800906615166744	0.27386673147317697	-0.11565792889367818	0.1574849540457508	-0.26560870828516175	0.30002254621870134	-0.44170998109741005	0.15362722899565262	-0.2540183030149699	0.2551900798303779	-0.4709335134317735	0.9999999999999954	-0.22377517842781508	0.17652532932334294	-0.3080745354014191	0.28473016350949276	-0.44050505496854775
-0.07901235957193503	0.054117221931363965	-0.06885655069422239	0.08208869971597081	-0.07809565722401897	0.06372524757117555	-0.09434212289561178	0.0884472413404644	-0.1246384515382293	0.11401435761180993	-0.1163961199552963	0.10642735237202375	-0.13962069592512782	0.11635371682265595	-0.10888696005495996	0.1348777205694893	-0.14517329018597933	0.13897316553440006	-0.124970401413141	0.1214918995985587	-0.2326918184570459	0.1937936387755737	-0.21093604706864408	0.1564773502086388	-0.14613128388593977	0.2720198108520766	-0.3688086799199799	0.19846593039337515	-0.17375365120442798	0.13360217002107352	-0.6166914737781687	0.27951200196922954	-0.21902140400245257	0.1698023255167344	-0.22377517842781508	0.9999999999999963	-0.40238647327093274	0.25403927803215065	-0.17973806760553182	0.17569755824269595
0.05161067417630551	-0.03740042976187895	0.047740247208475736	-0.05852906329234309	0.05575768538896701	-0.041667317202223025	0.06525243007980192	-0.06152855326611906	0.08864575479017715	-0.08203348114512252	0.07353573564612577	-0.06758300396556083	0.09733000532931586	-0.08388209380384959	0.07915035582785224	-0.07179084240289663	0.0765581259463801	-0.09743611992653524	0.09192649991959125	-0.08970044950276103	0.11006907983403211	-0.09922890241890187	0.15669875162201785	-0.11864834385406785	0.1116776378289166	-0.12238686885478325	0.16597287209296113	-0.16625012605174902	0.14129278501234646	-0.10454232295977048	0.2067701451624128	-0.6922120284983143	0.2333690293266146	-0.15172312443185984	0.17652532932334294	-0.40238647327093274	0.9999999999999966	-0.498954468978355	0.1708308983638343	-0.15283002929143505
-0.08141934519860575	0.06020893488198277	-0.07722245640582141	0.0942497920567133	-0.09047535749150581	0.06543097543561302	-0.10544224667878056	0.09899537475179283	-0.14441229928939633	0.13174556743535704	-0.11382233709370884	0.1037708470506776	-0.15751439409676882	0.13576824374192498	-0.1293929476033332	0.09780901988265661	-0.10525212059908744	0.15477390297876809	-0.1508894752680795	0.14587804814109334	-0.14139931455592786	0.1304662953861624	-0.26245954795644355	0.19314150066355493	-0.18851884065802416	0.14111729336687967	-0.2053861878201349	0.26069774215566294	-0.24225137345388026	0.1743317861879523	-0.21816233033710297	0.3165246730908162	-0.4741437602868303	0.2568985371925594	-0.3080745354014191	0.25403927803215065	-0.498954468978355	0.9999999999999964	-0.3748434264246965	0.2541889531655823
0.06140476498018561	-0.047429688400984105	0.060326631052363355	-0.07952609698636622	0.07486023981038124	-0.050028101344087146	0.08205819479865933	-0.07871132907666183	0.11647560026884254	-0.11475219699576816	0.08482275313082983	-0.07939054654048658	0.12054784104457385	-0.11415432261340773	0.108836805661753	-0.0708101408321638	0.0748288595460457	-0.12272951485308432	0.127431688167917	-0.1297680653661768	0.09520331120387393	-0.0923774223112126	0.18892155836811775	-0.1769086804625979	0.16288159274445171	-0.09486336860063353	0.1326753557756999	-0.20793617791335287	0.22755536643208052	-0.16936307152448432	0.13244341491067346	-0.2170466996394905	0.23468552343077126	-0.4212889178361484	0.28473016350949276	-0.17973806760553182	0.1708308983638343	-0.3748434264246965	0.9999999999999964	-0.7198547278732071
-0.0805245945280132	0.06097952068403245	-0.0784726370463951	0.09747627954843324	-0.09414437217543406	0.0645540639595651	-0.106503958849344	0.09968426717311783	-0.1487174274493836	0.13727755655052304	-0.10911848039519269	0.09925997924914828	-0.1520591334063791	0.13825575224477127	-0.1355167398432482	0.08362316994004526	-0.08972305267756661	0.1465475314484595	-0.15523935562922397	0.15411441343909826	-0.11219827298463228	0.10645982731527762	-0.2318683077062884	0.19631946156847402	-0.21004645602832217	0.10493006430644775	-0.1512863275315584	0.20610810788661404	-0.2474606209938351	0.19852825796504808	-0.14785500943389468	0.18897488877182872	-0.23384979774389553	0.28479470309663313	-0.44050505496854775	0.17569755824269595	-0.15283002929143505	0.2541889531655823	-0.7198547278732071	0.9999999999999963
