1.0	-0.37185374752794115	0.171525041615515	-0.10651138870867499	0.07819498376940258	-0.7854603837083131	0.2869992578236926	-0.20716698230452038	0.10267211637881006	-0.07114784808011779	0.20527083277755934	-0.1732587005716754	0.10495232536608236	-0.10626141985374306	0.10228205477530947	-0.23465140044965746	0.15468054394955807	-0.07334029468661697	0.069882415515138	-0.08450366738959061	0.08856575451905804	-0.09169136669943104	0.08558866644726126	-0.06920930925221024	0.06822217256356547	-0.07588833080440023	0.08229694399709898	-0.07713413306955859	0.06028690942022168	-0.04590903477634273	0.07052140333156934	-0.06112328153562406	0.0899552084035645	-0.0639152578498835	0.0423257414227671
-0.37185374752794115	1.0	-0.35059744911299395	0.13753754228738435	-0.09289799425514457	0.26748497460665854	-0.7634929992154521	0.2230598744290232	-0.12948267623069443	0.08041904322616802	-0.15101580694683092	0.14657779568314133	-0.10197525690244204	0.09723903352426318	-0.09729018846365071	0.13932049480962838	-0.14562260656952716	0.0637992062446969	-0.061753569965310756	0.07507187530813439	-0.0694549122096638	0.07584384030721383	-0.0733405577157377	0.05921598073769623	-0.059474801718017896	0.05804134444967648	-0.0688388656593725	0.06386764609434341	-0.05134217206775189	0.039028185167778374	-0.05814069723566498	0.04967551096827672	-0.07578511837514983	0.053728763409441965	-0.03613975033525649
0.171525041615515	-0.35059744911299395	1.0	-0.47267511290438513	0.19485114388062197	-0.14288343070694176	0.2110397927873223	-0.6548392629925086	0.2861576750687755	-0.18083922938022987	0.09849234108604848	-0.09796649726620466	0.17347228702768064	-0.17774696931297296	0.15779594490112933	-0.1134121169473434	0.10550266472713855	-0.0949808604209303	0.09185818956109863	-0.12000154609327085	0.07399565490367688	-0.08289054616982597	0.09048215036569868	-0.08299547915540026	0.08541528545199872	-0.06344830502991924	0.07833633918647219	-0.07907671868267055	0.0697965020912415	-0.055428814662120095	0.06896757650438479	-0.05889620894466144	0.09568950559386126	-0.07421730244268193	0.0505482519391854
-0.10651138870867499	0.13753754228738435	-0.47267511290438513	0.9999999999999998	-0.417520346707718	0.07999358505305787	-0.11923194916148569	0.2912101057199174	-0.6713661615307533	0.2692138013303913	-0.0628856577283081	0.061537700977661154	-0.12880554991209997	0.13053538612980753	-0.16414746235051114	0.0732404424125133	-0.07058717077683854	0.07078253238098857	-0.0713334500062199	0.10962742656874115	-0.053844053249240575	0.06065709646131713	-0.06870610500467936	0.06654985810675652	-0.07118502871056352	0.04614380313624435	-0.05825323340725963	0.05974534508412772	-0.05522284843129438	0.04492741980199764	-0.0516479473984264	0.043980627483572704	-0.07305248372634156	0.05892059541960769	-0.04066525049536729
0.07819498376940258	-0.09289799425514457	0.19485114388062197	-0.417520346707718	0.9999999999999998	-0.06098503599890979	0.07888806259774063	-0.2278259754672873	0.2912623563860147	-0.7785079016868757	0.05644534751243263	-0.05558498434920793	0.11425240872892414	-0.12475816693812347	0.22281303933156907	-0.07142510398396411	0.06692295983920785	-0.07805766816920558	0.07770090676179463	-0.16698303875885923	0.059408953411173054	-0.06795405231729897	0.07855418911322208	-0.08395876796646032	0.09172070864755016	-0.05156653759170765	0.06585572582724501	-0.06987831350259949	0.06794749037279176	-0.0583165979765011	0.058975720020080384	-0.05054460336707506	0.08518396403318093	-0.07483095746638854	0.05136434129848386
-0.7854603837083131	0.26748497460665854	-0.14288343070694176	0.07999358505305787	-0.06098503599890979	0.9999999999999999	-0.43730693312375823	0.14635092989651455	-0.07992671382312236	0.05418046952941961	-0.2625936891169203	0.16608774268753998	-0.08282393397652371	0.08002180016482903	-0.07980372321137481	0.189594922441328	-0.15107349891613367	0.05778986402895186	-0.05533481214320775	0.06521853056729926	-0.07416730461811859	0.077170509896061	-0.07070706906319801	0.05491901110843039	-0.05399991094137265	0.06187689471177158	-0.06878305406293234	0.06257691838476595	-0.04810485878712816	0.03606687466647949	-0.05788649793061812	0.04980980418601534	-0.0730093412225066	0.050438352425123345	-0.033451684665963655
0.2869992578236926	-0.7634929992154521	0.2110397927873223	-0.11923194916148569	0.07888806259774063	-0.43730693312375823	0.9999999999999999	-0.23413736360224885	0.109478849174953	-0.0713917774861859	0.16198200373910163	-0.1904257885768639	0.09690449944720225	-0.09515687235058914	0.08928926041635402	-0.15329319936826954	0.14592095038383956	-0.06227227015011266	0.059571750327515376	-0.07156033044977982	0.06879426850556097	-0.07589925863184079	0.07121082706602141	-0.05735817045352686	0.05686220840445804	-0.058007867238121805	0.06724499312145386	-0.06250326471933282	0.049571281500252695	-0.03768531392863801	0.05639466352179995	-0.04862369271843417	0.07291967821501254	-0.0521462958732373	0.03477000621578555
-0.20716698230452038	0.2230598744290232	-0.6548392629925086	0.2912101057199174	-0.2278259754672873	0.14635092989651455	-0.23413736360224885	0.999999999999999	-0.43776004512745786	0.19153803820387277	-0.1115272104395628	0.10825988945516192	-0.28793875364285687	0.2080399472391354	-0.1962409220090329	0.12290184944606315	-0.12334221276593799	0.11381225731467805	-0.11231311084552527	0.13373905264031571	-0.08614357154686526	0.09581042115314502	-0.10747788286045457	0.09600318874071098	-0.10019624667291543	0.07294835962867141	-0.09185159355431098	0.0917219630934775	-0.08136100729757842	0.06332821242678621	-0.08106359777291583	0.06849457624166141	-0.11298106312626313	0.08467037498270935	-0.05861805293152336
0.10267211637881006	-0.12948267623069443	0.2861576750687755	-0.6713661615307533	0.2912623563860147	-0.07992671382312236	0.109478849174953	-0.43776004512745786	1.0000000000000004	-0.4120224971368167	0.06716789369310362	-0.0663656113221109	0.15892926814189862	-0.18263441579447923	0.18439988649036984	-0.08129292329666567	0.07713841689473737	-0.08752855425933376	0.08792288868262882	-0.13451946595717618	0.062390484512722284	-0.07100779057922137	0.08145668007735936	-0.08047504529278214	0.08508129150664347	-0.05375810564736784	0.06818215882728913	-0.07087373153348704	0.06613469023695183	-0.054165524643348915	0.0605053999700472	-0.05168212042279448	0.08615720483891984	-0.07098031114109304	0.04872471613046271
-0.07114784808011779	0.08041904322616802	-0.18083922938022987	0.2692138013303913	-0.7785079016868757	0.05418046952941961	-0.0713917774861859	0.19153803820387277	-0.4120224971368167	0.9999999999999996	-0.050483045137659985	0.04958295401409173	-0.10597505957253434	0.11252298729412008	-0.32217127411392726	0.0631610014131562	-0.060112294162356	0.07025538172308066	-0.07117238182776187	0.15444673586304836	-0.05333857678267306	0.06094303532947208	-0.07125397566474649	0.07606532174738312	-0.0861158498109746	0.04612953764341042	-0.05927918170062949	0.06270055163926037	-0.06165095531332045	0.05263086431000329	-0.053014628555773345	0.045315860128004176	-0.07683417446111783	0.06698835865776107	-0.04674717300792912
0.20527083277755934	-0.15101580694683092	0.09849234108604848	-0.0628856577283081	0.05644534751243263	-0.2625936891169203	0.16198200373910163	-0.1115272104395628	0.06716789369310362	-0.050483045137659985	1.0000000000000016	-0.5800657749472341	0.1023538302405159	-0.0985871226154612	0.09599008630606647	-0.6510528048338992	0.307400617400312	-0.08500717087179904	0.0792203607853224	-0.08761246575315554	0.1440579312624048	-0.14407006416783352	0.11522009046352427	-0.08288167106322894	0.07743813621807237	-0.12011749771148753	0.11876519869596591	-0.10352739351412232	0.07278302572792558	-0.052999163877250045	0.0963023506879891	-0.08485855240622403	0.11345949194480463	-0.07636718008598797	0.04906691751976361
-0.1732587005716754	0.14657779568314133	-0.09796649726620466	0.061537700977661154	-0.05558498434920793	0.16608774268753998	-0.1904257885768639	0.10825988945516192	-0.0663656113221109	0.04958295401409173	-0.5800657749472341	0.9999999999999968	-0.11826535561533291	0.10416165907975988	-0.09494653756742409	0.3112004831469464	-0.6731611785372695	0.0897660722256904	-0.08417935557409681	0.08654024830745771	-0.1338725264218184	0.16570111163732673	-0.13114661382225448	0.08555479139104824	-0.07935083048939563	0.1077417001766134	-0.13228005199244663	0.10748761077535993	-0.07499798383851855	0.05314599015904	-0.09700642216075452	0.08467796353701339	-0.11653633855877552	0.0766964399882253	-0.049562200382092844
0.10495232536608236	-0.10197525690244204	0.17347228702768064	-0.12880554991209997	0.11425240872892414	-0.08282393397652371	0.09690449944720225	-0.28793875364285687	0.15892926814189862	-0.10597505957253434	0.1023538302405159	-0.11826535561533291	0.9999999999999984	-0.7982368514656292	0.1814325570191075	-0.1292729598626212	0.12855198084529967	-0.29974548383946154	0.2435942533520365	-0.16288074224134455	0.10789781646096419	-0.1364914820090849	0.1654899290824401	-0.15074035176236864	0.13709160226876793	-0.09471591181502262	0.12294431466058137	-0.1331748652706217	0.11813468312199413	-0.08845558380589416	0.10331190497334274	-0.09061125018607447	0.1479997089278869	-0.1219034409627813	0.08094599595021396
-0.10626141985374306	0.09723903352426318	-0.17774696931297296	0.13053538612980753	-0.12475816693812347	0.08002180016482903	-0.09515687235058914	0.2080399472391354	-0.18263441579447923	0.11252298729412008	-0.0985871226154612	0.10416165907975988	-0.7982368514656292	0.9999999999999979	-0.20894731410006429	0.11963803929463973	-0.12692927070430823	0.24535192239703604	-0.3459646619998359	0.16332429218882674	-0.11020792905961066	0.1324060430516524	-0.17162556261254025	0.15647408713580144	-0.1496488853234184	0.0941127513536561	-0.12594278291854474	0.13172281851958118	-0.1252947708664325	0.08976741514645946	-0.10761133976233651	0.0918843651187324	-0.15631682624984392	0.12163838018496721	-0.08470886371826288
0.10228205477530947	-0.09729018846365071	0.15779594490112933	-0.16414746235051114	0.22281303933156907	-0.07980372321137481	0.08928926041635402	-0.1962409220090329	0.18439988649036984	-0.32217127411392726	0.09599008630606647	-0.09494653756742409	0.1814325570191075	-0.20894731410006429	0.9999999999999993	-0.13091241650298008	0.1225465451972213	-0.16630680712351503	0.16700090826337935	-0.5998990441600984	0.12671827105153366	-0.1486615416897057	0.17679045065342225	-0.21460514391942118	0.24701635466257535	-0.11121448792801172	0.14472240671878886	-0.15897621245068894	0.16581844924187877	-0.15081273350117316	0.12964168486347363	-0.11205580144449456	0.19189880870005754	-0.18646566038079124	0.12896381698289966
-0.23465140044965746	0.13932049480962838	-0.1134121169473434	0.0732404424125133	-0.07142510398396411	0.189594922441328	-0.15329319936826954	0.12290184944606315	-0.08129292329666567	0.0631610014131562	-0.6510528048338992	0.3112004831469464	-0.1292729598626212	0.11963803929463973	-0.13091241650298008	0.9999999999999964	-0.4845801478190849	0.11401404466475062	-0.10949673502449928	0.11679754429619693	-0.2677355349276031	0.19966307856636648	-0.17019619931005228	0.11477242916675728	-0.10896161557704354	0.1766939171192783	-0.1832953365758804	0.1487078929311987	-0.10384562772100248	0.07329746605218122	-0.15172373320085958	0.1257920426891293	-0.17265458006442413	0.10603175058583442	-0.06908655774956077
0.15468054394955807	-0.14562260656952716	0.10550266472713855	-0.07058717077683854	0.06692295983920785	-0.15107349891613367	0.14592095038383956	-0.12334221276593799	0.07713841689473737	-0.060112294162356	0.307400617400312	-0.6731611785372695	0.12855198084529967	-0.12692927070430823	0.1225465451972213	-0.4845801478190849	0.9999999999999977	-0.12341656562747219	0.11077328529055543	-0.1183177808904711	0.17814758128908334	-0.3058512595063266	0.17847755309485086	-0.11962678748219928	0.10667258008137397	-0.1560364735078868	0.17935006103734683	-0.15376957272276542	0.10215313524698465	-0.07328891273450526	0.1288990502897199	-0.11874343605724412	0.1544487937268148	-0.10692698694618168	0.0674035310682132
-0.07334029468661697	0.0637992062446969	-0.0949808604209303	0.07078253238098857	-0.07805766816920558	0.05778986402895186	-0.06227227015011266	0.11381225731467805	-0.08752855425933376	0.07025538172308066	-0.08500717087179904	0.0897660722256904	-0.29974548383946154	0.24535192239703604	-0.16630680712351503	0.11401404466475062	-0.12341656562747219	0.9999999999999954	-0.769222191659649	0.17244656629748406	-0.13067007736203023	0.18767205463380798	-0.3697154967026459	0.22991860509574338	-0.1887711285981686	0.11226115106260381	-0.16452539418215517	0.17891215496332774	-0.16662553711143657	0.10647177274199253	-0.12360304429092088	0.10941042140524469	-0.18598659251826974	0.14928856427178666	-0.10039491097160036
0.069882415515138	-0.061753569965310756	0.09185818956109863	-0.0713334500062199	0.07770090676179463	-0.05533481214320775	0.059571750327515376	-0.11231311084552527	0.08792288868262882	-0.07117238182776187	0.0792203607853224	-0.08417935557409681	0.2435942533520365	-0.3459646619998359	0.16700090826337935	-0.10949673502449928	0.11077328529055543	-0.769222191659649	0.9999999999999981	-0.2043067872250652	0.11657927897425405	-0.17473318034252905	0.24509355592490142	-0.31372091841795285	0.19407339910683652	-0.10453614385211092	0.14502912429073367	-0.1717272748331936	0.1688947712007945	-0.11432337351960256	0.11168744851939055	-0.10170880492372655	0.1674106981003139	-0.16247480520967675	0.10312144842733859
-0.08450366738959061	0.07507187530813439	-0.12000154609327085	0.10962742656874115	-0.16698303875885923	0.06521853056729926	-0.07156033044977982	0.13373905264031571	-0.13451946595717618	0.15444673586304836	-0.08761246575315554	0.08654024830745771	-0.16288074224134455	0.16332429218882674	-0.5998990441600984	0.11679754429619693	-0.1183177808904711	0.17244656629748406	-0.2043067872250652	0.9999999999999934	-0.1335995995109457	0.1545430567460859	-0.21141763563823252	0.2552815933622844	-0.5473122608099155	0.11350432811206494	-0.1574166901392884	0.1681428469049787	-0.2051885050037673	0.17454208726942516	-0.1392436259392627	0.11723046660733641	-0.21504923584915675	0.1912498961338172	-0.16715474947242004
0.08856575451905804	-0.0694549122096638	0.07399565490367688	-0.053844053249240575	0.059408953411173054	-0.07416730461811859	0.06879426850556097	-0.08614357154686526	0.062390484512722284	-0.05333857678267306	0.1440579312624048	-0.1338725264218184	0.10789781646096419	-0.11020792905961066	0.12671827105153366	-0.2677355349276031	0.17814758128908334	-0.13067007736203023	0.11657927897425405	-0.1335995995109457	0.9999999999999942	-0.3369472449808928	0.20061674678913194	-0.13903771213005645	0.12054514855617207	-0.7696067346327445	0.26455447112321356	-0.21328311183127838	0.12225084152900885	-0.08704004361884622	0.22931345005842751	-0.2159005374543155	0.19988914950210218	-0.1320890949281282	0.07914533922128267
-0.09169136669943104	0.07584384030721383	-0.08289054616982597	0.06065709646131713	-0.06795405231729897	0.077170509896061	-0.07589925863184079	0.09581042115314502	-0.07100779057922137	0.06094303532947208	-0.14407006416783352	0.16570111163732673	-0.1364914820090849	0.1324060430516524	-0.1486615416897057	0.19966307856636648	-0.3058512595063266	0.18767205463380798	-0.17473318034252905	0.1545430567460859	-0.3369472449808928	0.9999999999999993	-0.5480451036253586	0.19630914174116987	-0.16555022478681244	0.24297776706048538	-0.5313922364897865	0.28135475844223845	-0.16685931072567406	0.10557572038647801	-0.2150933485954498	0.19839856372827336	-0.2538431861103538	0.1582525740271261	-0.09900004423787942
0.08558866644726126	-0.0733405577157377	0.09048215036569868	-0.06870610500467936	0.07855418911322208	-0.07070706906319801	0.07121082706602141	-0.10747788286045457	0.08145668007735936	-0.07125397566474649	0.11522009046352427	-0.13114661382225448	0.1654899290824401	-0.17162556261254025	0.17679045065342225	-0.17019619931005228	0.17847755309485086	-0.3697154967026459	0.24509355592490142	-0.21141763563823252	0.20061674678913194	-0.5480451036253586	0.999999999999998	-0.3707044693279392	0.21684663321718428	-0.18785850569830517	0.2819516551568382	-0.4133326152551898	0.21464778821478395	-0.13908820504754263	0.17490973314294944	-0.17312421505844075	0.2584791251439935	-0.21050523329472934	0.12480207351596766
-0.06920930925221024	0.05921598073769623	-0.08299547915540026	0.06654985810675652	-0.08395876796646032	0.05491901110843039	-0.05735817045352686	0.09600318874071098	-0.08047504529278214	0.07606532174738312	-0.08288167106322894	0.08555479139104824	-0.15074035176236864	0.15647408713580144	-0.21460514391942118	0.11477242916675728	-0.11962678748219928	0.22991860509574338	-0.31372091841795285	0.2552815933622844	-0.13903771213005645	0.19630914174116987	-0.3707044693279392	0.9999999999999981	-0.5685848402288873	0.12143899237104584	-0.1810852814951752	0.21310840067072506	-0.4698622946008908	0.19389201789161922	-0.1377814616500121	0.1235839085440845	-0.22348347704595817	0.2661925161872615	-0.18373363567293818
0.06822217256356547	-0.059474801718017896	0.08541528545199872	-0.07118502871056352	0.09172070864755016	-0.05399991094137265	0.05686220840445804	-0.10019624667291543	0.08508129150664347	-0.0861158498109746	0.07743813621807237	-0.07935083048939563	0.13709160226876793	-0.1496488853234184	0.24701635466257535	-0.10896161557704354	0.10667258008137397	-0.1887711285981686	0.19407339910683652	-0.5473122608099155	0.12054514855617207	-0.16555022478681244	0.21684663321718428	-0.5685848402288873	0.9999999999999926	-0.10838884837671861	0.1495961672617547	-0.18098209908548543	0.25080782641113336	-0.3083925507529608	0.12193878783664569	-0.11064269111398303	0.19240839153677777	-0.2642193726577495	0.20970181990267361
-0.07588833080440023	0.05804134444967648	-0.06344830502991924	0.04614380313624435	-0.05156653759170765	0.06187689471177158	-0.058007867238121805	0.07294835962867141	-0.05375810564736784	0.04612953764341042	-0.12011749771148753	0.1077417001766134	-0.09471591181502262	0.0941127513536561	-0.11121448792801172	0.1766939171192783	-0.1560364735078868	0.11226115106260381	-0.10453614385211092	0.11350432811206494	-0.7696067346327445	0.24297776706048538	-0.18785850569830517	0.12143899237104584	-0.10838884837671861	0.999999999999992	-0.36262550665074256	0.20331488714038182	-0.11379032596043782	0.07700023755220721	-0.3527866169299135	0.22931670912439672	-0.21506035137497298	0.11825362803881265	-0.07162207356713356
0.08229694399709898	-0.0688388656593725	0.07833633918647219	-0.05825323340725963	0.06585572582724501	-0.06878305406293234	0.06724499312145386	-0.09185159355431098	0.06818215882728913	-0.05927918170062949	0.11876519869596591	-0.13228005199244663	0.12294431466058137	-0.12594278291854474	0.14472240671878886	-0.1832953365758804	0.17935006103734683	-0.16452539418215517	0.14502912429073367	-0.1574166901392884	0.26455447112321356	-0.5313922364897865	0.2819516551568382	-0.1810852814951752	0.1495961672617547	-0.36262550665074256	0.999999999999994	-0.5061604422775172	0.16803922002833369	-0.10936946081705141	0.2574442906898806	-0.3518760860314047	0.28699074074784947	-0.17429369110276283	0.0997294023058141
-0.07713413306955859	0.06386764609434341	-0.07907671868267055	0.05974534508412772	-0.06987831350259949	0.06257691838476595	-0.06250326471933282	0.0917219630934775	-0.07087373153348704	0.06270055163926037	-0.10352739351412232	0.10748761077535993	-0.1331748652706217	0.13172281851958118	-0.15897621245068894	0.1487078929311987	-0.15376957272276542	0.17891215496332774	-0.1717272748331936	0.1681428469049787	-0.21328311183127838	0.28135475844223845	-0.4133326152551898	0.21310840067072506	-0.18098209908548543	0.20331488714038182	-0.5061604422775172	0.9999999999999918	-0.27019167743096917	0.13087153604277474	-0.2348410210110661	0.2342897389141431	-0.5779095859984746	0.22084302060394168	-0.1249154698975837
0.06028690942022168	-0.05134217206775189	0.0697965020912415	-0.05522284843129438	0.06794749037279176	-0.04810485878712816	0.049571281500252695	-0.08136100729757842	0.06613469023695183	-0.06165095531332045	0.07278302572792558	-0.07499798383851855	0.11813468312199413	-0.1252947708664325	0.16581844924187877	-0.10384562772100248	0.10215313524698465	-0.16662553711143657	0.1688947712007945	-0.2051885050037673	0.12225084152900885	-0.16685931072567406	0.21464778821478395	-0.4698622946008908	0.25080782641113336	-0.11379032596043782	0.16803922002833369	-0.27019167743096917	0.9999999999999921	-0.2680952735248975	0.12888401237564848	-0.12355674610509303	0.23435609702139892	-0.6906854963071716	0.22710700991110422
-0.04590903477634273	0.039028185167778374	-0.055428814662120095	0.04492741980199764	-0.0583165979765011	0.03606687466647949	-0.03768531392863801	0.06332821242678621	-0.054165524643348915	0.05263086431000329	-0.052999163877250045	0.05314599015904	-0.08845558380589416	0.08976741514645946	-0.15081273350117316	0.07329746605218122	-0.07328891273450526	0.10647177274199253	-0.11432337351960256	0.17454208726942516	-0.08704004361884622	0.10557572038647801	-0.13908820504754263	0.19389201789161922	-0.3083925507529608	0.07700023755220721	-0.10936946081705141	0.13087153604277474	-0.2680952735248975	0.9999999999999922	-0.09387097903118621	0.08339900566893108	-0.1640434176917938	0.26043735818371505	-0.8388197465707679
0.07052140333156934	-0.05814069723566498	0.06896757650438479	-0.0516479473984264	0.058975720020080384	-0.05788649793061812	0.05639466352179995	-0.08106359777291583	0.0605053999700472	-0.053014628555773345	0.0963023506879891	-0.09700642216075452	0.10331190497334274	-0.10761133976233651	0.12964168486347363	-0.15172373320085958	0.1288990502897199	-0.12360304429092088	0.11168744851939055	-0.1392436259392627	0.22931345005842751	-0.2150933485954498	0.17490973314294944	-0.1377814616500121	0.12193878783664569	-0.3527866169299135	0.2574442906898806	-0.2348410210110661	0.12888401237564848	-0.09387097903118621	0.9999999999999926	-0.7740565891494171	0.26028084634083926	-0.1495560421714686	0.0847532378570684
-0.06112328153562406	0.04967551096827672	-0.05889620894466144	0.043980627483572704	-0.05054460336707506	0.04980980418601534	-0.04862369271843417	0.06849457624166141	-0.05168212042279448	0.045315860128004176	-0.08485855240622403	0.08467796353701339	-0.09061125018607447	0.0918843651187324	-0.11205580144449456	0.1257920426891293	-0.11874343605724412	0.10941042140524469	-0.10170880492372655	0.11723046660733641	-0.2159005374543155	0.19839856372827336	-0.17312421505844075	0.1235839085440845	-0.11064269111398303	0.22931670912439672	-0.3518760860314047	0.2342897389141431	-0.12355674610509303	0.08339900566893108	-0.7740565891494171	0.9999999999999927	-0.3876846803064079	0.1366772338948557	-0.07789013102272718
0.0899552084035645	-0.07578511837514983	0.09568950559386126	-0.07305248372634156	0.08518396403318093	-0.0730093412225066	0.07291967821501254	-0.11298106312626313	0.08615720483891984	-0.07683417446111783	0.11345949194480463	-0.11653633855877552	0.1479997089278869	-0.15631682624984392	0.19189880870005754	-0.17265458006442413	0.1544487937268148	-0.18598659251826974	0.1674106981003139	-0.21504923584915675	0.19988914950210218	-0.2538431861103538	0.2584791251439935	-0.22348347704595817	0.19240839153677777	-0.21506035137497298	0.28699074074784947	-0.5779095859984746	0.23435609702139892	-0.1640434176917938	0.26028084634083926	-0.3876846803064079	0.9999999999999931	-0.3236108735655581	0.14902301374208066
-0.0639152578498835	0.053728763409441965	-0.07421730244268193	0.05892059541960769	-0.07483095746638854	0.050438352425123345	-0.0521462958732373	0.08467037498270935	-0.07098031114109304	0.06698835865776107	-0.07636718008598797	0.0766964399882253	-0.1219034409627813	0.12163838018496721	-0.18646566038079124	0.10603175058583442	-0.10692698694618168	0.14928856427178666	-0.16247480520967675	0.1912498961338172	-0.1320890949281282	0.1582525740271261	-0.21050523329472934	0.2661925161872615	-0.2642193726577495	0.11825362803881265	-0.17429369110276283	0.22084302060394168	-0.6906854963071716	0.26043735818371505	-0.1495560421714686	0.1366772338948557	-0.3236108735655581	0.9999999999999932	-0.392194417831943
0.0423257414227671	-0.03613975033525649	0.0505482519391854	-0.04066525049536729	0.05136434129848386	-0.033451684665963655	0.03477000621578555	-0.05861805293152336	0.04872471613046271	-0.04674717300792912	0.04906691751976361	-0.049562200382092844	0.08094599595021396	-0.08470886371826288	0.12896381698289966	-0.06908655774956077	0.0674035310682132	-0.10039491097160036	0.10312144842733859	-0.16715474947242004	0.07914533922128267	-0.09900004423787942	0.12480207351596766	-0.18373363567293818	0.20970181990267361	-0.07162207356713356	0.0997294023058141	-0.1249154698975837	0.22710700991110422	-0.8388197465707679	0.0847532378570684	-0.07789013102272718	0.14902301374208066	-0.392194417831943	0.9999999999999931
