0.9999999999999998	-0.7694508268820417	0.11996112733586585	-0.1086115090181979	0.08218237592155318	-0.29552871408609416	0.3060000658900028	-0.15349111014214606	0.10979684140149831	-0.08845251909799132	0.2187493181312807	-0.2983992789516645	0.13986443659085668	-0.11271804590993795	0.05702134148480752	-0.2613671612314754	0.17518006857672114	-0.12726859407431232	0.13075026285266547	-0.07358161268607145	0.12157810801740565	-0.12294496431102127	0.10401794847946647	-0.10087392836367298	0.08051508976251721	-0.09959029275604055	0.10988860028377807	-0.09769697531641984	0.08133976545670986	-0.07366575951223468	0.10584667824565931	-0.08558553849573841	0.0949344291460034	-0.0790031117038019	0.07934451115122072	-0.06239401034924544	0.06350131836573165	-0.060545794687994564	0.06942626860120431	-0.05642550236617207	0.04719028976230708	-0.06204817157209389	0.06262109545162543	-0.05439340753127912	0.07194921293484813
-0.7694508268820417	0.9999999999999999	-0.1104893286469508	0.08801686028321948	-0.0661158376053973	0.22736842590583287	-0.5112974262088223	0.13589107752841786	-0.0947448683634352	0.0681326036572515	-0.20637801756019716	0.21761672673610924	-0.12271119700991884	0.09095382751754703	-0.04397740581527113	0.17548165317578104	-0.13875352472893027	0.09756054436062724	-0.10499986753288909	0.055697651944370326	-0.08976083629621609	0.08945050359628477	-0.07714702969514119	0.07332092199482022	-0.059750914515489334	0.07148539822387272	-0.08167012608135965	0.07049860030776614	-0.05955193338006853	0.05343598869440463	-0.0775562220928482	0.06142546973086519	-0.06910117776818663	0.05702333319236196	-0.05776762759451483	0.04434329220508603	-0.04571782414877161	0.04362345219928042	-0.05033951819665096	0.04082648577219512	-0.03380295587518743	0.044153112818568194	-0.045305548516279964	0.03927840623876663	-0.05220384250418815
0.11996112733586585	-0.1104893286469508	1.0	-0.6398721949886012	0.2317845612514708	-0.10896217454360496	0.15000587931945608	-0.5459463280589063	0.27063559472950216	-0.24844250337866136	0.1115246766786774	-0.16191878292746367	0.2609918010421384	-0.2581987207176906	0.12376698734656603	-0.13776999491206088	0.11752939553647529	-0.13028538516763474	0.13575744956757854	-0.1626473266602192	0.07958337584925208	-0.08183550859506035	0.0780621293684169	-0.09569150148341764	0.08030738671244186	-0.06507469769379189	0.07567962692221866	-0.07246623999936284	0.0670595747800167	-0.06337815617536312	0.0745598659313468	-0.0598024899527749	0.0718580019762582	-0.06170884034036036	0.06375150892052345	-0.043682142890372436	0.04521388878671226	-0.04538550633871883	0.053895049932111305	-0.04449178075990821	0.033611891325990594	-0.043903892399008104	0.04718736293851451	-0.04183151830135761	0.05606880405341694
-0.1086115090181979	0.08801686028321948	-0.6398721949886012	0.9999999999999997	-0.44578395975761004	0.0884969507769271	-0.12359109161400175	0.27219290698213616	-0.4152732225966564	0.25406899111259834	-0.09973233521965681	0.13504310925885477	-0.26099651910032473	0.23715744591737842	-0.12888751318531483	0.11756519557985609	-0.10601396267563484	0.11853483521046043	-0.13498176382423213	0.15181497296518626	-0.07224538894224855	0.07354069123751221	-0.07227556779111305	0.0882377050144116	-0.07659440241455157	0.058668205267556985	-0.06930837876916031	0.06628534493025541	-0.06297071237386957	0.059036923589349394	-0.06885499165229853	0.05460814717504915	-0.06695165740662039	0.05725381348410337	-0.059869589106420436	0.039810415400979515	-0.041530362190653654	0.04202127132788146	-0.05038358995983621	0.04151478718971267	-0.03084131209730286	0.04010001504078163	-0.043893679797085264	0.03893890478554241	-0.052527240720079124
0.08218237592155318	-0.0661158376053973	0.2317845612514708	-0.44578395975761004	1.0000000000000002	-0.0681778697190886	0.08896553735508965	-0.1707248645942265	0.2106572770614308	-0.7375054001601016	0.07741207275741582	-0.10760291285187513	0.15977067140527604	-0.17133716558125386	0.23308835249117596	-0.10056281521866593	0.08628050144311741	-0.09687495126563626	0.10880210941369126	-0.3021223210417832	0.06361617265784275	-0.06505263824143165	0.06778166747395235	-0.09944688902496879	0.08893436483221825	-0.05265091280132643	0.06207439967849014	-0.06392139616182799	0.06420027000437173	-0.06402084830023876	0.06346940792690674	-0.05104649479804581	0.06476580448655536	-0.05736760752826021	0.0602599660914047	-0.03760858559229178	0.03913450201006725	-0.04087600557517486	0.04966439012998398	-0.04162250357638715	0.029195596720144195	-0.03808958795582429	0.04256946986623675	-0.03838876846097387	0.0517970451793919
-0.29552871408609416	0.22736842590583287	-0.10896217454360496	0.0884969507769271	-0.0681778697190886	1.0	-0.49883713747648045	0.13777237328263	-0.09847738400687035	0.0697824135788496	-0.721931256729589	0.24328899844610632	-0.12986447909118862	0.09490214496472792	-0.04613023740227809	0.23191603083354762	-0.16961652116144163	0.11106717413216431	-0.12160273311707451	0.058102573061458204	-0.11192304040017101	0.10608899314220134	-0.08927621535574291	0.0815624415222063	-0.06671732335648438	0.08518024457051956	-0.09737178099300386	0.08052750917919914	-0.06694563247793746	0.059649007043904564	-0.0897546033125858	0.07030692221512996	-0.07758002172779732	0.0637489634833788	-0.06419373704030994	0.05010958205240943	-0.05189985542886916	0.04883128608892948	-0.05595095425154016	0.04535971808599167	-0.03815165954634237	0.04977183927239571	-0.05058892346961584	0.0437018863549149	-0.05785318499181323
0.3060000658900028	-0.5112974262088223	0.15000587931945608	-0.12359109161400175	0.08896553735508965	-0.49883713747648045	1.0000000000000007	-0.2500904875239029	0.1331791634512729	-0.09301659911209928	0.28166684606883663	-0.43584657584816827	0.17962867365131413	-0.1320303073037496	0.05962672638325133	-0.26157645810606905	0.20469029631256588	-0.14090850763646448	0.1444143263793823	-0.07566584801077783	0.12377418312440534	-0.12709400075577196	0.10416768481890322	-0.09894412236715859	0.07963474582526839	-0.09863207694452183	0.11133225182787208	-0.09558169945515044	0.07879293307376026	-0.07106853361581737	0.10234124495670434	-0.08213401549878199	0.09042429347580759	-0.0752043505802567	0.07536113139937953	-0.05888433161238967	0.0604657758435952	-0.05728808230440175	0.06554804349410209	-0.053373481958412544	0.04459993839715232	-0.05852560337067327	0.059127073746567095	-0.05131534047338253	0.0677439054708098
-0.15349111014214606	0.13589107752841786	-0.5459463280589063	0.27219290698213616	-0.1707248645942265	0.13777237328263	-0.2500904875239029	1.0000000000000002	-0.3739488314886494	0.16421411750482076	-0.1433838667640294	0.1965484314638854	-0.5734138660810432	0.28012358563961653	-0.09632656788662676	0.15445335755787185	-0.14467226575045278	0.16203262641311897	-0.173462352083839	0.11753028380285485	-0.08963641082290622	0.09213743723561998	-0.0855303287828144	0.0959766094427169	-0.08007990044009901	0.07182558737538461	-0.08450555017508166	0.07744691640794757	-0.06979648508225322	0.06425674642926131	-0.08054859051596527	0.06404602969751859	-0.07559213893883752	0.06404485278489093	-0.06591482360474435	0.04624193715911395	-0.04808169501460142	0.04749230155162199	-0.05599380791965026	0.045978835526192446	-0.03555143405452308	0.046356802627469065	-0.04935583838023888	0.043456461079923486	-0.058138725542426814
0.10979684140149831	-0.0947448683634352	0.27063559472950216	-0.4152732225966564	0.2106572770614308	-0.09847738400687035	0.1331791634512729	-0.3739488314886494	1.0000000000000004	-0.2524211060281614	0.10534654795454917	-0.15847028692025447	0.29910691595393324	-0.6859834780435318	0.13332775492194093	-0.13382384524616303	0.11800292022380329	-0.14097736833201105	0.14889510575395534	-0.1602748159794946	0.07813187584962228	-0.08087288215245744	0.07716524396273598	-0.09523474088286446	0.07970956155333622	-0.06374704195110754	0.07442235791919909	-0.07130315620484384	0.0659248166207383	-0.062305479409389054	0.07268503511396963	-0.058322136389589184	0.07005430283112403	-0.06028372330675041	0.06224248520736331	-0.04247246184947729	0.044018318066793315	-0.044194309286210515	0.05247561011485676	-0.04337782336936844	0.032678111890378884	-0.042692162177945234	0.04590183107099165	-0.04072432631695804	0.05454688454620142
-0.08845251909799132	0.0681326036572515	-0.24844250337866136	0.25406899111259834	-0.7375054001601016	0.0697824135788496	-0.09301659911209928	0.16421411750482076	-0.2524211060281614	1.0000000000000004	-0.08182003181019366	0.10851600775968949	-0.17875859327146934	0.17139689512981746	-0.40782799551030546	0.10067068988374234	-0.08982409497139289	0.09991570939285428	-0.11876338777632836	0.26941355112164045	-0.06597892239931707	0.0668198825658728	-0.07034045214154264	0.09704952448753214	-0.09247118617733552	0.05415238388136819	-0.06453599854260855	0.06530188445467172	-0.06689498421636575	0.06492179077559294	-0.06623503680384193	0.05260953419612758	-0.0676458310987025	0.059118399844856506	-0.06308678859649719	0.038600707724522135	-0.04048455082938626	0.042368156993997805	-0.0519286072398312	0.04322069784284839	-0.030152578651785465	0.03913668958852329	-0.04440196290827531	0.03992576117182698	-0.05431919251381262
0.2187493181312807	-0.20637801756019716	0.1115246766786774	-0.09973233521965681	0.07741207275741582	-0.721931256729589	0.28166684606883663	-0.1433838667640294	0.10534654795454917	-0.08182003181019366	0.9999999999999977	-0.3385145512489709	0.1390297971238233	-0.10837827668299399	0.05442555619862492	-0.41420152322990084	0.21213297931462283	-0.1382313633715589	0.1432173523319886	-0.06948426012237072	0.14762844487307453	-0.14106175397094353	0.11311811866068981	-0.10324246308090118	0.0827666506525117	-0.11485642599681282	0.12452443874398567	-0.10438423257529193	0.08427888328559571	-0.0756048870689648	0.1139925952358565	-0.09121132456765833	0.09794085018435972	-0.08108930752063673	0.08062719964041974	-0.06508108670171413	0.06661974239993905	-0.06219870172358684	0.07050064378805296	-0.05730161295165373	0.04905551653143249	-0.06447234624544991	0.06402905203360798	-0.05533539261116146	0.0727177131356687
-0.2983992789516645	0.21761672673610924	-0.16191878292746367	0.13504310925885477	-0.10760291285187513	0.24328899844610632	-0.43584657584816827	0.1965484314638854	-0.15847028692025447	0.10851600775968949	-0.3385145512489709	1.0000000000000002	-0.2603662109693269	0.16046027278125058	-0.0751329522055408	0.30219443777956373	-0.5528207061866507	0.2270384062236929	-0.2528147489370348	0.09319620555804896	-0.19394359443466758	0.20410489360154907	-0.16527491106554879	0.13997976940351936	-0.11576613755268028	0.14459095109585413	-0.1818468077808027	0.14025894694634153	-0.11469761998234602	0.10090428219987661	-0.1515106127534449	0.11814500957823562	-0.13059302353838376	0.1066773412840593	-0.10742690055254416	0.08233766918635844	-0.0866902663097823	0.08116843948706007	-0.09299340386579236	0.07542383074406078	-0.06301456029530557	0.08186767019593273	-0.08402636712240377	0.07245626012109414	-0.0959174660323851
0.13986443659085668	-0.12271119700991884	0.2609918010421384	-0.26099651910032473	0.15977067140527604	-0.12986447909118862	0.17962867365131413	-0.5734138660810432	0.29910691595393324	-0.17875859327146934	0.1390297971238233	-0.2603662109693269	1.0000000000000004	-0.5459654068928943	0.11103147438819094	-0.1782761600312585	0.17521662193834683	-0.27042322579221806	0.21336878442859086	-0.13904322620223847	0.10204551916729536	-0.10862620630220574	0.09866912342536685	-0.11432495770423712	0.0924149076430114	-0.08226963123270041	0.09645672166884164	-0.08972348496119423	0.07947311890890699	-0.0738458996826302	0.0903005629453419	-0.07266115921377833	0.08500750177235672	-0.07270628991356815	0.07423865080093231	-0.05232456010799321	0.05422830642208511	-0.05356703001656809	0.06287689166794719	-0.05186902787816352	0.0400659341585304	-0.0524364137411809	0.05540588905510514	-0.04891496496354872	0.06513780230660796
-0.11271804590993795	0.09095382751754703	-0.2581987207176906	0.23715744591737842	-0.17133716558125386	0.09490214496472792	-0.1320303073037496	0.28012358563961653	-0.6859834780435318	0.17139689512981746	-0.10837827668299399	0.16046027278125058	-0.5459654068928943	0.9999999999999959	-0.12985604911522505	0.13198783712733353	-0.1293080151277809	0.16516144800000135	-0.1946678861256844	0.13481001479075255	-0.08042615034626853	0.08331591220817937	-0.07984017102255232	0.09528088550988055	-0.0804424997550533	0.06472506278209882	-0.07682134217678559	0.072191626480832	-0.06676044481644866	0.06205661902948953	-0.07372123008111431	0.05867613242544058	-0.07058716481736571	0.060344249499190795	-0.06254894250944816	0.04241088440466595	-0.044226516461938585	0.04426807021991621	-0.05263607416453475	0.043402335895470504	-0.03271450368037748	0.04262730014021192	-0.04603828076958037	0.040760621720696125	-0.054696004789041235
0.05702134148480752	-0.04397740581527113	0.12376698734656603	-0.12888751318531483	0.23308835249117596	-0.04613023740227809	0.05962672638325133	-0.09632656788662676	0.13332775492194093	-0.40782799551030546	0.05442555619862492	-0.0751329522055408	0.11103147438819094	-0.12985604911522505	0.9999999999999999	-0.07291531156160903	0.06457744161925695	-0.07815889413572627	0.09241506511227153	-0.8470805914436452	0.04928237473195306	-0.051010119322686766	0.05755033537756048	-0.1073783497472543	0.10742477688904542	-0.04103550714860503	0.049092867550146524	-0.05514281563667663	0.060292531245877155	-0.067191588264332	0.05015177048485709	-0.04089258618312251	0.054202056051325415	-0.0507888170800083	0.05379278368650332	-0.03004549719600872	0.03143871935146533	-0.03417250674667226	0.04229147514784798	-0.036579604678379465	0.023404389105803745	-0.030643932782132684	0.03530866410016652	-0.03264718976630723	0.043939560533205864
-0.2613671612314754	0.17548165317578104	-0.13776999491206088	0.11756519557985609	-0.10056281521866593	0.23191603083354762	-0.26157645810606905	0.15445335755787185	-0.13382384524616303	0.10067068988374234	-0.41420152322990084	0.30219443777956373	-0.1782761600312585	0.13198783712733353	-0.07291531156160903	1.0000000000000002	-0.4982115661800197	0.22052498699928952	-0.2600351454232527	0.09061976461953875	-0.38085443025577925	0.257966808098544	-0.20507612557258756	0.16014055309594227	-0.13385672151558123	0.216272574095801	-0.24735418027269176	0.1746792391882085	-0.13995197956164648	0.1210106618929813	-0.2124707778122448	0.1565963148447441	-0.1646286617502834	0.13168962215993626	-0.13138438311300626	0.107270005590747	-0.11344704382384377	0.10205393043309256	-0.1150120196400528	0.09261132452168327	-0.08184160171220671	0.1057434244889584	-0.10561224186787335	0.08982779679514448	-0.11819510780817792
0.17518006857672114	-0.13875352472893027	0.11752939553647529	-0.10601396267563484	0.08628050144311741	-0.16961652116144163	0.20469029631256588	-0.14467226575045278	0.11800292022380329	-0.08982409497139289	0.21213297931462283	-0.5528207061866507	0.17521662193834683	-0.1293080151277809	0.06457744161925695	-0.4982115661800197	0.9999999999999988	-0.38246347398800246	0.2573330169777326	-0.0815823496077775	0.22530017834409322	-0.356531401862663	0.18254129866238625	-0.14772149823958108	0.1145625000352502	-0.17302024058294	0.20521411856435284	-0.1600536080611993	0.11555168212904515	-0.10299969072757689	0.1534059754953198	-0.12676127355931144	0.12910593254650773	-0.10773538763401516	0.10427103082826983	-0.08563527961782592	0.08889382276434486	-0.08126169850022437	0.0902275084844617	-0.07392813142398673	0.06407526431859564	-0.08465522697064272	0.08238443708806133	-0.07110985872623102	0.09208244034823596
-0.12726859407431232	0.09756054436062724	-0.13028538516763474	0.11853483521046043	-0.09687495126563626	0.11106717413216431	-0.14090850763646448	0.16203262641311897	-0.14097736833201105	0.09991570939285428	-0.1382313633715589	0.2270384062236929	-0.27042322579221806	0.16516144800000135	-0.07815889413572627	0.22052498699928952	-0.38246347398800246	0.9999999999999988	-0.7872930888116402	0.09661767807987391	-0.13987830637361706	0.15867324442896028	-0.1508609007021753	0.1679648065976799	-0.13308027973008993	0.1089208720085477	-0.1341345818154315	0.12454675254608114	-0.1080763880373843	0.09794793489469134	-0.11433204712782924	0.09243063655695435	-0.10811077654469867	0.09332306457111901	-0.09492041185054528	0.0649083400699568	-0.06801396846428047	0.0672298937908957	-0.07877184674006799	0.06543442821027548	-0.04964278320485644	0.06507769706215574	-0.06898156885627987	0.06115541224342041	-0.08104318216168999
0.13075026285266547	-0.10499986753288909	0.13575744956757854	-0.13498176382423213	0.10880210941369126	-0.12160273311707451	0.1444143263793823	-0.173462352083839	0.14889510575395534	-0.11876338777632836	0.1432173523319886	-0.2528147489370348	0.21336878442859086	-0.1946678861256844	0.09241506511227153	-0.2600351454232527	0.2573330169777326	-0.7872930888116402	0.9999999999999997	-0.12244350752866447	0.14382290386953858	-0.1646593022402066	0.15196615265764196	-0.2507063318784363	0.15626375521630698	-0.11803753790585286	0.13686385729925923	-0.13867061419738447	0.12147148532432371	-0.11608089688929638	0.12336576415044379	-0.10239710938722892	0.1195583856080156	-0.1062739893228938	0.10709424141269919	-0.07305134410142287	0.07535555452894425	-0.07552459727090208	0.08839781805887714	-0.0743390841162637	0.05546991807916181	-0.0733182915961271	0.07700786231368797	-0.06898345743722384	0.09088303605605993
-0.07358161268607145	0.055697651944370326	-0.1626473266602192	0.15181497296518626	-0.3021223210417832	0.058102573061458204	-0.07566584801077783	0.11753028380285485	-0.1602748159794946	0.26941355112164045	-0.06948426012237072	0.09319620555804896	-0.13904322620223847	0.13481001479075255	-0.8470805914436452	0.09061976461953875	-0.0815823496077775	0.09661767807987391	-0.12244350752866447	0.9999999999999987	-0.06259333016814614	0.06426711134242015	-0.07322135849084671	0.1281162839720057	-0.15380093842889228	0.05189362532409367	-0.06247715837053824	0.06927540604260608	-0.0783317511026471	0.08431594576073574	-0.0641774668132284	0.05191394695786802	-0.06965868098593336	0.06458389457555114	-0.06980081683644052	0.03808379381053283	-0.04005260391172503	0.04364436479845567	-0.05451819567348128	0.04684993629766552	-0.029794443717141916	0.03887843308376285	-0.04534294615175968	0.04185347325950649	-0.05680974631955187
0.12157810801740565	-0.08976083629621609	0.07958337584925208	-0.07224538894224855	0.06361617265784275	-0.11192304040017101	0.12377418312440534	-0.08963641082290622	0.07813187584962228	-0.06597892239931707	0.14762844487307453	-0.19394359443466758	0.10204551916729536	-0.08042615034626853	0.04928237473195306	-0.38085443025577925	0.22530017834409322	-0.13987830637361706	0.14382290386953858	-0.06259333016814614	0.9999999999999988	-0.4944847806049423	0.21544104906281825	-0.14414647489948146	0.11166552196965354	-0.6153628212872104	0.318169945703989	-0.21046560339968393	0.1302239634803055	-0.11495426478788803	0.23611177598092706	-0.19708875114511193	0.15593139849155094	-0.12872294568700438	0.1163462864900914	-0.12614124230083407	0.12509317361914538	-0.10151929884386561	0.10388349387754767	-0.08475083136407682	0.08890987480486602	-0.12061681604515281	0.09982786564474327	-0.08392278809149611	0.10408151587193404
-0.12294496431102127	0.08945050359628477	-0.08183550859506035	0.07354069123751221	-0.06505263824143165	0.10608899314220134	-0.12709400075577196	0.09213743723561998	-0.08087288215245744	0.0668198825658728	-0.14106175397094353	0.20410489360154907	-0.10862620630220574	0.08331591220817937	-0.051010119322686766	0.257966808098544	-0.356531401862663	0.15867324442896028	-0.1646593022402066	0.06426711134242015	-0.4944847806049423	0.9999999999999984	-0.41039336902573864	0.15446821533608615	-0.1221905027981692	0.28940819753431113	-0.5367989628121032	0.24852410941279304	-0.14510766830008057	0.1218537782513885	-0.21572312510448988	0.18194515472122066	-0.1647993456492694	0.13234872424500935	-0.12076908628313057	0.11105849156027067	-0.12044160444459064	0.10081227827070087	-0.10569958384525042	0.08626308149953316	-0.08214227160027723	0.10880805362538193	-0.09991144101181706	0.08418329104693703	-0.10571987794665005
0.10401794847946647	-0.07714702969514119	0.0780621293684169	-0.07227556779111305	0.06778166747395235	-0.08927621535574291	0.10416768481890322	-0.0855303287828144	0.07716524396273598	-0.07034045214154264	0.11311811866068981	-0.16527491106554879	0.09866912342536685	-0.07984017102255232	0.05755033537756048	-0.20507612557258756	0.18254129866238625	-0.1508609007021753	0.15196615265764196	-0.07322135849084671	0.21544104906281825	-0.41039336902573864	0.9999999999999993	-0.2697464154363307	0.18064369097453048	-0.19092613513975365	0.2460171792650981	-0.7094592222012284	0.22742827719834932	-0.19773782881613755	0.17893638415336915	-0.16654702186291412	0.21227655168108772	-0.1922665880723903	0.16089741101881272	-0.1115565589571673	0.11632251531233478	-0.12748239815992438	0.13421365338807253	-0.11489053835488286	0.08355838225752793	-0.1132626978724487	0.12010674405316829	-0.10742963126714655	0.13212612304176263
-0.10087392836367298	0.07332092199482022	-0.09569150148341764	0.0882377050144116	-0.09944688902496879	0.0815624415222063	-0.09894412236715859	0.0959766094427169	-0.09523474088286446	0.09704952448753214	-0.10324246308090118	0.13997976940351936	-0.11432495770423712	0.09528088550988055	-0.1073783497472543	0.16014055309594227	-0.14772149823958108	0.1679648065976799	-0.2507063318784363	0.1281162839720057	-0.14414647489948146	0.15446821533608615	-0.2697464154363307	1.0000000000000002	-0.7342442514947459	0.12047440202744757	-0.15399080216432087	0.2114322746743636	-0.2966930468143341	0.2794925903837235	-0.15304568686201564	0.12837539258296474	-0.19696897989284567	0.19553133662541758	-0.22479988262868505	0.09280039021645996	-0.09975762960768127	0.11969194174441294	-0.1591498228310112	0.13982594301961446	-0.07346594088055936	0.09650455838973891	-0.12332968743719389	0.11919536313612904	-0.16485075996259427
0.08051508976251721	-0.059750914515489334	0.08030738671244186	-0.07659440241455157	0.08893436483221825	-0.06671732335648438	0.07963474582526839	-0.08007990044009901	0.07970956155333622	-0.09247118617733552	0.0827666506525117	-0.11576613755268028	0.0924149076430114	-0.0804424997550533	0.10742477688904542	-0.13385672151558123	0.1145625000352502	-0.13308027973008993	0.15626375521630698	-0.15380093842889228	0.11166552196965354	-0.1221905027981692	0.18064369097453048	-0.7342442514947459	1.0000000000000002	-0.09704531137881993	0.11997364082831422	-0.18798373995258222	0.25233349422018353	-0.48397520519627374	0.12202864481423575	-0.10705580537363164	0.16027102589546427	-0.18440808226390945	0.19469739043147044	-0.07855949909328212	0.08252425528320008	-0.1016951645202155	0.1313008652793259	-0.12854331361780633	0.06121035861463873	-0.08186765714734322	0.10127101886424639	-0.10186439883250685	0.13378220074829483
-0.09959029275604055	0.07148539822387272	-0.06507469769379189	0.058668205267556985	-0.05265091280132643	0.08518024457051956	-0.09863207694452183	0.07182558737538461	-0.06374704195110754	0.05415238388136819	-0.11485642599681282	0.14459095109585413	-0.08226963123270041	0.06472506278209882	-0.04103550714860503	0.216272574095801	-0.17302024058294	0.1089208720085477	-0.11803753790585286	0.05189362532409367	-0.6153628212872104	0.28940819753431113	-0.19092613513975365	0.12047440202744757	-0.09704531137881993	0.9999999999999983	-0.5620366626464784	0.1778085263771825	-0.11755073715551789	0.10020394593774568	-0.38914511263685386	0.2206047484307185	-0.15206234433961097	0.1178744100886486	-0.10631987748368213	0.13138830330411258	-0.137091231461415	0.09752437358922596	-0.09677739283113382	0.07755484476626154	-0.0931704484387019	0.12268608618209563	-0.09638064458628079	0.07830163954587491	-0.09634951680463992
0.10988860028377807	-0.08167012608135965	0.07567962692221866	-0.06930837876916031	0.06207439967849014	-0.09737178099300386	0.11133225182787208	-0.08450555017508166	0.07442235791919909	-0.06453599854260855	0.12452443874398567	-0.1818468077808027	0.09645672166884164	-0.07682134217678559	0.049092867550146524	-0.24735418027269176	0.20521411856435284	-0.1341345818154315	0.13686385729925923	-0.06247715837053824	0.318169945703989	-0.5367989628121032	0.2460171792650981	-0.15399080216432087	0.11997364082831422	-0.5620366626464784	0.9999999999999989	-0.28396965422985954	0.1490829699076483	-0.12862561165754127	0.26667987172579644	-0.309634560084676	0.1833234311750681	-0.1476456013985254	0.12842532139405444	-0.15004093451994732	0.16020092221265955	-0.11825996744491317	0.11572744754356666	-0.09408082551149559	0.10553877113571286	-0.14543064321133134	0.11412654123560598	-0.09419904863087473	0.1145273114578144
-0.09769697531641984	0.07049860030776614	-0.07246623999936284	0.06628534493025541	-0.06392139616182799	0.08052750917919914	-0.09558169945515044	0.07744691640794757	-0.07130315620484384	0.06530188445467172	-0.10438423257529193	0.14025894694634153	-0.08972348496119423	0.072191626480832	-0.05514281563667663	0.1746792391882085	-0.1600536080611993	0.12454675254608114	-0.13867061419738447	0.06927540604260608	-0.21046560339968393	0.24852410941279304	-0.7094592222012284	0.2114322746743636	-0.18798373995258222	0.1778085263771825	-0.28396965422985954	0.9999999999999967	-0.3680652917889816	0.21044131485158493	-0.1892138330260627	0.16994528699964467	-0.3035649873496747	0.2193288574760266	-0.18377961460968487	0.11185029421994706	-0.12281760109919443	0.14324272490666645	-0.15220470541242073	0.12592506405392373	-0.08636630925884747	0.1150789126259841	-0.13766447007761226	0.11857773429479203	-0.14710215450695063
0.08133976545670986	-0.05955193338006853	0.0670595747800167	-0.06297071237386957	0.06420027000437173	-0.06694563247793746	0.07879293307376026	-0.06979648508225322	0.0659248166207383	-0.06689498421636575	0.08427888328559571	-0.11469761998234602	0.07947311890890699	-0.06676044481644866	0.060292531245877155	-0.13995197956164648	0.11555168212904515	-0.1080763880373843	0.12147148532432371	-0.0783317511026471	0.1302239634803055	-0.14510766830008057	0.22742827719834932	-0.2966930468143341	0.25233349422018353	-0.11755073715551789	0.1490829699076483	-0.3680652917889816	0.999999999999997	-0.6268509200636834	0.15015605655486375	-0.14148592499320373	0.241835374457968	-0.44591687411694064	0.2614625523925575	-0.10143523060456516	0.10741303556712892	-0.14599236261781134	0.1858025235239936	-0.1760174334572432	0.07881641137315132	-0.10726810596794581	0.13818884081683752	-0.14310143724323812	0.17349195353958088
-0.07366575951223468	0.05343598869440463	-0.06337815617536312	0.059036923589349394	-0.06402084830023876	0.059649007043904564	-0.07106853361581737	0.06425674642926131	-0.062305479409389054	0.06492179077559294	-0.0756048870689648	0.10090428219987661	-0.0738458996826302	0.06205661902948953	-0.067191588264332	0.1210106618929813	-0.10299969072757689	0.09794793489469134	-0.11608089688929638	0.08431594576073574	-0.11495426478788803	0.1218537782513885	-0.19773782881613755	0.2794925903837235	-0.48397520519627374	0.10020394593774568	-0.12862561165754127	0.21044131485158493	-0.6268509200636834	0.9999999999999987	-0.13339461675250153	0.11932435507024478	-0.207210462692766	0.2594790190654816	-0.38288736221600284	0.08700523889655958	-0.09360100080495524	0.1262527268323133	-0.18159213525808837	0.184166480155933	-0.06892846729134319	0.09236639757409319	-0.1265387186407566	0.13419809104364036	-0.1855038321064074
0.10584667824565931	-0.0775562220928482	0.0745598659313468	-0.06885499165229853	0.06346940792690674	-0.0897546033125858	0.10234124495670434	-0.08054859051596527	0.07268503511396963	-0.06623503680384193	0.1139925952358565	-0.1515106127534449	0.0903005629453419	-0.07372123008111431	0.05015177048485709	-0.2124707778122448	0.1534059754953198	-0.11433204712782924	0.12336576415044379	-0.0641774668132284	0.23611177598092706	-0.21572312510448988	0.17893638415336915	-0.15304568686201564	0.12202864481423575	-0.38914511263685386	0.26667987172579644	-0.1892138330260627	0.15015605655486375	-0.13339461675250153	0.9999999999999948	-0.5920968825269358	0.2327370314673613	-0.18016395121651146	0.15310615599725474	-0.33246125980896835	0.27672520472044326	-0.16868991852413226	0.14832211817350088	-0.116944536791352	0.19795218020604088	-0.27668301300532755	0.16075518911001813	-0.1252798911937553	0.14550599094694897
-0.08558553849573841	0.06142546973086519	-0.0598024899527749	0.05460814717504915	-0.05104649479804581	0.07030692221512996	-0.08213401549878199	0.06404602969751859	-0.058322136389589184	0.05260953419612758	-0.09121132456765833	0.11814500957823562	-0.07266115921377833	0.05867613242544058	-0.04089258618312251	0.1565963148447441	-0.12676127355931144	0.09243063655695435	-0.10239710938722892	0.05191394695786802	-0.19708875114511193	0.18194515472122066	-0.16654702186291412	0.12837539258296474	-0.10705580537363164	0.2206047484307185	-0.309634560084676	0.16994528699964467	-0.14148592499320373	0.11932435507024478	-0.5920968825269358	0.9999999999999942	-0.31590523901925216	0.1743277972990083	-0.146178113478392	0.2494837641076373	-0.5211870646407039	0.17601602306511901	-0.14581225850923907	0.11011445093581972	-0.19425699601983343	0.245684794006917	-0.16995177194097746	0.12047123274407076	-0.13964024629077101
0.0949344291460034	-0.06910117776818663	0.0718580019762582	-0.06695165740662039	0.06476580448655536	-0.07758002172779732	0.09042429347580759	-0.07559213893883752	0.07005430283112403	-0.0676458310987025	0.09794085018435972	-0.13059302353838376	0.08500750177235672	-0.07058716481736571	0.054202056051325415	-0.1646286617502834	0.12910593254650773	-0.10811077654469867	0.1195583856080156	-0.06965868098593336	0.15593139849155094	-0.1647993456492694	0.21227655168108772	-0.19696897989284567	0.16027102589546427	-0.15206234433961097	0.1833234311750681	-0.3035649873496747	0.241835374457968	-0.207210462692766	0.2327370314673613	-0.31590523901925216	0.9999999999999937	-0.5220591415827393	0.2419025895607362	-0.176856797378957	0.19812492902399098	-0.43014566741545146	0.24155031361163026	-0.19128896687096833	0.13517664983953656	-0.1936259797038892	0.2596803324325808	-0.21030443310312694	0.2115135606911526
-0.0790031117038019	0.05702333319236196	-0.06170884034036036	0.05725381348410337	-0.05736760752826021	0.0637489634833788	-0.0752043505802567	0.06404485278489093	-0.06028372330675041	0.059118399844856506	-0.08108930752063673	0.1066773412840593	-0.07270628991356815	0.060344249499190795	-0.0507888170800083	0.13168962215993626	-0.10773538763401516	0.09332306457111901	-0.1062739893228938	0.06458389457555114	-0.12872294568700438	0.13234872424500935	-0.1922665880723903	0.19553133662541758	-0.18440808226390945	0.1178744100886486	-0.1476456013985254	0.2193288574760266	-0.44591687411694064	0.2594790190654816	-0.18016395121651146	0.1743277972990083	-0.5220591415827393	0.999999999999994	-0.4435305126249697	0.12206618039479786	-0.13835658130891287	0.21932578915183396	-0.36094449340942164	0.24381417066451666	-0.09896830876964866	0.133448465528328	-0.2145815764903495	0.21745843360372916	-0.26139538586002586
0.07934451115122072	-0.05776762759451483	0.06375150892052345	-0.059869589106420436	0.0602599660914047	-0.06419373704030994	0.07536113139937953	-0.06591482360474435	0.06224248520736331	-0.06308678859649719	0.08062719964041974	-0.10742690055254416	0.07423865080093231	-0.06254894250944816	0.05379278368650332	-0.13138438311300626	0.10427103082826983	-0.09492041185054528	0.10709424141269919	-0.06980081683644052	0.1163462864900914	-0.12076908628313057	0.16089741101881272	-0.22479988262868505	0.19469739043147044	-0.10631987748368213	0.12842532139405444	-0.18377961460968487	0.2614625523925575	-0.38288736221600284	0.15310615599725474	-0.146178113478392	0.2419025895607362	-0.4435305126249697	0.9999999999999929	-0.1123467875570499	0.11681542069267081	-0.17816111284792305	0.2653441415688588	-0.5765209592218545	0.08791526490135709	-0.12185745250844998	0.16865319443694685	-0.22108135679327687	0.2799638460109202
-0.06239401034924544	0.04434329220508603	-0.043682142890372436	0.039810415400979515	-0.03760858559229178	0.05010958205240943	-0.05888433161238967	0.04624193715911395	-0.04247246184947729	0.038600707724522135	-0.06508108670171413	0.08233766918635844	-0.05232456010799321	0.04241088440466595	-0.03004549719600872	0.107270005590747	-0.08563527961782592	0.0649083400699568	-0.07305134410142287	0.03808379381053283	-0.12614124230083407	0.11105849156027067	-0.1115565589571673	0.09280039021645996	-0.07855949909328212	0.13138830330411258	-0.15004093451994732	0.11185029421994706	-0.10143523060456516	0.08700523889655958	-0.33246125980896835	0.2494837641076373	-0.176856797378957	0.12206618039479786	-0.1123467875570499	0.9999999999999939	-0.4963877619201431	0.14621488935017302	-0.11928243276881445	0.08729252726852862	-0.6746986706960525	0.3278479571767919	-0.1560476496650533	0.10112507809942578	-0.11547440796895392
0.06350131836573165	-0.04571782414877161	0.04521388878671226	-0.041530362190653654	0.03913450201006725	-0.05189985542886916	0.0604657758435952	-0.04808169501460142	0.044018318066793315	-0.04048455082938626	0.06661974239993905	-0.0866902663097823	0.05422830642208511	-0.044226516461938585	0.03143871935146533	-0.11344704382384377	0.08889382276434486	-0.06801396846428047	0.07535555452894425	-0.04005260391172503	0.12509317361914538	-0.12044160444459064	0.11632251531233478	-0.09975762960768127	0.08252425528320008	-0.137091231461415	0.16020092221265955	-0.12281760109919443	0.10741303556712892	-0.09360100080495524	0.27672520472044326	-0.5211870646407039	0.19812492902399098	-0.13835658130891287	0.11681542069267081	-0.4963877619201431	0.9999999999999923	-0.20867984975436704	0.12773879886345754	-0.0937389462628163	0.289117208056757	-0.5380136763946255	0.17919455899890901	-0.11375955464786973	0.11976675110298934
-0.060545794687994564	0.04362345219928042	-0.04538550633871883	0.04202127132788146	-0.04087600557517486	0.04883128608892948	-0.05728808230440175	0.04749230155162199	-0.044194309286210515	0.042368156993997805	-0.06219870172358684	0.08116843948706007	-0.05356703001656809	0.04426807021991621	-0.03417250674667226	0.10205393043309256	-0.08126169850022437	0.0672298937908957	-0.07552459727090208	0.04364436479845567	-0.10151929884386561	0.10081227827070087	-0.12748239815992438	0.11969194174441294	-0.1016951645202155	0.09752437358922596	-0.11825996744491317	0.14324272490666645	-0.14599236261781134	0.1262527268323133	-0.16868991852413226	0.17601602306511901	-0.43014566741545146	0.21932578915183396	-0.17816111284792305	0.14621488935017302	-0.20867984975436704	0.9999999999999923	-0.2951859832735881	0.1646569479970269	-0.13291944688846163	0.18502719493755754	-0.7364941926610584	0.24975418223306683	-0.22123397694273134
0.06942626860120431	-0.05033951819665096	0.053895049932111305	-0.05038358995983621	0.04966439012998398	-0.05595095425154016	0.06554804349410209	-0.05599380791965026	0.05247561011485676	-0.0519286072398312	0.07050064378805296	-0.09299340386579236	0.06287689166794719	-0.05263607416453475	0.04229147514784798	-0.1150120196400528	0.0902275084844617	-0.07877184674006799	0.08839781805887714	-0.05451819567348128	0.10388349387754767	-0.10569958384525042	0.13421365338807253	-0.1591498228310112	0.1313008652793259	-0.09677739283113382	0.11572744754356666	-0.15220470541242073	0.1858025235239936	-0.18159213525808837	0.14832211817350088	-0.14581225850923907	0.24155031361163026	-0.36094449340942164	0.2653441415688588	-0.11928243276881445	0.12773879886345754	-0.2951859832735881	0.9999999999999919	-0.42778955761527354	0.09645547611528738	-0.13835876769051883	0.2557382416046856	-0.6213692893277641	0.32101336875562236
-0.05642550236617207	0.04082648577219512	-0.04449178075990821	0.04151478718971267	-0.04162250357638715	0.04535971808599167	-0.053373481958412544	0.045978835526192446	-0.04337782336936844	0.04322069784284839	-0.05730161295165373	0.07542383074406078	-0.05186902787816352	0.043402335895470504	-0.036579604678379465	0.09261132452168327	-0.07392813142398673	0.06543442821027548	-0.0743390841162637	0.04684993629766552	-0.08475083136407682	0.08626308149953316	-0.11489053835488286	0.13982594301961446	-0.12854331361780633	0.07755484476626154	-0.09408082551149559	0.12592506405392373	-0.1760174334572432	0.184166480155933	-0.116944536791352	0.11011445093581972	-0.19128896687096833	0.24381417066451666	-0.5765209592218545	0.08729252726852862	-0.0937389462628163	0.1646569479970269	-0.42778955761527354	0.999999999999991	-0.07092385364290647	0.09813432436031891	-0.1714364800375128	0.27017693031580636	-0.5825566076642821
0.04719028976230708	-0.03380295587518743	0.033611891325990594	-0.03084131209730286	0.029195596720144195	-0.03815165954634237	0.04459993839715232	-0.03555143405452308	0.032678111890378884	-0.030152578651785465	0.04905551653143249	-0.06301456029530557	0.0400659341585304	-0.03271450368037748	0.023404389105803745	-0.08184160171220671	0.06407526431859564	-0.04964278320485644	0.05546991807916181	-0.029794443717141916	0.08890987480486602	-0.08214227160027723	0.08355838225752793	-0.07346594088055936	0.06121035861463873	-0.0931704484387019	0.10553877113571286	-0.08636630925884747	0.07881641137315132	-0.06892846729134319	0.19795218020604088	-0.19425699601983343	0.13517664983953656	-0.09896830876964866	0.08791526490135709	-0.6746986706960525	0.289117208056757	-0.13291944688846163	0.09645547611528738	-0.07092385364290647	0.9999999999999915	-0.6312239487517102	0.139553073328337	-0.0880401569928263	0.09213585573292349
-0.06204817157209389	0.044153112818568194	-0.043903892399008104	0.04010001504078163	-0.03808958795582429	0.04977183927239571	-0.05852560337067327	0.046356802627469065	-0.042692162177945234	0.03913668958852329	-0.06447234624544991	0.08186767019593273	-0.0524364137411809	0.04262730014021192	-0.030643932782132684	0.1057434244889584	-0.08465522697064272	0.06507769706215574	-0.0733182915961271	0.03887843308376285	-0.12061681604515281	0.10880805362538193	-0.1132626978724487	0.09650455838973891	-0.08186765714734322	0.12268608618209563	-0.14543064321133134	0.1150789126259841	-0.10726810596794581	0.09236639757409319	-0.27668301300532755	0.245684794006917	-0.1936259797038892	0.133448465528328	-0.12185745250844998	0.3278479571767919	-0.5380136763946255	0.18502719493755754	-0.13835876769051883	0.09813432436031891	-0.6312239487517102	0.9999999999999918	-0.24059481282498188	0.12426919812542536	-0.13165368413753797
0.06262109545162543	-0.045305548516279964	0.04718736293851451	-0.043893679797085264	0.04256946986623675	-0.05058892346961584	0.059127073746567095	-0.04935583838023888	0.04590183107099165	-0.04440196290827531	0.06402905203360798	-0.08402636712240377	0.05540588905510514	-0.04603828076958037	0.03530866410016652	-0.10561224186787335	0.08238443708806133	-0.06898156885627987	0.07700786231368797	-0.04534294615175968	0.09982786564474327	-0.09991144101181706	0.12010674405316829	-0.12332968743719389	0.10127101886424639	-0.09638064458628079	0.11412654123560598	-0.13766447007761226	0.13818884081683752	-0.1265387186407566	0.16075518911001813	-0.16995177194097746	0.2596803324325808	-0.2145815764903495	0.16865319443694685	-0.1560476496650533	0.17919455899890901	-0.7364941926610584	0.2557382416046856	-0.1714364800375128	0.139553073328337	-0.24059481282498188	0.999999999999992	-0.4050984786504368	0.21946617965679655
