1.0000000000000002	-0.014660462128179228	0.008239641701309692	-0.006927036172664122	0.006657341099691084	-0.9994004929822128	0.012803641449407646	-0.007137456199265527	0.007874039325720427	-0.005080207814445734	0.021144106823604847	-0.011081607325049139	0.008384598149805893	-0.005024641240653454	0.005642954057953771	-0.01195410840713139	0.00832638138796572	-0.007632861831962591	0.006405374420754094	-0.006511294501119803	0.007356787570979655	-0.008769638767472174	0.006719385913064109	-0.00660813084235687	0.004756441579594389	-0.007804367276246259	0.006901364375961119	-0.0075691018699799075	0.007098895217574534	-0.005123714042746904	0.006489435054310735	-0.0056399537568443655	0.007727639236083176	-0.005335126584863599	0.004867470724431439
-0.014660462128179228	1.0000000000000007	-0.5550210954804762	0.29448286522323097	-0.30867980717041943	0.01441519247871203	-0.43897556871243226	0.2790945569993288	-0.3443350045668449	0.20934799289281217	-0.22529175216922354	0.22998745600374343	-0.3324544339490008	0.17956803702333238	-0.21211097472619228	0.13991442292375497	-0.17344382933844163	0.15477671736500845	-0.1399829811244862	0.13165828987949932	-0.10751878064026024	0.1581930535586236	-0.12866027876715097	0.13266334716641728	-0.09735455106735967	0.11144525281580443	-0.11637090689242821	0.12925039921527773	-0.1358108400686464	0.09835766390324788	-0.11881524614454889	0.09819268525169547	-0.1471104178392541	0.09947247288893649	-0.09597461079000201
0.008239641701309692	-0.5550210954804762	1.0000000000000004	-0.5910118641093822	0.23851760835665176	-0.008211830776156307	0.22001832274427927	-0.4168285009675265	0.2476609707848345	-0.18389781153102971	0.13819628404485726	-0.16031376785253873	0.26184038478491467	-0.1390863971141239	0.14632240353399414	-0.0953007842980822	0.11476533022313234	-0.11067108764661948	0.0969579932505879	-0.0949829642259615	0.07164813679801164	-0.11222907828484152	0.08892328325817843	-0.09471366872061135	0.06826756894883958	-0.07653257019782536	0.0782519321316877	-0.08940850556870437	0.0904653956634012	-0.06867861361661587	0.07815772069394267	-0.0663254524636008	0.09689005730641134	-0.06762275705828455	0.06517274462641931
-0.006927036172664122	0.29448286522323097	-0.5910118641093822	1.0000000000000007	-0.515198327031503	0.006886827272673705	-0.1976911969581006	0.23621179287036628	-0.4129423525179674	0.2672661669146579	-0.13372152062257459	0.14006568420414084	-0.24381147789676905	0.16727521279855176	-0.19044813139178227	0.08939295831368155	-0.1080126709724465	0.10375865331157465	-0.09708649072760211	0.09319308062127324	-0.06825093137493624	0.10468395660336444	-0.08500436648044499	0.09193662386429921	-0.06743117974999342	0.07233798782403257	-0.07497295199349985	0.0851463463493684	-0.08819726691303319	0.06675091429984328	-0.07578648333907703	0.0637104945413621	-0.09441863175864654	0.0655225087567644	-0.06394722426722756
0.006657341099691084	-0.30867980717041943	0.23851760835665176	-0.515198327031503	1.000000000000001	-0.0066424406611697235	0.1628359626148544	-0.1836739875596215	0.3125743713762755	-0.6664277723290055	0.12258010389559429	-0.12842851712001743	0.17370151973467707	-0.17555486096841694	0.18458494404556522	-0.08736244601825699	0.10010255482295888	-0.10092620859652006	0.0941919695284533	-0.09558272218048713	0.06612259962543104	-0.10379838754422849	0.08291812820759757	-0.09239953538641384	0.06737553804696696	-0.07159737755255173	0.07328847809556852	-0.08461815999616082	0.08625641075291438	-0.06730979773506655	0.07428220139202439	-0.06320978625405907	0.09227233476706317	-0.065097197677367	0.06327515006336609
-0.9994004929822128	0.01441519247871203	-0.008211830776156307	0.006886827272673705	-0.0066424406611697235	1.0000000000000004	-0.012843950978020893	0.007111183679232247	-0.00785728164558123	0.005062452972498517	-0.021609891909399645	0.011044167175899707	-0.008370445993872868	0.00500512537793964	-0.005625732023415171	0.011849896538702874	-0.008291828582889842	0.007578191908885761	-0.006363423313954637	0.006454474196541956	-0.007314613902880594	0.00869454560673084	-0.006669392115588629	0.006554440796582709	-0.004718301023105792	0.007727599457536152	-0.006848990702099487	0.007499584709902404	-0.00704644052763423	0.005078667423799665	-0.006440236549322194	0.0055904766430030116	-0.0076707112927600915	0.00529028710579591	-0.004828912463282335
0.012803641449407646	-0.43897556871243226	0.22001832274427927	-0.1976911969581006	0.1628359626148544	-0.012843950978020893	1.0000000000000009	-0.3036624878220456	0.19860717262361424	-0.1354801798061068	0.2657762164945573	-0.5922197504628145	0.2633914008251421	-0.13956297689378958	0.1468831509134197	-0.20126846233557952	0.2595959478044664	-0.24013028308565457	0.176916242455923	-0.174691251334238	0.14246524909116484	-0.24624680405436541	0.17916463143086636	-0.18302158124279605	0.12491034850202466	-0.1540191719945722	0.1513349537582579	-0.17567510428223296	0.16456831902926564	-0.12605754338462877	0.1406198606234053	-0.12365028512424889	0.1735948640764275	-0.12417120169716506	0.11715688287233382
-0.007137456199265527	0.2790945569993288	-0.4168285009675265	0.23621179287036628	-0.1836739875596215	0.007111183679232247	-0.3036624878220456	1.0000000000000004	-0.2843840672033971	0.16207973596265451	-0.15021840291968733	0.2025496375341994	-0.7380672246882496	0.17230771676124618	-0.1745252437473027	0.10206096503085299	-0.1369241932384452	0.12836548440436207	-0.11001513240746276	0.10109850042899805	-0.0762012525481969	0.12261731399111989	-0.0983122740642578	0.10321040021259693	-0.07327957215407643	0.08062158340653157	-0.0826024311252177	0.09449602318189154	-0.09420562780030008	0.07171924781621329	-0.0795919857384887	0.06818571034388779	-0.09946272191236714	0.07005798183748434	-0.06800965436744003
0.007874039325720427	-0.3443350045668449	0.2476609707848345	-0.4129423525179674	0.3125743713762755	-0.00785728164558123	0.19860717262361424	-0.2843840672033971	1.0000000000000004	-0.5813577614408856	0.15043435645417366	-0.1621250657674196	0.2327496145025326	-0.3468687984175999	0.2611371414863239	-0.10867630971420887	0.12654248812098987	-0.1309880355546636	0.12624285731328327	-0.12429985990451103	0.0822350630652198	-0.13148954772833388	0.10568319810011487	-0.12125767803700185	0.08723637757795126	-0.08922913518589536	0.0914762895868218	-0.10630703382831057	0.10792540986002586	-0.08547515916713781	0.09170122826055731	-0.07845030293853224	0.11452297899397348	-0.08156704929735548	0.07994358496650747
-0.005080207814445734	0.20934799289281217	-0.18389781153102971	0.2672661669146579	-0.6664277723290055	0.005062452972498517	-0.1354801798061068	0.16207973596265451	-0.5813577614408856	1.0000000000000029	-0.10072011170562804	0.1057545199840771	-0.1661616187252995	0.21274902887447553	-0.28259665848594445	0.07077768135015192	-0.08458181796820825	0.0861314983390456	-0.0864634543973882	0.08346810113938676	-0.05403784871606874	0.08556583894364932	-0.07005957108898207	0.08032735597777022	-0.05928322285766059	0.05808427354379964	-0.060183049693112244	0.06951500401108904	-0.07178867085164056	0.05653470852554949	-0.06026096302303485	0.051273007333341974	-0.07581293613518995	0.05380023082017907	-0.053536246006865296
0.021144106823604847	-0.22529175216922354	0.13819628404485726	-0.13372152062257459	0.12258010389559429	-0.021609891909399645	0.2657762164945573	-0.15021840291968733	0.15043435645417366	-0.10072011170562804	1.0000000000000018	-0.39532919210088313	0.17829631293386675	-0.1112342133919353	0.12038847803627185	-0.54129039628455	0.24857106727988446	-0.22710413581888178	0.18013485966548146	-0.1855755862360784	0.25753196095726527	-0.2714646053449691	0.20003752891323956	-0.1913765962190957	0.13510972710652538	-0.27484228146538336	0.21681863778651964	-0.2356524371912095	0.20297115584027975	-0.14686221159512702	0.18723047525268072	-0.16948220857517776	0.21870998083791388	-0.15422253696122037	0.13746623709735917
-0.011081607325049139	0.22998745600374343	-0.16031376785253873	0.14006568420414084	-0.12842851712001743	0.011044167175899707	-0.5922197504628145	0.2025496375341994	-0.1621250657674196	0.1057545199840771	-0.39532919210088313	1.000000000000004	-0.2907202802046357	0.12084932436459488	-0.12967073909785326	0.2018245987662439	-0.4948186925782485	0.24064169575367567	-0.18283483491721883	0.1503026118019605	-0.14475270571329296	0.23052891407460926	-0.1811658537575532	0.16570381923351646	-0.11335347532183493	0.14288414086870357	-0.14512753766736955	0.15956088517053432	-0.15271874004802255	0.11026064656501992	-0.12767527237135465	0.11027567977228687	-0.1590087110709729	0.11093065281080143	-0.1056827838675101
0.008384598149805893	-0.3324544339490008	0.26184038478491467	-0.24381147789676905	0.17370151973467707	-0.008370445993872868	0.2633914008251421	-0.7380672246882496	0.2327496145025326	-0.1661616187252995	0.17829631293386675	-0.2907202802046357	1.000000000000002	-0.24097394997412977	0.19197343120702154	-0.128527345108965	0.16991640376283312	-0.17357180426029167	0.1371103771029108	-0.12880011051992452	0.09460927208517766	-0.1583572486837321	0.1242490206455993	-0.1321796365378269	0.0919369771806506	-0.10147710356179863	0.10283398486021943	-0.11941140097343238	0.11627579246253487	-0.09017342147949149	0.09794424609610032	-0.08489321884838175	0.12229121749084762	-0.08726104725187642	0.08432885160924189
-0.005024641240653454	0.17956803702333238	-0.1390863971141239	0.16727521279855176	-0.17555486096841694	0.00500512537793964	-0.13956297689378958	0.17230771676124618	-0.3468687984175999	0.21274902887447553	-0.1112342133919353	0.12084932436459488	-0.24097394997412977	1.0000000000000033	-0.8403579489281254	0.08048238305680883	-0.10651799054056563	0.12094332598790314	-0.16806307086714867	0.12283594108671286	-0.06253177771584663	0.10578375947712183	-0.09273963416224898	0.1216202629071918	-0.08801216529015987	0.06710377290180265	-0.07138018807075065	0.0842521195025173	-0.08812771354630099	0.07343253410864853	-0.0682643830476402	0.05894184493182417	-0.08910459023080344	0.06559587392269689	-0.06941212498151605
0.005642954057953771	-0.21211097472619228	0.14632240353399414	-0.19044813139178227	0.18458494404556522	-0.005625732023415171	0.1468831509134197	-0.1745252437473027	0.2611371414863239	-0.28259665848594445	0.12038847803627185	-0.12967073909785326	0.19197343120702154	-0.8403579489281254	1.0000000000000027	-0.08925641678431917	0.11150115423292539	-0.12796193555495347	0.1479120825212501	-0.14634519650757405	0.06879906324910143	-0.11689181415336236	0.09919351440997252	-0.1315008065987524	0.0962571990520677	-0.07466469435577323	0.07845312443068592	-0.09326361955066924	0.09636353495812111	-0.08236286292464011	0.07568744264929383	-0.06563766932193764	0.09808092588867456	-0.07277386402615366	0.07629106686037695
-0.01195410840713139	0.13991442292375497	-0.0953007842980822	0.08939295831368155	-0.08736244601825699	0.011849896538702874	-0.20126846233557952	0.10206096503085299	-0.10867630971420887	0.07077768135015192	-0.54129039628455	0.2018245987662439	-0.128527345108965	0.08048238305680883	-0.08925641678431917	1.0000000000000027	-0.23088466225933835	0.17074158538132544	-0.14564276447803481	0.13512296001270835	-0.6224918962882473	0.21309114344013771	-0.17189901777585342	0.14496131175450164	-0.10459014085613696	0.2809527039012691	-0.253422625089504	0.19876054444571375	-0.1851692967746011	0.11402690477852083	-0.1829999740925296	0.15101904330691568	-0.20030312219361757	0.12934367218223744	-0.11330093012700526
0.00832638138796572	-0.17344382933844163	0.11476533022313234	-0.1080126709724465	0.10010255482295888	-0.008291828582889842	0.2595959478044664	-0.1369241932384452	0.12654248812098987	-0.08458181796820825	0.24857106727988446	-0.4948186925782485	0.16991640376283312	-0.10651799054056563	0.11150115423292539	-0.23088466225933835	1.000000000000002	-0.5597495062442296	0.24626550260193708	-0.19148990000387425	0.16105915384703567	-0.4341658896902638	0.26438256485111167	-0.23489709558443553	0.1424268415148946	-0.1587250529803879	0.1681807033577751	-0.1967906244467533	0.17129153174910478	-0.12886742704656143	0.1329837227739266	-0.11863522682268829	0.17102497328777677	-0.12409295030564024	0.12009461634607865
-0.007632861831962591	0.15477671736500845	-0.11067108764661948	0.10375865331157465	-0.10092620859652006	0.007578191908885761	-0.24013028308565457	0.12836548440436207	-0.1309880355546636	0.0861314983390456	-0.22710413581888178	0.24064169575367567	-0.17357180426029167	0.12094332598790314	-0.12796193555495347	0.17074158538132544	-0.5597495062442296	0.9999999999999986	-0.5233432121062801	0.20720233278266326	-0.14255254574061463	0.2892482382902741	-0.39424075940126635	0.27466480055908027	-0.17002952210020364	0.14265889261264295	-0.16955713695092536	0.2024388831285928	-0.19038720167770173	0.13811816510193892	-0.1354803145386108	0.11832157401220594	-0.18390780421422237	0.13163694509514948	-0.13345727809799612
0.006405374420754094	-0.1399829811244862	0.0969579932505879	-0.09708649072760211	0.0941919695284533	-0.006363423313954637	0.176916242455923	-0.11001513240746276	0.12624285731328327	-0.0864634543973882	0.18013485966548146	-0.18283483491721883	0.1371103771029108	-0.16806307086714867	0.1479120825212501	-0.14564276447803481	0.24626550260193708	-0.5233432121062801	0.9999999999999997	-0.3711119611073028	0.11952737885732176	-0.25682490065383623	0.2608850855050044	-0.6014464047901491	0.2509289124482503	-0.128339070084029	0.14629489016143846	-0.18863377377948204	0.1878438773126081	-0.17572719838127285	0.12239817926109711	-0.11000341779610841	0.17158172148946893	-0.13795477007298665	0.15418317400606218
-0.006511294501119803	0.13165828987949932	-0.0949829642259615	0.09319308062127324	-0.09558272218048713	0.006454474196541956	-0.174691251334238	0.10109850042899805	-0.12429985990451103	0.08346810113938676	-0.1855755862360784	0.1503026118019605	-0.12880011051992452	0.12283594108671286	-0.14634519650757405	0.13512296001270835	-0.19148990000387425	0.20720233278266326	-0.3711119611073028	0.9999999999999963	-0.1158351152219131	0.19008707676182454	-0.2064225283913349	0.3005427053120485	-0.7027919097232352	0.12371244274931728	-0.14701694764351173	0.1759941609097556	-0.24521804307061298	0.2638747104539024	-0.141853089018053	0.12261405224712851	-0.2215623938411333	0.18074468457870058	-0.28425750240937697
0.007356787570979655	-0.10751878064026024	0.07164813679801164	-0.06825093137493624	0.06612259962543104	-0.007314613902880594	0.14246524909116484	-0.0762012525481969	0.0822350630652198	-0.05403784871606874	0.25753196095726527	-0.14475270571329296	0.09460927208517766	-0.06253177771584663	0.06879906324910143	-0.6224918962882473	0.16105915384703567	-0.14255254574061463	0.11952737885732176	-0.1158351152219131	1.000000000000001	-0.23064852246479312	0.15916174678490969	-0.12658249482527847	0.08900237859623882	-0.6059440130370108	0.25333907209274625	-0.21252611132392296	0.1543784553123444	-0.09824714589898247	0.15271055594701854	-0.14349003584155928	0.16396908121432957	-0.1121100713942068	0.09468782499741342
-0.008769638767472174	0.1581930535586236	-0.11222907828484152	0.10468395660336444	-0.10379838754422849	0.00869454560673084	-0.24624680405436541	0.12261731399111989	-0.13148954772833388	0.08556583894364932	-0.2714646053449691	0.23052891407460926	-0.1583572486837321	0.10578375947712183	-0.11689181415336236	0.21309114344013771	-0.4341658896902638	0.2892482382902741	-0.25682490065383623	0.19008707676182454	-0.23064852246479312	0.9999999999999964	-0.6210661543318852	0.24705962465605785	-0.16367223012730647	0.20232071803267435	-0.27471023253370136	0.2721762922280227	-0.23604441457595743	0.1495236575407073	-0.1780213338715794	0.15563292005176316	-0.23404498419713476	0.15835609157234282	-0.14907071028333532
0.006719385913064109	-0.12866027876715097	0.08892328325817843	-0.08500436648044499	0.08291812820759757	-0.006669392115588629	0.17916463143086636	-0.0983122740642578	0.10568319810011487	-0.07005957108898207	0.20003752891323956	-0.1811658537575532	0.1242490206455993	-0.09273963416224898	0.09919351440997252	-0.17189901777585342	0.26438256485111167	-0.39424075940126635	0.2608850855050044	-0.2064225283913349	0.15916174678490969	-0.6210661543318852	0.9999999999999987	-0.38564217734649764	0.17504982713572265	-0.17482785080224872	0.22229281577739868	-0.4121842229212676	0.2148293305387943	-0.14993591957384025	0.14467457617126417	-0.1354222024339902	0.2003167938494847	-0.14910256746383996	0.13851171319978928
-0.00660813084235687	0.13266334716641728	-0.09471366872061135	0.09193662386429921	-0.09239953538641384	0.006554440796582709	-0.18302158124279605	0.10321040021259693	-0.12125767803700185	0.08032735597777022	-0.1913765962190957	0.16570381923351646	-0.1321796365378269	0.1216202629071918	-0.1315008065987524	0.14496131175450164	-0.23489709558443553	0.27466480055908027	-0.6014464047901491	0.3005427053120485	-0.12658249482527847	0.24705962465605785	-0.38564217734649764	1.0000000000000007	-0.4482849913890563	0.13374896229435393	-0.16398643838885102	0.20588662767034072	-0.24500213461439166	0.20470346359882105	-0.13655986487238284	0.1205969668558057	-0.2007287808929875	0.16123946931873281	-0.19441718394675267
0.004756441579594389	-0.09735455106735967	0.06826756894883958	-0.06743117974999342	0.06737553804696696	-0.004718301023105792	0.12491034850202466	-0.07327957215407643	0.08723637757795126	-0.05928322285766059	0.13510972710652538	-0.11335347532183493	0.0919369771806506	-0.08801216529015987	0.0962571990520677	-0.10459014085613696	0.1424268415148946	-0.17002952210020364	0.2509289124482503	-0.7027919097232352	0.08900237859623882	-0.16367223012730647	0.17504982713572265	-0.4482849913890563	0.9999999999999993	-0.09759115432277235	0.11440137466887387	-0.1466350427554776	0.19206200392258027	-0.40466786092251	0.10469837629774896	-0.09422608898010337	0.16440428631302373	-0.1539067083102584	0.23491312074744314
-0.007804367276246259	0.11144525281580443	-0.07653257019782536	0.07233798782403257	-0.07159737755255173	0.007727599457536152	-0.1540191719945722	0.08062158340653157	-0.08922913518589536	0.05808427354379964	-0.27484228146538336	0.14288414086870357	-0.10147710356179863	0.06710377290180265	-0.07466469435577323	0.2809527039012691	-0.1587250529803879	0.14265889261264295	-0.128339070084029	0.12371244274931728	-0.6059440130370108	0.20232071803267435	-0.17482785080224872	0.13374896229435393	-0.09759115432277235	0.9999999999999956	-0.5616310153790749	0.25053983392965834	-0.19656176338294468	0.11108933746369348	-0.21841752144287613	0.18527227175113853	-0.20991637980842498	0.1340459505910156	-0.11087068346980664
0.006901364375961119	-0.11637090689242821	0.0782519321316877	-0.07497295199349985	0.07328847809556852	-0.006848990702099487	0.1513349537582579	-0.0826024311252177	0.0914762895868218	-0.060183049693112244	0.21681863778651964	-0.14512753766736955	0.10283398486021943	-0.07138018807075065	0.07845312443068592	-0.253422625089504	0.1681807033577751	-0.16955713695092536	0.14629489016143846	-0.14701694764351173	0.25333907209274625	-0.27471023253370136	0.22229281577739868	-0.16398643838885102	0.11440137466887387	-0.5616310153790749	0.9999999999999956	-0.5565912363380308	0.22387822255316267	-0.133009291057892	0.2241182131458107	-0.2900803515566671	0.23372351888397486	-0.16447584564385181	0.1265544197948643
-0.0075691018699799075	0.12925039921527773	-0.08940850556870437	0.0851463463493684	-0.08461815999616082	0.007499584709902404	-0.17567510428223296	0.09449602318189154	-0.10630703382831057	0.06951500401108904	-0.2356524371912095	0.15956088517053432	-0.11941140097343238	0.0842521195025173	-0.09326361955066924	0.19876054444571375	-0.1967906244467533	0.2024388831285928	-0.18863377377948204	0.1759941609097556	-0.21252611132392296	0.2721762922280227	-0.4121842229212676	0.20588662767034072	-0.1466350427554776	0.25053983392965834	-0.5565912363380308	0.9999999999999941	-0.41799650660556076	0.16971398141195015	-0.2160369521676703	0.20718080127268318	-0.3529575067835631	0.22427705442473925	-0.16937121152695594
0.007098895217574534	-0.1358108400686464	0.0904653956634012	-0.08819726691303319	0.08625641075291438	-0.00704644052763423	0.16456831902926564	-0.09420562780030008	0.10792540986002586	-0.07178867085164056	0.20297115584027975	-0.15271874004802255	0.11627579246253487	-0.08812771354630099	0.09636353495812111	-0.1851692967746011	0.17129153174910478	-0.19038720167770173	0.1878438773126081	-0.24521804307061298	0.1543784553123444	-0.23604441457595743	0.2148293305387943	-0.24500213461439166	0.19206200392258027	-0.19656176338294468	0.22387822255316267	-0.41799650660556076	0.9999999999999948	-0.33373719821083986	0.1862403152034789	-0.19614488769910612	0.31343069113004424	-0.5867374438226003	0.27174138272759946
-0.005123714042746904	0.09835766390324788	-0.06867861361661587	0.06675091429984328	-0.06730979773506655	0.005078667423799665	-0.12605754338462877	0.07171924781621329	-0.08547515916713781	0.05653470852554949	-0.14686221159512702	0.11026064656501992	-0.09017342147949149	0.07343253410864853	-0.08236286292464011	0.11402690477852083	-0.12886742704656143	0.13811816510193892	-0.17572719838127285	0.2638747104539024	-0.09824714589898247	0.1495236575407073	-0.14993591957384025	0.20470346359882105	-0.40466786092251	0.11108933746369348	-0.133009291057892	0.16971398141195015	-0.33373719821083986	0.9999999999999941	-0.1334234910176405	0.12231889525357259	-0.249698099865806	0.26778593234911413	-0.7260079777297482
0.006489435054310735	-0.11881524614454889	0.07815772069394267	-0.07578648333907703	0.07428220139202439	-0.006440236549322194	0.1406198606234053	-0.0795919857384887	0.09170122826055731	-0.06026096302303485	0.18723047525268072	-0.12767527237135465	0.09794424609610032	-0.0682643830476402	0.07568744264929383	-0.1829999740925296	0.1329837227739266	-0.1354803145386108	0.12239817926109711	-0.141853089018053	0.15271055594701854	-0.1780213338715794	0.14467457617126417	-0.13655986487238284	0.10469837629774896	-0.21841752144287613	0.2241182131458107	-0.2160369521676703	0.1862403152034789	-0.1334234910176405	0.9999999999999942	-0.801281064588699	0.26325068663514783	-0.17083232019318076	0.12608852526903191
-0.0056399537568443655	0.09819268525169547	-0.0663254524636008	0.0637104945413621	-0.06320978625405907	0.0055904766430030116	-0.12365028512424889	0.06818571034388779	-0.07845030293853224	0.051273007333341974	-0.16948220857517776	0.11027567977228687	-0.08489321884838175	0.05894184493182417	-0.06563766932193764	0.15101904330691568	-0.11863522682268829	0.11832157401220594	-0.11000341779610841	0.12261405224712851	-0.14349003584155928	0.15563292005176316	-0.1354222024339902	0.1205969668558057	-0.09422608898010337	0.18527227175113853	-0.2900803515566671	0.20718080127268318	-0.19614488769910612	0.12231889525357259	-0.801281064588699	0.9999999999999949	-0.3822663662810553	0.17167145199031564	-0.1249821885211809
0.007727639236083176	-0.1471104178392541	0.09689005730641134	-0.09441863175864654	0.09227233476706317	-0.0076707112927600915	0.1735948640764275	-0.09946272191236714	0.11452297899397348	-0.07581293613518995	0.21870998083791388	-0.1590087110709729	0.12229121749084762	-0.08910459023080344	0.09808092588867456	-0.20030312219361757	0.17102497328777677	-0.18390780421422237	0.17158172148946893	-0.2215623938411333	0.16396908121432957	-0.23404498419713476	0.2003167938494847	-0.2007287808929875	0.16440428631302373	-0.20991637980842498	0.23372351888397486	-0.3529575067835631	0.31343069113004424	-0.249698099865806	0.26325068663514783	-0.3822663662810553	0.9999999999999949	-0.5278255949752747	0.2362202515273609
-0.005335126584863599	0.09947247288893649	-0.06762275705828455	0.0655225087567644	-0.065097197677367	0.00529028710579591	-0.12417120169716506	0.07005798183748434	-0.08156704929735548	0.05380023082017907	-0.15422253696122037	0.11093065281080143	-0.08726104725187642	0.06559587392269689	-0.07277386402615366	0.12934367218223744	-0.12409295030564024	0.13163694509514948	-0.13795477007298665	0.18074468457870058	-0.1121100713942068	0.15835609157234282	-0.14910256746383996	0.16123946931873281	-0.1539067083102584	0.1340459505910156	-0.16447584564385181	0.22427705442473925	-0.5867374438226003	0.26778593234911413	-0.17083232019318076	0.17167145199031564	-0.5278255949752747	0.9999999999999948	-0.46627283853301604
0.004867470724431439	-0.09597461079000201	0.06517274462641931	-0.06394722426722756	0.06327515006336609	-0.004828912463282335	0.11715688287233382	-0.06800965436744003	0.07994358496650747	-0.053536246006865296	0.13746623709735917	-0.1056827838675101	0.08432885160924189	-0.06941212498151605	0.07629106686037695	-0.11330093012700526	0.12009461634607865	-0.13345727809799612	0.15418317400606218	-0.28425750240937697	0.09468782499741342	-0.14907071028333532	0.13851171319978928	-0.19441718394675267	0.23491312074744314	-0.11087068346980664	0.1265544197948643	-0.16937121152695594	0.27174138272759946	-0.7260079777297482	0.12608852526903191	-0.1249821885211809	0.2362202515273609	-0.46627283853301604	0.9999999999999948
