1.0	-0.3135366788531116	0.1436719856662168	-0.19171385868261626	0.10891849881717822	-0.8205443351853805	0.25115371519911095	-0.1109637254185899	0.09612622836190657	-0.08884102655335233	0.2565233882680885	-0.2836809569253636	0.10613789003344268	-0.12127588548415183	0.05591981855736996	-0.12640629044496607	0.09095341240890509	-0.06431582051559363	0.0695110815810705	-0.04584503025105481	0.08934619436236682	-0.06391901080237135	0.06194568253246232	-0.05210318278951556	0.05491122943206048	-0.050549150414535206	0.054117964413926405	-0.053912486417775005	0.06901527576135061	-0.045287686169871326	0.038603546290826546	-0.045362526988364835	0.05270525994508104	-0.04359204032739062	0.048901733040017076
-0.3135366788531116	0.9999999999999996	-0.4941236973558656	0.2937486378771824	-0.17621807114700475	0.21485223653141833	-0.6286952822280633	0.17640357780385937	-0.1602879746851932	0.13086889016357045	-0.2472147343251868	0.23519154014345792	-0.16952276191431592	0.1572223051658983	-0.07617162115602934	0.11894498317666674	-0.10378694948651439	0.0755523267968591	-0.09038006986277017	0.06097923747801834	-0.10490745688301883	0.07298252229729632	-0.07475804452382033	0.06648556115457759	-0.0719359508059155	0.05926333735334852	-0.06551356598295445	0.06574121384075697	-0.08914416959308993	0.058188646182611575	-0.04634012306570809	0.054254350867247204	-0.06581023817209446	0.05477924870741057	-0.06272194316846166
0.1436719856662168	-0.4941236973558656	0.9999999999999998	-0.7748018626322795	0.14892720463975595	-0.11080465926907963	0.24212537776257148	-0.19015417488075712	0.16414394988034933	-0.12987032220346575	0.12921775143135417	-0.13312426840616226	0.14480412807593418	-0.141985687918745	0.06123567721392404	-0.07360136282534956	0.06440880682567289	-0.0525224072464361	0.06844636218924394	-0.04909003495878104	0.06617434707945087	-0.047563416953538905	0.051030748699556885	-0.05008918480445863	0.054465182065024466	-0.040759644936746546	0.04505846273722815	-0.046826632911097434	0.06588757770386941	-0.04396771368750856	0.03170952458448772	-0.03790542947875025	0.04697526120826838	-0.040238155080278185	0.04615858542012259
-0.19171385868261626	0.2937486378771824	-0.7748018626322795	0.9999999999999993	-0.22178713683519546	0.13716257731422798	-0.31427428160646725	0.19945252639687247	-0.2469376777995867	0.16713962669954371	-0.17658074847522023	0.1614126619421011	-0.18742317689151888	0.17346217354927984	-0.0823328441208502	0.09785861560584799	-0.08803927975236232	0.0703370126907963	-0.09171448721950971	0.0651686916283612	-0.09079741997152523	0.06447130455369414	-0.06914056380958356	0.0668705412300523	-0.07347970435528839	0.0548518032787359	-0.06107316294850753	0.0629967318184288	-0.08906977777685435	0.058946477881199597	-0.04294769017234609	0.05104222877920307	-0.06357880424465034	0.054090620522642435	-0.062412071245042215
0.10891849881717822	-0.17621807114700475	0.14892720463975595	-0.22178713683519546	0.9999999999999993	-0.09009265911398448	0.16422822976794435	-0.284688079628036	0.29318435804977355	-0.6399841795610874	0.12055691026074691	-0.12968969308839245	0.245459054743284	-0.39005474186240346	0.17108540727125468	-0.11148817357367782	0.10208143775544766	-0.10737872244595104	0.16440505501330524	-0.1440551960339809	0.1101270906493844	-0.08549844620799087	0.10130177938831555	-0.12219986173718102	0.13628278689194329	-0.08489760257773162	0.09345751546531415	-0.10473369526173433	0.15593088728724883	-0.1117314292167931	0.06525156057648182	-0.08175522322033764	0.10559643499909559	-0.09637003510980496	0.11019558397907726
-0.8205443351853805	0.21485223653141833	-0.11080465926907963	0.13716257731422798	-0.09009265911398448	1.0000000000000007	-0.2962342679977109	0.09256828407120896	-0.07915621276654372	0.0714513572794571	-0.38558061083364037	0.24818430320761506	-0.09057348519444916	0.09663353847217544	-0.04667416880048048	0.11849474771804182	-0.08886531075948415	0.05724374945681944	-0.059234937491960155	0.038242529065973425	-0.08596265848043479	0.05930305185562522	-0.05618068489377852	0.04442606614829484	-0.046536218180347394	0.04476654940439467	-0.048381758687116756	0.04703694829130208	-0.05908408393487465	0.03841670541928443	-0.03448454821713282	0.039902722439819294	-0.04594655887707227	0.03736962668388585	-0.041878415759798275
0.25115371519911095	-0.6286952822280633	0.24212537776257148	-0.31427428160646725	0.16422822976794435	-0.2962342679977109	0.9999999999999998	-0.23159009292665506	0.16270019890229456	-0.14079755656863915	0.26635791272950415	-0.4567580006597202	0.17591998562784786	-0.17953887318015108	0.07779087050435196	-0.13252321185697724	0.10679790997382305	-0.079016803868097	0.09254252406727709	-0.06320349350263572	0.10596992478087432	-0.0756912077358629	0.07647519553713758	-0.06857434536153259	0.0730539569440787	-0.061452173740385335	0.06685505918319337	-0.06768962781334492	0.09031863884538781	-0.0596885546118367	0.04739048133404328	-0.05599345182531783	0.06690464508827328	-0.056154609587930726	0.06360273773500609
-0.1109637254185899	0.17640357780385937	-0.19015417488075712	0.19945252639687247	-0.284688079628036	0.09256828407120896	-0.23159009292665506	1.0000000000000007	-0.5590990887161557	0.2574777728019271	-0.11984232925087913	0.13172507497581845	-0.6315831790123575	0.28856335666610045	-0.11030646836127798	0.0851198827658197	-0.07847647452943954	0.07877237715838327	-0.11547440326723855	0.08570704040873574	-0.08227585546787979	0.06247020239901767	-0.07440954522748151	0.08217619600130299	-0.08983797382851655	0.057002434177792306	-0.06399457234104201	0.06988420625534751	-0.10539329415749434	0.07132618471201257	-0.04433527264952444	0.054573280936283594	-0.07052045158878721	0.06263871572451823	-0.0725636877797814
0.09612622836190657	-0.1602879746851932	0.16414394988034933	-0.2469376777995867	0.29318435804977355	-0.07915621276654372	0.16270019890229456	-0.5590990887161557	1.0000000000000002	-0.5880752711081288	0.10282342189496453	-0.11129578567980969	0.28531970333319073	-0.3537344053390001	0.1261582830464904	-0.08103038502623547	0.07446617748385631	-0.07661850859857752	0.11857485478769239	-0.10100929640061795	0.07894097879252301	-0.06062995188168316	0.07202696788042913	-0.08573163996020436	0.0938299306780331	-0.05734504163633912	0.06387180238624036	-0.07099531158554674	0.10695418016314512	-0.07553956644509639	0.04432900382991979	-0.05515315260362711	0.07128611666271595	-0.06473083266896001	0.07428461521772968
-0.08884102655335233	0.13086889016357045	-0.12987032220346575	0.16713962669954371	-0.6399841795610874	0.0714513572794571	-0.14079755656863915	0.2574777728019271	-0.5880752711081288	1.0	-0.09685356666219216	0.10006992636884615	-0.2602138099555102	0.2578110277304649	-0.19067912153591596	0.08243699875889547	-0.07736587435200187	0.08115955133862914	-0.13072474556338648	0.1311663817564181	-0.0830190566761631	0.06415677900653381	-0.07736806144227903	0.09474919226205913	-0.1127122313183176	0.06222831766642886	-0.06982908215842186	0.07841650423688304	-0.12104720909962634	0.08853414152507989	-0.048293103563279226	0.060460472227896925	-0.0797465637656743	0.07345247709741495	-0.08544822085158456
0.2565233882680885	-0.2472147343251868	0.12921775143135417	-0.17658074847522023	0.12055691026074691	-0.38558061083364037	0.26635791272950415	-0.11984232925087913	0.10282342189496453	-0.09685356666219216	1.0000000000000007	-0.7250053526444034	0.12247866258582348	-0.13926923270243205	0.0689223949409501	-0.302189515372778	0.1677829719764844	-0.09995693433302469	0.09175617145325322	-0.05729689910852557	0.15632051226695376	-0.1093543401058128	0.09667102870944567	-0.06980229991588005	0.07127674944603561	-0.07714857622791564	0.08189374228742602	-0.07788191217740259	0.09208191328283663	-0.059689610652251084	0.0586055475653162	-0.06739856759656986	0.07450053931387565	-0.059509221231239855	0.06559557104218575
-0.2836809569253636	0.23519154014345792	-0.13312426840616226	0.1614126619421011	-0.12968969308839245	0.24818430320761506	-0.4567580006597202	0.13172507497581845	-0.11129578567980969	0.10006992636884615	-0.7250053526444034	1.0000000000000004	-0.1454550974604906	0.13936891585705455	-0.07153999023013105	0.19814545169377398	-0.1709347213959833	0.09768153667281809	-0.09469627293596337	0.05878407962656364	-0.15932244608681365	0.10639078450365781	-0.09824134827732685	0.07117893407079388	-0.07366866933545053	0.07590192658721312	-0.08314771267904318	0.07817443264148875	-0.09523166502165659	0.06103945678647195	-0.05926496099500281	0.06709596148293602	-0.07628690066999043	0.06050107272447618	-0.0676015768087364
0.10613789003344268	-0.16952276191431592	0.14480412807593418	-0.18742317689151888	0.245459054743284	-0.09057348519444916	0.17591998562784786	-0.6315831790123575	0.28531970333319073	-0.2602138099555102	0.12247866258582348	-0.1454550974604906	0.9999999999999999	-0.5776820667815565	0.12854804799167152	-0.10025489423118454	0.09238571528702678	-0.10414919952741312	0.14876504023093287	-0.10500131299791515	0.09697568087339292	-0.07585747711580489	0.09301912722466842	-0.10686123397807293	0.10914795144202226	-0.0703317250903281	0.07819870724902392	-0.08703917802553555	0.1295737217902317	-0.08845528568020274	0.05414897955453708	-0.0674519074286662	0.08630291795986865	-0.0776973221496789	0.08844920239847101
-0.12127588548415183	0.1572223051658983	-0.141985687918745	0.17346217354927984	-0.39005474186240346	0.09663353847217544	-0.17953887318015108	0.28856335666610045	-0.3537344053390001	0.2578110277304649	-0.13926923270243205	0.13936891585705455	-0.5776820667815565	0.9999999999999998	-0.22420475517379837	0.13032059736705975	-0.1286154427267562	0.14423238129463503	-0.29437109419201407	0.16535632983430595	-0.13836700824037332	0.10842755966219658	-0.1387142481885526	0.17907723652205917	-0.18753518649236067	0.10325541099037785	-0.11963741381169557	0.13485401427132995	-0.22691239621776316	0.1436538161421749	-0.08121806453791433	0.1015915722493468	-0.13794136330351991	0.12412871814735085	-0.14680871296993542
0.05591981855736996	-0.07617162115602934	0.06123567721392404	-0.0823328441208502	0.17108540727125468	-0.04667416880048048	0.07779087050435196	-0.11030646836127798	0.1261582830464904	-0.19067912153591596	0.0689223949409501	-0.07153999023013105	0.12854804799167152	-0.22420475517379837	0.9999999999999993	-0.09189608300953729	0.08727214326629708	-0.11472365859522068	0.20382063227286498	-0.8273700016839717	0.0953021330218846	-0.08043372019259969	0.10120294872135603	-0.17345300866325597	0.2415968276951333	-0.08959028427394597	0.09578859367472561	-0.12060727687159808	0.1750061340016367	-0.21091204235959063	0.06666197117045758	-0.08953994658089111	0.11556512866544516	-0.13076323251959407	0.13950834725431094
-0.12640629044496607	0.11894498317666674	-0.07360136282534956	0.09785861560584799	-0.11148817357367782	0.11849474771804182	-0.13252321185697724	0.0851198827658197	-0.08103038502623547	0.08243699875889547	-0.302189515372778	0.19814545169377398	-0.10025489423118454	0.13032059736705975	-0.09189608300953729	0.9999999999999999	-0.6347743034747249	0.2208253307407524	-0.14911844224230594	0.07944171418560671	-0.522966977926233	0.29697794729978033	-0.23136494028554147	0.11636988794437723	-0.11010839903324694	0.16632357078511434	-0.18152415220201867	0.15227591404184834	-0.15333399547209298	0.09527723356170839	-0.1292525354523095	0.13848030573130055	-0.1413416388283074	0.10299609948032525	-0.11003293822461077
0.09095341240890509	-0.10378694948651439	0.06440880682567289	-0.08803927975236232	0.10208143775544766	-0.08886531075948415	0.10679790997382305	-0.07847647452943954	0.07446617748385631	-0.07736587435200187	0.1677829719764844	-0.1709347213959833	0.09238571528702678	-0.1286154427267562	0.08727214326629708	-0.6347743034747249	0.9999999999999992	-0.3506746559124418	0.1509043739926495	-0.07816048403215536	0.3197422728081733	-0.523461412297921	0.2605288485725606	-0.12208623306768554	0.10520420598856205	-0.16354810157234123	0.18032254065387046	-0.16310472135945495	0.14624617602570672	-0.09360057479693983	0.11646191150738862	-0.14470651866622686	0.13474886374615982	-0.10158308022427573	0.10362003446009142
-0.06431582051559363	0.0755523267968591	-0.0525224072464361	0.0703370126907963	-0.10737872244595104	0.05724374945681944	-0.079016803868097	0.07877237715838327	-0.07661850859857752	0.08115955133862914	-0.09995693433302469	0.09768153667281809	-0.10414919952741312	0.14423238129463503	-0.11472365859522068	0.2208253307407524	-0.3506746559124418	0.9999999999999982	-0.3066103719107549	0.10602116101907523	-0.276369031558768	0.273825726831394	-0.7519725778469281	0.1921437666822122	-0.14156881665544369	0.14595250421102618	-0.18307024496940477	0.189570790711542	-0.204007978095357	0.1211900509816135	-0.11290718983055935	0.13769466055005303	-0.16190625285816918	0.1227514824623463	-0.12857777181016034
0.0695110815810705	-0.09038006986277017	0.06844636218924394	-0.09171448721950971	0.16440505501330524	-0.059234937491960155	0.09254252406727709	-0.11547440326723855	0.11857485478769239	-0.13072474556338648	0.09175617145325322	-0.09469627293596337	0.14876504023093287	-0.29437109419201407	0.20382063227286498	-0.14911844224230594	0.1509043739926495	-0.3066103719107549	0.9999999999999978	-0.25246077931063865	0.1554137797608712	-0.14334292456343428	0.209908452410129	-0.6655212762170338	0.23966998836228146	-0.13692857153932875	0.14976318758759383	-0.1971726622587474	0.29861971488399824	-0.21234710114375535	0.10083277234988412	-0.13547790199818915	0.16693591175162198	-0.17262905742357898	0.1712533193096773
-0.04584503025105481	0.06097923747801834	-0.04909003495878104	0.0651686916283612	-0.1440551960339809	0.038242529065973425	-0.06320349350263572	0.08570704040873574	-0.10100929640061795	0.1311663817564181	-0.05729689910852557	0.05878407962656364	-0.10500131299791515	0.16535632983430595	-0.8273700016839717	0.07944171418560671	-0.07816048403215536	0.10602116101907523	-0.25246077931063865	0.9999999999999972	-0.08499669812312229	0.07234608183693199	-0.09569574060360776	0.17714340980065874	-0.3594756235355602	0.0785669154807272	-0.08696219228858555	0.10992259695067444	-0.17797774797936816	0.1982449136328104	-0.059403906586097566	0.07966569719137911	-0.10808237849366588	0.11986187901572048	-0.14016203030929283
0.08934619436236682	-0.10490745688301883	0.06617434707945087	-0.09079741997152523	0.1101270906493844	-0.08596265848043479	0.10596992478087432	-0.08227585546787979	0.07894097879252301	-0.0830190566761631	0.15632051226695376	-0.15932244608681365	0.09697568087339292	-0.13836700824037332	0.0953021330218846	-0.522966977926233	0.3197422728081733	-0.276369031558768	0.1554137797608712	-0.08499669812312229	0.9999999999999992	-0.5924229493891593	0.24862766517100157	-0.12959648980746322	0.11669309779016018	-0.29568474936274014	0.22310085080669195	-0.19230640287815268	0.16273289510708872	-0.10542838689742458	0.17245941529437542	-0.19495403998585395	0.16174084720248127	-0.1190858472611191	0.11946833368691667
-0.06391901080237135	0.07298252229729632	-0.047563416953538905	0.06447130455369414	-0.08549844620799087	0.05930305185562522	-0.0756912077358629	0.06247020239901767	-0.06062995188168316	0.06415677900653381	-0.1093543401058128	0.10639078450365781	-0.07585747711580489	0.10842755966219658	-0.08043372019259969	0.29697794729978033	-0.523461412297921	0.273825726831394	-0.14334292456343428	0.07234608183693199	-0.5924229493891593	1.000000000000002	-0.42029293848226146	0.11873306808975133	-0.10154230392035553	0.18493924593831207	-0.277252440621182	0.18288253012497743	-0.14745339577634164	0.09106602983026175	-0.13710461674671448	0.16460719903283885	-0.14743281676115907	0.10306196271500759	-0.10417338996005823
0.06194568253246232	-0.07475804452382033	0.051030748699556885	-0.06914056380958356	0.10130177938831555	-0.05618068489377852	0.07647519553713758	-0.07440954522748151	0.07202696788042913	-0.07736806144227903	0.09667102870944567	-0.09824134827732685	0.09301912722466842	-0.1387142481885526	0.10120294872135603	-0.23136494028554147	0.2605288485725606	-0.7519725778469281	0.209908452410129	-0.09569574060360776	0.24862766517100157	-0.42029293848226146	0.9999999999999986	-0.19259340133155203	0.1281960882993557	-0.15498060304623937	0.18726581661780503	-0.23440556271995425	0.18331289494439107	-0.11525726997595666	0.11280853180398773	-0.146931055404642	0.1592742758891779	-0.12175847112082797	0.12068721900972726
-0.05210318278951556	0.06648556115457759	-0.05008918480445863	0.0668705412300523	-0.12219986173718102	0.04442606614829484	-0.06857434536153259	0.08217619600130299	-0.08573163996020436	0.09474919226205913	-0.06980229991588005	0.07117893407079388	-0.10686123397807293	0.17907723652205917	-0.17345300866325597	0.11636988794437723	-0.12208623306768554	0.1921437666822122	-0.6655212762170338	0.17714340980065874	-0.12959648980746322	0.11873306808975133	-0.19259340133155203	0.9999999999999973	-0.3281237034503921	0.11579418045474901	-0.13756506902592366	0.1849302890315152	-0.5351100744563577	0.22149751161977077	-0.08778388138356091	0.11880960590511991	-0.16147011293432975	0.16890023180483968	-0.17741138288330455
0.05491122943206048	-0.0719359508059155	0.054465182065024466	-0.07347970435528839	0.13628278689194329	-0.046536218180347394	0.0730539569440787	-0.08983797382851655	0.0938299306780331	-0.1127122313183176	0.07127674944603561	-0.07366866933545053	0.10914795144202226	-0.18753518649236067	0.2415968276951333	-0.11010839903324694	0.10520420598856205	-0.14156881665544369	0.23966998836228146	-0.3594756235355602	0.11669309779016018	-0.10154230392035553	0.1281960882993557	-0.3281237034503921	0.9999999999999997	-0.1224808632930508	0.13086747053587724	-0.17763744757994962	0.26838460039786954	-0.6764558171857256	0.09059530749836574	-0.1270358880798094	0.1706291959985341	-0.2329860024930082	0.2523948196072482
-0.050549150414535206	0.05926333735334852	-0.040759644936746546	0.0548518032787359	-0.08489760257773162	0.04476654940439467	-0.061452173740385335	0.057002434177792306	-0.05734504163633912	0.06222831766642886	-0.07714857622791564	0.07590192658721312	-0.0703317250903281	0.10325541099037785	-0.08959028427394597	0.16632357078511434	-0.16354810157234123	0.14595250421102618	-0.13692857153932875	0.0785669154807272	-0.29568474936274014	0.18493924593831207	-0.15498060304623937	0.11579418045474901	-0.1224808632930508	0.9999999999999998	-0.40332520494447344	0.22176144330186656	-0.17976871237514258	0.11179824420596628	-0.7183246898272451	0.315167684661138	-0.2493311781308339	0.1442603383138213	-0.1510179391766036
0.054117964413926405	-0.06551356598295445	0.04505846273722815	-0.06107316294850753	0.09345751546531415	-0.048381758687116756	0.06685505918319337	-0.06399457234104201	0.06387180238624036	-0.06982908215842186	0.08189374228742602	-0.08314771267904318	0.07819870724902392	-0.11963741381169557	0.09578859367472561	-0.18152415220201867	0.18032254065387046	-0.18307024496940477	0.14976318758759383	-0.08696219228858555	0.22310085080669195	-0.277252440621182	0.18726581661780503	-0.13756506902592366	0.13086747053587724	-0.40332520494447344	0.9999999999999996	-0.5342079106246633	0.2064143979985996	-0.12785586561968956	0.26865544781560047	-0.5437821918136654	0.28070141588549735	-0.1741298063743655	0.15770518571505038
-0.053912486417775005	0.06574121384075697	-0.046826632911097434	0.0629967318184288	-0.10473369526173433	0.04703694829130208	-0.06768962781334492	0.06988420625534751	-0.07099531158554674	0.07841650423688304	-0.07788191217740259	0.07817443264148875	-0.08703917802553555	0.13485401427132995	-0.12060727687159808	0.15227591404184834	-0.16310472135945495	0.189570790711542	-0.1971726622587474	0.10992259695067444	-0.19230640287815268	0.18288253012497743	-0.23440556271995425	0.1849302890315152	-0.17763744757994962	0.22176144330186656	-0.5342079106246633	0.9999999999999994	-0.3725106162730962	0.17296460230954092	-0.18941388191690295	0.271160960586147	-0.5587422236683294	0.24062199324473882	-0.23358734452919916
0.06901527576135061	-0.08914416959308993	0.06588757770386941	-0.08906977777685435	0.15593088728724883	-0.05908408393487465	0.09031863884538781	-0.10539329415749434	0.10695418016314512	-0.12104720909962634	0.09208191328283663	-0.09523166502165659	0.1295737217902317	-0.22691239621776316	0.1750061340016367	-0.15333399547209298	0.14624617602570672	-0.204007978095357	0.29861971488399824	-0.17797774797936816	0.16273289510708872	-0.14745339577634164	0.18331289494439107	-0.5351100744563577	0.26838460039786954	-0.17976871237514258	0.2064143979985996	-0.3725106162730962	0.9999999999999992	-0.34029430980937525	0.13192433143800908	-0.1896593479209026	0.24884707674871312	-0.31041462752131765	0.24831945004969078
-0.045287686169871326	0.058188646182611575	-0.04396771368750856	0.058946477881199597	-0.1117314292167931	0.03841670541928443	-0.0596885546118367	0.07132618471201257	-0.07553956644509639	0.08853414152507989	-0.059689610652251084	0.06103945678647195	-0.08845528568020274	0.1436538161421749	-0.21091204235959063	0.09527723356170839	-0.09360057479693983	0.1211900509816135	-0.21234710114375535	0.1982449136328104	-0.10542838689742458	0.09106602983026175	-0.11525726997595666	0.22149751161977077	-0.6764558171857256	0.11179824420596628	-0.12785586561968956	0.17296460230954092	-0.34029430980937525	0.9999999999999987	-0.08634391096252056	0.12055814971603801	-0.19190502064571677	0.24801587970873945	-0.48216353774250575
0.038603546290826546	-0.04634012306570809	0.03170952458448772	-0.04294769017234609	0.06525156057648182	-0.03448454821713282	0.04739048133404328	-0.04433527264952444	0.04432900382991979	-0.048293103563279226	0.0586055475653162	-0.05926496099500281	0.05414897955453708	-0.08121806453791433	0.06666197117045758	-0.1292525354523095	0.11646191150738862	-0.11290718983055935	0.10083277234988412	-0.059403906586097566	0.17245941529437542	-0.13710461674671448	0.11280853180398773	-0.08778388138356091	0.09059530749836574	-0.7183246898272451	0.26865544781560047	-0.18941388191690295	0.13192433143800908	-0.08634391096252056	0.9999999999999998	-0.5741825995640139	0.19701112732257853	-0.12065608041659981	0.11200608630135785
-0.045362526988364835	0.054254350867247204	-0.03790542947875025	0.05104222877920307	-0.08175522322033764	0.039902722439819294	-0.05599345182531783	0.054573280936283594	-0.05515315260362711	0.060460472227896925	-0.06739856759656986	0.06709596148293602	-0.0674519074286662	0.1015915722493468	-0.08953994658089111	0.13848030573130055	-0.14470651866622686	0.13769466055005303	-0.13547790199818915	0.07966569719137911	-0.19495403998585395	0.16460719903283885	-0.146931055404642	0.11880960590511991	-0.1270358880798094	0.315167684661138	-0.5437821918136654	0.271160960586147	-0.1896593479209026	0.12055814971603801	-0.5741825995640139	1.0000000000000004	-0.3902837149161028	0.17624489555381279	-0.17070254254099126
0.05270525994508104	-0.06581023817209446	0.04697526120826838	-0.06357880424465034	0.10559643499909559	-0.04594655887707227	0.06690464508827328	-0.07052045158878721	0.07128611666271595	-0.0797465637656743	0.07450053931387565	-0.07628690066999043	0.08630291795986865	-0.13794136330351991	0.11556512866544516	-0.1413416388283074	0.13474886374615982	-0.16190625285816918	0.16693591175162198	-0.10808237849366588	0.16174084720248127	-0.14743281676115907	0.1592742758891779	-0.16147011293432975	0.1706291959985341	-0.2493311781308339	0.28070141588549735	-0.5587422236683294	0.24884707674871312	-0.19190502064571677	0.19701112732257853	-0.3902837149161028	1.000000000000001	-0.5003840274689242	0.2585315101236906
-0.04359204032739062	0.05477924870741057	-0.040238155080278185	0.054090620522642435	-0.09637003510980496	0.03736962668388585	-0.056154609587930726	0.06263871572451823	-0.06473083266896001	0.07345247709741495	-0.059509221231239855	0.06050107272447618	-0.0776973221496789	0.12412871814735085	-0.13076323251959407	0.10299609948032525	-0.10158308022427573	0.1227514824623463	-0.17262905742357898	0.11986187901572048	-0.1190858472611191	0.10306196271500759	-0.12175847112082797	0.16890023180483968	-0.2329860024930082	0.1442603383138213	-0.1741298063743655	0.24062199324473882	-0.31041462752131765	0.24801587970873945	-0.12065608041659981	0.17624489555381279	-0.5003840274689242	1.0000000000000009	-0.6782174392437058
0.048901733040017076	-0.06272194316846166	0.04615858542012259	-0.062412071245042215	0.11019558397907726	-0.041878415759798275	0.06360273773500609	-0.0725636877797814	0.07428461521772968	-0.08544822085158456	0.06559557104218575	-0.0676015768087364	0.08844920239847101	-0.14680871296993542	0.13950834725431094	-0.11003293822461077	0.10362003446009142	-0.12857777181016034	0.1712533193096773	-0.14016203030929283	0.11946833368691667	-0.10417338996005823	0.12068721900972726	-0.17741138288330455	0.2523948196072482	-0.1510179391766036	0.15770518571505038	-0.23358734452919916	0.24831945004969078	-0.48216353774250575	0.11200608630135785	-0.17070254254099126	0.2585315101236906	-0.6782174392437058	1.000000000000001
