1.0	-0.43694607721321965	0.1776703009297862	-0.13744695069385168	0.07579757444294766	-0.7803933517442978	0.23747940721506358	-0.17597252156993745	0.16734019137899436	-0.06357596758165983	0.19856311925202338	-0.20764818748395614	0.14894017924267522	-0.145410770240486	0.103728681249714	-0.17992298280170307	0.14076217880296904	-0.13834793169693532	0.10402227855705189	-0.07832059399992254	0.06222525908213186	-0.06202960010898348	0.07722274000581739	-0.06268252676279412	0.07388129936538423	-0.04414272402573212	0.05066955727341186	-0.06119303939462245	0.07410119282865804	-0.059113627816402045	0.03863393198547917	-0.0542605290701024	0.05471232052719896	-0.04602242547641486	0.056532765179449704	-0.04541677628329335	0.04976934930631906	-0.049109906121999086	0.048545615087025866	-0.04088458146172749	0.037163041169528024	-0.031624365098084264	0.049640436684511256	-0.04552009981506891	0.046442165081351086
-0.43694607721321965	0.9999999999999998	-0.422285549637482	0.2259915725091633	-0.10135350943162111	0.2673865846791075	-0.6101952062248498	0.29452775319222313	-0.29746504758958825	0.08508252509605901	-0.13529335163770104	0.17899504103041847	-0.21335076336758946	0.18467817264673334	-0.12238926927504074	0.11412672177030657	-0.12525681979083936	0.13552290592548905	-0.11333297407573333	0.08772438047444037	-0.05963052962790313	0.05980844442278954	-0.07966912336357827	0.06627681217731096	-0.07963387863845062	0.04337310447551033	-0.051571031037489154	0.06282483144095313	-0.07832102830359096	0.06294994805719636	-0.03854378470277061	0.05503128056794427	-0.05683508128380281	0.04820594325782751	-0.059905481891166866	0.04567624913147645	-0.05075824214718435	0.05082770152066035	-0.05090017165302518	0.04301016055488503	-0.03817390451184137	0.03245100628299959	-0.051784872275251026	0.047445783622295595	-0.048914117600728335
0.1776703009297862	-0.422285549637482	0.9999999999999996	-0.6351259701730297	0.10794720622847394	-0.19133410695680816	0.27023423412788605	-0.45155767457618895	0.3188455584613164	-0.09572528209005643	0.10442504746949537	-0.16601930766228107	0.20852865967936013	-0.22161387857423526	0.1205917394062683	-0.09567485998725724	0.10766732037000978	-0.1343811708378071	0.10770001085217654	-0.08793905782172	0.055263526407496814	-0.05643819386014369	0.07542122914702641	-0.0635237801536578	0.07624639197223868	-0.041213213957951245	0.04905006590056475	-0.060215216912176246	0.07418530230258022	-0.06105387329220941	0.03643684268174379	-0.05282754945849757	0.05414292536116599	-0.04624296539428931	0.05715017571927356	-0.04376069468752592	0.048271228222287646	-0.04876926150877637	0.048548276045767606	-0.04132951357052028	0.03630399755664022	-0.030985816087872035	0.04934311721499894	-0.04560144875477075	0.046612319191861
-0.13744695069385168	0.2259915725091633	-0.6351259701730297	0.9999999999999996	-0.14274297216706158	0.13704501715787853	-0.20954976144218299	0.2608342200886574	-0.6473518571444257	0.118573095168812	-0.08530102313204929	0.13456659103458596	-0.18994577706401955	0.19060638558255355	-0.12113083810716141	0.07701322121952835	-0.09120852894246977	0.11588991186234439	-0.09992451560718603	0.08384754426672414	-0.04914999007635271	0.050183637973758716	-0.06812191192013185	0.05815381946280251	-0.07067388519449895	0.03681151145745536	-0.04419259823718648	0.054351828253567595	-0.06781836280399989	0.056124002549300035	-0.032661981271754854	0.047527276254974625	-0.04908013984890236	0.042086560755061564	-0.05228990572905061	0.039274042990401506	-0.043494658884326916	0.04415160876638652	-0.044170506802050945	0.03766972677041845	-0.032771532416649686	0.02796584560630832	-0.044772209751142655	0.04138761149641522	-0.04246755087073521
0.07579757444294766	-0.10135350943162111	0.10794720622847394	-0.14274297216706158	0.9999999999999993	-0.08613806505862512	0.09112451529012149	-0.10814892329750393	0.16214318100994643	-0.8761002511254853	0.0751431300168868	-0.14186164846904467	0.1290228826027818	-0.177615738715227	0.24594650461730083	-0.07403837137305666	0.0955209081156102	-0.1575582878633067	0.14474228335876294	-0.18027476328138664	0.06621729251538903	-0.07047409840109933	0.09569851336862308	-0.08881544818504011	0.11134747928196168	-0.05279096696336255	0.06357499047322467	-0.0800618656841033	0.09801976090478695	-0.0923379870670506	0.04618121175403722	-0.07030046592524258	0.07137576930593395	-0.06366142626317534	0.07827335395320449	-0.05756438016607879	0.06246554285289261	-0.06580611509338431	0.06503729453857035	-0.057547401649992	0.047043477968350796	-0.0407378135619052	0.06514385238199405	-0.06244743259547449	0.06237644864629184
-0.7803933517442978	0.2673865846791075	-0.19133410695680816	0.13704501715787853	-0.08613806505862512	0.9999999999999984	-0.28764818911553874	0.1789184322114997	-0.19595894346220638	0.07090604529936645	-0.3197441782516655	0.20342358980535977	-0.16653765839029025	0.1493488645690134	-0.11655750551604434	0.19204616480372375	-0.16370355349550422	0.14543584366885481	-0.11669892718516155	0.08615812593067683	-0.06925950269397295	0.0676204925856211	-0.08554482804815079	0.06932239658059612	-0.08223806918163977	0.04810586932098137	-0.05570252027794984	0.0670061017033751	-0.08252008386786115	0.06504043795699965	-0.04250359813482112	0.05911753364122961	-0.06037342830025089	0.05066692065718297	-0.062683684408658	0.049439852015079964	-0.054727198224224435	0.05384422431133833	-0.05365381791967884	0.04501620067308306	-0.040934915175597525	0.03471571221546659	-0.05481777942007374	0.049955607703192254	-0.051419693700075195
0.23747940721506358	-0.6101952062248498	0.27023423412788605	-0.20954976144218299	0.09112451529012149	-0.28764818911553874	0.9999999999999984	-0.58219135777408	0.24209159403562713	-0.07872793966054775	0.13304281659836875	-0.2186649845725188	0.2223372055785431	-0.20972649693642234	0.11863400620250567	-0.11792781967262586	0.13034504247268527	-0.1436525981570574	0.11218907478331326	-0.0873551838571764	0.059198181461222306	-0.05987956210637342	0.0792073523657419	-0.06575477435073017	0.07833443941914021	-0.04325660617183779	0.051223624067699355	-0.06262840536965496	0.07716064005620815	-0.06239785356566108	0.03824783687202446	-0.05486814253554129	0.05617258623318488	-0.04768368991372585	0.058940588524073356	-0.04549503216523749	0.050265416548244124	-0.05040849999478314	0.05017972776505574	-0.04250311861641676	0.03771986003095408	-0.03213694386257091	0.05105451241747742	-0.04697974274531575	0.04812083848341829
-0.17597252156993745	0.29452775319222313	-0.45155767457618895	0.2608342200886574	-0.10814892329750393	0.1789184322114997	-0.58219135777408	0.9999999999999984	-0.40890945881426677	0.09397608584955465	-0.11084603899382386	0.17889888030615708	-0.39456972397860784	0.24622712683211392	-0.13159746374792772	0.0978680598503937	-0.11968917598283452	0.14675187421138974	-0.1186368908281083	0.0938064436602464	-0.058606558831793124	0.059599788985698274	-0.08111463060439399	0.06815093325750861	-0.08179926391503277	0.04332922220236039	-0.05201671045258773	0.06396324343849899	-0.07963270713169276	0.06477137064070641	-0.038456903825386614	0.05569297615504464	-0.057428613341402	0.0489727117628896	-0.06077987086534071	0.045961558633300245	-0.05096258354858346	0.05150547033082874	-0.0514669051471129	0.04370956059355406	-0.03831840854768674	0.0326686865458844	-0.052203102637586415	0.048116394678793695	-0.04940383634139997
0.16734019137899436	-0.29746504758958825	0.3188455584613164	-0.6473518571444257	0.16214318100994643	-0.19595894346220638	0.24209159403562713	-0.40890945881426677	0.9999999999999988	-0.1717964856276892	0.11783295944336063	-0.19738782369441127	0.24640776855694665	-0.33265520339274623	0.16522425416164244	-0.11022923043951381	0.12756109967321888	-0.16813694483718966	0.13865871507112454	-0.11857304336072216	0.06941260095631119	-0.07136228429203975	0.09586858180949184	-0.08182034709270422	0.09879736878317504	-0.05242496246585831	0.0625803450696415	-0.07707874842832155	0.09497982370339915	-0.07940730241363607	0.04631547536760001	-0.06766797771512391	0.06934361100801693	-0.05954531060045668	0.07356548680017763	-0.05598941493567696	0.061651530699986676	-0.06265370391372925	0.06234124395171746	-0.053316884284903644	0.04641645271210333	-0.03968382634072097	0.06327444923081316	-0.05872146382683145	0.059882182663143255
-0.06357596758165983	0.08508252509605901	-0.09572528209005643	0.118573095168812	-0.8761002511254853	0.07090604529936645	-0.07872793966054775	0.09397608584955465	-0.1717964856276892	0.9999999999999978	-0.06155077188551903	0.11258930240300162	-0.11280795885587089	0.1487808682276	-0.3473673050569846	0.05994495097846868	-0.07808923602040785	0.12675242053416796	-0.13401713012981253	0.16105648764038694	-0.05425635328678162	0.0575662427332244	-0.08007505584701453	0.07607991261876991	-0.09884100259871004	0.04281271528506494	-0.052231812937842695	0.06611839193897184	-0.08353244116362278	0.07730228211135542	-0.037572075106949064	0.05730150649189309	-0.058808203169269636	0.052567221042963644	-0.0657065763362513	0.04659271909068445	-0.05086875068595597	0.053841461973885604	-0.05374384580743363	0.04742174930663564	-0.03829810519180265	0.03313824663246504	-0.05343331188175009	0.051058993229973086	-0.05158322222826563
0.19856311925202338	-0.13529335163770104	0.10442504746949537	-0.08530102313204929	0.0751431300168868	-0.3197441782516655	0.13304281659836875	-0.11084603899382386	0.11783295944336063	-0.06155077188551903	0.9999999999999974	-0.39379684540173926	0.143500444866193	-0.13582227698579968	0.11810367956605837	-0.7594268756214488	0.28480872899550996	-0.21528730716152644	0.13445118186948968	-0.09459766058622789	0.0976798639434575	-0.0949103911879712	0.10361910420637759	-0.08072110251259819	0.09154317872830105	-0.06327941460374198	0.06770748474725254	-0.08099022047738212	0.09421606453197368	-0.07344679083331256	0.05321029636448568	-0.07208445936852784	0.0696244282850718	-0.057713905342964555	0.06981712885537887	-0.06067426267609097	0.06496900593323741	-0.06251231944086641	0.060496232153536444	-0.05062636050476742	0.04763242666231157	-0.04062986887536726	0.06197382252370995	-0.0569501449400218	0.05717884269676627
-0.20764818748395614	0.17899504103041847	-0.16601930766228107	0.13456659103458596	-0.14186164846904467	0.20342358980535977	-0.2186649845725188	0.17889888030615708	-0.19738782369441127	0.11258930240300162	-0.39379684540173926	0.9999999999999979	-0.3051540987991673	0.22753630721185378	-0.22862030541362482	0.28143177865608204	-0.5975034110820694	0.29841335119312123	-0.25539726613501834	0.1693602560863398	-0.13482471233926824	0.13187552762526653	-0.17690065734932703	0.14131523159579013	-0.16637482037586052	0.09199595194952827	-0.1103946103352692	0.1331515790612436	-0.1691837673159954	0.1285595998586444	-0.08274841030942298	0.11485627914703006	-0.11981992419732682	0.0999738156660526	-0.12487643859687761	0.09494959802929001	-0.10716718851672734	0.10547550247052544	-0.10624382188979781	0.08852058625265848	-0.08018538699414114	0.06772968261375556	-0.10806946085486681	0.09767102009061582	-0.10175887662513688
0.14894017924267522	-0.21335076336758946	0.20852865967936013	-0.18994577706401955	0.1290228826027818	-0.16653765839029025	0.2223372055785431	-0.39456972397860784	0.24640776855694665	-0.11280795885587089	0.143500444866193	-0.3051540987991673	0.999999999999997	-0.6968389293207669	0.21042990500728787	-0.13449771853524337	0.18508383752782784	-0.2940247962739032	0.19590956033985274	-0.15620460955362225	0.09007365336172835	-0.09352035932540353	0.13019936166200605	-0.10980528128014708	0.1294968312289177	-0.06748337385032462	0.08177893195877166	-0.1022731679992857	0.12552927022936314	-0.10324733161438732	0.059606503470032726	-0.08790012124729535	0.08978922369835368	-0.07689963131431138	0.09486328572889877	-0.07180283174665669	0.07918393559457776	-0.08084780547342812	0.08017075406964275	-0.06847281904974128	0.05932823640993176	-0.05081335949875722	0.08100867522765126	-0.07532210454716182	0.07664217276028756
-0.145410770240486	0.18467817264673334	-0.22161387857423526	0.19060638558255355	-0.177615738715227	0.1493488645690134	-0.20972649693642234	0.24622712683211392	-0.33265520339274623	0.1487808682276	-0.13582227698579968	0.22753630721185378	-0.6968389293207669	0.9999999999999989	-0.34211034601697177	0.12224087549564669	-0.1704446827387012	0.23544123259125477	-0.25226629836211434	0.19434236077381126	-0.09801977500178309	0.10032210487227416	-0.14415818302166594	0.12763026232467065	-0.15707166226775798	0.07332895737863082	-0.09063209784923702	0.11284816782902347	-0.14698029630520487	0.11963357242094903	-0.06551604435311452	0.0965134973766179	-0.10140112327945845	0.08750528759401635	-0.11042107724915623	0.0786462980958198	-0.08801277232206138	0.09051499994285037	-0.09163566857426429	0.0781917379025525	-0.06635374071318659	0.05664450776246109	-0.09189166765341839	0.0849299581294623	-0.08810295393963177
0.103728681249714	-0.12238926927504074	0.1205917394062683	-0.12113083810716141	0.24594650461730083	-0.11655750551604434	0.11863400620250567	-0.13159746374792772	0.16522425416164244	-0.3473673050569846	0.11810367956605837	-0.22862030541362482	0.21042990500728787	-0.34211034601697177	0.9999999999999971	-0.11834587519218664	0.1592246746927015	-0.2861120406671786	0.29243731504509185	-0.5940187738364414	0.1146265335895202	-0.1241943428068326	0.17155806445020802	-0.1737149308028232	0.2242769116335099	-0.09203678434514895	0.1122535602865687	-0.14463963594126766	0.17893173652169542	-0.18253248338642772	0.08010255970612513	-0.12463381556563702	0.12599253241684577	-0.11518556147544208	0.14246023499900648	-0.10041342865033694	0.10854117060781591	-0.11674111601635229	0.11538141974277137	-0.10412107408059366	0.08134375192293938	-0.0709094721357294	0.11384024700010559	-0.1109905210403273	0.11022039540991677
-0.17992298280170307	0.11412672177030657	-0.09567485998725724	0.07701322121952835	-0.07403837137305666	0.19204616480372375	-0.11792781967262586	0.0978680598503937	-0.11022923043951381	0.05994495097846868	-0.7594268756214488	0.28143177865608204	-0.13449771853524337	0.12224087549564669	-0.11834587519218664	0.999999999999997	-0.4823743466823213	0.20606780587355783	-0.14008555475198547	0.09380284531777228	-0.11431123411836473	0.09975936885747763	-0.10706605478244062	0.08166755700400133	-0.09245301918346159	0.06533812145285725	-0.06900318593994591	0.08138757837440479	-0.09587922655196457	0.07314848724556595	-0.055232260957996354	0.07219421044759697	-0.07000702960520871	0.057607544298128845	-0.06995842254645189	0.060925570367114226	-0.06567585977593214	0.06234078737209179	-0.0605258398189524	0.05038013464810744	-0.047962225045661104	0.040750013561013834	-0.06199852150086778	0.05661532349252698	-0.057116802540114364
0.14076217880296904	-0.12525681979083936	0.10766732037000978	-0.09120852894246977	0.0955209081156102	-0.16370355349550422	0.13034504247268527	-0.11968917598283452	0.12756109967321888	-0.07808923602040785	0.28480872899550996	-0.5975034110820694	0.18508383752782784	-0.1704446827387012	0.1592246746927015	-0.4823743466823213	0.9999999999999982	-0.48313868158060924	0.20143487610251912	-0.13407658105792827	0.11557873541001576	-0.12305487846332208	0.14762409312360397	-0.11334772100890043	0.1251499360949806	-0.07705740735111384	0.0894434867384248	-0.11058912847348377	0.12886233812276957	-0.09942221347487569	0.06664532427293315	-0.09397312570890493	0.09226280520784809	-0.0766703278952228	0.09295672661653744	-0.07662923716163209	0.08365753122334262	-0.08233327818485661	0.07990608656375076	-0.06701410967828347	0.06138226137461554	-0.05245186980471231	0.08118990757966142	-0.07484660102494523	0.0753221155463484
-0.13834793169693532	0.13552290592548905	-0.1343811708378071	0.11588991186234439	-0.1575582878633067	0.14543584366885481	-0.1436525981570574	0.14675187421138974	-0.16813694483718966	0.12675242053416796	-0.21528730716152644	0.29841335119312123	-0.2940247962739032	0.23544123259125477	-0.2861120406671786	0.20606780587355783	-0.48313868158060924	0.9999999999999978	-0.488090518086394	0.24140470726758168	-0.15852212109594094	0.16347403837509122	-0.29614137244194894	0.20636156155332278	-0.224345715432655	0.11103889013308617	-0.14378938493644652	0.1851363232124734	-0.23180533372839984	0.16861595921631947	-0.09919032726830172	0.14710697315571677	-0.15243085160247735	0.12649444139939348	-0.1562949227197504	0.11582463256593559	-0.1301731541108736	0.13291496743375703	-0.13156129713193906	0.11006482758337727	-0.09606003173741438	0.08215771039581021	-0.13155703389744342	0.1209403811209045	-0.1237848840756362
0.10402227855705189	-0.11333297407573333	0.10770001085217654	-0.09992451560718603	0.14474228335876294	-0.11669892718516155	0.11218907478331326	-0.1186368908281083	0.13865871507112454	-0.13401713012981253	0.13445118186948968	-0.25539726613501834	0.19590956033985274	-0.25226629836211434	0.29243731504509185	-0.14008555475198547	0.20143487610251912	-0.488090518086394	0.9999999999999972	-0.5655755877219991	0.13508099041039476	-0.15097345913180854	0.2231454585942417	-0.302098940589065	0.2592915589913067	-0.10655971235979127	0.1342962005645309	-0.18315282194158672	0.23349626722949188	-0.20626196117772053	0.09208603237231515	-0.14778354737532734	0.14580879318039772	-0.13196423334985663	0.15990229191242344	-0.11465935192275296	0.12365392724131045	-0.1343193453109145	0.13021990780743184	-0.11605774051255863	0.0912275603977149	-0.07994792808092871	0.12735536498645733	-0.12455538129534616	0.12215469891305075
-0.07832059399992254	0.08772438047444037	-0.08793905782172	0.08384754426672414	-0.18027476328138664	0.08615812593067683	-0.0873551838571764	0.0938064436602464	-0.11857304336072216	0.16105648764038694	-0.09459766058622789	0.1693602560863398	-0.15620460955362225	0.19434236077381126	-0.5940187738364414	0.09380284531777228	-0.13407658105792827	0.24140470726758168	-0.5655755877219991	0.9999999999999988	-0.10440259730605891	0.11377459474569981	-0.17580006780792365	0.2062238204742534	-0.37006575541453424	0.08196889518777027	-0.10552383114817562	0.140750532501876	-0.20054560135535324	0.19397005730543596	-0.07170038256643765	0.11431148715710845	-0.11955606766756866	0.11179116884415063	-0.14954400199078965	0.08912123827223697	-0.09780219434954203	0.10845461763087101	-0.11111795390824013	0.10018094145692161	-0.07291415427546144	0.06375875998097413	-0.10541808747736904	0.1028971634226554	-0.10612374487814544
0.06222525908213186	-0.05963052962790313	0.055263526407496814	-0.04914999007635271	0.06621729251538903	-0.06925950269397295	0.059198181461222306	-0.058606558831793124	0.06941260095631119	-0.05425635328678162	0.0976798639434575	-0.13482471233926824	0.09007365336172835	-0.09801977500178309	0.1146265335895202	-0.11431123411836473	0.11557873541001576	-0.15852212109594094	0.13508099041039476	-0.10440259730605891	0.9999999999999979	-0.7429484091995092	0.2315384618537096	-0.14252279915741503	0.13419210621404645	-0.4106187997532934	0.20669432032637433	-0.201481666806207	0.16220138333688142	-0.11959647654126696	0.22531779929705337	-0.21849667219356622	0.14712047193373265	-0.10923886369650222	0.11440054879565187	-0.21151307379281126	0.18400763747870041	-0.13687768338767733	0.11116667423874994	-0.08874712375353026	0.12087728878068402	-0.10395966900069996	0.12071568115399321	-0.11148945902952082	0.09685869347995299
-0.06202960010898348	0.05980844442278954	-0.05643819386014369	0.050183637973758716	-0.07047409840109933	0.0676204925856211	-0.05987956210637342	0.059599788985698274	-0.07136228429203975	0.0575662427332244	-0.0949103911879712	0.13187552762526653	-0.09352035932540353	0.10032210487227416	-0.1241943428068326	0.09975936885747763	-0.12305487846332208	0.16347403837509122	-0.15097345913180854	0.11377459474569981	-0.7429484091995092	0.9999999999999992	-0.376312013211849	0.1679870452479403	-0.15550464331224723	0.23545575663658397	-0.285778158849848	0.22718605465207706	-0.19689311154490532	0.13058853670075615	-0.21136818189360188	0.21752112614825367	-0.16450159657426344	0.11727621253227039	-0.1260708434222146	0.1772293248183162	-0.19550603698889926	0.14244287916396137	-0.12071727870001941	0.09460371800769907	-0.12661472739522506	0.10530708210991571	-0.1292077910935599	0.1160764857035093	-0.10467052481051946
0.07722274000581739	-0.07966912336357827	0.07542122914702641	-0.06812191192013185	0.09569851336862308	-0.08554482804815079	0.0792073523657419	-0.08111463060439399	0.09586858180949184	-0.08007505584701453	0.10361910420637759	-0.17690065734932703	0.13019936166200605	-0.14415818302166594	0.17155806445020802	-0.10706605478244062	0.14762409312360397	-0.29614137244194894	0.2231454585942417	-0.17580006780792365	0.2315384618537096	-0.376312013211849	0.9999999999999961	-0.4260158918136242	0.23447897533941212	-0.17112718567408436	0.25096029089624583	-0.5407710703081449	0.30353359195774426	-0.2058406928037021	0.13991285924578303	-0.2602945192677043	0.2200982531875254	-0.16648341054246082	0.1720923663363314	-0.16969592655540872	0.17829406774932618	-0.19649110245050183	0.15889896408011114	-0.13023668411582612	0.12128566921822259	-0.10863300365006065	0.15909068996412284	-0.1542457542972112	0.1363824252800857
-0.06268252676279412	0.06627681217731096	-0.0635237801536578	0.05815381946280251	-0.08881544818504011	0.06932239658059612	-0.06575477435073017	0.06815093325750861	-0.08182034709270422	0.07607991261876991	-0.08072110251259819	0.14131523159579013	-0.10980528128014708	0.12763026232467065	-0.1737149308028232	0.08166755700400133	-0.11334772100890043	0.20636156155332278	-0.302098940589065	0.2062238204742534	-0.14252279915741503	0.1679870452479403	-0.4260158918136242	0.9999999999999947	-0.4593589329614291	0.1074785262067765	-0.15881168352397576	0.24983730665436735	-0.6389878913959622	0.2403136290327552	-0.09250582088049392	0.16142932007770552	-0.162210379917975	0.14739047509152803	-0.17709939697319382	0.11361225237627216	-0.12443732134954702	0.1420191942873453	-0.1386689078322002	0.11893153629397558	-0.08864830761404607	0.07875358230449755	-0.12683054415823852	0.1254143179223744	-0.12227197495314823
0.07388129936538423	-0.07963387863845062	0.07624639197223868	-0.07067388519449895	0.11134747928196168	-0.08223806918163977	0.07833443941914021	-0.08179926391503277	0.09879736878317504	-0.09884100259871004	0.09154317872830105	-0.16637482037586052	0.1294968312289177	-0.15707166226775798	0.2242769116335099	-0.09245301918346159	0.1251499360949806	-0.224345715432655	0.2592915589913067	-0.37006575541453424	0.13419210621404645	-0.15550464331224723	0.23447897533941212	-0.4593589329614291	0.9999999999999951	-0.1109787356204214	0.14482590338627235	-0.20668045049943523	0.28791497119723347	-0.5644678670241404	0.09527944702967753	-0.1624062239630941	0.16926141120147434	-0.18227729609002014	0.24912110053216668	-0.12251586820917489	0.13219266465081414	-0.15909751764163957	0.16475181099665345	-0.16698980808219482	0.0980790061410971	-0.08782478276020797	0.14797096521707792	-0.1558924007427023	0.1566376908356009
-0.04414272402573212	0.04337310447551033	-0.041213213957951245	0.03681151145745536	-0.05279096696336255	0.04810586932098137	-0.04325660617183779	0.04332922220236039	-0.05242496246585831	0.04281271528506494	-0.06327941460374198	0.09199595194952827	-0.06748337385032462	0.07332895737863082	-0.09203678434514895	0.06533812145285725	-0.07705740735111384	0.11103889013308617	-0.10655971235979127	0.08196889518777027	-0.4106187997532934	0.23545575663658397	-0.17112718567408436	0.1074785262067765	-0.1109787356204214	0.9999999999999939	-0.20265816532364134	0.1529794094169343	-0.1359555316304527	0.09799227407144094	-0.7380066698161956	0.1852004088392007	-0.13537335289169172	0.09583840621318487	-0.10051219113566628	0.27258054515824387	-0.26411392705720016	0.12640270400829928	-0.10223693943439227	0.07827468542936275	-0.1655080068017516	0.12780604403839213	-0.12029499586116299	0.10279080444375627	-0.08818714418817603
0.05066955727341186	-0.051571031037489154	0.04905006590056475	-0.04419259823718648	0.06357499047322467	-0.05570252027794984	0.051223624067699355	-0.05201671045258773	0.0625803450696415	-0.052231812937842695	0.06770748474725254	-0.1103946103352692	0.08177893195877166	-0.09063209784923702	0.1122535602865687	-0.06900318593994591	0.0894434867384248	-0.14378938493644652	0.1342962005645309	-0.10552383114817562	0.20669432032637433	-0.285778158849848	0.25096029089624583	-0.15881168352397576	0.14482590338627235	-0.20265816532364134	0.9999999999999939	-0.4807140428196646	0.20184665301217689	-0.1339373567797711	0.15707916934568933	-0.6993915275314192	0.22040741739254255	-0.13754207868044305	0.13064263629331138	-0.19218399030578184	0.21902036115837678	-0.18192640968119056	0.1345272371027123	-0.10142523764239797	0.12624347873624428	-0.11760869224400236	0.14259156651954927	-0.13055097543810865	0.10946787463257825
-0.06119303939462245	0.06282483144095313	-0.060215216912176246	0.054351828253567595	-0.0800618656841033	0.0670061017033751	-0.06262840536965496	0.06396324343849899	-0.07707874842832155	0.06611839193897184	-0.08099022047738212	0.1331515790612436	-0.1022731679992857	0.11284816782902347	-0.14463963594126766	0.08138757837440479	-0.11058912847348377	0.1851363232124734	-0.18315282194158672	0.140750532501876	-0.201481666806207	0.22718605465207706	-0.5407710703081449	0.24983730665436735	-0.20668045049943523	0.1529794094169343	-0.4807140428196646	0.9999999999999953	-0.39347387537476103	0.18021753394481982	-0.1347530037967454	0.2836994514874754	-0.3563586054735633	0.17687003522610215	-0.17229436912879711	0.15893993437637252	-0.19153371607762215	0.2157449918503077	-0.1724191785799184	0.12647855046526793	-0.12387291835353245	0.1102764416475073	-0.17146429421449616	0.15438845448513328	-0.13680555319301105
0.07410119282865804	-0.07832102830359096	0.07418530230258022	-0.06781836280399989	0.09801976090478695	-0.08252008386786115	0.07716064005620815	-0.07963270713169276	0.09497982370339915	-0.08353244116362278	0.09421606453197368	-0.1691837673159954	0.12552927022936314	-0.14698029630520487	0.17893173652169542	-0.09587922655196457	0.12886233812276957	-0.23180533372839984	0.23349626722949188	-0.20054560135535324	0.16220138333688142	-0.19689311154490532	0.30353359195774426	-0.6389878913959622	0.28791497119723347	-0.1359555316304527	0.20184665301217689	-0.39347387537476103	0.9999999999999998	-0.30735074575153165	0.11462273388009564	-0.220538780306737	0.2075536125607749	-0.20766698537292652	0.20635197999859822	-0.147468142308	0.1578651496188995	-0.19003202988161935	0.17646669793156627	-0.15097387633201467	0.11177960176652418	-0.10097777592893026	0.1603961519493119	-0.16413628330669167	0.14952233434858558
-0.059113627816402045	0.06294994805719636	-0.06105387329220941	0.056124002549300035	-0.0923379870670506	0.06504043795699965	-0.06239785356566108	0.06477137064070641	-0.07940730241363607	0.07730228211135542	-0.07344679083331256	0.1285595998586444	-0.10324733161438732	0.11963357242094903	-0.18253248338642772	0.07314848724556595	-0.09942221347487569	0.16861595921631947	-0.20626196117772053	0.19397005730543596	-0.11959647654126696	0.13058853670075615	-0.2058406928037021	0.2403136290327552	-0.5644678670241404	0.09799227407144094	-0.1339373567797711	0.18021753394481982	-0.30735074575153165	0.9999999999999928	-0.08652416912635574	0.14564949551464904	-0.18658336346402457	0.21989697705540276	-0.5752793754130258	0.11134940354138105	-0.126254615950937	0.1642786123552747	-0.21201279186725874	0.21140323245483125	-0.0973052875746658	0.08660380516299722	-0.1666310480459546	0.1691737829878874	-0.2167839100081037
0.03863393198547917	-0.03854378470277061	0.03643684268174379	-0.032661981271754854	0.04618121175403722	-0.04250359813482112	0.03824783687202446	-0.038456903825386614	0.04631547536760001	-0.037572075106949064	0.05321029636448568	-0.08274841030942298	0.059606503470032726	-0.06551604435311452	0.08010255970612513	-0.055232260957996354	0.06664532427293315	-0.09919032726830172	0.09208603237231515	-0.07170038256643765	0.22531779929705337	-0.21136818189360188	0.13991285924578303	-0.09250582088049392	0.09527944702967753	-0.7380066698161956	0.15707916934568933	-0.1347530037967454	0.11462273388009564	-0.08652416912635574	0.9999999999999927	-0.18110969181205278	0.11909351988022993	-0.08584079764517588	0.08774455689304632	-0.4988683045731719	0.23770803826742234	-0.11740962095248814	0.09029309951716703	-0.06995445933176588	0.1501985156901626	-0.12564323662459378	0.10719154748469616	-0.09429977021532865	0.07758107035321221
-0.0542605290701024	0.05503128056794427	-0.05282754945849757	0.047527276254974625	-0.07030046592524258	0.05911753364122961	-0.05486814253554129	0.05569297615504464	-0.06766797771512391	0.05730150649189309	-0.07208445936852784	0.11485627914703006	-0.08790012124729535	0.0965134973766179	-0.12463381556563702	0.07219421044759697	-0.09397312570890493	0.14710697315571677	-0.14778354737532734	0.11431148715710845	-0.21849667219356622	0.21752112614825367	-0.2602945192677043	0.16142932007770552	-0.1624062239630941	0.1852004088392007	-0.6993915275314192	0.2836994514874754	-0.220538780306737	0.14564949551464904	-0.18110969181205278	0.9999999999999952	-0.30083481703160414	0.15686108272165655	-0.1531462296363146	0.21594558200880118	-0.3683182707823095	0.20763929491369926	-0.1617324331503837	0.11626776149760357	-0.1664846680090869	0.1498446235202286	-0.17621672085059015	0.15043017884871868	-0.1297726166830338
0.05471232052719896	-0.05683508128380281	0.05414292536116599	-0.04908013984890236	0.07137576930593395	-0.06037342830025089	0.05617258623318488	-0.057428613341402	0.06934361100801693	-0.058808203169269636	0.0696244282850718	-0.11981992419732682	0.08978922369835368	-0.10140112327945845	0.12599253241684577	-0.07000702960520871	0.09226280520784809	-0.15243085160247735	0.14580879318039772	-0.11955606766756866	0.14712047193373265	-0.16450159657426344	0.2200982531875254	-0.162210379917975	0.16926141120147434	-0.13537335289169172	0.22040741739254255	-0.3563586054735633	0.2075536125607749	-0.18658336346402457	0.11909351988022993	-0.30083481703160414	0.9999999999999972	-0.38041322659419	0.2055104748623414	-0.16794058754519028	0.2023876941181379	-0.6419189151730242	0.2698249956721887	-0.16923184504671349	0.13644901099141207	-0.13191058215009205	0.2525202060075763	-0.24450191086190717	0.1700904408297328
-0.04602242547641486	0.04820594325782751	-0.04624296539428931	0.042086560755061564	-0.06366142626317534	0.05066692065718297	-0.04768368991372585	0.0489727117628896	-0.05954531060045668	0.052567221042963644	-0.057713905342964555	0.0999738156660526	-0.07689963131431138	0.08750528759401635	-0.11518556147544208	0.057607544298128845	-0.0766703278952228	0.12649444139939348	-0.13196423334985663	0.11179116884415063	-0.10923886369650222	0.11727621253227039	-0.16648341054246082	0.14739047509152803	-0.18227729609002014	0.09583840621318487	-0.13754207868044305	0.17687003522610215	-0.20766698537292652	0.21989697705540276	-0.08584079764517588	0.15686108272165655	-0.38041322659419	0.9999999999999925	-0.4231591291138423	0.11657204490517677	-0.13996415699551087	0.2578762623357834	-0.6877432603168668	0.21961790945409027	-0.10770382532405955	0.0988462042180985	-0.2213008756477518	0.23435833624122393	-0.21232291166813566
0.056532765179449704	-0.059905481891166866	0.05715017571927356	-0.05228990572905061	0.07827335395320449	-0.062683684408658	0.058940588524073356	-0.06077987086534071	0.07356548680017763	-0.0657065763362513	0.06981712885537887	-0.12487643859687761	0.09486328572889877	-0.11042107724915623	0.14246023499900648	-0.06995842254645189	0.09295672661653744	-0.1562949227197504	0.15990229191242344	-0.14954400199078965	0.11440054879565187	-0.1260708434222146	0.1720923663363314	-0.17709939697319382	0.24912110053216668	-0.10051219113566628	0.13064263629331138	-0.17229436912879711	0.20635197999859822	-0.5752793754130258	0.08774455689304632	-0.1531462296363146	0.2055104748623414	-0.4231591291138423	0.9999999999999916	-0.11855611054313271	0.13179348999791216	-0.19840108008071047	0.2637506502416938	-0.4300438875584159	0.10236255282451659	-0.0941637112092611	0.18480764084109083	-0.2229437661723013	0.2583691976585892
-0.04541677628329335	0.04567624913147645	-0.04376069468752592	0.039274042990401506	-0.05756438016607879	0.049439852015079964	-0.04549503216523749	0.045961558633300245	-0.05598941493567696	0.04659271909068445	-0.06067426267609097	0.09494959802929001	-0.07180283174665669	0.0786462980958198	-0.10041342865033694	0.060925570367114226	-0.07662923716163209	0.11582463256593559	-0.11465935192275296	0.08912123827223697	-0.21151307379281126	0.1772293248183162	-0.16969592655540872	0.11361225237627216	-0.12251586820917489	0.27258054515824387	-0.19218399030578184	0.15893993437637252	-0.147468142308	0.11134940354138105	-0.4988683045731719	0.21594558200880118	-0.16794058754519028	0.11657204490517677	-0.11855611054313271	0.9999999999999896	-0.6148467961758812	0.16977373942215326	-0.12801859697653528	0.09547024196734909	-0.33561055420815117	0.23691269470250467	-0.16676409989515295	0.13506598118620564	-0.10839004016959172
0.04976934930631906	-0.05075824214718435	0.048271228222287646	-0.043494658884326916	0.06246554285289261	-0.054727198224224435	0.050265416548244124	-0.05096258354858346	0.061651530699986676	-0.05086875068595597	0.06496900593323741	-0.10716718851672734	0.07918393559457776	-0.08801277232206138	0.10854117060781591	-0.06567585977593214	0.08365753122334262	-0.1301731541108736	0.12365392724131045	-0.09780219434954203	0.18400763747870041	-0.19550603698889926	0.17829406774932618	-0.12443732134954702	0.13219266465081414	-0.26411392705720016	0.21902036115837678	-0.19153371607762215	0.1578651496188995	-0.126254615950937	0.23770803826742234	-0.3683182707823095	0.2023876941181379	-0.13996415699551087	0.13179348999791216	-0.6148467961758812	0.999999999999992	-0.25461358532995976	0.14858792830359474	-0.11106322879924874	0.27752693893637304	-0.39131249397077683	0.19459826726898222	-0.16748084932064744	0.12141407293903697
-0.049109906121999086	0.05082770152066035	-0.04876926150877637	0.04415160876638652	-0.06580611509338431	0.05384422431133833	-0.05040849999478314	0.05150547033082874	-0.06265370391372925	0.053841461973885604	-0.06251231944086641	0.10547550247052544	-0.08084780547342812	0.09051499994285037	-0.11674111601635229	0.06234078737209179	-0.08233327818485661	0.13291496743375703	-0.1343193453109145	0.10845461763087101	-0.13687768338767733	0.14244287916396137	-0.19649110245050183	0.1420191942873453	-0.15909751764163957	0.12640270400829928	-0.18192640968119056	0.2157449918503077	-0.19003202988161935	0.1642786123552747	-0.11740962095248814	0.20763929491369926	-0.6419189151730242	0.2578762623357834	-0.19840108008071047	0.16977373942215326	-0.25461358532995976	0.9999999999999928	-0.35006063999216425	0.1681890787279589	-0.16336160150399365	0.15613148797503604	-0.4618435205942123	0.26591505539319676	-0.18833363337220538
0.048545615087025866	-0.05090017165302518	0.048548276045767606	-0.044170506802050945	0.06503729453857035	-0.05365381791967884	0.05017972776505574	-0.0514669051471129	0.06234124395171746	-0.05374384580743363	0.060496232153536444	-0.10624382188979781	0.08017075406964275	-0.09163566857426429	0.11538141974277137	-0.0605258398189524	0.07990608656375076	-0.13156129713193906	0.13021990780743184	-0.11111795390824013	0.11116667423874994	-0.12071727870001941	0.15889896408011114	-0.1386689078322002	0.16475181099665345	-0.10223693943439227	0.1345272371027123	-0.1724191785799184	0.17646669793156627	-0.21201279186725874	0.09029309951716703	-0.1617324331503837	0.2698249956721887	-0.6877432603168668	0.2637506502416938	-0.12801859697653528	0.14858792830359474	-0.35006063999216425	0.9999999999999934	-0.2844756931432642	0.11594508578582496	-0.11054646804989175	0.2505729182409989	-0.3841547133582219	0.22889124509622333
-0.04088458146172749	0.04301016055488503	-0.04132951357052028	0.03766972677041845	-0.057547401649992	0.04501620067308306	-0.04250311861641676	0.04370956059355406	-0.053316884284903644	0.04742174930663564	-0.05062636050476742	0.08852058625265848	-0.06847281904974128	0.0781917379025525	-0.10412107408059366	0.05038013464810744	-0.06701410967828347	0.11006482758337727	-0.11605774051255863	0.10018094145692161	-0.08874712375353026	0.09460371800769907	-0.13023668411582612	0.11893153629397558	-0.16698980808219482	0.07827468542936275	-0.10142523764239797	0.12647855046526793	-0.15097387633201467	0.21140323245483125	-0.06995445933176588	0.11626776149760357	-0.16923184504671349	0.21961790945409027	-0.4300438875584159	0.09547024196734909	-0.11106322879924874	0.1681890787279589	-0.2844756931432642	0.9999999999999928	-0.09407923813007332	0.08562735284002684	-0.2066709832256019	0.24362740323492688	-0.7559861585648842
0.037163041169528024	-0.03817390451184137	0.03630399755664022	-0.032771532416649686	0.047043477968350796	-0.040934915175597525	0.03771986003095408	-0.03831840854768674	0.04641645271210333	-0.03829810519180265	0.04763242666231157	-0.08018538699414114	0.05932823640993176	-0.06635374071318659	0.08134375192293938	-0.047962225045661104	0.06138226137461554	-0.09606003173741438	0.0912275603977149	-0.07291415427546144	0.12087728878068402	-0.12661472739522506	0.12128566921822259	-0.08864830761404607	0.0980790061410971	-0.1655080068017516	0.12624347873624428	-0.12387291835353245	0.11177960176652418	-0.0973052875746658	0.1501985156901626	-0.1664846680090869	0.13644901099141207	-0.10770382532405955	0.10236255282451659	-0.33561055420815117	0.27752693893637304	-0.16336160150399365	0.11594508578582496	-0.09407923813007332	0.9999999999999928	-0.8266407820717003	0.19421903009685937	-0.1696910800916413	0.10208289367717632
-0.031624365098084264	0.03245100628299959	-0.030985816087872035	0.02796584560630832	-0.0407378135619052	0.03471571221546659	-0.03213694386257091	0.0326686865458844	-0.03968382634072097	0.03313824663246504	-0.04062986887536726	0.06772968261375556	-0.05081335949875722	0.05664450776246109	-0.0709094721357294	0.040750013561013834	-0.05245186980471231	0.08215771039581021	-0.07994792808092871	0.06375875998097413	-0.10395966900069996	0.10530708210991571	-0.10863300365006065	0.07875358230449755	-0.08782478276020797	0.12780604403839213	-0.11760869224400236	0.1102764416475073	-0.10097777592893026	0.08660380516299722	-0.12564323662459378	0.1498446235202286	-0.13191058215009205	0.0988462042180985	-0.0941637112092611	0.23691269470250467	-0.39131249397077683	0.15613148797503604	-0.11054646804989175	0.08562735284002684	-0.8266407820717003	0.9999999999999936	-0.24940702697954048	0.15708763919958377	-0.09652168309255969
0.049640436684511256	-0.051784872275251026	0.04934311721499894	-0.044772209751142655	0.06514385238199405	-0.05481777942007374	0.05105451241747742	-0.052203102637586415	0.06327444923081316	-0.05343331188175009	0.06197382252370995	-0.10806946085486681	0.08100867522765126	-0.09189166765341839	0.11384024700010559	-0.06199852150086778	0.08118990757966142	-0.13155703389744342	0.12735536498645733	-0.10541808747736904	0.12071568115399321	-0.1292077910935599	0.15909068996412284	-0.12683054415823852	0.14797096521707792	-0.12029499586116299	0.14259156651954927	-0.17146429421449616	0.1603961519493119	-0.1666310480459546	0.10719154748469616	-0.17621672085059015	0.2525202060075763	-0.2213008756477518	0.18480764084109083	-0.16676409989515295	0.19459826726898222	-0.4618435205942123	0.2505729182409989	-0.2066709832256019	0.19421903009685937	-0.24940702697954048	0.9999999999999936	-0.6676973665452586	0.22287474753608513
