1.0000000000000002	-0.7539662617016976	0.29808510366528584	-0.29407561604613	0.14807061366139507	-0.30582646811233327	0.18152784019610094	-0.25229914072487963	0.18978851818222847	-0.13725186602980952	0.1703436806441493	-0.160589090778215	0.1557562164564816	-0.15800529838588256	0.12616112369278587	-0.20825140728480535	0.1339328072886895	-0.12810337635168279	0.1021989285845096	-0.10372089668477992	0.09141040781494365	-0.08462001673389924	0.10212967781822165	-0.08368215680686474	0.08838306705191698	-0.07362702520731006	0.06710446894482755	-0.11810727580504046	0.08794311794630802	-0.07418064299758723	0.05105919487146504	-0.05421383153136521	0.05139632535362192	-0.05130876863489976	0.05683240841322297	-0.062056398555903634	0.049124767836752695	-0.0423539955731895	0.023341393433870792	-0.028350127910500157
-0.7539662617016976	1.0	-0.5317043927315039	0.23369545373216694	-0.12468366485251597	0.1737289313447315	-0.13234188235094116	0.1718266401498825	-0.16264796119768468	0.10629869201408867	-0.11776603277598995	0.10959004802319611	-0.11260218501285264	0.11388067468292791	-0.09527519112576358	0.13317261028175637	-0.092792902022633	0.08726851836253323	-0.07537483885160108	0.07487094618243263	-0.06306918127189413	0.05773616756918201	-0.07059881031628801	0.05979624150349007	-0.06435530557937189	0.04953964110196704	-0.045547366603132376	0.07919783769737344	-0.06309898326265817	0.05233498638514606	-0.034512300290696164	0.036629826306288985	-0.034972864914899676	0.036202461988815535	-0.0406064194586822	0.04156834333788731	-0.033394635820647896	0.02863338590011108	-0.015917002792662373	0.019256776370138888
0.29808510366528584	-0.5317043927315039	1.0000000000000002	-0.6083475947995991	0.18201921068230445	-0.2207815437954689	0.17004241448980745	-0.2923245519130591	0.2552494720219317	-0.1718501567792655	0.14954385263834935	-0.15361465869286794	0.16238800415055446	-0.17806320748273843	0.1383549140388605	-0.1941465228501305	0.1297148496783114	-0.12714191998477972	0.10727585431593675	-0.11142008924132082	0.08922312267555609	-0.08277833532478228	0.10080275522352822	-0.08646558034230786	0.09070294652815232	-0.07203296903371594	0.06576946866583243	-0.11605687359894873	0.08896758669050382	-0.07533473724565659	0.04996195555155084	-0.05312170261940636	0.050427846769763	-0.0516980643630134	0.05733867398435781	-0.06068249390039028	0.04814387628334778	-0.04153116409880263	0.0229773562863934	-0.027892705542568546
-0.29407561604613	0.23369545373216694	-0.6083475947995991	1.0000000000000004	-0.299332685370992	0.1822496056019662	-0.1702944993876655	0.26078185493306694	-0.5376629085594335	0.22619335257956938	-0.1419766393844971	0.14546017065436487	-0.17555545711843717	0.1961094047430819	-0.16773755430846035	0.1684646101104077	-0.12681600875608226	0.12220016021185916	-0.12055882529784936	0.12126870735243167	-0.08690815941313851	0.07940613009943809	-0.09908674238803714	0.0910790799984921	-0.09831329043711076	0.06765054456933063	-0.06263580024427937	0.10865565061585415	-0.09353196528361708	0.07723826090299345	-0.04723851022961269	0.05023570077114627	-0.04822933385801501	0.05286704149892399	-0.05977606323169435	0.05658401947453801	-0.045943479044499386	0.039321869011008224	-0.022088363279754275	0.02664787957826838
0.14807061366139507	-0.12468366485251597	0.18201921068230445	-0.299332685370992	1.0000000000000002	-0.1822585137368315	0.15518306039300725	-0.2613059674128444	0.2775294767865739	-0.8028825370441357	0.14032327025324556	-0.15147385944370467	0.17394843770291687	-0.2233215666860758	0.21624447685703185	-0.1958713727582462	0.13407608949496158	-0.1375830821004632	0.13723375272271957	-0.17178604195071434	0.09517302437154619	-0.08878671460154207	0.10907739802036318	-0.10945366691760583	0.10995740397369762	-0.07863070469468054	0.07174434472055843	-0.12846070689867994	0.10378571882709109	-0.09119185628203183	0.054496413775640594	-0.058194263902947456	0.055265041427495894	-0.06061416694357567	0.06667813678418275	-0.0664651450148166	0.052631649222493276	-0.0456602942612862	0.025462303648020566	-0.030943012451553172
-0.30582646811233327	0.1737289313447315	-0.2207815437954689	0.1822496056019662	-0.1822585137368315	1.0	-0.5447149052001649	0.27318960621932115	-0.2131948868071603	0.14569293510800826	-0.5527238722903713	0.30403532964605456	-0.24879328075809867	0.1941396114735444	-0.17367973864439004	0.28185472933717187	-0.22646490958970372	0.18174587443378726	-0.1468973277185379	0.13288583383598265	-0.13757996893514138	0.12238101507986457	-0.15032129314345247	0.11405272267296149	-0.1288599674338331	0.09658865987401132	-0.09096194162774124	0.1500811832159576	-0.12785848822210732	0.10037118420392993	-0.06769037693374798	0.07130140356103094	-0.0691230529068407	0.07108251663094475	-0.08191145826672448	0.07882693687140116	-0.06591671801564253	0.05527201758343481	-0.030943040016614142	0.037021655460805505
0.18152784019610094	-0.13234188235094116	0.17004241448980745	-0.1702944993876655	0.15518306039300725	-0.5447149052001649	1.0000000000000002	-0.4845268978514883	0.20892200444039255	-0.13722484540912683	0.29267197374005965	-0.5309484111881745	0.2565546465878583	-0.2021609428801382	0.1554273516397284	-0.26615789813368507	0.2099624532909881	-0.18614040417236313	0.12698188321042575	-0.12213390256723479	0.12019928590716501	-0.11456518150726583	0.13719293232523175	-0.10076784038280097	0.10868250042829924	-0.08921622140095206	0.08268628970913494	-0.14177742016174394	0.10786173835167238	-0.087558515869158	0.06125078188844089	-0.06490117497260219	0.06187684690428163	-0.06126435715099258	0.0690136065035031	-0.07254481611624392	0.058810362126782076	-0.04995992983159796	0.02753822932687667	-0.03318615492542043
-0.25229914072487963	0.1718266401498825	-0.2923245519130591	0.26078185493306694	-0.2613059674128444	0.27318960621932115	-0.4845268978514883	1.0000000000000007	-0.49682001200288717	0.2158646809486152	-0.23896714837774977	0.26621150008131444	-0.36729122319642005	0.2600756336277475	-0.21996683972400893	0.23738679480941166	-0.2104467001115603	0.19343740834306475	-0.16817841153449248	0.15876010150803943	-0.132705614141993	0.12093248633284982	-0.1540992486284444	0.12639889889757155	-0.13969793883925136	0.09738573393415535	-0.09140725078020498	0.15469895148185273	-0.1344301602260071	0.10778242879320041	-0.06799672163165858	0.07205364353220652	-0.06960925258043911	0.07485541167593202	-0.08566548463765591	0.07999851236331271	-0.06618915744008438	0.0559989954522047	-0.03146169810111954	0.03775013677250205
0.18978851818222847	-0.16264796119768468	0.2552494720219317	-0.5376629085594335	0.2775294767865739	-0.2131948868071603	0.20892200444039255	-0.49682001200288717	1.0000000000000007	-0.3872347132515677	0.1636717871355933	-0.1855841596428143	0.22881270130638617	-0.34690934306060933	0.2124102032386376	-0.20102448547616755	0.1508712888304583	-0.15220501328267813	0.144983251911213	-0.15585302537708462	0.10163431425123683	-0.09455046426913537	0.11800965293910955	-0.11017580366463825	0.11461024303708653	-0.07995625611645749	0.07379968084477616	-0.12951788950970322	0.10842256489277886	-0.09119829626609353	0.055447535901567674	-0.059073797533892275	0.05645711899639252	-0.06175082705385487	0.0691720239019449	-0.06661976655666044	0.053679503378421665	-0.046108419685477825	0.025800727367915076	-0.03118404005063934
-0.13725186602980952	0.10629869201408867	-0.1718501567792655	0.22619335257956938	-0.8028825370441357	0.14569293510800826	-0.13722484540912683	0.2158646809486152	-0.3872347132515677	1.0000000000000013	-0.11922133947103523	0.1282940997029119	-0.16285485977076064	0.2077420575910062	-0.28456818390237404	0.15364686984412465	-0.11490439530690934	0.11573803990185497	-0.13658986578619042	0.1608506147739199	-0.08087927625178536	0.07452084857760218	-0.09349505497284401	0.09950562104085649	-0.10415230524233479	0.06455383348574462	-0.05964614080022399	0.10509449524464556	-0.09483459331210838	0.08065927942748029	-0.04498435410408874	0.04805267978459622	-0.0460999780224141	0.05369049259047277	-0.0602669971242309	0.05417464316099047	-0.04379995562767456	0.03772685502136165	-0.02134044610696398	0.025781773517991782
0.1703436806441493	-0.11776603277598995	0.14954385263834935	-0.1419766393844971	0.14032327025324556	-0.5527238722903713	0.29267197374005965	-0.23896714837774977	0.1636717871355933	-0.11922133947103523	1.0000000000000016	-0.4933325956721661	0.23910368901015394	-0.187684137871949	0.1507222527416187	-0.5325635468137888	0.24592297646980835	-0.2019326093486729	0.12945407580024507	-0.12108500963590384	0.1389254248373666	-0.13026706683588127	0.1518611949077497	-0.1044787930544082	0.11386216529529641	-0.09987038829794315	0.09237550350186045	-0.15628502569591401	0.11513097085827102	-0.0924003845254331	0.06831551924285648	-0.07211547318454782	0.06869125050218843	-0.06541107671013661	0.073787581783562	-0.08050337905825405	0.06534853679823382	-0.055287491779170084	0.030308467930069367	-0.03649216330685876
-0.160589090778215	0.10959004802319611	-0.15361465869286794	0.14546017065436487	-0.15147385944370467	0.30403532964605456	-0.5309484111881745	0.26621150008131444	-0.1855841596428143	0.1282940997029119	-0.4933325956721661	1.0000000000000009	-0.4425592728906296	0.22068929062155568	-0.17502742795216086	0.2881823113929408	-0.3462128718522585	0.2314490502133893	-0.14288040496756424	0.13157475953993142	-0.1442174856435028	0.13889581389093494	-0.16755653498114728	0.11076054982894032	-0.12100681146391751	0.09999776241570699	-0.09394407466289464	0.1571562009064388	-0.11997084715344904	0.09545342808136667	-0.06825308758729313	0.07211566844409793	-0.06895020052756172	0.067220825012873	-0.07626168806744654	0.07953441627558364	-0.06528938357555064	0.05499256689882376	-0.030248344335747118	0.036307419448634984
0.1557562164564816	-0.11260218501285264	0.16238800415055446	-0.17555545711843717	0.17394843770291687	-0.24879328075809867	0.2565546465878583	-0.36729122319642005	0.22881270130638617	-0.16285485977076064	0.23910368901015394	-0.4425592728906296	1.000000000000001	-0.5320557042131255	0.23796144376537148	-0.2893378183936009	0.2620101255588281	-0.3895029812737007	0.1807166418196335	-0.18803348670791611	0.15364548380233226	-0.15496671747514507	0.2005564276174508	-0.1422866904405704	0.14370360012486377	-0.1179999421915325	0.10933717742479775	-0.19605215047978947	0.139954202295071	-0.1168978350927946	0.07955945600163174	-0.08497097710700495	0.0802810775465917	-0.08000282882740538	0.08867260080510864	-0.09467131044382891	0.07568780721989991	-0.06481657111555514	0.035463819665906046	-0.042862266352667044
-0.15800529838588256	0.11388067468292791	-0.17806320748273843	0.1961094047430819	-0.2233215666860758	0.1941396114735444	-0.2021609428801382	0.2600756336277475	-0.34690934306060933	0.2077420575910062	-0.187684137871949	0.22068929062155568	-0.5320557042131255	0.9999999999999982	-0.5240728879338403	0.2183187135392606	-0.1961693116633825	0.2071316012147165	-0.27954710187786835	0.2555307020549077	-0.13019188979356988	0.12063208434379491	-0.16079882225212783	0.17159167893804572	-0.18220290989514967	0.09838376528373788	-0.09256575024538231	0.16074843004254252	-0.16077609332158535	0.1307247617988471	-0.06837193858622236	0.07312019768157918	-0.0707684693087556	0.08734292128114289	-0.10007348294163655	0.08078853844401183	-0.06678380539433709	0.0570500636078404	-0.032691137635294805	0.039213670459380554
0.12616112369278587	-0.09527519112576358	0.1383549140388605	-0.16773755430846035	0.21624447685703185	-0.17367973864439004	0.1554273516397284	-0.21996683972400893	0.2124102032386376	-0.28456818390237404	0.1507222527416187	-0.17502742795216086	0.23796144376537148	-0.5240728879338403	0.9999999999999988	-0.2134943284482809	0.15862436271187882	-0.17640433801290864	0.2679630276524511	-0.6001483100289919	0.11461464399866977	-0.10820448735323714	0.13683225467937926	-0.19506280034273366	0.17974230746044706	-0.09505737785636535	0.08754373336996313	-0.15917858674536772	0.15216904028835737	-0.1398113041195097	0.06565510350983494	-0.07074364975041651	0.06765172446205012	-0.08743122960421766	0.09585852612490806	-0.0796035900859756	0.0638606298960845	-0.055616550873026256	0.0317652677953909	-0.03847801111141188
-0.20825140728480535	0.13317261028175637	-0.1941465228501305	0.1684646101104077	-0.1958713727582462	0.28185472933717187	-0.26615789813368507	0.23738679480941166	-0.20102448547616755	0.15364686984412465	-0.5325635468137888	0.2881823113929408	-0.2893378183936009	0.2183187135392606	-0.2134943284482809	0.9999999999999999	-0.4781285068766319	0.26626334383680245	-0.19479240581282453	0.16480473096975656	-0.24184042484929152	0.1992789668443535	-0.235755338468141	0.15250342163167416	-0.17735620651038275	0.144489020332563	-0.1380873051187555	0.2130951395553894	-0.18074066826468385	0.13658909292521917	-0.10099741522053432	0.10492652094927055	-0.10253518163245894	0.09902127051614215	-0.11560210572664278	0.11378037790753648	-0.09778454240283804	0.08032439072097622	-0.044729189617642405	0.053093755154784594
0.1339328072886895	-0.092792902022633	0.1297148496783114	-0.12681600875608226	0.13407608949496158	-0.22646490958970372	0.2099624532909881	-0.2104467001115603	0.1508712888304583	-0.11490439530690934	0.24592297646980835	-0.3462128718522585	0.2620101255588281	-0.1961693116633825	0.15862436271187882	-0.4781285068766319	1.000000000000003	-0.5893783512727895	0.14728371925384776	-0.13342956836239608	0.2306929999391077	-0.31935436924047134	0.2793083177932197	-0.1262090497920306	0.13163987727173398	-0.1620519635672097	0.14898520686352074	-0.25591970959141	0.13995744346319794	-0.1118609395804388	0.10359314284145986	-0.1103182546764159	0.10163191590292368	-0.08091762082537764	0.08866247549053996	-0.12119970669306257	0.09529442243571351	-0.08076822232209163	0.04237003416021424	-0.051191146636543616
-0.12810337635168279	0.08726851836253323	-0.12714191998477972	0.12220016021185916	-0.1375830821004632	0.18174587443378726	-0.18614040417236313	0.19343740834306475	-0.15220501328267813	0.11573803990185497	-0.2019326093486729	0.2314490502133893	-0.3895029812737007	0.2071316012147165	-0.17640433801290864	0.26626334383680245	-0.5893783512727895	0.9999999999999993	-0.1709142310092429	0.1418177543121142	-0.23471420754371258	0.2458185603765224	-0.5058732006263614	0.13744841798281668	-0.14366598417294338	0.14889821275503262	-0.14661080184633954	0.24516704138507756	-0.14974292494714633	0.11534568427941118	-0.09882681465236343	0.10457849668217536	-0.09974072918094153	0.08313922660266437	-0.09284942614362895	0.11147991877998865	-0.09246299975437315	0.0768732758048788	-0.04093948305483086	0.04893229325323492
0.1021989285845096	-0.07537483885160108	0.10727585431593675	-0.12055882529784936	0.13723375272271957	-0.1468973277185379	0.12698188321042575	-0.16817841153449248	0.144983251911213	-0.13658986578619042	0.12945407580024507	-0.14288040496756424	0.1807166418196335	-0.27954710187786835	0.2679630276524511	-0.19479240581282453	0.14728371925384776	-0.1709142310092429	1.0000000000000022	-0.5861086986523898	0.11540658046124448	-0.1098073628676949	0.1442452858033353	-0.5611162010334807	0.26853398490280883	-0.09834980128567727	0.09154934251748596	-0.17052640503010377	0.21093558379489616	-0.2025553549060341	0.06819373546123131	-0.07453866769293914	0.07210812930346905	-0.11992853341138256	0.12546338051907252	-0.08259712198566391	0.06730357752148813	-0.05922512158108957	0.03508688098061974	-0.042430935234004194
-0.10372089668477992	0.07487094618243263	-0.11142008924132082	0.12126870735243167	-0.17178604195071434	0.13288583383598265	-0.12213390256723479	0.15876010150803943	-0.15585302537708462	0.1608506147739199	-0.12108500963590384	0.13157475953993142	-0.18803348670791611	0.2555307020549077	-0.6001483100289919	0.16480473096975656	-0.13342956836239608	0.1418177543121142	-0.5861086986523898	1.0000000000000004	-0.10306813860742617	0.09417796739247643	-0.12484653602606444	0.25262780181054173	-0.2783938683307554	0.08290091447669541	-0.07837736741531523	0.13974444981271378	-0.19410312043304304	0.16530514675502814	-0.05831721858221597	0.06338517115295712	-0.06227507774421476	0.10177891960740341	-0.11689823796056054	0.06947160002054709	-0.05827639324868676	0.05052815627077326	-0.030535846360865336	0.036526556089221736
0.09141040781494365	-0.06306918127189413	0.08922312267555609	-0.08690815941313851	0.09517302437154619	-0.13757996893514138	0.12019928590716501	-0.132705614141993	0.10163431425123683	-0.08087927625178536	0.1389254248373666	-0.1442174856435028	0.15364548380233226	-0.13019188979356988	0.11461464399866977	-0.24184042484929152	0.2306929999391077	-0.23471420754371258	0.11540658046124448	-0.10306813860742617	1.0000000000000022	-0.6885136577358574	0.28740052826246537	-0.11128306960742053	0.11418509066600993	-0.393749823000919	0.2516755067598764	-0.3470604120376795	0.13527060780385286	-0.10748774386527718	0.17771364439615608	-0.17507324931415158	0.14847250781013677	-0.08246083742358257	0.08642995176309379	-0.2011363601831842	0.1404221017069599	-0.11807676444211042	0.05756179581968804	-0.07004075898574319
-0.08462001673389924	0.05773616756918201	-0.08277833532478228	0.07940613009943809	-0.08878671460154207	0.12238101507986457	-0.11456518150726583	0.12093248633284982	-0.09455046426913537	0.07452084857760218	-0.13026706683588127	0.13889581389093494	-0.15496671747514507	0.12063208434379491	-0.10820448735323714	0.1992789668443535	-0.31935436924047134	0.2458185603765224	-0.1098073628676949	0.09417796739247643	-0.6885136577358574	1.0000000000000036	-0.4976872594520545	0.10355624395018985	-0.10662638643406741	0.22615464041355046	-0.24366380262084303	0.26915439059329566	-0.12156175032037013	0.09309837302388353	-0.13357258727772342	0.1371596090790822	-0.12364968721009116	0.07079191040679873	-0.07628776615880507	0.13909746207351623	-0.11358069455369785	0.0914813910658816	-0.04543491995067422	0.054205166810012674
0.10212967781822165	-0.07059881031628801	0.10080275522352822	-0.09908674238803714	0.10907739802036318	-0.15032129314345247	0.13719293232523175	-0.1540992486284444	0.11800965293910955	-0.09349505497284401	0.1518611949077497	-0.16755653498114728	0.2005564276174508	-0.16079882225212783	0.13683225467937926	-0.235755338468141	0.2793083177932197	-0.5058732006263614	0.1442452858033353	-0.12484653602606444	0.28740052826246537	-0.4976872594520545	1.000000000000001	-0.1546526429256037	0.13963587454952747	-0.22115967548001622	0.21303708578808786	-0.496007258338697	0.15979732043215258	-0.12505812578779565	0.1338774875680923	-0.14734804639804824	0.13356317484334976	-0.09225504090130578	0.09685423504597594	-0.15439082818127514	0.12062312371720725	-0.10300169818568003	0.05191305717469741	-0.0627256270557385
-0.08368215680686474	0.05979624150349007	-0.08646558034230786	0.0910790799984921	-0.10945366691760583	0.11405272267296149	-0.10076784038280097	0.12639889889757155	-0.11017580366463825	0.09950562104085649	-0.1044787930544082	0.11076054982894032	-0.1422866904405704	0.17159167893804572	-0.19506280034273366	0.15250342163167416	-0.1262090497920306	0.13744841798281668	-0.5611162010334807	0.25262780181054173	-0.11128306960742053	0.10355624395018985	-0.1546526429256037	1.0000000000000002	-0.5884480463567954	0.09152895265059086	-0.08879577332227444	0.16305624241092626	-0.3739083087185823	0.26901692565006374	-0.06466975323574764	0.07181726372693455	-0.07206326402615917	0.1604074134441163	-0.177007951067707	0.07646813102047287	-0.06598968223865281	0.057911588510820275	-0.03695577889993002	0.04394565750682254
0.08838306705191698	-0.06435530557937189	0.09070294652815232	-0.09831329043711076	0.10995740397369762	-0.1288599674338331	0.10868250042829924	-0.13969793883925136	0.11461024303708653	-0.10415230524233479	0.11386216529529641	-0.12100681146391751	0.14370360012486377	-0.18220290989514967	0.17974230746044706	-0.17735620651038275	0.13163987727173398	-0.14366598417294338	0.26853398490280883	-0.2783938683307554	0.11418509066600993	-0.10662638643406741	0.13963587454952747	-0.5884480463567954	1.0000000000000007	-0.10129868574852233	0.09539906250857512	-0.17910555882554585	0.2902802700331525	-0.5682438055645761	0.07151978955643191	-0.07987107550231845	0.07931968271543809	-0.18972305617751198	0.19887190693654686	-0.08669101689501188	0.0729162749287204	-0.06531586541575496	0.04173068655218263	-0.05034864969570735
-0.07362702520731006	0.04953964110196704	-0.07203296903371594	0.06765054456933063	-0.07863070469468054	0.09658865987401132	-0.08921622140095206	0.09738573393415535	-0.07995625611645749	0.06455383348574462	-0.09987038829794315	0.09999776241570699	-0.1179999421915325	0.09838376528373788	-0.09505737785636535	0.144489020332563	-0.1620519635672097	0.14889821275503262	-0.09834980128567727	0.08290091447669541	-0.393749823000919	0.22615464041355046	-0.22115967548001622	0.09152895265059086	-0.10129868574852233	1.0000000000000022	-0.6329337720856282	0.27400367718774504	-0.12659821598501106	0.09185980186676358	-0.4318987955967357	0.2576251137603956	-0.22434877387194418	0.07720747186407147	-0.08343935571637486	0.26103860458669614	-0.21185834744023802	0.15265449549363086	-0.07088928987707739	0.08250653840198839
0.06710446894482755	-0.045547366603132376	0.06576946866583243	-0.06263580024427937	0.07174434472055843	-0.09096194162774124	0.08268628970913494	-0.09140725078020498	0.07379968084477616	-0.05964614080022399	0.09237550350186045	-0.09394407466289464	0.10933717742479775	-0.09256575024538231	0.08754373336996313	-0.1380873051187555	0.14898520686352074	-0.14661080184633954	0.09154934251748596	-0.07837736741531523	0.2516755067598764	-0.24366380262084303	0.21303708578808786	-0.08879577332227444	0.09539906250857512	-0.6329337720856282	0.9999999999999999	-0.4622421997435445	0.12578903385105636	-0.09200679282528278	0.248721750186902	-0.4102505730667074	0.22963382767553614	-0.07838249382124136	0.08096900860520756	-0.24923551817658215	0.19826792096576845	-0.16305164949380707	0.07229638636462121	-0.08633842476819253
-0.11810727580504046	0.07919783769737344	-0.11605687359894873	0.10865565061585415	-0.12846070689867994	0.1500811832159576	-0.14177742016174394	0.15469895148185273	-0.12951788950970322	0.10509449524464556	-0.15628502569591401	0.1571562009064388	-0.19605215047978947	0.16074843004254252	-0.15917858674536772	0.2130951395553894	-0.25591970959141	0.24516704138507756	-0.17052640503010377	0.13974444981271378	-0.3470604120376795	0.26915439059329566	-0.496007258338697	0.16305624241092626	-0.17910555882554585	0.27400367718774504	-0.4622421997435445	1.0000000000000018	-0.27204111304758116	0.16464566339828582	-0.19553925255635551	0.22302216211615086	-0.24148888102375335	0.13271173123022628	-0.14192191965970552	0.1946051370467042	-0.19193241499202252	0.15229530953474923	-0.07652037041853725	0.0886077306842257
0.08794311794630802	-0.06309898326265817	0.08896758669050382	-0.09353196528361708	0.10378571882709109	-0.12785848822210732	0.10786173835167238	-0.1344301602260071	0.10842256489277886	-0.09483459331210838	0.11513097085827102	-0.11997084715344904	0.139954202295071	-0.16077609332158535	0.15216904028835737	-0.18074066826468385	0.13995744346319794	-0.14974292494714633	0.21093558379489616	-0.19410312043304304	0.13527060780385286	-0.12156175032037013	0.15979732043215258	-0.3739083087185823	0.2902802700331525	-0.12659821598501106	0.12578903385105636	-0.27204111304758116	1.000000000000001	-0.5536710109146258	0.09002789866079339	-0.10544405037697238	0.10809616473694805	-0.48039664105521085	0.29903182176110377	-0.10729280445389278	0.09424756415602703	-0.08633126955538542	0.05650877916665625	-0.06784441915584555
-0.07418064299758723	0.05233498638514606	-0.07533473724565659	0.07723826090299345	-0.09119185628203183	0.10037118420392993	-0.087558515869158	0.10778242879320041	-0.09119829626609353	0.08065927942748029	-0.0924003845254331	0.09545342808136667	-0.1168978350927946	0.1307247617988471	-0.1398113041195097	0.13658909292521917	-0.1118609395804388	0.11534568427941118	-0.2025553549060341	0.16530514675502814	-0.10748774386527718	0.09309837302388353	-0.12505812578779565	0.26901692565006374	-0.5682438055645761	0.09185980186676358	-0.09200679282528278	0.16464566339828582	-0.5536710109146258	1.0000000000000027	-0.0681032443147008	0.0780990302470707	-0.08319729398730238	0.27284933630376285	-0.4305894803003243	0.07969446063161657	-0.07485735708220528	0.0667694252880989	-0.05076742769446749	0.05913487925909388
0.05105919487146504	-0.034512300290696164	0.04996195555155084	-0.04723851022961269	0.054496413775640594	-0.06769037693374798	0.06125078188844089	-0.06799672163165858	0.055447535901567674	-0.04498435410408874	0.06831551924285648	-0.06825308758729313	0.07955945600163174	-0.06837193858622236	0.06565510350983494	-0.10099741522053432	0.10359314284145986	-0.09882681465236343	0.06819373546123131	-0.05831721858221597	0.17771364439615608	-0.13357258727772342	0.1338774875680923	-0.06466975323574764	0.07151978955643191	-0.4318987955967357	0.248721750186902	-0.19553925255635551	0.09002789866079339	-0.0681032443147008	1.000000000000004	-0.357964692946165	0.22269363039569848	-0.061493721842193906	0.06486759628377203	-0.733795724876849	0.24398455778987954	-0.18936817914170423	0.08079081338426247	-0.09813531766098825
-0.05421383153136521	0.036629826306288985	-0.05312170261940636	0.05023570077114627	-0.058194263902947456	0.07130140356103094	-0.06490117497260219	0.07205364353220652	-0.059073797533892275	0.04805267978459622	-0.07211547318454782	0.07211566844409793	-0.08497097710700495	0.07312019768157918	-0.07074364975041651	0.10492652094927055	-0.1103182546764159	0.10457849668217536	-0.07453866769293914	0.06338517115295712	-0.17507324931415158	0.1371596090790822	-0.14734804639804824	0.07181726372693455	-0.07987107550231845	0.2576251137603956	-0.4102505730667074	0.22302216211615086	-0.10544405037697238	0.0780990302470707	-0.357964692946165	1.0000000000000027	-0.6288774979272299	0.07891769610423836	-0.0812639754279235	0.26799552619554007	-0.4082343993573181	0.27179849520650295	-0.11111003557916097	0.12479518356627005
0.05139632535362192	-0.034972864914899676	0.050427846769763	-0.04822933385801501	0.055265041427495894	-0.0691230529068407	0.06187684690428163	-0.06960925258043911	0.05645711899639252	-0.0460999780224141	0.06869125050218843	-0.06895020052756172	0.0802810775465917	-0.0707684693087556	0.06765172446205012	-0.10253518163245894	0.10163191590292368	-0.09974072918094153	0.07210812930346905	-0.06227507774421476	0.14847250781013677	-0.12364968721009116	0.13356317484334976	-0.07206326402615917	0.07931968271543809	-0.22434877387194418	0.22963382767553614	-0.24148888102375335	0.10809616473694805	-0.08319729398730238	0.22269363039569848	-0.6288774979272299	1.0000000000000029	-0.09916063358742863	0.09253606598116225	-0.2744789713605159	0.31138605191300034	-0.5372144119814543	0.16006369415922184	-0.19476852174682
-0.05130876863489976	0.036202461988815535	-0.0516980643630134	0.05286704149892399	-0.06061416694357567	0.07108251663094475	-0.06126435715099258	0.07485541167593202	-0.06175082705385487	0.05369049259047277	-0.06541107671013661	0.067220825012873	-0.08000282882740538	0.08734292128114289	-0.08743122960421766	0.09902127051614215	-0.08091762082537764	0.08313922660266437	-0.11992853341138256	0.10177891960740341	-0.08246083742358257	0.07079191040679873	-0.09225504090130578	0.1604074134441163	-0.18972305617751198	0.07720747186407147	-0.07838249382124136	0.13271173123022628	-0.48039664105521085	0.27284933630376285	-0.061493721842193906	0.07891769610423836	-0.09916063358742863	1.0000000000000018	-0.7943942709436251	0.07211050195457017	-0.07532318893718888	0.07311310523026762	-0.0647917960275934	0.0733989002983352
0.05683240841322297	-0.0406064194586822	0.05733867398435781	-0.05977606323169435	0.06667813678418275	-0.08191145826672448	0.0690136065035031	-0.08566548463765591	0.0691720239019449	-0.0602669971242309	0.073787581783562	-0.07626168806744654	0.08867260080510864	-0.10007348294163655	0.09585852612490806	-0.11560210572664278	0.08866247549053996	-0.09284942614362895	0.12546338051907252	-0.11689823796056054	0.08642995176309379	-0.07628776615880507	0.09685423504597594	-0.177007951067707	0.19887190693654686	-0.08343935571637486	0.08096900860520756	-0.14192191965970552	0.29903182176110377	-0.4305894803003243	0.06486759628377203	-0.0812639754279235	0.09253606598116225	-0.7943942709436251	1.000000000000002	-0.07829166218115029	0.07827864490305615	-0.07755211297094994	0.07174871529233348	-0.0904075028971702
-0.062056398555903634	0.04156834333788731	-0.06068249390039028	0.05658401947453801	-0.0664651450148166	0.07882693687140116	-0.07254481611624392	0.07999851236331271	-0.06661976655666044	0.05417464316099047	-0.08050337905825405	0.07953441627558364	-0.09467131044382891	0.08078853844401183	-0.0796035900859756	0.11378037790753648	-0.12119970669306257	0.11147991877998865	-0.08259712198566391	0.06947160002054709	-0.2011363601831842	0.13909746207351623	-0.15439082818127514	0.07646813102047287	-0.08669101689501188	0.26103860458669614	-0.24923551817658215	0.1946051370467042	-0.10729280445389278	0.07969446063161657	-0.733795724876849	0.26799552619554007	-0.2744789713605159	0.07211050195457017	-0.07829166218115029	1.0000000000000022	-0.41219834860919413	0.21413203189758223	-0.09508324697315763	0.10818904825913436
0.049124767836752695	-0.033394635820647896	0.04814387628334778	-0.045943479044499386	0.052631649222493276	-0.06591671801564253	0.058810362126782076	-0.06618915744008438	0.053679503378421665	-0.04379995562767456	0.06534853679823382	-0.06528938357555064	0.07568780721989991	-0.06678380539433709	0.0638606298960845	-0.09778454240283804	0.09529442243571351	-0.09246299975437315	0.06730357752148813	-0.05827639324868676	0.1404221017069599	-0.11358069455369785	0.12062312371720725	-0.06598968223865281	0.0729162749287204	-0.21185834744023802	0.19826792096576845	-0.19193241499202252	0.09424756415602703	-0.07485735708220528	0.24398455778987954	-0.4082343993573181	0.31138605191300034	-0.07532318893718888	0.07827864490305615	-0.41219834860919413	1.0000000000000024	-0.6485193676871239	0.1916568696900305	-0.24333337126787147
-0.0423539955731895	0.02863338590011108	-0.04153116409880263	0.039321869011008224	-0.0456602942612862	0.05527201758343481	-0.04995992983159796	0.0559989954522047	-0.046108419685477825	0.03772685502136165	-0.055287491779170084	0.05499256689882376	-0.06481657111555514	0.0570500636078404	-0.055616550873026256	0.08032439072097622	-0.08076822232209163	0.0768732758048788	-0.05922512158108957	0.05052815627077326	-0.11807676444211042	0.0914813910658816	-0.10300169818568003	0.057911588510820275	-0.06531586541575496	0.15265449549363086	-0.16305164949380707	0.15229530953474923	-0.08633126955538542	0.0667694252880989	-0.18936817914170423	0.27179849520650295	-0.5372144119814543	0.07311310523026762	-0.07755211297094994	0.21413203189758223	-0.6485193676871239	1.0000000000000027	-0.3253471679229686	0.23822882941929813
0.023341393433870792	-0.015917002792662373	0.0229773562863934	-0.022088363279754275	0.025462303648020566	-0.030943040016614142	0.02753822932687667	-0.03146169810111954	0.025800727367915076	-0.02134044610696398	0.030308467930069367	-0.030248344335747118	0.035463819665906046	-0.032691137635294805	0.0317652677953909	-0.044729189617642405	0.04237003416021424	-0.04093948305483086	0.03508688098061974	-0.030535846360865336	0.05756179581968804	-0.04543491995067422	0.05191305717469741	-0.03695577889993002	0.04173068655218263	-0.07088928987707739	0.07229638636462121	-0.07652037041853725	0.05650877916665625	-0.05076742769446749	0.08079081338426247	-0.11111003557916097	0.16006369415922184	-0.0647917960275934	0.07174871529233348	-0.09508324697315763	0.1916568696900305	-0.3253471679229686	1.0000000000000024	-0.9065906935538677
-0.028350127910500157	0.019256776370138888	-0.027892705542568546	0.02664787957826838	-0.030943012451553172	0.037021655460805505	-0.03318615492542043	0.03775013677250205	-0.03118404005063934	0.025781773517991782	-0.03649216330685876	0.036307419448634984	-0.042862266352667044	0.039213670459380554	-0.03847801111141188	0.053093755154784594	-0.051191146636543616	0.04893229325323492	-0.042430935234004194	0.036526556089221736	-0.07004075898574319	0.054205166810012674	-0.0627256270557385	0.04394565750682254	-0.05034864969570735	0.08250653840198839	-0.08633842476819253	0.0886077306842257	-0.06784441915584555	0.05913487925909388	-0.09813531766098825	0.12479518356627005	-0.19476852174682	0.0733989002983352	-0.0904075028971702	0.10818904825913436	-0.24333337126787147	0.23822882941929813	-0.9065906935538677	1.0000000000000024
