1.0	-0.8638625688536816	0.2687488955464756	-0.20779814936943508	0.13565419673617354	-0.11977774941836004	0.1118531172073648	-0.18601675890904623	0.12790132033814516	-0.12489404729080399	0.1001467233964983	-0.09592760630154776	0.09616080702347961	-0.0993561453182146	0.10399945385536946	-0.06355830475837447	0.12104210009337321	-0.08708913448292083	0.09688544715840372	-0.08577326424580593	0.05986754174613026	-0.11342219343247023	0.08721264739018789	-0.18468462427222138	0.0975560714237771	-0.061589164197317754	0.056318664997066274	-0.09534255992018811	0.06582782417951093	-0.06950027278670036	0.05200545318930138	-0.05675494776395024	0.08383213388571395	-0.0867244790751919	0.051803470794981654	-0.04869701747776214	0.051812160769941606	-0.12506281586241846	0.06393238370691037	-0.05672860970239322
-0.8638625688536816	1.0	-0.3990115812245875	0.16943302528594367	-0.11370377886778187	0.08950237586340543	-0.09649606301074191	0.13931058022273488	-0.10486113368411991	0.09573217197441881	-0.08060900505379608	0.07635810269155333	-0.07288322066652966	0.07518483297011351	-0.08063877379462453	0.04794819139679467	-0.09328930378798864	0.06484985144109427	-0.07364105867798922	0.0644448635677136	-0.04539651025454821	0.08314255533493822	-0.0640895086242324	0.13154642084330836	-0.07373124400972966	0.044646760810405486	-0.04095376814148565	0.06920860597754949	-0.0477631434138704	0.050334248218955754	-0.037720842888575634	0.04110225685918277	-0.06089748988118593	0.06224004787787619	-0.03737991392273254	0.035163005562168136	-0.03747972420833976	0.08944872819086336	-0.045955282544873334	0.04076729042239481
0.2687488955464756	-0.3990115812245875	0.9999999999999992	-0.5701072065360371	0.25945955555983186	-0.11607750119404923	0.13407740831873804	-0.36576547330902776	0.2593779903167315	-0.23552134269535865	0.11568770530293332	-0.12212231850837728	0.15479042507192486	-0.17211023411146875	0.18194381017397454	-0.08877645397156556	0.17743992252755578	-0.1396507991789359	0.1629331403442856	-0.14695915701277423	0.08482339802436477	-0.17303266568694362	0.13663641347897357	-0.29348608603394816	0.16246147200539063	-0.09582264012652889	0.08766420396260512	-0.14941987643375174	0.10554701762606632	-0.11195361740784471	0.08128850099183058	-0.08874846989091775	0.13153811690234643	-0.13723019461288058	0.08246826087576775	-0.0761971822174225	0.08116048248051855	-0.19697088320416412	0.10114291783781024	-0.09022595399154017
-0.20779814936943508	0.16943302528594367	-0.5701072065360371	0.9999999999999996	-0.47618579171905273	0.08600985581970881	-0.10740755497911625	0.2997692616034828	-0.4863780418920413	0.24289215708225698	-0.08969723553214526	0.09395852528736355	-0.13249490981735243	0.1581801557717186	-0.19057025972168404	0.06524892702566999	-0.13870927603755862	0.1114932966461851	-0.1508412955164023	0.13004616304093577	-0.0631124584156408	0.12397458409537399	-0.10154522500707525	0.19561574225622297	-0.14536034393044192	0.06706588779905766	-0.06211611404173206	0.10597827727096956	-0.07712227125199637	0.08146680033127104	-0.057294552278153645	0.06221355433899868	-0.09367412904734425	0.09412134628665174	-0.05832896349477537	0.05283373143980253	-0.05674301444217063	0.1323991941167816	-0.06983583664141262	0.06262214417317309
0.13565419673617354	-0.11370377886778187	0.25945955555983186	-0.47618579171905273	0.999999999999999	-0.0900211033040005	0.11053245593867865	-0.2831382214026297	0.24652857084422072	-0.6290074234877501	0.09747495315342894	-0.10343074779506578	0.15906866855967927	-0.2093629045659383	0.26942157930085714	-0.07950811799139547	0.16314463723457587	-0.14316175635194306	0.18471750165559792	-0.19773531826708365	0.07701698707817636	-0.1615399594938795	0.13218186743247182	-0.27772004168455283	0.18870385233207992	-0.08971032686113495	0.08256086938986565	-0.14216246051165782	0.1056400885953361	-0.11409020874353294	0.07648879898045924	-0.08344439843467127	0.12487004423948785	-0.13042321951007235	0.08010364807967771	-0.0712574601950354	0.07625841448662538	-0.18336248851922513	0.09614907912470075	-0.08701004101552082
-0.11977774941836004	0.08950237586340543	-0.11607750119404923	0.08600985581970881	-0.0900211033040005	0.9999999999999988	-0.5511108953672371	0.11597066633486856	-0.08692445950952876	0.07604881090152775	-0.7157500543413595	0.3015742250286411	-0.11995097938565692	0.08736755687770156	-0.0827330792944238	0.16145775823286257	-0.23972444986536162	0.1004356072064819	-0.09165849345273765	0.06828598046094539	-0.1513445162516428	0.1525184201246189	-0.10302649979304436	0.15570091433792274	-0.08482315835128582	0.06823324626773217	-0.06382993317478045	0.10223416505908618	-0.05864561167201128	0.05994494354336358	-0.05596610307224445	0.06025320080955645	-0.0888834446810202	0.07901345433996913	-0.046645220827867415	0.05025450329718656	-0.05380566340537049	0.11451908336195925	-0.05882472573386085	0.05019887422830703
0.1118531172073648	-0.09649606301074191	0.13407740831873804	-0.10740755497911625	0.11053245593867865	-0.5511108953672371	0.9999999999999998	-0.1778819115703876	0.11552463660609866	-0.0957120633011959	0.3124619034670116	-0.6617961041498297	0.15282574347967268	-0.11323489615757142	0.1027340596333792	-0.1425221681845117	0.2598524882578779	-0.13176528287868366	0.11412180763821365	-0.08565396362696218	0.12282368450366643	-0.18714870491364263	0.1252955534761347	-0.204092539330778	0.1050279725755685	-0.08569890551893587	0.0788441970803873	-0.1299949877634781	0.07501003190250083	-0.07693989053786189	0.06952470109485669	-0.07567295542633821	0.11006548799002216	-0.10254371646138204	0.05981285923581784	-0.06365365533327126	0.06750078830230542	-0.14964220111181067	0.07594962450524687	-0.06487006158980492
-0.18601675890904623	0.13931058022273488	-0.36576547330902776	0.2997692616034828	-0.2831382214026297	0.11597066633486856	-0.1778819115703876	0.9999999999999997	-0.746094517947808	0.21361849028678706	-0.11762731711991098	0.13174863801316736	-0.1741326999343639	0.18554738057312942	-0.20146966624482746	0.0775825138889238	-0.17219012297569103	0.13320415467535998	-0.18360313407417736	0.13731838047882242	-0.07491461266435623	0.1390317073014284	-0.11506425373302324	0.19796351417515273	-0.16095360308822132	0.07254024864153368	-0.06779105303203325	0.11527692990531362	-0.08133076766854391	0.08489590919386121	-0.06195310146012089	0.06699215397607086	-0.10164154193513017	0.0976235850691955	-0.061086105935062744	0.056379251522964656	-0.060820287719911624	0.13664914103182446	-0.07281336151483353	0.06486600534448647
0.12790132033814516	-0.10486113368411991	0.2593779903167315	-0.4863780418920413	0.24652857084422072	-0.08692445950952876	0.11552463660609866	-0.746094517947808	1.0000000000000007	-0.24955383229541647	0.08614517862931775	-0.09924990361084617	0.1373026420290518	-0.2011402860817355	0.17567422567621555	-0.06107424900213827	0.12823746232966846	-0.11240891366827514	0.15667444936203295	-0.1214058879941955	0.05863753958378729	-0.11494494682876878	0.09482575340728311	-0.17041963624164264	0.12996413261603657	-0.06056111202064246	0.05631981938425847	-0.09668660330373541	0.06802025919276532	-0.07177992441556748	0.05146312508264424	-0.05587808954240416	0.08424680092068146	-0.08272469733377326	0.05125362880145753	-0.04717176388147147	0.0507029913622803	-0.11610059032283024	0.061429887053359084	-0.05487182395909462
-0.12489404729080399	0.09573217197441881	-0.23552134269535865	0.24289215708225698	-0.6290074234877501	0.07604881090152775	-0.0957120633011959	0.21361849028678706	-0.24955383229541647	0.9999999999999986	-0.0842471576498787	0.08880394415003025	-0.1562706048702955	0.21209748410894771	-0.5575037378421787	0.06619442211585316	-0.14161077885986545	0.1308416177171478	-0.20395428614441943	0.2174632739217858	-0.06474824466744494	0.13206679904116422	-0.11283740632218539	0.21117357878627183	-0.2274419285313465	0.07189005535445614	-0.06703654906584769	0.11556130086784298	-0.09294226967058256	0.09908801525077683	-0.061867491461061706	0.06710814840988709	-0.10231929011652544	0.10349293277559816	-0.06660092284754228	0.05666943194585587	-0.061225419976141546	0.1413350190459599	-0.07706575080424242	0.07028289416351582
0.1001467233964983	-0.08060900505379608	0.11568770530293332	-0.08969723553214526	0.09747495315342894	-0.7157500543413595	0.3124619034670116	-0.11762731711991098	0.08614517862931775	-0.0842471576498787	0.9999999999999983	-0.44896077639849297	0.1396937305874897	-0.10174743043791878	0.09365848514495503	-0.26382182709613783	0.24916824874599955	-0.12343959852245463	0.10613379625313907	-0.0794267228106125	0.1826998363869425	-0.2037527953923675	0.12786927930057407	-0.19625888413404083	0.0991391119079547	-0.08744816537051814	0.08096247992831483	-0.12983469352355828	0.07245259365472202	-0.07396895312049832	0.0702842204960601	-0.07614893671741217	0.1105227990499372	-0.09958121458040259	0.05798031726070605	-0.06360283233004858	0.06759947159079238	-0.14535060861320104	0.07391230472044269	-0.06271893023246528
-0.09592760630154776	0.07635810269155333	-0.12212231850837728	0.09395852528736355	-0.10343074779506578	0.3015742250286411	-0.6617961041498297	0.13174863801316736	-0.09924990361084617	0.08880394415003025	-0.44896077639849297	0.999999999999997	-0.19614851026181035	0.1147512903101808	-0.10010543359351547	0.15523611107882174	-0.44953586676102186	0.14102722839918816	-0.11649883312535556	0.08343282847574728	-0.13913578121315795	0.1855709236852797	-0.12868537042428266	0.1924154017807673	-0.10251920972584086	0.08333493098718786	-0.07754758630409156	0.127368526394391	-0.07182989464181641	0.0734298657147751	-0.06795735933397105	0.0736314163310543	-0.10818333434011357	0.09736622388130851	-0.05710773517517594	0.0615001925956866	-0.06556684673187903	0.14150211958244677	-0.07232777694121559	0.061626500949819196
0.09616080702347961	-0.07288322066652966	0.15479042507192486	-0.13249490981735243	0.15906866855967927	-0.11995097938565692	0.15282574347967268	-0.1741326999343639	0.1373026420290518	-0.1562706048702955	0.1396937305874897	-0.19614851026181035	0.9999999999999971	-0.41603578267760744	0.1947512790764376	-0.11949783959504476	0.22017176433291388	-0.6814402579463481	0.288918001822615	-0.16833912679912327	0.11599240127433223	-0.2788999155313517	0.26661527912052096	-0.2813165152575919	0.1771309862059541	-0.12492480725163276	0.12035471595905275	-0.23212930787628333	0.10940799132418211	-0.11226289001867668	0.10178422380649389	-0.11165272235405858	0.1699898083320935	-0.13778570851936223	0.0828091505269279	-0.08973323512596257	0.09677812180381615	-0.19350388514453312	0.10272311918767513	-0.08786594049072491
-0.0993561453182146	0.07518483297011351	-0.17211023411146875	0.1581801557717186	-0.2093629045659383	0.08736755687770156	-0.11323489615757142	0.18554738057312942	-0.2011402860817355	0.21209748410894771	-0.10174743043791878	0.1147512903101808	-0.41603578267760744	0.9999999999999972	-0.39963151468675395	0.08199620950501828	-0.170285673406325	0.2578605810996612	-0.676553623626228	0.24215782355901389	-0.08098616714116955	0.17324266537210942	-0.16772253871544424	0.2289097962996757	-0.23048308647298807	0.08762161987421759	-0.0836551090332136	0.14951134938663005	-0.09999285764760568	0.10563542616043683	-0.0746558720208262	0.08089075511919896	-0.12528789135075097	0.11336999843144177	-0.07214059707010145	0.06664883874264063	-0.07243617092612695	0.1548291821355446	-0.08471971561496747	0.07573555076557967
0.10399945385536946	-0.08063877379462453	0.18194381017397454	-0.19057025972168404	0.26942157930085714	-0.0827330792944238	0.1027340596333792	-0.20146966624482746	0.17567422567621555	-0.5575037378421787	0.09365848514495503	-0.10010543359351547	0.1947512790764376	-0.39963151468675395	1.0000000000000002	-0.07911301131807386	0.16262501486999562	-0.17430031905899387	0.2689322677467621	-0.4734849574088405	0.0773141714911521	-0.166186272341725	0.14226890330862726	-0.27720459202498965	0.27226400622996727	-0.09074719715337735	0.08434334307100416	-0.14764587102497606	0.1174025771948018	-0.1308183018917159	0.07756704515076147	-0.0845580027498589	0.12814868689247072	-0.13305962387066717	0.08433623159578063	-0.0714656997602978	0.07695619171216192	-0.18088196252105354	0.09812717560664078	-0.09035023142873526
-0.06355830475837447	0.04794819139679467	-0.08877645397156556	0.06524892702566999	-0.07950811799139547	0.16145775823286257	-0.1425221681845117	0.0775825138889238	-0.06107424900213827	0.06619442211585316	-0.26382182709613783	0.15523611107882174	-0.11949783959504476	0.08199620950501828	-0.07911301131807386	0.9999999999999979	-0.2782840999635733	0.10521796264008001	-0.09381420122657803	0.06650136942654641	-0.8551842158852004	0.23350543854731118	-0.14416474373768362	0.15010718517583482	-0.08642296587138124	0.0863496853216134	-0.08580135584997074	0.11983841405420459	-0.060257336096283906	0.06022910925517888	-0.07015313230674103	0.07289335062414286	-0.10966044770308495	0.08039068318914717	-0.048084754859304024	0.058495143758211895	-0.06433208875900122	0.11506810157119535	-0.06085700963048315	0.05062774699911937
0.12104210009337321	-0.09328930378798864	0.17743992252755578	-0.13870927603755862	0.16314463723457587	-0.23972444986536162	0.2598524882578779	-0.17219012297569103	0.12823746232966846	-0.14161077885986545	0.24916824874599955	-0.44953586676102186	0.22017176433291388	-0.170285673406325	0.16262501486999562	-0.2782840999635733	0.9999999999999946	-0.21188422886343652	0.1834582853903037	-0.14246525527117193	0.2125573614402947	-0.4020096980929997	0.23713916673434934	-0.41393234008518864	0.18278336818223348	-0.17548664346337342	0.15908454360353916	-0.25843582984768904	0.14682683361635165	-0.1499754144887736	0.1396897179940817	-0.15303075901396684	0.2176558156198658	-0.20932030894953066	0.1192777378288675	-0.12979867979297197	0.1362324042530218	-0.31019048808046623	0.15437673284562753	-0.13060438829354049
-0.08708913448292083	0.06484985144109427	-0.1396507991789359	0.1114932966461851	-0.14316175635194306	0.1004356072064819	-0.13176528287868366	0.13320415467535998	-0.11240891366827514	0.1308416177171478	-0.12343959852245463	0.14102722839918816	-0.6814402579463481	0.2578605810996612	-0.17430031905899387	0.10521796264008001	-0.21188422886343652	0.999999999999994	-0.37035580314578276	0.15450820915918964	-0.10949613111998488	0.24697475914295128	-0.46046428758931945	0.2325652070489405	-0.17148820070476176	0.11229256755048417	-0.11519629935170207	0.2184968263242556	-0.09830367536103349	0.09854475171232692	-0.09609230433739058	0.10349773334429227	-0.1713694678308645	0.11856199963617232	-0.07316516512251504	0.08110964189719705	-0.08994737733184632	0.16339094163242102	-0.0897773411598848	0.07592340673365534
0.09688544715840372	-0.07364105867798922	0.1629331403442856	-0.1508412955164023	0.18471750165559792	-0.09165849345273765	0.11412180763821365	-0.18360313407417736	0.15667444936203295	-0.20395428614441943	0.10613379625313907	-0.11649883312535556	0.288918001822615	-0.676553623626228	0.2689322677467621	-0.09381420122657803	0.1834582853903037	-0.37035580314578276	0.9999999999999926	-0.3552927266571331	0.09220005514946256	-0.21182451642202615	0.19746162722094862	-0.2852390917628961	0.2420774486549481	-0.10562681015500085	0.10011832020411131	-0.18388154022576697	0.11684447027212708	-0.1263673048740643	0.0885726504293447	-0.09671948550961221	0.1476129819906063	-0.1365950476550462	0.08521051737981185	-0.07972160919612548	0.08608213788697479	-0.18729813238922566	0.10126178797274596	-0.09072970069585853
-0.08577326424580593	0.0644448635677136	-0.14695915701277423	0.13004616304093577	-0.19773531826708365	0.06828598046094539	-0.08565396362696218	0.13731838047882242	-0.1214058879941955	0.2174632739217858	-0.0794267228106125	0.08343282847574728	-0.16833912679912327	0.24215782355901389	-0.4734849574088405	0.06650136942654641	-0.14246525527117193	0.15450820915918964	-0.3552927266571331	0.9999999999999899	-0.06581780372550013	0.1385963517319507	-0.1250090302861728	0.22837235696923777	-0.6950493297626581	0.07619767086373733	-0.07182400642690147	0.12559174287689484	-0.1361200528809341	0.1490897335782496	-0.06645878364434069	0.07199024255533136	-0.1122411774945231	0.11870011123313555	-0.08355996623288844	0.06024628414291367	-0.06580324097549198	0.15027508803906592	-0.08906660425859421	0.0842679017004978
0.05986754174613026	-0.04539651025454821	0.08482339802436477	-0.0631124584156408	0.07701698707817636	-0.1513445162516428	0.12282368450366643	-0.07491461266435623	0.05863753958378729	-0.06474824466744494	0.1826998363869425	-0.13913578121315795	0.11599240127433223	-0.08098616714116955	0.0773141714911521	-0.8551842158852004	0.2125573614402947	-0.10949613111998488	0.09220005514946256	-0.06581780372550013	0.9999999999999896	-0.34918293613883894	0.1515740680890614	-0.15693879995780777	0.08524775447659218	-0.09757848653089458	0.09373203769832457	-0.13014306381242755	0.061671835192120016	-0.06166009494073705	0.07328843149328168	-0.0774269950010176	0.11169738253456535	-0.08328170947696878	0.0491052370585056	-0.06160572980807641	0.06675685483152369	-0.11983341606927027	0.06274964872733298	-0.05196855370492261
-0.11342219343247023	0.08314255533493822	-0.17303266568694362	0.12397458409537399	-0.1615399594938795	0.1525184201246189	-0.18714870491364263	0.1390317073014284	-0.11494494682876878	0.13206679904116422	-0.2037527953923675	0.1855709236852797	-0.2788999155313517	0.17324266537210942	-0.166186272341725	0.23350543854731118	-0.4020096980929997	0.24697475914295128	-0.21182451642202615	0.1385963517319507	-0.34918293613883894	0.9999999999999861	-0.5373900291199746	0.2722071325019968	-0.1828216246071365	0.18968815705315822	-0.23907171877875846	0.27916214396501426	-0.12106098379044036	0.11784442407763775	-0.16096278372626474	0.16651010393703986	-0.26377405721784214	0.1538932781369975	-0.09494780418214166	0.12594836649121355	-0.1435835696746319	0.21385861407114184	-0.11911067492330467	0.09693142568419434
0.08721264739018789	-0.0640895086242324	0.13663641347897357	-0.10154522500707525	0.13218186743247182	-0.10302649979304436	0.1252955534761347	-0.11506425373302324	0.09482575340728311	-0.11283740632218539	0.12786927930057407	-0.12868537042428266	0.26661527912052096	-0.16772253871544424	0.14226890330862726	-0.14416474373768362	0.23713916673434934	-0.46046428758931945	0.19746162722094862	-0.1250090302861728	0.1515740680890614	-0.5373900291199746	0.9999999999999857	-0.3157416172203319	0.1574855962255803	-0.16715663796510363	0.17718426387875139	-0.49511721028630395	0.11646370263302752	-0.11221877725444494	0.13205269212281304	-0.14742490531060895	0.23922228108190174	-0.14352381488329696	0.08517861100758714	-0.10880566491820082	0.12010825915823731	-0.19737624251147978	0.10838077027829912	-0.08779297164310787
-0.18468462427222138	0.13154642084330836	-0.29348608603394816	0.19561574225622297	-0.27772004168455283	0.15570091433792274	-0.204092539330778	0.19796351417515273	-0.17041963624164264	0.21117357878627183	-0.19625888413404083	0.1924154017807673	-0.2813165152575919	0.2289097962996757	-0.27720459202498965	0.15010718517583482	-0.41393234008518864	0.2325652070489405	-0.2852390917628961	0.22837235696923777	-0.15693879995780777	0.2722071325019968	-0.3157416172203319	0.9999999999999839	-0.3574124099798733	0.1487633925885458	-0.14770634672398816	0.24276922836539575	-0.2733673620430797	0.21422978581242905	-0.1396082187819476	0.14516091570327716	-0.2453102695912704	0.20351604019186043	-0.1519734305432005	0.11805164447967292	-0.13445410525032267	0.2530135909981236	-0.16005709345185673	0.14484215605690748
0.0975560714237771	-0.07373124400972966	0.16246147200539063	-0.14536034393044192	0.18870385233207992	-0.08482315835128582	0.1050279725755685	-0.16095360308822132	0.12996413261603657	-0.2274419285313465	0.0991391119079547	-0.10251920972584086	0.1771309862059541	-0.23048308647298807	0.27226400622996727	-0.08642296587138124	0.18278336818223348	-0.17148820070476176	0.2420774486549481	-0.6950493297626581	0.08524775447659218	-0.1828216246071365	0.1574855962255803	-0.3574124099798733	0.9999999999999867	-0.10491399395573009	0.09768475228398954	-0.17107655659007842	0.19695806728986182	-0.27641873413719276	0.09150441053562669	-0.0997277137597623	0.1538491860441811	-0.1791981486455139	0.12292186183397784	-0.08440438569695422	0.09175167029331971	-0.22222217519201473	0.13066679697150163	-0.12870970507561597
-0.061589164197317754	0.044646760810405486	-0.09582264012652889	0.06706588779905766	-0.08971032686113495	0.06823324626773217	-0.08569890551893587	0.07254024864153368	-0.06056111202064246	0.07189005535445614	-0.08744816537051814	0.08333493098718786	-0.12492480725163276	0.08762161987421759	-0.09074719715337735	0.0863496853216134	-0.17548664346337342	0.11229256755048417	-0.10562681015500085	0.07619767086373733	-0.09757848653089458	0.18968815705315822	-0.16715663796510363	0.1487633925885458	-0.10491399395573009	0.9999999999999836	-0.7553445097571264	0.23100038666047742	-0.07996379839740782	0.07647827131451482	-0.4286433508891137	0.28283048600089883	-0.2527459050351011	0.11495711972148659	-0.06718616351685658	0.20930250977315418	-0.23504024761577313	0.1679662727828872	-0.09271047832551217	0.06774007474154792
0.056318664997066274	-0.04095376814148565	0.08766420396260512	-0.06211611404173206	0.08256086938986565	-0.06382993317478045	0.0788441970803873	-0.06779105303203325	0.05631981938425847	-0.06703654906584769	0.08096247992831483	-0.07754758630409156	0.12035471595905275	-0.0836551090332136	0.08434334307100416	-0.08580135584997074	0.15908454360353916	-0.11519629935170207	0.10011832020411131	-0.07182400642690147	0.09373203769832457	-0.23907171877875846	0.17718426387875139	-0.14770634672398816	0.09768475228398954	-0.7553445097571264	0.9999999999999861	-0.32984145620613314	0.07855106831519917	-0.07542793078573835	0.2692279972329574	-0.39220254456546355	0.24194707922332812	-0.11431528412262323	0.06437054446164622	-0.1978750480129652	0.20160399850434138	-0.16728380302507284	0.08975340094606186	-0.06580588372515912
-0.09534255992018811	0.06920860597754949	-0.14941987643375174	0.10597827727096956	-0.14216246051165782	0.10223416505908618	-0.1299949877634781	0.11527692990531362	-0.09668660330373541	0.11556130086784298	-0.12983469352355828	0.127368526394391	-0.23212930787628333	0.14951134938663005	-0.14764587102497606	0.11983841405420459	-0.25843582984768904	0.2184968263242556	-0.18388154022576697	0.12559174287689484	-0.13014306381242755	0.27916214396501426	-0.49511721028630395	0.24276922836539575	-0.17107655659007842	0.23100038666047742	-0.32984145620613314	0.9999999999999893	-0.14745471444770497	0.13070453073758684	-0.21085134078520404	0.23192229253488963	-0.5621624902449931	0.17967804996229295	-0.10492450623047335	0.15650987743498973	-0.18545733966581182	0.23777672056113824	-0.1406409894474608	0.1046140298087653
0.06582782417951093	-0.0477631434138704	0.10554701762606632	-0.07712227125199637	0.1056400885953361	-0.05864561167201128	0.07501003190250083	-0.08133076766854391	0.06802025919276532	-0.09294226967058256	0.07245259365472202	-0.07182989464181641	0.10940799132418211	-0.09999285764760568	0.1174025771948018	-0.060257336096283906	0.14682683361635165	-0.09830367536103349	0.11684447027212708	-0.1361200528809341	0.061671835192120016	-0.12106098379044036	0.11646370263302752	-0.2733673620430797	0.19695806728986182	-0.07996379839740782	0.07855106831519917	-0.14745471444770497	0.9999999999999859	-0.8277061788318515	0.07666967738399245	-0.08317634164172916	0.14689095372512254	-0.3071376289746679	0.19098303606163705	-0.06743787339467716	0.07819026232450901	-0.18596828146964683	0.17967053648633613	-0.19144778367427262
-0.06950027278670036	0.050334248218955754	-0.11195361740784471	0.08146680033127104	-0.11409020874353294	0.05994494354336358	-0.07693989053786189	0.08489590919386121	-0.07177992441556748	0.09908801525077683	-0.07396895312049832	0.0734298657147751	-0.11226289001867668	0.10563542616043683	-0.1308183018917159	0.06022910925517888	-0.1499754144887736	0.09854475171232692	-0.1263673048740643	0.1490897335782496	-0.06166009494073705	0.11784442407763775	-0.11221877725444494	0.21422978581242905	-0.27641873413719276	0.07647827131451482	-0.07542793078573835	0.13070453073758684	-0.8277061788318515	0.9999999999999869	-0.07465042972616241	0.07960148149529003	-0.14201300037332643	0.21411146236239806	-0.26239513689499383	0.06485153103678733	-0.07587783235878304	0.16963810315856825	-0.1730126050970216	0.18891910573109744
0.05200545318930138	-0.037720842888575634	0.08128850099183058	-0.057294552278153645	0.07648879898045924	-0.05596610307224445	0.06952470109485669	-0.06195310146012089	0.05146312508264424	-0.061867491461061706	0.0702842204960601	-0.06795735933397105	0.10178422380649389	-0.0746558720208262	0.07756704515076147	-0.07015313230674103	0.1396897179940817	-0.09609230433739058	0.0885726504293447	-0.06645878364434069	0.07328843149328168	-0.16096278372626474	0.13205269212281304	-0.1396082187819476	0.09150441053562669	-0.4286433508891137	0.2692279972329574	-0.21085134078520404	0.07666967738399245	-0.07465042972616241	0.9999999999999867	-0.5435038150453748	0.23590343357143356	-0.12547567785765085	0.06762921333811706	-0.5681158752465026	0.3159341445607289	-0.19866273512186916	0.09974832143301743	-0.07003298890426873
-0.05675494776395024	0.04110225685918277	-0.08874846989091775	0.06221355433899868	-0.08344439843467127	0.06025320080955645	-0.07567295542633821	0.06699215397607086	-0.05587808954240416	0.06710814840988709	-0.07614893671741217	0.0736314163310543	-0.11165272235405858	0.08089075511919896	-0.0845580027498589	0.07289335062414286	-0.15303075901396684	0.10349773334429227	-0.09671948550961221	0.07199024255533136	-0.0774269950010176	0.16651010393703986	-0.14742490531060895	0.14516091570327716	-0.0997277137597623	0.28283048600089883	-0.39220254456546355	0.23192229253488963	-0.08317634164172916	0.07960148149529003	-0.5435038150453748	0.9999999999999863	-0.4173022103820477	0.13557815386812896	-0.07347889135395733	0.299185206612721	-0.4943150822370041	0.2062634290513985	-0.11091432271836893	0.07445670784717884
0.08383213388571395	-0.06089748988118593	0.13153811690234643	-0.09367412904734425	0.12487004423948785	-0.0888834446810202	0.11006548799002216	-0.10164154193513017	0.08424680092068146	-0.10231929011652544	0.1105227990499372	-0.10818333434011357	0.1699898083320935	-0.12528789135075097	0.12814868689247072	-0.10966044770308495	0.2176558156198658	-0.1713694678308645	0.1476129819906063	-0.1122411774945231	0.11169738253456535	-0.26377405721784214	0.23922228108190174	-0.2453102695912704	0.1538491860441811	-0.2527459050351011	0.24194707922332812	-0.5621624902449931	0.14689095372512254	-0.14201300037332643	0.23590343357143356	-0.4173022103820477	0.9999999999999855	-0.29660850473547967	0.12646768818625367	-0.20769742967878346	0.22621154377856048	-0.3967170747168749	0.20037355237873594	-0.13255661999102958
-0.0867244790751919	0.06224004787787619	-0.13723019461288058	0.09412134628665174	-0.13042321951007235	0.07901345433996913	-0.10254371646138204	0.0976235850691955	-0.08272469733377326	0.10349293277559816	-0.09958121458040259	0.09736622388130851	-0.13778570851936223	0.11336999843144177	-0.13305962387066717	0.08039068318914717	-0.20932030894953066	0.11856199963617232	-0.1365950476550462	0.11870011123313555	-0.08328170947696878	0.1538932781369975	-0.14352381488329696	0.20351604019186043	-0.1791981486455139	0.11495711972148659	-0.11431528412262323	0.17967804996229295	-0.3071376289746679	0.21411146236239806	-0.12547567785765085	0.13557815386812896	-0.29660850473547967	0.9999999999999841	-0.2594984585833135	0.1067651310158037	-0.13438166539683913	0.3062724420366927	-0.704799186607972	0.22455622983649254
0.051803470794981654	-0.03737991392273254	0.08246826087576775	-0.05832896349477537	0.08010364807967771	-0.046645220827867415	0.05981285923581784	-0.061086105935062744	0.05125362880145753	-0.06660092284754228	0.05798031726070605	-0.05710773517517594	0.0828091505269279	-0.07214059707010145	0.08433623159578063	-0.048084754859304024	0.1192777378288675	-0.07316516512251504	0.08521051737981185	-0.08355996623288844	0.0491052370585056	-0.09494780418214166	0.08517861100758714	-0.1519734305432005	0.12292186183397784	-0.06718616351685658	0.06437054446164622	-0.10492450623047335	0.19098303606163705	-0.26239513689499383	0.06762921333811706	-0.07347889135395733	0.12646768818625367	-0.2594984585833135	0.9999999999999836	-0.06212657583532295	0.0728027000563961	-0.2109826541037757	0.22519770174597137	-0.8680994493978706
-0.04869701747776214	0.035163005562168136	-0.0761971822174225	0.05283373143980253	-0.0712574601950354	0.05025450329718656	-0.06365365533327126	0.056379251522964656	-0.04717176388147147	0.05666943194585587	-0.06360283233004858	0.0615001925956866	-0.08973323512596257	0.06664883874264063	-0.0714656997602978	0.058495143758211895	-0.12979867979297197	0.08110964189719705	-0.07972160919612548	0.06024628414291367	-0.06160572980807641	0.12594836649121355	-0.10880566491820082	0.11805164447967292	-0.08440438569695422	0.20930250977315418	-0.1978750480129652	0.15650987743498973	-0.06743787339467716	0.06485153103678733	-0.5681158752465026	0.299185206612721	-0.20769742967878346	0.1067651310158037	-0.06212657583532295	0.9999999999999845	-0.7081991170767322	0.17943286597919944	-0.09411402161171417	0.062333698862144446
0.051812160769941606	-0.03747972420833976	0.08116048248051855	-0.05674301444217063	0.07625841448662538	-0.05380566340537049	0.06750078830230542	-0.060820287719911624	0.0507029913622803	-0.061225419976141546	0.06759947159079238	-0.06556684673187903	0.09677812180381615	-0.07243617092612695	0.07695619171216192	-0.06433208875900122	0.1362324042530218	-0.08994737733184632	0.08608213788697479	-0.06580324097549198	0.06675685483152369	-0.1435835696746319	0.12010825915823731	-0.13445410525032267	0.09175167029331971	-0.23504024761577313	0.20160399850434138	-0.18545733966581182	0.07819026232450901	-0.07587783235878304	0.3159341445607289	-0.4943150822370041	0.22621154377856048	-0.13438166539683913	0.0728027000563961	-0.7081991170767322	0.9999999999999843	-0.26606516654591983	0.11615227094035196	-0.0750609087982925
-0.12506281586241846	0.08944872819086336	-0.19697088320416412	0.1323991941167816	-0.18336248851922513	0.11451908336195925	-0.14964220111181067	0.13664914103182446	-0.11610059032283024	0.1413350190459599	-0.14535060861320104	0.14150211958244677	-0.19350388514453312	0.1548291821355446	-0.18088196252105354	0.11506810157119535	-0.31019048808046623	0.16339094163242102	-0.18729813238922566	0.15027508803906592	-0.11983341606927027	0.21385861407114184	-0.19737624251147978	0.2530135909981236	-0.22222217519201473	0.1679662727828872	-0.16728380302507284	0.23777672056113824	-0.18596828146964683	0.16963810315856825	-0.19866273512186916	0.2062634290513985	-0.3967170747168749	0.3062724420366927	-0.2109826541037757	0.17943286597919944	-0.26606516654591983	0.9999999999999847	-0.515698535264437	0.1955355024420922
0.06393238370691037	-0.045955282544873334	0.10114291783781024	-0.06983583664141262	0.09614907912470075	-0.05882472573386085	0.07594962450524687	-0.07281336151483353	0.061429887053359084	-0.07706575080424242	0.07391230472044269	-0.07232777694121559	0.10272311918767513	-0.08471971561496747	0.09812717560664078	-0.06085700963048315	0.15437673284562753	-0.0897773411598848	0.10126178797274596	-0.08906660425859421	0.06274964872733298	-0.11911067492330467	0.10838077027829912	-0.16005709345185673	0.13066679697150163	-0.09271047832551217	0.08975340094606186	-0.1406409894474608	0.17967053648633613	-0.1730126050970216	0.09974832143301743	-0.11091432271836893	0.20037355237873594	-0.704799186607972	0.22519770174597137	-0.09411402161171417	0.11615227094035196	-0.515698535264437	0.9999999999999852	-0.30939670017673493
-0.05672860970239322	0.04076729042239481	-0.09022595399154017	0.06262214417317309	-0.08701004101552082	0.05019887422830703	-0.06487006158980492	0.06486600534448647	-0.05487182395909462	0.07028289416351582	-0.06271893023246528	0.061626500949819196	-0.08786594049072491	0.07573555076557967	-0.09035023142873526	0.05062774699911937	-0.13060438829354049	0.07592340673365534	-0.09072970069585853	0.0842679017004978	-0.05196855370492261	0.09693142568419434	-0.08779297164310787	0.14484215605690748	-0.12870970507561597	0.06774007474154792	-0.06580588372515912	0.1046140298087653	-0.19144778367427262	0.18891910573109744	-0.07003298890426873	0.07445670784717884	-0.13255661999102958	0.22455622983649254	-0.8680994493978706	0.062333698862144446	-0.0750609087982925	0.1955355024420922	-0.30939670017673493	0.9999999999999853
