1.0	-0.7724848661383705	0.25298601395673453	-0.052858259359957416	0.0712036297542544	-0.4125000140068791	0.2674254437885223	-0.2520007063349758	0.05179848689984416	-0.06012756887773068	0.2038649478773067	-0.2462146961355258	0.1382381887577921	-0.10171235851752634	0.10495296549660152	-0.1283189875966906	0.0941725626590889	-0.09474356421452712	0.07172942477086407	-0.07636984682793317	0.10438044907022806	-0.09066863624508888	0.09434011482427662	-0.06194777751815106	0.06142108411775955	-0.15208648917578566	0.06150400774617737	-0.050892520099320944	0.04290273417535012	-0.07852960048300307	0.04126376318665568	-0.06284477017502696	0.043273692354414264	-0.03892836512442981	0.048762326692678756	-0.03267828408274594	0.04045057787211517	-0.040340756840976495	0.04514438959044288	-0.04132572302281714	0.023387219647479113	-0.024731992768463218	0.07138525030758557	-0.0407287188291732	0.05900180819815487
-0.7724848661383705	0.9999999999999998	-0.4031951759950979	0.04952835231541115	-0.06464909914777886	0.2551068306889474	-0.3518683323339724	0.24926756585055904	-0.04929096348987169	0.05377730986224964	-0.17651492079811174	0.20360056983863406	-0.12767155772132555	0.08925394738718341	-0.09483330969090105	0.10304334447050133	-0.07973322543422087	0.08120064794316692	-0.06253817670997389	0.06555318596505262	-0.08687114204709584	0.07479876067860468	-0.08235608540677396	0.052840359518219436	-0.05291814096915981	0.11956213273831132	-0.050279404721269357	0.041407297036141814	-0.035848835997924294	0.06507693587975173	-0.03403545771708037	0.05088284127311033	-0.035475823345726784	0.03234997833391712	-0.041053677300711765	0.02680686299986479	-0.03363056007580918	0.033373952711585456	-0.03781108774087771	0.034523730817755754	-0.019346918010791452	0.020381191404316056	-0.059725503365430574	0.03403584068150302	-0.04972517347876375
0.25298601395673453	-0.4031951759950979	0.9999999999999998	-0.08840191605134018	0.08901324999471812	-0.2738875948272531	0.29136393092825097	-0.7479580789091657	0.08195489753324603	-0.07757209541210908	0.18038372028729477	-0.2550182607828613	0.18094394173424755	-0.13398876858613984	0.1261647881790966	-0.12803320966068754	0.09800397486504935	-0.11551838700176283	0.08521362679437593	-0.09198807327878215	0.10643423311443498	-0.09716418850276605	0.10823564759307838	-0.07223430250165706	0.07093348197418246	-0.16492344683335688	0.06668723649400343	-0.055953032911000324	0.04792073172482589	-0.08984744228231142	0.04520287663666183	-0.06875194223709269	0.047485316674069245	-0.043506957485074604	0.05461113740366426	-0.035928731591408275	0.044566039526392015	-0.04461530431355421	0.05011451496099171	-0.04628757149646204	0.025735784665485192	-0.027260322035301716	0.0788067684570163	-0.04525786825468595	0.06548645966846509
-0.052858259359957416	0.04952835231541115	-0.08840191605134018	1.0000000000000007	-0.31566441409752555	0.06105666962371065	-0.06316817169661394	0.07894370948391448	-0.9064005517553537	0.2307095093581308	-0.05500291692357201	0.07003906141724257	-0.09026133893287823	0.09576854197003883	-0.12765513967613104	0.052021969053733255	-0.043932690812604515	0.06303475757381215	-0.058068776342272435	0.06643744580540972	-0.04595194766576234	0.045760510433650384	-0.06039836879594313	0.044721469079895035	-0.04500092646516728	0.0794450247131274	-0.03311247047009659	0.02887507147626937	-0.027131107880275587	0.05319388820029698	-0.023911650090081275	0.03466328398228991	-0.02470392236439024	0.024460955432561726	-0.031670150978171024	0.01904261085247647	-0.024323407561367524	0.024410200227739712	-0.028251688697018666	0.026561853470192447	-0.013911948427784105	0.0147068135897718	-0.04440974552601192	0.02554271827919019	-0.037360921217811725
0.0712036297542544	-0.06464909914777886	0.08901324999471812	-0.31566441409752555	1.0000000000000007	-0.0961812010020653	0.0874258599561768	-0.08878528204491606	0.23785690842541854	-0.8165757797096264	0.09135537014900585	-0.11803349013820193	0.1474868473393585	-0.18522985703318615	0.2379952574501146	-0.10143839359755406	0.08286236862221323	-0.12290675733084526	0.11033016603497127	-0.13948240842852305	0.08885078748306326	-0.09000079049267642	0.11078345315340964	-0.0883329930418432	0.08638681835745367	-0.1672884565733794	0.06663524681830656	-0.05881218638767666	0.05380068291775681	-0.10981002899895444	0.04775909487575234	-0.07085732870338186	0.04976330404407958	-0.04898533487982334	0.06230599075976126	-0.038375373792974184	0.048191745178839465	-0.04882699817702112	0.05563662802650871	-0.052996286709219985	0.027739938122233295	-0.029510781643919397	0.0872402616049062	-0.050519181505427474	0.07281129805766935
-0.4125000140068791	0.2551068306889474	-0.2738875948272531	0.06105666962371065	-0.0961812010020653	1.0000000000000009	-0.4804458859875188	0.23008643995039352	-0.06264138599097135	0.0773301127798368	-0.583491968731672	0.3121457670767883	-0.1849839666812445	0.12585698231682835	-0.14395353293962512	0.1991944807859875	-0.14821160669383274	0.12061440440849062	-0.09467727039642718	0.09675196400631975	-0.16930755380946716	0.12710979939126582	-0.13092833551508865	0.08021261195117703	-0.08147717947284099	0.1832146481117757	-0.08144317388156483	0.06461483050920877	-0.05589870688201741	0.09732935529111499	-0.05399189606989136	0.07976874873116387	-0.056003640604636196	0.05011719835326316	-0.06400013791561866	0.0419614009021063	-0.0531369346211878	0.052125198658989035	-0.05940486730367091	0.053414974657299295	-0.030458684020329037	0.031868764788875834	-0.09410588702097188	0.05323125033980132	-0.07845833602055921
0.2674254437885223	-0.3518683323339724	0.29136393092825097	-0.06316817169661394	0.0874258599561768	-0.4804458859875188	1.0000000000000004	-0.46606821967402545	0.06325709388853788	-0.07426985894098104	0.27502448797449536	-0.5270200308500823	0.19577961781643383	-0.13656390223751674	0.13392196823851524	-0.15593749532330112	0.11743020130556936	-0.12034677785998182	0.0894914334374323	-0.09437215819272786	0.12623586573735923	-0.11010307465441575	0.11773620517807377	-0.07531852904112088	0.07472073908590465	-0.17204626121782524	0.07190636024397848	-0.05891132563526998	0.05022668434601577	-0.09141529460958428	0.047770131097116496	-0.07271865239838271	0.05027620472813054	-0.045388291020673786	0.05713936906460461	-0.037680237493595586	0.04694142832767938	-0.046665597894971274	0.052621602869022406	-0.04810547664418582	0.027028913502746207	-0.028519075109400577	0.08242963064338907	-0.04734528589358186	0.06894234494677925
-0.2520007063349758	0.24926756585055904	-0.7479580789091657	0.07894370948391448	-0.08878528204491606	0.23008643995039352	-0.46606821967402545	0.9999999999999997	-0.08246228759539552	0.07608255366787708	-0.17858480958072634	0.23546481096638913	-0.23017216973068327	0.13558828257598174	-0.13304147142385694	0.1141155548409357	-0.09205437803514745	0.11245149659745014	-0.08445191390570227	0.08826531028307508	-0.09729071868868708	0.08843198658586075	-0.10807471908497976	0.06860044862784238	-0.06832601668561672	0.13985533170011413	-0.05938318274241357	0.049419883375111606	-0.04369123524144541	0.08077663146610778	-0.040430957925645356	0.06041165397736599	-0.042316072581571156	0.039356227340636124	-0.050151475872644215	0.031921111533845206	-0.04021710015456008	0.04001679888519891	-0.04566170171877173	0.04201857607468971	-0.02306583192348402	0.02432026561171756	-0.07136068828788623	0.04108664135473003	-0.06010845690929523
0.05179848689984416	-0.04929096348987169	0.08195489753324603	-0.9064005517553537	0.23785690842541854	-0.06264138599097135	0.06325709388853788	-0.08246228759539552	0.9999999999999996	-0.30378538511713604	0.05600702628553049	-0.07256400914112415	0.09052202245239077	-0.10545822692790174	0.1284416812616113	-0.05448794605459756	0.04530063417255459	-0.06565119367841447	0.05938504443874439	-0.06995785417687242	0.047808884408763415	-0.047713854284668074	0.06127078746490247	-0.04625206709296863	0.04599373503906344	-0.08443676900946635	0.03463269780643217	-0.03025800030648318	0.028059802097163213	-0.055635702523713	0.02484559767561886	-0.03640991332505697	0.025780278709351356	-0.025385380762978377	0.03261964350704691	-0.0198426869901314	0.02516698539848682	-0.025333139236250007	0.02913512024504191	-0.027488690256236726	0.014428742562569222	-0.015286565856824136	0.045711725176089485	-0.02637325784018067	0.0383735550914026
-0.06012756887773068	0.05377730986224964	-0.07757209541210908	0.2307095093581308	-0.8165757797096264	0.0773301127798368	-0.07426985894098104	0.07608255366787708	-0.30378538511713604	0.9999999999999976	-0.07509413903646539	0.09669201252266899	-0.14488752610556835	0.1719574695663262	-0.3469650428040939	0.07808019517957061	-0.0665810965670307	0.10430458454400765	-0.10339135000012727	0.1244016811467396	-0.06908167669241712	0.07090255145752518	-0.09695765039442966	0.07509893099318568	-0.07576170214100311	0.123423971740818	-0.05118137811030265	0.04493576167391187	-0.04262938348421965	0.08522781698623776	-0.03674465454460306	0.053848403848314914	-0.038322055231556955	0.03840436327428394	-0.04960474775731682	0.0293628128942381	-0.03741218792289192	0.03769842423398994	-0.04374574786264874	0.041493514416527835	-0.021355546953681387	0.02262760938709763	-0.0674920919255622	0.039514191662029255	-0.05768945872803626
0.2038649478773067	-0.17651492079811174	0.18038372028729477	-0.05500291692357201	0.09135537014900585	-0.583491968731672	0.27502448797449536	-0.17858480958072634	0.05600702628553049	-0.07509413903646539	1.0	-0.5456090115541431	0.18876666911886128	-0.13355122721410576	0.14100578169970523	-0.37859930448759843	0.17762945634286048	-0.1313209174425308	0.09733720037757547	-0.10113745923317936	0.2087071467644173	-0.15941296532555543	0.13727158016760246	-0.08425798755502756	0.08387905772555594	-0.2360253927078178	0.09505038660356996	-0.07433666643530651	0.05928668825310964	-0.10261867956639312	0.05908972001544346	-0.09383776036069645	0.06321181522252807	-0.053608176439330864	0.06610103625145826	-0.04632585545986137	0.056578896918870275	-0.05593201160983882	0.061999700634386624	-0.05567979912612829	0.032703859721436516	-0.034480288011494414	0.096324219739022	-0.055554806996537254	0.08062277001141102
-0.2462146961355258	0.20360056983863406	-0.2550182607828613	0.07003906141724257	-0.11803349013820193	0.3121457670767883	-0.5270200308500823	0.23546481096638913	-0.07256400914112415	0.09669201252266899	-0.5456090115541431	0.9999999999999998	-0.3391315064455218	0.18222307910737254	-0.19487392393656502	0.20828796322905285	-0.17490254364782662	0.15968415396869204	-0.12237807419968631	0.1237956120295788	-0.17686589565127303	0.14727968286252352	-0.16626801369234706	0.09914621957343768	-0.10035378180473255	0.20241372175300815	-0.09164188490851992	0.0731803643331098	-0.06417728365646588	0.11361153954323513	-0.06029185991252734	0.0901213627433135	-0.0632540246678174	0.05741898812953254	-0.07347306197194273	0.04701106171479909	-0.059625502249761285	0.05868797567283736	-0.06730630911798782	0.06100525667858085	-0.03405363857560831	0.035688929676067564	-0.10465419685512224	0.06022888296156868	-0.08888223571706075
0.1382381887577921	-0.12767155772132555	0.18094394173424755	-0.09026133893287823	0.1474868473393585	-0.1849839666812445	0.19577961781643383	-0.23017216973068327	0.09052202245239077	-0.14488752610556835	0.18876666911886128	-0.3391315064455218	0.9999999999999996	-0.6244044147464627	0.2900375954830338	-0.16959393682543025	0.1443628174651556	-0.36811690068171987	0.1966783053111151	-0.2134329568939575	0.14453543306785335	-0.15497722626720592	0.22985405823425464	-0.14861492891321015	0.13885846089104464	-0.24053086669334517	0.1012373265782844	-0.08669724847659828	0.07825594510558238	-0.15477662726554464	0.06821200635417851	-0.10529134517214904	0.07333582462454447	-0.07067037358243702	0.08903343414446849	-0.05450547742851379	0.06823181165661572	-0.06879397346539741	0.07885296357552704	-0.07454258203490843	0.03898449135475705	-0.04139589842989763	0.11825143731702349	-0.07096129159520838	0.10295800904143051
-0.10171235851752634	0.08925394738718341	-0.13398876858613984	0.09576854197003883	-0.18522985703318615	0.12585698231682835	-0.13656390223751674	0.13558828257598174	-0.10545822692790174	0.1719574695663262	-0.13355122721410576	0.18222307910737254	-0.6244044147464627	1.0000000000000007	-0.6110216115701715	0.11789452001900655	-0.10675982588885645	0.20886139773380366	-0.21809780164330883	0.20864965215659265	-0.10444859342368339	0.11085976368777074	-0.18220486828398133	0.12724850405721033	-0.12643597072772886	0.16822602535766665	-0.07408496689536789	0.06377367663557304	-0.0619761605709535	0.12068528439271145	-0.051451854647508205	0.0763680892982116	-0.054691866852521705	0.055138628343175254	-0.07148269087081356	0.04085006550440291	-0.05247292571979144	0.05258210562580386	-0.06204190243231799	0.058586071802859636	-0.029636937386311273	0.0312989228960182	-0.09181145021333326	0.05554746574146069	-0.08202034589069987
0.10495296549660152	-0.09483330969090105	0.1261647881790966	-0.12765513967613104	0.2379952574501146	-0.14395353293962512	0.13392196823851524	-0.13304147142385694	0.1284416812616113	-0.3469650428040939	0.14100578169970523	-0.19487392393656502	0.2900375954830338	-0.6110216115701715	1.0000000000000007	-0.1516053584391998	0.12741853199353897	-0.2305180317478588	0.2304766991992728	-0.36025382400400424	0.13180823961470373	-0.13927160477173092	0.1893818270818721	-0.16020524448263324	0.1557096570022497	-0.23899613270975698	0.09817265974216156	-0.0863681554055413	0.08158821582296588	-0.16817013667882239	0.06895393390518727	-0.1037345004149005	0.0731870296290885	-0.07365095043272991	0.09399025311832637	-0.05530463291039707	0.06984517857435754	-0.07071928278505439	0.08193430299070441	-0.07856471844707134	0.03980198690985892	-0.04230858688090752	0.12251447035004595	-0.07387024147556667	0.10728672842413245
-0.1283189875966906	0.10304334447050133	-0.12803320966068754	0.052021969053733255	-0.10143839359755406	0.1991944807859875	-0.15593749532330112	0.1141155548409357	-0.05448794605459756	0.07808019517957061	-0.37859930448759843	0.20828796322905285	-0.16959393682543025	0.11789452001900655	-0.1516053584391998	1.0000000000000009	-0.44139403650499	0.144356917989672	-0.10886049642541562	0.1075772099184777	-0.6397375052214861	0.26986960253817	-0.18081820149121688	0.09779535171728478	-0.09913423795926946	0.28973155273808254	-0.13782903157347617	0.09578390607426625	-0.07378215768333993	0.11644368418107393	-0.07745300370541529	0.12304718671508348	-0.08338960822393382	0.06600375930208416	-0.0808761790691427	0.058791979749633	-0.0725191215733257	0.06997604076762416	-0.07764817024405861	0.0674848466741539	-0.04170570784882159	0.043378048707320385	-0.12082390172000149	0.06888234630164858	-0.1009277869057747
0.0941725626590889	-0.07973322543422087	0.09800397486504935	-0.043932690812604515	0.08286236862221323	-0.14821160669383274	0.11743020130556936	-0.09205437803514745	0.04530063417255459	-0.0665810965670307	0.17762945634286048	-0.17490254364782662	0.1443628174651556	-0.10675982588885645	0.12741853199353897	-0.44139403650499	1.0000000000000022	-0.18277466788088442	0.10954960054286397	-0.11146132821170053	0.2718116342514892	-0.742791113659797	0.20942091095186782	-0.1069556194099514	0.09914756008577763	-0.2765310614428978	0.18151767975390143	-0.12533261127013237	0.07505267496146	-0.1166291685479406	0.07696308284737334	-0.17303135610588186	0.10078961632851512	-0.06893395366667342	0.07535941017668127	-0.06074893098871127	0.0703327401877031	-0.06998052657014879	0.07334189409313811	-0.06405395324458542	0.04051982479166942	-0.043101380984342165	0.10619938490212864	-0.06506567357361992	0.09153107473959182
-0.09474356421452712	0.08120064794316692	-0.11551838700176283	0.06303475757381215	-0.12290675733084526	0.12061440440849062	-0.12034677785998182	0.11245149659745014	-0.06565119367841447	0.10430458454400765	-0.1313209174425308	0.15968415396869204	-0.36811690068171987	0.20886139773380366	-0.2305180317478588	0.144356917989672	-0.18277466788088442	1.0000000000000013	-0.370941705949947	0.2428614339607867	-0.13672578076217815	0.19038589716735835	-0.704667340343582	0.21454679074956365	-0.20101006242567196	0.19050742090089814	-0.10230954935826109	0.08372752288611128	-0.08275530512361472	0.15182839587816224	-0.06376332309064885	0.09962039794385677	-0.0723291264516207	0.07210443048103635	-0.09239600123098948	0.05017208486281345	-0.065374521910578	0.0650770648010643	-0.0786126945005618	0.07360969503984469	-0.0362984960342818	0.03815448516769113	-0.10992683251920737	0.06953236648260219	-0.10390155075288862
0.07172942477086407	-0.06253817670997389	0.08521362679437593	-0.058068776342272435	0.11033016603497127	-0.09467727039642718	0.0894914334374323	-0.08445191390570227	0.05938504443874439	-0.10339135000012727	0.09733720037757547	-0.12237807419968631	0.1966783053111151	-0.21809780164330883	0.2304766991992728	-0.10886049642541562	0.10954960054286397	-0.370941705949947	0.9999999999999997	-0.742763308774001	0.09882364653103916	-0.12042492010656303	0.2416368909934825	-0.3546299697844986	0.25086493903506174	-0.1621053693245309	0.077909082432422	-0.06991270993496033	0.08286937684666978	-0.16527842389899008	0.055479234075982285	-0.08057536684475194	0.0607099469659387	-0.07187272383175045	0.09205650899175505	-0.043999119613141034	0.05888447391044945	-0.059203501194340605	0.07459660223665741	-0.07219413727347253	0.03221320506923383	-0.033904544529206604	0.09949822406302992	-0.06590610767376108	0.0988570923233893
-0.07636984682793317	0.06555318596505262	-0.09198807327878215	0.06643744580540972	-0.13948240842852305	0.09675196400631975	-0.09437215819272786	0.08826531028307508	-0.06995785417687242	0.1244016811467396	-0.10113745923317936	0.1237956120295788	-0.2134329568939575	0.20864965215659265	-0.36025382400400424	0.1075772099184777	-0.11146132821170053	0.2428614339607867	-0.742763308774001	0.9999999999999979	-0.09916697111167173	0.11668962096840396	-0.24137953058456987	0.2557856121149112	-0.3276001668685955	0.15739732264949	-0.07799701753740697	0.06976453960878051	-0.08579158549705891	0.16642869478953326	-0.057671578497877234	0.07993857386838789	-0.06149766629621783	0.07280089460108795	-0.10100667358337258	0.04540876992838973	-0.06221833439802688	0.061941486702977305	-0.07999847302124301	0.0767666291625152	-0.033690685380371066	0.035252370493232155	-0.10615322812243311	0.07018623398798413	-0.10828669166164914
0.10438044907022806	-0.08687114204709584	0.10643423311443498	-0.04595194766576234	0.08885078748306326	-0.16930755380946716	0.12623586573735923	-0.09729071868868708	0.047808884408763415	-0.06908167669241712	0.2087071467644173	-0.17686589565127303	0.14453543306785335	-0.10444859342368339	0.13180823961470373	-0.6397375052214861	0.2718116342514892	-0.13672578076217815	0.09882364653103916	-0.09916697111167173	0.9999999999999992	-0.3345038870185042	0.16511183678126726	-0.09220862464940481	0.09132028993631133	-0.5623903533428997	0.1550401701752182	-0.10645903663819839	0.07272623980366567	-0.1127644408931974	0.08237516415095818	-0.14164018892226343	0.08973967585136461	-0.06598707065947275	0.076815737428501	-0.06359646035567774	0.07270366073772296	-0.07107806762552919	0.07523320893368488	-0.06503252335900285	0.042626402098426136	-0.04494914616822589	0.11456265042311187	-0.06681820333785446	0.09568694753696827
-0.09066863624508888	0.07479876067860468	-0.09716418850276605	0.045760510433650384	-0.09000079049267642	0.12710979939126582	-0.11010307465441575	0.08843198658586075	-0.047713854284668074	0.07090255145752518	-0.15941296532555543	0.14727968286252352	-0.15497722626720592	0.11085976368777074	-0.13927160477173092	0.26986960253817	-0.742791113659797	0.19038589716735835	-0.12042492010656303	0.11668962096840396	-0.3345038870185042	0.9999999999999989	-0.31961818894001404	0.11722492260666725	-0.11162224674010443	0.24757468783006464	-0.25773760505395765	0.13030877740123764	-0.08068302591922052	0.12059019036308029	-0.08158713292594384	0.178254149267623	-0.1101116657820815	0.07286659663159264	-0.08059327076671595	0.06280254083627775	-0.07489722795124198	0.0732547637156784	-0.07834434763272259	0.0676562873606961	-0.04260906380463164	0.04481196678050518	-0.11318032403347898	0.06895800690133672	-0.09825445248238447
0.09434011482427662	-0.08235608540677396	0.10823564759307838	-0.06039836879594313	0.11078345315340964	-0.13092833551508865	0.11773620517807377	-0.10807471908497976	0.06127078746490247	-0.09695765039442966	0.13727158016760246	-0.16626801369234706	0.22985405823425464	-0.18220486828398133	0.1893818270818721	-0.18081820149121688	0.20942091095186782	-0.704667340343582	0.2416368909934825	-0.24137953058456987	0.16511183678126726	-0.31961818894001404	0.9999999999999972	-0.30678730078461386	0.21066980424375512	-0.24796933036854218	0.13021540775700366	-0.10780065430624451	0.09615464690128679	-0.18430668079218637	0.0757415253789402	-0.1301931237032004	0.08971763598609021	-0.08580175396071456	0.10379091652590432	-0.06031919142779551	0.07599976759708807	-0.0765816410728527	0.08962708659337619	-0.08473199152590417	0.04261278693454552	-0.04518103660297306	0.12430241059413669	-0.07967756115512292	0.1160431143267654
-0.06194777751815106	0.052840359518219436	-0.07223430250165706	0.044721469079895035	-0.0883329930418432	0.08021261195117703	-0.07531852904112088	0.06860044862784238	-0.04625206709296863	0.07509893099318568	-0.08425798755502756	0.09914621957343768	-0.14861492891321015	0.12724850405721033	-0.16020524448263324	0.09779535171728478	-0.1069556194099514	0.21454679074956365	-0.3546299697844986	0.2557856121149112	-0.09220862464940481	0.11722492260666725	-0.30678730078461386	0.9999999999999997	-0.7801590202983275	0.14475019207306092	-0.0799646327597723	0.07662400437992604	-0.13497286016197502	0.22264126650308932	-0.06287810739183737	0.08239433412911909	-0.06940062544074002	0.10351977990714217	-0.13449269885953463	0.04929094898949135	-0.07150448085678876	0.07129252356152155	-0.10027834964337883	0.09633981851463858	-0.03710881830129131	0.03858514165721854	-0.11686950689607996	0.08599511666914827	-0.13428374927231596
0.06142108411775955	-0.05291814096915981	0.07093348197418246	-0.04500092646516728	0.08638681835745367	-0.08147717947284099	0.07472073908590465	-0.06832601668561672	0.04599373503906344	-0.07576170214100311	0.08387905772555594	-0.10035378180473255	0.13885846089104464	-0.12643597072772886	0.1557096570022497	-0.09913423795926946	0.09914756008577763	-0.20101006242567196	0.25086493903506174	-0.3276001668685955	0.09132028993631133	-0.11162224674010443	0.21066980424375512	-0.7801590202983275	0.9999999999999977	-0.15327593852556412	0.07968032727226605	-0.07790465699303858	0.12335287094810234	-0.3456092578786641	0.06340945163921649	-0.08403034214011619	0.06956149229302858	-0.10394609704585168	0.14103804044845075	-0.05012345366743339	0.07181867818644608	-0.07246676148256254	0.10038171776294925	-0.10362772230995802	0.03751501243903984	-0.039210530651157344	0.1175480372837431	-0.087373166402575	0.13400939881556984
-0.15208648917578566	0.11956213273831132	-0.16492344683335688	0.0794450247131274	-0.1672884565733794	0.1832146481117757	-0.17204626121782524	0.13985533170011413	-0.08443676900946635	0.123423971740818	-0.2360253927078178	0.20241372175300815	-0.24053086669334517	0.16822602535766665	-0.23899613270975698	0.28973155273808254	-0.2765310614428978	0.19050742090089814	-0.1621053693245309	0.15739732264949	-0.5623903533428997	0.24757468783006464	-0.24796933036854218	0.14475019207306092	-0.15327593852556412	0.9999999999999974	-0.26780037168299176	0.15693896566510604	-0.1273708493809498	0.18919287965901702	-0.15962792359668915	0.19984153677085403	-0.1441830277747495	0.11274440621176429	-0.14130862242351774	0.11298831766103502	-0.13552724489615361	0.12696658862598945	-0.13954404325013095	0.11783250624997213	-0.07933699517820084	0.08124119434193383	-0.22377413193338844	0.12315562616929586	-0.18182684508657287
0.06150400774617737	-0.050279404721269357	0.06668723649400343	-0.03311247047009659	0.06663524681830656	-0.08144317388156483	0.07190636024397848	-0.05938318274241357	0.03463269780643217	-0.05118137811030265	0.09505038660356996	-0.09164188490851992	0.1012373265782844	-0.07408496689536789	0.09817265974216156	-0.13782903157347617	0.18151767975390143	-0.10230954935826109	0.077909082432422	-0.07799701753740697	0.1550401701752182	-0.25773760505395765	0.13021540775700366	-0.0799646327597723	0.07968032727226605	-0.26780037168299176	0.9999999999999973	-0.4239318698724702	0.1167518256292567	-0.11904895569542515	0.13362523885129043	-0.7430063033197749	0.28012049324419014	-0.1133193294649277	0.08337468714637063	-0.10806801088876342	0.10926455020553603	-0.11081361705634346	0.0966207872234091	-0.07533050081413668	0.06132946956555138	-0.0668883657167671	0.11831531395348216	-0.08338160621632959	0.1046402965251497
-0.050892520099320944	0.041407297036141814	-0.055953032911000324	0.02887507147626937	-0.05881218638767666	0.06461483050920877	-0.05891132563526998	0.049419883375111606	-0.03025800030648318	0.04493576167391187	-0.07433666643530651	0.0731803643331098	-0.08669724847659828	0.06377367663557304	-0.0863681554055413	0.09578390607426625	-0.12533261127013237	0.08372752288611128	-0.06991270993496033	0.06976453960878051	-0.10645903663819839	0.13030877740123764	-0.10780065430624451	0.07662400437992604	-0.07790465699303858	0.15693896566510604	-0.4239318698724702	0.999999999999998	-0.2029400923713933	0.1274103384488484	-0.11052781003915702	0.2962026381161427	-0.7863157149885028	0.17920555470820332	-0.09434634379805344	0.08474647216343674	-0.11557726681693704	0.11807161051807874	-0.11894364305907373	0.08479464402889415	-0.05598038059841236	0.05856526986607338	-0.1219473755832736	0.09612534169708861	-0.11764835346188897
0.04290273417535012	-0.035848835997924294	0.04792073172482589	-0.027131107880275587	0.05380068291775681	-0.05589870688201741	0.05022668434601577	-0.04369123524144541	0.028059802097163213	-0.04262938348421965	0.05928668825310964	-0.06417728365646588	0.07825594510558238	-0.0619761605709535	0.08158821582296588	-0.07378215768333993	0.07505267496146	-0.08275530512361472	0.08286937684666978	-0.08579158549705891	0.07272623980366567	-0.08068302591922052	0.09615464690128679	-0.13497286016197502	0.12335287094810234	-0.1273708493809498	0.1167518256292567	-0.2029400923713933	0.9999999999999986	-0.29240009857286947	0.0883870471313516	-0.13858502437421866	0.18449880827787	-0.839620142013678	0.16018461802309295	-0.07242344736198654	0.11310802284625518	-0.1311909004581947	0.21589570284325088	-0.15656341878962307	0.05274368547099716	-0.05604689490765314	0.14630476786099259	-0.18609883907235825	0.17652685895687018
-0.07852960048300307	0.06507693587975173	-0.08984744228231142	0.05319388820029698	-0.10981002899895444	0.09732935529111499	-0.09141529460958428	0.08077663146610778	-0.055635702523713	0.08522781698623776	-0.10261867956639312	0.11361153954323513	-0.15477662726554464	0.12068528439271145	-0.16817013667882239	0.11644368418107393	-0.1166291685479406	0.15182839587816224	-0.16527842389899008	0.16642869478953326	-0.1127644408931974	0.12059019036308029	-0.18430668079218637	0.22264126650308932	-0.3456092578786641	0.18919287965901702	-0.11904895569542515	0.1274103384488484	-0.29240009857286947	0.9999999999999966	-0.13071735840649537	0.12716276421653766	-0.12381274481365696	0.20811405223105867	-0.5191437446558214	0.10081041363735778	-0.16588709079909789	0.16173735756379515	-0.2618712849014325	0.2799325266702496	-0.08019890074917374	0.08180285802668699	-0.26727049978300876	0.21746375795238476	-0.38246562080954416
0.04126376318665568	-0.03403545771708037	0.04520287663666183	-0.023911650090081275	0.04775909487575234	-0.05399189606989136	0.047770131097116496	-0.040430957925645356	0.02484559767561886	-0.03674465454460306	0.05908972001544346	-0.06029185991252734	0.06821200635417851	-0.051451854647508205	0.06895393390518727	-0.07745300370541529	0.07696308284737334	-0.06376332309064885	0.055479234075982285	-0.057671578497877234	0.08237516415095818	-0.08158713292594384	0.0757415253789402	-0.06287810739183737	0.06340945163921649	-0.15962792359668915	0.13362523885129043	-0.11052781003915702	0.0883870471313516	-0.13071735840649537	0.9999999999999988	-0.188789515768269	0.11068798680336012	-0.08878237189310662	0.08956225849565425	-0.8166887758616405	0.24476095572361425	-0.2597433118299604	0.12616794949375018	-0.09360228279576432	0.21644193656180202	-0.25911658907437934	0.1501945715468124	-0.11512618031703128	0.11824571929399783
-0.06284477017502696	0.05088284127311033	-0.06875194223709269	0.03466328398228991	-0.07085732870338186	0.07976874873116387	-0.07271865239838271	0.06041165397736599	-0.03640991332505697	0.053848403848314914	-0.09383776036069645	0.0901213627433135	-0.10529134517214904	0.0763680892982116	-0.1037345004149005	0.12304718671508348	-0.17303135610588186	0.09962039794385677	-0.08057536684475194	0.07993857386838789	-0.14164018892226343	0.178254149267623	-0.1301931237032004	0.08239433412911909	-0.08403034214011619	0.19984153677085403	-0.7430063033197749	0.2962026381161427	-0.13858502437421866	0.12716276421653766	-0.188789515768269	0.9999999999999964	-0.4367972220308764	0.1302148018973092	-0.0931255373595631	0.12786305521244937	-0.13753574482159434	0.12805835835981527	-0.11183966589689252	0.08375090678120979	-0.07315974775225857	0.07732812436105971	-0.13305854759615457	0.0939781230628622	-0.11827689915666248
0.043273692354414264	-0.035475823345726784	0.047485316674069245	-0.02470392236439024	0.04976330404407958	-0.056003640604636196	0.05027620472813054	-0.042316072581571156	0.025780278709351356	-0.038322055231556955	0.06321181522252807	-0.0632540246678174	0.07333582462454447	-0.054691866852521705	0.0731870296290885	-0.08338960822393382	0.10078961632851512	-0.0723291264516207	0.0607099469659387	-0.06149766629621783	0.08973967585136461	-0.1101116657820815	0.08971763598609021	-0.06940062544074002	0.06956149229302858	-0.1441830277747495	0.28012049324419014	-0.7863157149885028	0.18449880827787	-0.12381274481365696	0.11068798680336012	-0.4367972220308764	0.9999999999999966	-0.23543326044646287	0.0880298931598931	-0.08962009683806396	0.11579500714762621	-0.13412159538683166	0.1180242723076352	-0.08268186506618794	0.055509377085181125	-0.059609937305639196	0.11140607635028303	-0.09653861681749798	0.10877432303194891
-0.03892836512442981	0.03234997833391712	-0.043506957485074604	0.024460955432561726	-0.04898533487982334	0.05011719835326316	-0.045388291020673786	0.039356227340636124	-0.025385380762978377	0.03840436327428394	-0.053608176439330864	0.05741898812953254	-0.07067037358243702	0.055138628343175254	-0.07365095043272991	0.06600375930208416	-0.06893395366667342	0.07210443048103635	-0.07187272383175045	0.07280089460108795	-0.06598707065947275	0.07286659663159264	-0.08580175396071456	0.10351977990714217	-0.10394609704585168	0.11274440621176429	-0.1133193294649277	0.17920555470820332	-0.839620142013678	0.20811405223105867	-0.08878237189310662	0.1302148018973092	-0.23543326044646287	0.9999999999999961	-0.1619828687414974	0.07114565972572628	-0.11980676743011834	0.1320843633893748	-0.30169450968865263	0.14780186409992888	-0.052441969410516376	0.05479708954792042	-0.1445481791264855	0.18047506391345242	-0.18572834198329344
0.048762326692678756	-0.041053677300711765	0.05461113740366426	-0.031670150978171024	0.06230599075976126	-0.06400013791561866	0.05713936906460461	-0.050151475872644215	0.03261964350704691	-0.04960474775731682	0.06610103625145826	-0.07347306197194273	0.08903343414446849	-0.07148269087081356	0.09399025311832637	-0.0808761790691427	0.07535941017668127	-0.09239600123098948	0.09205650899175505	-0.10100667358337258	0.076815737428501	-0.08059327076671595	0.10379091652590432	-0.13449269885953463	0.14103804044845075	-0.14130862242351774	0.08337468714637063	-0.09434634379805344	0.16018461802309295	-0.5191437446558214	0.08956225849565425	-0.0931255373595631	0.0880298931598931	-0.1619828687414974	0.9999999999999936	-0.07308635420494447	0.1174733270197806	-0.1314038326380447	0.2145669834382611	-0.7086413331200134	0.056238081426014316	-0.059405153376543667	0.17684718750217518	-0.1994718068027509	0.27492755192202695
-0.03267828408274594	0.02680686299986479	-0.035928731591408275	0.01904261085247647	-0.038375373792974184	0.0419614009021063	-0.037680237493595586	0.031921111533845206	-0.0198426869901314	0.0293628128942381	-0.04632585545986137	0.04701106171479909	-0.05450547742851379	0.04085006550440291	-0.05530463291039707	0.058791979749633	-0.06074893098871127	0.05017208486281345	-0.043999119613141034	0.04540876992838973	-0.06359646035567774	0.06280254083627775	-0.06031919142779551	0.04929094898949135	-0.05012345366743339	0.11298831766103502	-0.10806801088876342	0.08474647216343674	-0.07242344736198654	0.10081041363735778	-0.8166887758616405	0.12786305521244937	-0.08962009683806396	0.07114565972572628	-0.07308635420494447	0.9999999999999946	-0.33604714535333446	0.21377871419336902	-0.10860244127507997	0.07501527932651113	-0.3091918940390758	0.23006236674794045	-0.12901202133540068	0.09360658289101029	-0.09868718848556404
0.04045057787211517	-0.03363056007580918	0.044566039526392015	-0.024323407561367524	0.048191745178839465	-0.0531369346211878	0.04694142832767938	-0.04021710015456008	0.02516698539848682	-0.03741218792289192	0.056578896918870275	-0.059625502249761285	0.06823181165661572	-0.05247292571979144	0.06984517857435754	-0.0725191215733257	0.0703327401877031	-0.065374521910578	0.05888447391044945	-0.06221833439802688	0.07270366073772296	-0.07489722795124198	0.07599976759708807	-0.07150448085678876	0.07181867818644608	-0.13552724489615361	0.10926455020553603	-0.11557726681693704	0.11310802284625518	-0.16588709079909789	0.24476095572361425	-0.13753574482159434	0.11579500714762621	-0.11980676743011834	0.1174733270197806	-0.33604714535333446	0.9999999999999925	-0.7803966846736957	0.21053743654326215	-0.13532414227981662	0.1799430876534095	-0.22525808329884794	0.1862036473530433	-0.1858930120419055	0.15871548489914156
-0.040340756840976495	0.033373952711585456	-0.04461530431355421	0.024410200227739712	-0.04882699817702112	0.052125198658989035	-0.046665597894971274	0.04001679888519891	-0.025333139236250007	0.03769842423398994	-0.05593201160983882	0.05868797567283736	-0.06879397346539741	0.05258210562580386	-0.07071928278505439	0.06997604076762416	-0.06998052657014879	0.0650770648010643	-0.059203501194340605	0.061941486702977305	-0.07107806762552919	0.0732547637156784	-0.0765816410728527	0.07129252356152155	-0.07246676148256254	0.12696658862598945	-0.11081361705634346	0.11807161051807874	-0.1311909004581947	0.16173735756379515	-0.2597433118299604	0.12805835835981527	-0.13412159538683166	0.1320843633893748	-0.1314038326380447	0.21377871419336902	-0.7803966846736957	0.9999999999999918	-0.3396337732225975	0.14371642758398845	-0.15883396518258786	0.1569113132193593	-0.23020872478865734	0.2005071224215102	-0.18691877997636858
0.04514438959044288	-0.03781108774087771	0.05011451496099171	-0.028251688697018666	0.05563662802650871	-0.05940486730367091	0.052621602869022406	-0.04566170171877173	0.02913512024504191	-0.04374574786264874	0.061999700634386624	-0.06730630911798782	0.07885296357552704	-0.06204190243231799	0.08193430299070441	-0.07764817024405861	0.07334189409313811	-0.0786126945005618	0.07459660223665741	-0.07999847302124301	0.07523320893368488	-0.07834434763272259	0.08962708659337619	-0.10027834964337883	0.10038171776294925	-0.13954404325013095	0.0966207872234091	-0.11894364305907373	0.21589570284325088	-0.2618712849014325	0.12616794949375018	-0.11183966589689252	0.1180242723076352	-0.30169450968865263	0.2145669834382611	-0.10860244127507997	0.21053743654326215	-0.3396337732225975	0.9999999999999919	-0.3366863339650125	0.08078256373940758	-0.08651381176230212	0.2193876615416965	-0.6597056910491292	0.30230923159695605
-0.04132572302281714	0.034523730817755754	-0.04628757149646204	0.026561853470192447	-0.052996286709219985	0.053414974657299295	-0.04810547664418582	0.04201857607468971	-0.027488690256236726	0.041493514416527835	-0.05567979912612829	0.06100525667858085	-0.07454258203490843	0.058586071802859636	-0.07856471844707134	0.0674848466741539	-0.06405395324458542	0.07360969503984469	-0.07219413727347253	0.0767666291625152	-0.06503252335900285	0.0676562873606961	-0.08473199152590417	0.09633981851463858	-0.10362772230995802	0.11783250624997213	-0.07533050081413668	0.08479464402889415	-0.15656341878962307	0.2799325266702496	-0.09360228279576432	0.08375090678120979	-0.08268186506618794	0.14780186409992888	-0.7086413331200134	0.07501527932651113	-0.13532414227981662	0.14371642758398845	-0.3366863339650125	0.9999999999999923	-0.058718185867952896	0.06086161299071318	-0.18294259789233752	0.24229939801344413	-0.47249268739300215
0.023387219647479113	-0.019346918010791452	0.025735784665485192	-0.013911948427784105	0.027739938122233295	-0.030458684020329037	0.027028913502746207	-0.02306583192348402	0.014428742562569222	-0.021355546953681387	0.032703859721436516	-0.03405363857560831	0.03898449135475705	-0.029636937386311273	0.03980198690985892	-0.04170570784882159	0.04051982479166942	-0.0362984960342818	0.03221320506923383	-0.033690685380371066	0.042626402098426136	-0.04260906380463164	0.04261278693454552	-0.03710881830129131	0.03751501243903984	-0.07933699517820084	0.06132946956555138	-0.05598038059841236	0.05274368547099716	-0.08019890074917374	0.21644193656180202	-0.07315974775225857	0.055509377085181125	-0.052441969410516376	0.056238081426014316	-0.3091918940390758	0.1799430876534095	-0.15883396518258786	0.08078256373940758	-0.058718185867952896	0.9999999999999927	-0.8969685342627328	0.11814179693977633	-0.07420128229402118	0.07620082833402465
-0.024731992768463218	0.020381191404316056	-0.027260322035301716	0.0147068135897718	-0.029510781643919397	0.031868764788875834	-0.028519075109400577	0.02432026561171756	-0.015286565856824136	0.02262760938709763	-0.034480288011494414	0.035688929676067564	-0.04139589842989763	0.0312989228960182	-0.04230858688090752	0.043378048707320385	-0.043101380984342165	0.03815448516769113	-0.033904544529206604	0.035252370493232155	-0.04494914616822589	0.04481196678050518	-0.04518103660297306	0.03858514165721854	-0.039210530651157344	0.08124119434193383	-0.0668883657167671	0.05856526986607338	-0.05604689490765314	0.08180285802668699	-0.25911658907437934	0.07732812436105971	-0.059609937305639196	0.05479708954792042	-0.059405153376543667	0.23006236674794045	-0.22525808329884794	0.1569113132193593	-0.08651381176230212	0.06086161299071318	-0.8969685342627328	0.9999999999999931	-0.1391168549084175	0.07735312151330073	-0.08174699852524037
0.07138525030758557	-0.059725503365430574	0.0788067684570163	-0.04440974552601192	0.0872402616049062	-0.09410588702097188	0.08242963064338907	-0.07136068828788623	0.045711725176089485	-0.0674920919255622	0.096324219739022	-0.10465419685512224	0.11825143731702349	-0.09181145021333326	0.12251447035004595	-0.12082390172000149	0.10619938490212864	-0.10992683251920737	0.09949822406302992	-0.10615322812243311	0.11456265042311187	-0.11318032403347898	0.12430241059413669	-0.11686950689607996	0.1175480372837431	-0.22377413193338844	0.11831531395348216	-0.1219473755832736	0.14630476786099259	-0.26727049978300876	0.1501945715468124	-0.13305854759615457	0.11140607635028303	-0.1445481791264855	0.17684718750217518	-0.12901202133540068	0.1862036473530433	-0.23020872478865734	0.2193876615416965	-0.18294259789233752	0.11814179693977633	-0.1391168549084175	0.9999999999999933	-0.2926249321679435	0.25242118951182213
