1.0	-0.6594642281226267	0.29180064876577827	-0.12962855508749468	0.10810173693098986	-0.41892458222318857	0.24852740285350974	-0.2854820358676548	0.19411496195475392	-0.16085963086127036	0.23394290567279305	-0.2535981408966357	0.17403748378174427	-0.16589545612260123	0.12747529987062356	-0.18639933420281915	0.16635945734816646	-0.17858444190074194	0.1334707214331493	-0.12751668006609362	0.14148031156220053	-0.1292025932478335	0.13082619159990802	-0.13294204310003016	0.12200761585263992	-0.08500395328207315	0.10360600727187455	-0.13382846006448954	0.09907030035946708	-0.12666383598789813	0.09935249182295222	-0.12078952577465546	0.15672788383756941	-0.039434377686726654	0.03799495539991167
-0.6594642281226267	1.0	-0.5867826461631835	0.10837389959301799	-0.09326984072613324	0.21657127641266793	-0.25909250439450054	0.2595255336958348	-0.1810996817851525	0.12436705191185113	-0.17850531356222146	0.19191311347294684	-0.14168483889360806	0.12194064389756078	-0.10050210074272654	0.1281130409656711	-0.1280461211471662	0.13189936878051095	-0.1009989090297778	0.09472956675256891	-0.10720547621145962	0.09498092354855617	-0.09749215714289111	0.0974332840005507	-0.09236948805412812	0.0627704278506402	-0.07646081877171787	0.09709070482721684	-0.07248065288538558	0.09088323396106378	-0.07426659043384523	0.0872031643283078	-0.11567326237708067	0.02853655259459792	-0.027623274072581486
0.29180064876577827	-0.5867826461631835	1.0000000000000002	-0.16858329248947565	0.1288283464483116	-0.21175148787523929	0.2512216457110243	-0.5737907260567783	0.23878502744443234	-0.18036101778128155	0.16487802472354166	-0.23075146449701547	0.1734148687902021	-0.16139038030457903	0.13131917180555058	-0.14272340886620755	0.13738247872379494	-0.16991725991952353	0.12831977481178677	-0.12753018454793713	0.1250257324109603	-0.11340863353915208	0.12030019186541727	-0.12576578270240804	0.11791273692445912	-0.0754888399646597	0.09241657195183227	-0.1223120491846513	0.09223933389251192	-0.1179611474835545	0.08872172928567063	-0.10748462180764319	0.14270164002988706	-0.03642357283091149	0.03510841711358283
-0.12962855508749468	0.10837389959301799	-0.16858329248947565	1.0000000000000002	-0.7939288267164496	0.09150902660234558	-0.12187004414204544	0.16990725129930803	-0.4384549884529071	0.2774798722298034	-0.08594651504916108	0.10872526480294735	-0.10561467671452617	0.1237391257649875	-0.184335762773161	0.0777008893534511	-0.08210722176792876	0.10197045863238371	-0.10366369721247565	0.13184585535722015	-0.08854721991516261	0.07677138904300515	-0.08783622751698994	0.10200138525309413	-0.11492483011019888	0.05317793572425195	-0.065221551349869	0.08834726059257823	-0.07228754000484276	0.09138943191858147	-0.06399256694241394	0.07477676184772429	-0.10869634716913278	0.027997552832167226	-0.02717472806797521
0.10810173693098986	-0.09326984072613324	0.1288283464483116	-0.7939288267164496	1.0000000000000002	-0.0819598038839817	0.10351785603144291	-0.1442063062679258	0.27358589985109955	-0.45232334417294834	0.07664024326040281	-0.09928636858502846	0.0976590049161434	-0.12603732616570854	0.19113970937206579	-0.0729982559634063	0.07638301639023959	-0.09857751184755756	0.1018248737912582	-0.15176073454532588	0.08531925784005287	-0.07522113766427901	0.08699244601468092	-0.10671324879969539	0.11629068516713113	-0.05211433181020091	0.06421829524990566	-0.08940796172001031	0.0740838413823097	-0.0962956262152184	0.06224001914239072	-0.07445612924625468	0.106412006661745	-0.02876910144810286	0.027756490460129644
-0.41892458222318857	0.21657127641266793	-0.21175148787523929	0.09150902660234558	-0.0819598038839817	1.0000000000000002	-0.3712568506704208	0.2019153029442046	-0.15894183727253636	0.11444457475128843	-0.6875482524124952	0.2725489011727814	-0.17234111027041907	0.13322235806343044	-0.10158044499491485	0.23602366245019207	-0.23405286758952132	0.1587952749326077	-0.11488623286134193	0.09752914477954225	-0.14877860850910948	0.13058165685411174	-0.12061877779176126	0.11000004586847077	-0.10164558652674899	0.08164185070928698	-0.09941222357322652	0.11598130367498784	-0.08344715635567701	0.10173075657823481	-0.09588991604600423	0.10857463912298938	-0.13470994452030755	0.03233347933278405	-0.03139745283016625
0.24852740285350974	-0.25909250439450054	0.2512216457110243	-0.12187004414204544	0.10351785603144291	-0.3712568506704208	1.0000000000000002	-0.44660966164336113	0.21108161362051	-0.15009909459544854	0.25688894127423456	-0.6395754610854899	0.23145968460190927	-0.17278032394677167	0.1229020951449959	-0.19520516004408525	0.18941673525030467	-0.21266545159383024	0.13984848962740556	-0.11909252968743483	0.14237089721586754	-0.13191100416594853	0.13421372354243064	-0.1297193711991304	0.11864296634691195	-0.08342138767030267	0.10254630268499494	-0.13125290821704153	0.09584680515607641	-0.11879558681056455	0.0972177623946321	-0.11601778526557509	0.14724568638877297	-0.03696908691412744	0.03575865248798475
-0.2854820358676548	0.2595255336958348	-0.5737907260567783	0.16990725129930803	-0.1442063062679258	0.2019153029442046	-0.44660966164336113	0.9999999999999998	-0.4497130300824824	0.1914848539400125	-0.1806929873525529	0.25274000531103047	-0.2336689943997115	0.16759336714144776	-0.14569415642056124	0.14245058326899834	-0.1487361457705062	0.18170022960042748	-0.13837583437435985	0.12997783131166604	-0.13084779279641387	0.11616163548259971	-0.12583260509654698	0.12775726016220673	-0.12421534561346172	0.0769472830569169	-0.0943826540611322	0.12290404527104445	-0.09338448580142018	0.11617897569409434	-0.09133182151440991	0.10696979277814041	-0.1448798607047256	0.036203255709531784	-0.035094452708197776
0.19411496195475392	-0.1810996817851525	0.23878502744443234	-0.4384549884529071	0.27358589985109955	-0.15894183727253636	0.21108161362051	-0.4497130300824824	0.9999999999999998	-0.4762851831682153	0.14312905400511242	-0.20313307278783588	0.18389203959074932	-0.2420577583922258	0.237743291739513	-0.13498145004371437	0.13823313639884274	-0.1840630553725973	0.17732885419581473	-0.21965330455204893	0.14615340026597223	-0.13106933097748497	0.1485153070361923	-0.17662656348153824	0.17539124123641206	-0.08962539958585129	0.1104292055796823	-0.15303751949158387	0.12344122637701023	-0.1611546053080587	0.10617691335230361	-0.12878608571509575	0.1788323844567009	-0.048278633766781355	0.04644104055385548
-0.16085963086127036	0.12436705191185113	-0.18036101778128155	0.2774798722298034	-0.45232334417294834	0.11444457475128843	-0.15009909459544854	0.1914848539400125	-0.4762851831682153	0.9999999999999993	-0.11075077554752522	0.136591598616172	-0.14263286178743606	0.17750772066437842	-0.550544171568017	0.102866437936741	-0.11083960635831736	0.13928770067390314	-0.15655223836852464	0.2435217185577271	-0.12630959926708688	0.10864799292828134	-0.12914802889882934	0.15736427124322167	-0.20562783182398175	0.07562090593340756	-0.0932080604934405	0.12806067835587176	-0.10935167344219476	0.13598505142140585	-0.09143923830175103	0.105775376371706	-0.15762982680076848	0.04126408748245049	-0.04023531607309823
0.23394290567279305	-0.17850531356222146	0.16487802472354166	-0.08594651504916108	0.07664024326040281	-0.6875482524124952	0.25688894127423456	-0.1806929873525529	0.14312905400511242	-0.11075077554752522	0.999999999999999	-0.37430050942528315	0.17759203998148493	-0.13976310626195607	0.09924304588939957	-0.4314863232035441	0.25193577607187445	-0.1763435364064184	0.11798174623670342	-0.09818807132591112	0.15087794191857157	-0.14285533142429363	0.12582607497851314	-0.11428153022580172	0.10240624059016849	-0.08492351211276446	0.10365250288492828	-0.12243582692733286	0.08641692306574865	-0.1061150985718881	0.0970536410700797	-0.11504606786835349	0.13536562395401097	-0.033301886247407146	0.03222562978279933
-0.2535981408966357	0.19191311347294684	-0.23075146449701547	0.10872526480294735	-0.09928636858502846	0.2725489011727814	-0.6395754610854899	0.25274000531103047	-0.20313307278783588	0.136591598616172	-0.37430050942528315	0.9999999999999986	-0.3899341702420748	0.18080003299163092	-0.12605145840137308	0.22350012289613108	-0.2753263124013041	0.2395772776522595	-0.15767440357968215	0.11905426571234373	-0.1686482799971776	0.15297193238555626	-0.15402090998146412	0.13773520455662397	-0.127107207326521	0.09439825860155666	-0.11677147866706737	0.142209245275701	-0.10300330316884615	0.12328478221758875	-0.11097445249597122	0.12678169899847902	-0.16167577800457159	0.03905700689767774	-0.03801188272006065
0.17403748378174427	-0.14168483889360806	0.1734148687902021	-0.10561467671452617	0.0976590049161434	-0.17234111027041907	0.23145968460190927	-0.2336689943997115	0.18389203959074932	-0.14263286178743606	0.17759203998148493	-0.3899341702420748	0.9999999999999988	-0.3480466373403075	0.14361726942154007	-0.18142683425656533	0.19533733916405507	-0.7004537933905856	0.24914332562256586	-0.14460383959431777	0.1714228985683657	-0.1693127266638152	0.21190335842527902	-0.18969960920484738	0.15771642564065444	-0.10303269948067216	0.1308981535307089	-0.19154791703470977	0.13337549836236606	-0.15803915482819883	0.11838434898021707	-0.14525376577207022	0.18160730862955232	-0.04783582850876743	0.046292495767387545
-0.16589545612260123	0.12194064389756078	-0.16139038030457903	0.1237391257649875	-0.12603732616570854	0.13322235806343044	-0.17278032394677167	0.16759336714144776	-0.2420577583922258	0.17750772066437842	-0.13976310626195607	0.18080003299163092	-0.3480466373403075	0.9999999999999986	-0.23738272761479254	0.13754844619782147	-0.15686565695220983	0.2708848517406319	-0.7331966979243149	0.2023080431669434	-0.18011252198516547	0.15578897259081667	-0.20632181530979948	0.25034341635867197	-0.23778020132654115	0.10518672773268464	-0.1318246068800596	0.18379418261809016	-0.1634711909672543	0.17829187972299976	-0.127144409565888	0.1436313651673727	-0.21172313355268182	0.055260126014435695	-0.05444152841790806
0.12747529987062356	-0.10050210074272654	0.13131917180555058	-0.184335762773161	0.19113970937206579	-0.10158044499491485	0.1229020951449959	-0.14569415642056124	0.237743291739513	-0.550544171568017	0.09924304588939957	-0.12605145840137308	0.14361726942154007	-0.23738272761479254	0.999999999999998	-0.10218193332676592	0.1092457698789269	-0.1523698875332434	0.18751669129722018	-0.6071446065642415	0.13281899001887082	-0.12016698621444342	0.14884755076749684	-0.2174859956284419	0.2613627281719218	-0.08227444929274214	0.10319786283534094	-0.15385225439431252	0.1372583307954153	-0.18238709761421817	0.09725098973187216	-0.11869075512421542	0.1661695802846282	-0.050634037615534984	0.04862469542840134
-0.18639933420281915	0.1281130409656711	-0.14272340886620755	0.0777008893534511	-0.0729982559634063	0.23602366245019207	-0.19520516004408525	0.14245058326899834	-0.13498145004371437	0.102866437936741	-0.4314863232035441	0.22350012289613108	-0.18142683425656533	0.13754844619782147	-0.10218193332676592	0.9999999999999959	-0.7412920718211714	0.1834392125246815	-0.12783965985689963	0.10020776059424462	-0.2490192688167502	0.22007257299418012	-0.16341035075464233	0.12750687690084123	-0.11350636315190467	0.1191361589743068	-0.14824460754874524	0.1469456671598393	-0.09949344417289961	0.11638715377694515	-0.13500709640615152	0.14750341185790294	-0.15910407109286534	0.03725585344029446	-0.03627675895319689
0.16635945734816646	-0.1280461211471662	0.13738247872379494	-0.08210722176792876	0.07638301639023959	-0.23405286758952132	0.18941673525030467	-0.1487361457705062	0.13823313639884274	-0.11083960635831736	0.25193577607187445	-0.2753263124013041	0.19533733916405507	-0.15686565695220983	0.1092457698789269	-0.7412920718211714	0.9999999999999998	-0.24552965978577265	0.1420151347533399	-0.11104467531979932	0.2348885266685035	-0.34795702402360307	0.18755214912974844	-0.14742449953566814	0.12408415867087007	-0.13074674703281897	0.1675475065078636	-0.17412864916827805	0.11271136647745783	-0.13384306897077392	0.13952615515808617	-0.17521855389231877	0.16957264584344547	-0.04167155450346138	0.04031629716948043
-0.17858444190074194	0.13189936878051095	-0.16991725991952353	0.10197045863238371	-0.09857751184755756	0.1587952749326077	-0.21266545159383024	0.18170022960042748	-0.1840630553725973	0.13928770067390314	-0.1763435364064184	0.2395772776522595	-0.7004537933905856	0.2708848517406319	-0.1523698875332434	0.1834392125246815	-0.24552965978577265	0.9999999999999976	-0.3471262184543198	0.15119074273240804	-0.20351319633382442	0.19364682918066645	-0.3295479285476041	0.21261311280892134	-0.18040351894287812	0.1159289258749732	-0.15106023323676404	0.21216736727876861	-0.15203348641456715	0.16629675453379864	-0.13561678555652737	0.15697979619847954	-0.2081156490622487	0.051776146498738115	-0.05068681872241586
0.1334707214331493	-0.1009989090297778	0.12831977481178677	-0.10366369721247565	0.1018248737912582	-0.11488623286134193	0.13984848962740556	-0.13837583437435985	0.17732885419581473	-0.15655223836852464	0.11798174623670342	-0.15767440357968215	0.24914332562256586	-0.7331966979243149	0.18751669129722018	-0.12783965985689963	0.1420151347533399	-0.3471262184543198	0.9999999999999952	-0.22582068059107302	0.16218327731600393	-0.1541419710726489	0.211444321195508	-0.38329472281492677	0.22860219042223218	-0.09863281853863648	0.12641203926473202	-0.1963651772641336	0.17525712671138907	-0.20152647271999577	0.11507386648953781	-0.1395928048751597	0.1871196364730916	-0.05659338546559967	0.054686292282425636
-0.12751668006609362	0.09472956675256891	-0.12753018454793713	0.13184585535722015	-0.15176073454532588	0.09752914477954225	-0.11909252968743483	0.12997783131166604	-0.21965330455204893	0.2435217185577271	-0.09818807132591112	0.11905426571234373	-0.14460383959431777	0.2023080431669434	-0.6071446065642415	0.10020776059424462	-0.11104467531979932	0.15119074273240804	-0.22582068059107302	0.9999999999999942	-0.1412742797257224	0.12375389817242259	-0.1667817048879161	0.24363498752181725	-0.5842268345089824	0.08470299142444947	-0.10716746399826504	0.1572570867721221	-0.15494225438947393	0.18278550764334778	-0.10183107778752391	0.11832797832802769	-0.17687040104223897	0.051807860202978645	-0.051006341959629664
0.14148031156220053	-0.10720547621145962	0.1250257324109603	-0.08854721991516261	0.08531925784005287	-0.14877860850910948	0.14237089721586754	-0.13084779279641387	0.14615340026597223	-0.12630959926708688	0.15087794191857157	-0.1686482799971776	0.1714228985683657	-0.18011252198516547	0.13281899001887082	-0.2490192688167502	0.2348885266685035	-0.20351319633382442	0.16218327731600393	-0.1412742797257224	0.9999999999999981	-0.5869390471343655	0.2577432760674809	-0.2039034845594298	0.1626051462053219	-0.41165487822860486	0.2960825734188363	-0.276987503345678	0.16375328871365114	-0.1991620623953893	0.27653521485098853	-0.35569530653490494	0.24640993758337093	-0.061377254010489886	0.058847445953613686
-0.1292025932478335	0.09498092354855617	-0.11340863353915208	0.07677138904300515	-0.07522113766427901	0.13058165685411174	-0.13191100416594853	0.11616163548259971	-0.13106933097748497	0.10864799292828134	-0.14285533142429363	0.15297193238555626	-0.1693127266638152	0.15578897259081667	-0.12016698621444342	0.22007257299418012	-0.34795702402360307	0.19364682918066645	-0.1541419710726489	0.12375389817242259	-0.5869390471343655	0.9999999999999966	-0.4145992878612411	0.1930620808301129	-0.15665112118248065	0.2322743088999898	-0.42871715654849846	0.26310381559029106	-0.15624395185446027	0.1684228326619205	-0.24050063263404473	0.27450223921021977	-0.2293691913809266	0.05312044759963952	-0.051748630601023485
0.13082619159990802	-0.09749215714289111	0.12030019186541727	-0.08783622751698994	0.08699244601468092	-0.12061877779176126	0.13421372354243064	-0.12583260509654698	0.1485153070361923	-0.12914802889882934	0.12582607497851314	-0.15402090998146412	0.21190335842527902	-0.20632181530979948	0.14884755076749684	-0.16341035075464233	0.18755214912974844	-0.3295479285476041	0.211444321195508	-0.1667817048879161	0.2577432760674809	-0.4145992878612411	0.999999999999992	-0.4098132167125822	0.21869812919831183	-0.16093398428905256	0.23307079603842207	-0.5839486924124888	0.2400135594090382	-0.24976626813394887	0.17016070374975856	-0.22880009913805027	0.2484340561682376	-0.06985124966691958	0.06723811468172355
-0.13294204310003016	0.0974332840005507	-0.12576578270240804	0.10200138525309413	-0.10671324879969539	0.11000004586847077	-0.1297193711991304	0.12775726016220673	-0.17662656348153824	0.15736427124322167	-0.11428153022580172	0.13773520455662397	-0.18969960920484738	0.25034341635867197	-0.2174859956284419	0.12750687690084123	-0.14742449953566814	0.21261311280892134	-0.38329472281492677	0.24363498752181725	-0.2039034845594298	0.1930620808301129	-0.4098132167125822	0.9999999999999958	-0.5325387353656849	0.11972115162551383	-0.16246537024421273	0.2691087434813872	-0.4018543414107409	0.2823006481039101	-0.14032967331756446	0.16500002713524142	-0.234416696244319	0.07798046432063646	-0.07737558273039007
0.12200761585263992	-0.09236948805412812	0.11791273692445912	-0.11492483011019888	0.11629068516713113	-0.10164558652674899	0.11864296634691195	-0.12421534561346172	0.17539124123641206	-0.20562783182398175	0.10240624059016849	-0.127107207326521	0.15771642564065444	-0.23778020132654115	0.2613627281719218	-0.11350636315190467	0.12408415867087007	-0.18040351894287812	0.22860219042223218	-0.5842268345089824	0.1626051462053219	-0.15665112118248065	0.21869812919831183	-0.5325387353656849	0.9999999999999938	-0.10169641720211882	0.13217645097601743	-0.22197063129150962	0.22985748355542346	-0.31675984106211197	0.11778121440606784	-0.1469923143030051	0.1973443187738492	-0.07255250620960427	0.0697098362177595
-0.08500395328207315	0.0627704278506402	-0.0754888399646597	0.05317793572425195	-0.05211433181020091	0.08164185070928698	-0.08342138767030267	0.0769472830569169	-0.08962539958585129	0.07562090593340756	-0.08492351211276446	0.09439825860155666	-0.10303269948067216	0.10518672773268464	-0.08227444929274214	0.1191361589743068	-0.13074674703281897	0.1159289258749732	-0.09863281853863648	0.08470299142444947	-0.41165487822860486	0.2322743088999898	-0.16093398428905256	0.11972115162551383	-0.10169641720211882	0.9999999999999963	-0.38773691783181324	0.17598688226836645	-0.1043835714744987	0.11931939652750553	-0.7601002537317443	0.2872643960346235	-0.1769000845701636	0.03880715330557208	-0.03763201818403278
0.10360600727187455	-0.07646081877171787	0.09241657195183227	-0.065221551349869	0.06421829524990566	-0.09941222357322652	0.10254630268499494	-0.0943826540611322	0.1104292055796823	-0.0932080604934405	0.10365250288492828	-0.11677147866706737	0.1308981535307089	-0.1318246068800596	0.10319786283534094	-0.14824460754874524	0.1675475065078636	-0.15106023323676404	0.12641203926473202	-0.10716746399826504	0.2960825734188363	-0.42871715654849846	0.23307079603842207	-0.16246537024421273	0.13217645097601743	-0.38773691783181324	0.9999999999999959	-0.33399959797064205	0.14859131736580697	-0.16273658126092388	0.2840375889380128	-0.6555988932151003	0.23185746361022272	-0.051244378962451126	0.049536977029687054
-0.13382846006448954	0.09709070482721684	-0.1223120491846513	0.08834726059257823	-0.08940796172001031	0.11598130367498784	-0.13125290821704153	0.12290404527104445	-0.15303751949158387	0.12806067835587176	-0.12243582692733286	0.142209245275701	-0.19154791703470977	0.18379418261809016	-0.15385225439431252	0.1469456671598393	-0.17412864916827805	0.21216736727876861	-0.1963651772641336	0.1572570867721221	-0.276987503345678	0.26310381559029106	-0.5839486924124888	0.2691087434813872	-0.22197063129150962	0.17598688226836645	-0.33399959797064205	0.9999999999999959	-0.39546450918227627	0.26783791390606754	-0.2002518370195921	0.2469442407622437	-0.39090789018848854	0.08351137779174325	-0.0827007305672747
0.09907030035946708	-0.07248065288538558	0.09223933389251192	-0.07228754000484276	0.0740838413823097	-0.08344715635567701	0.09584680515607641	-0.09338448580142018	0.12344122637701023	-0.10935167344219476	0.08641692306574865	-0.10300330316884615	0.13337549836236606	-0.1634711909672543	0.1372583307954153	-0.09949344417289961	0.11271136647745783	-0.15203348641456715	0.17525712671138907	-0.15494225438947393	0.16375328871365114	-0.15624395185446027	0.2400135594090382	-0.4018543414107409	0.22985748355542346	-0.1043835714744987	0.14859131736580697	-0.39546450918227627	0.9999999999999951	-0.7379012551364125	0.11961598400807456	-0.15053214251406288	0.210319546694632	-0.1311302911918309	0.11965932873476696
-0.12666383598789813	0.09088323396106378	-0.1179611474835545	0.09138943191858147	-0.0962956262152184	0.10173075657823481	-0.11879558681056455	0.11617897569409434	-0.1611546053080587	0.13598505142140585	-0.1061150985718881	0.12328478221758875	-0.15803915482819883	0.17829187972299976	-0.18238709761421817	0.11638715377694515	-0.13384306897077392	0.16629675453379864	-0.20152647271999577	0.18278550764334778	-0.1991620623953893	0.1684228326619205	-0.24976626813394887	0.2823006481039101	-0.31675984106211197	0.11931939652750553	-0.16273658126092388	0.26783791390606754	-0.7379012551364125	0.9999999999999954	-0.14505424772803927	0.1637919252955682	-0.27492730152814043	0.14203151578360215	-0.16603396571541182
0.09935249182295222	-0.07426659043384523	0.08872172928567063	-0.06399256694241394	0.06224001914239072	-0.09588991604600423	0.0972177623946321	-0.09133182151440991	0.10617691335230361	-0.09143923830175103	0.0970536410700797	-0.11097445249597122	0.11838434898021707	-0.127144409565888	0.09725098973187216	-0.13500709640615152	0.13952615515808617	-0.13561678555652737	0.11507386648953781	-0.10183107778752391	0.27653521485098853	-0.24050063263404473	0.17016070374975856	-0.14032967331756446	0.11778121440606784	-0.7601002537317443	0.2840375889380128	-0.2002518370195921	0.11961598400807456	-0.14505424772803927	0.9999999999999951	-0.4291660371277043	0.204292591356066	-0.046596332644189255	0.04478103350050938
-0.12078952577465546	0.0872031643283078	-0.10748462180764319	0.07477676184772429	-0.07445612924625468	0.10857463912298938	-0.11601778526557509	0.10696979277814041	-0.12878608571509575	0.105775376371706	-0.11504606786835349	0.12678169899847902	-0.14525376577207022	0.1436313651673727	-0.11869075512421542	0.14750341185790294	-0.17521855389231877	0.15697979619847954	-0.1395928048751597	0.11832797832802769	-0.35569530653490494	0.27450223921021977	-0.22880009913805027	0.16500002713524142	-0.1469923143030051	0.2872643960346235	-0.6555988932151003	0.2469442407622437	-0.15053214251406288	0.1637919252955682	-0.4291660371277043	0.9999999999999952	-0.35020286572609	0.05856094030167577	-0.057447195849907845
0.15672788383756941	-0.11567326237708067	0.14270164002988706	-0.10869634716913278	0.106412006661745	-0.13470994452030755	0.14724568638877297	-0.1448798607047256	0.1788323844567009	-0.15762982680076848	0.13536562395401097	-0.16167577800457159	0.18160730862955232	-0.21172313355268182	0.1661695802846282	-0.15910407109286534	0.16957264584344547	-0.2081156490622487	0.1871196364730916	-0.17687040104223897	0.24640993758337093	-0.2293691913809266	0.2484340561682376	-0.234416696244319	0.1973443187738492	-0.1769000845701636	0.23185746361022272	-0.39090789018848854	0.210319546694632	-0.27492730152814043	0.204292591356066	-0.35020286572609	0.9999999999999944	-0.12506139300800195	0.10970425145515328
-0.039434377686726654	0.02853655259459792	-0.03642357283091149	0.027997552832167226	-0.02876910144810286	0.03233347933278405	-0.03696908691412744	0.036203255709531784	-0.048278633766781355	0.04126408748245049	-0.033301886247407146	0.03905700689767774	-0.04783582850876743	0.055260126014435695	-0.050634037615534984	0.03725585344029446	-0.04167155450346138	0.051776146498738115	-0.05659338546559967	0.051807860202978645	-0.061377254010489886	0.05312044759963952	-0.06985124966691958	0.07798046432063646	-0.07255250620960427	0.03880715330557208	-0.051244378962451126	0.08351137779174325	-0.1311302911918309	0.14203151578360215	-0.046596332644189255	0.05856094030167577	-0.12506139300800195	0.9999999999999943	-0.9682038385347649
0.03799495539991167	-0.027623274072581486	0.03510841711358283	-0.02717472806797521	0.027756490460129644	-0.03139745283016625	0.03575865248798475	-0.035094452708197776	0.04644104055385548	-0.04023531607309823	0.03222562978279933	-0.03801188272006065	0.046292495767387545	-0.05444152841790806	0.04862469542840134	-0.03627675895319689	0.04031629716948043	-0.05068681872241586	0.054686292282425636	-0.051006341959629664	0.058847445953613686	-0.051748630601023485	0.06723811468172355	-0.07737558273039007	0.0697098362177595	-0.03763201818403278	0.049536977029687054	-0.0827007305672747	0.11965932873476696	-0.16603396571541182	0.04478103350050938	-0.057447195849907845	0.10970425145515328	-0.9682038385347649	0.9999999999999943
