1.0	-0.7589083427992674	0.29279468456947677	-0.2515067591943465	0.18736940030236748	-0.318087237139264	0.23005528428318014	-0.31945864792534484	0.18665807017029604	-0.1500335050033008	0.1012274069949533	-0.08813166878152168	0.1533365196769178	-0.17198831556787872	0.13186870557031327	-0.10370088302055191	0.09750152916045983	-0.12756483873490768	0.11462572134126839	-0.11699934507967374	0.07390085603248867	-0.07421229450106295	0.11416894952431372	-0.0830876262508792	0.0762732634134754	-0.05518200622055659	0.06132309428887568	-0.17420537648646695	0.07334311302076214	-0.10137974874473639
-0.7589083427992674	0.9999999999999996	-0.4968800983912621	0.20029290401698036	-0.16778288065566307	0.20533567389728846	-0.22930828687261678	0.2579896935665005	-0.16386414701685517	0.11679938993787779	-0.07748567499780357	0.06949077619896392	-0.12756201712168622	0.13370032746509847	-0.10781006922955652	0.07574723610499186	-0.07882381840325535	0.09791875540656501	-0.09032233620511214	0.08850094967648411	-0.05660716677705907	0.05615273544652326	-0.08909869784600749	0.060866667160062914	-0.05720910785034478	0.04142531554233434	-0.04670781112616913	0.12389296819467267	-0.054056116697505596	0.07431318254338043
0.29279468456947677	-0.4968800983912621	0.9999999999999988	-0.39860384159279244	0.215549133366485	-0.21368084279246205	0.20368033987012674	-0.6214419728723702	0.2525034429828497	-0.16382616668496525	0.08797960756288277	-0.08654379942683776	0.17135334708593847	-0.19462627701981838	0.1435189732457067	-0.08812169100790754	0.09572782676556363	-0.13128603156999563	0.11966060991476685	-0.11764342495605634	0.06879157550671726	-0.06965245534433244	0.11206906788416501	-0.07795067756801008	0.07407046523574716	-0.050709389012497406	0.057525517081843724	-0.15687582224357113	0.06890599349081855	-0.09628809213788106
-0.2515067591943465	0.20029290401698036	-0.39860384159279244	0.9999999999999989	-0.528929179645288	0.15094584905291208	-0.1561853186212345	0.286554787844406	-0.56040540020972	0.24966447410175285	-0.10164961559231982	0.10628920858479418	-0.22863270289894946	0.26657653506889084	-0.23455024463960367	0.0988078929880669	-0.1259645300435149	0.16674154610927566	-0.17508576194022912	0.162711887559709	-0.09017748738761593	0.09023719440320488	-0.15364550008876332	0.10316454204442987	-0.10218389326654789	0.06501512078591214	-0.07625746561460715	0.2001210522175926	-0.0921380842636926	0.1287927970428595
0.18736940030236748	-0.16778288065566307	0.215549133366485	-0.528929179645288	0.9999999999999991	-0.14988941712278206	0.13752349674719097	-0.2482566873587071	0.2922186839731092	-0.46040511361270564	0.12093896671345526	-0.1243656662637539	0.23659732095709085	-0.31947140248760386	0.2831057538112899	-0.12560205069762806	0.14237761088008705	-0.22384463904655455	0.21696821321885265	-0.24686516837594508	0.1203078749403411	-0.12548370867625433	0.2025506970582986	-0.1717127763402775	0.15858941525916037	-0.09172458216726385	0.10625412443671989	-0.3678649077617388	0.15047244280707187	-0.21862494968588958
-0.318087237139264	0.20533567389728846	-0.21368084279246205	0.15094584905291208	-0.14988941712278206	0.999999999999999	-0.8506751217905191	0.2340268284431566	-0.1490376378116422	0.10455242758584542	-0.1600660625972715	0.09548528689839063	-0.130808690447102	0.12393702724323086	-0.10061181543997368	0.1274119595824821	-0.10382964354679046	0.09815081271071587	-0.08685777137062843	0.08303345235712288	-0.06864421237011414	0.06424488975354636	-0.09235520344331247	0.05841970127189287	-0.05416883545361937	0.04929550683457972	-0.05240049631291469	0.11876507277671737	-0.052052018267105815	0.06956052185612092
0.23005528428318014	-0.22930828687261678	0.20368033987012674	-0.1561853186212345	0.13752349674719097	-0.8506751217905191	0.9999999999999979	-0.33857704811556705	0.14880313336736634	-0.10452193837236455	0.12362470084563082	-0.0923724408645778	0.12510808943727292	-0.12662610278492292	0.09644051072918305	-0.12027876648243578	0.09421546369830587	-0.09646437722388773	0.08398526999094565	-0.08173120425304894	0.06356919919236101	-0.06097743325518445	0.0869588018561977	-0.05707258491318908	0.05277330136311326	-0.0466350771732093	0.0492016730629395	-0.1167322793455553	0.05060344214657474	-0.06838472295895562
-0.31945864792534484	0.2579896935665005	-0.6214419728723702	0.286554787844406	-0.2482566873587071	0.2340268284431566	-0.33857704811556705	0.9999999999999982	-0.4188523508046659	0.18272700910227807	-0.10463348131029382	0.10667186454945901	-0.25223398095152855	0.2278456837987013	-0.17374541351756545	0.10013253433044263	-0.11989549611208171	0.15563896396682234	-0.14352774508407323	0.13247629577150885	-0.08012499824916744	0.08026369152471279	-0.13368127192019355	0.08563265907562335	-0.08302319858160331	0.057914008705013814	-0.066456106893227	0.1671908733174125	-0.07618038564326489	0.10502389565024495
0.18665807017029604	-0.16386414701685517	0.2525034429828497	-0.56040540020972	0.2922186839731092	-0.1490376378116422	0.14880313336736634	-0.4188523508046659	0.9999999999999992	-0.344763168482926	0.09421833793648945	-0.10506371748648731	0.2332812247056661	-0.4927825903977867	0.24632318667863873	-0.09340499255754027	0.11786624697940412	-0.1753753479160272	0.18636143095274377	-0.17770645072698266	0.08343267768196833	-0.08565261704482932	0.1448333351332029	-0.10132912320221747	0.10293577263066742	-0.060915186412058286	0.07087510776107192	-0.1901612489688403	0.08937067390770148	-0.13036734234679104
-0.1500335050033008	0.11679938993787779	-0.16382616668496525	0.24966447410175285	-0.46040511361270564	0.10455242758584542	-0.10452193837236455	0.18272700910227807	-0.344763168482926	0.9999999999999989	-0.09027412130646024	0.09693792761319818	-0.20617092881221466	0.2666002212582161	-0.7117686910193183	0.08844765498428568	-0.11553777057137639	0.16669768141367033	-0.206007685155065	0.21315817197469764	-0.08743389758726579	0.0881787877957846	-0.15344180578919736	0.110105045959009	-0.12234371037701239	0.0629240003946577	-0.07477027223815572	0.19793379842066433	-0.09857090799369203	0.1451431021874935
0.1012274069949533	-0.07748567499780357	0.08797960756288277	-0.10164961559231982	0.12093896671345526	-0.1600660625972715	0.12362470084563082	-0.10463348131029382	0.09421833793648945	-0.09027412130646024	0.999999999999999	-0.3210765825047557	0.1555955428799884	-0.12096619892767826	0.09212093286520551	-0.8372415843091839	0.23498074516112252	-0.1389329629804373	0.09818607511238342	-0.09548582740362926	0.18668567394916527	-0.15812034054447563	0.14271368422671968	-0.08172968959608466	0.0667516838587569	-0.13705733852491245	0.11560405440771021	-0.18103249680880057	0.0723536353221052	-0.08722906553004166
-0.08813166878152168	0.06949077619896392	-0.08654379942683776	0.10628920858479418	-0.1243656662637539	0.09548528689839063	-0.0923724408645778	0.10667186454945901	-0.10506371748648731	0.09693792761319818	-0.3210765825047557	0.9999999999999988	-0.31043843386311826	0.1526950855428616	-0.10264088797364762	0.2230167800031404	-0.833265751823788	0.1815283916636576	-0.11587941656417008	0.10540240880069299	-0.10585143064036796	0.10101490388107731	-0.14008022050530575	0.07804577301653423	-0.0687019118842305	0.07610137417312884	-0.07827068228966826	0.16073859894835058	-0.0689000083199021	0.08816424221127815
0.1533365196769178	-0.12756201712168622	0.17135334708593847	-0.22863270289894946	0.23659732095709085	-0.130808690447102	0.12510808943727292	-0.25223398095152855	0.2332812247056661	-0.20617092881221466	0.1555955428799884	-0.31043843386311826	0.9999999999999991	-0.4824982414693351	0.21441946905931836	-0.1587763765252332	0.23983627958686748	-0.5476899085129855	0.2543096197900972	-0.23163250087219042	0.1348161861945095	-0.15183401021672505	0.2556273931678196	-0.15194895394052557	0.13845433009841102	-0.10095471756539035	0.11498861755888003	-0.3001846038348862	0.1316344264060463	-0.1779922951498754
-0.17198831556787872	0.13370032746509847	-0.19462627701981838	0.26657653506889084	-0.31947140248760386	0.12393702724323086	-0.12662610278492292	0.2278456837987013	-0.4927825903977867	0.2666002212582161	-0.12096619892767826	0.1526950855428616	-0.4824982414693351	0.9999999999999954	-0.37713132651028985	0.11600991386436921	-0.17687256219658037	0.2569988613640613	-0.37126830859113275	0.24567028513199804	-0.11176141866564024	0.11451875881168726	-0.20874124953888806	0.13033901091617206	-0.13954037972541217	0.07953522063287673	-0.09461920649484376	0.22617823845980084	-0.11607864029124493	0.16436705898246481
0.13186870557031327	-0.10781006922955652	0.1435189732457067	-0.23455024463960367	0.2831057538112899	-0.10061181543997368	0.09644051072918305	-0.17374541351756545	0.24632318667863873	-0.7117686910193183	0.09212093286520551	-0.10264088797364762	0.21441946905931836	-0.37713132651028985	0.999999999999999	-0.09284766838024763	0.11778640087284747	-0.19652366664554966	0.23976264113141796	-0.35319900847525953	0.09225550640430014	-0.09616551878178095	0.16419275809431527	-0.13456381965627945	0.15582274238424695	-0.06796531654204299	0.0800700041516697	-0.2314161273131899	0.11711179971154893	-0.19385980291483948
-0.10370088302055191	0.07574723610499186	-0.08812169100790754	0.0988078929880669	-0.12560205069762806	0.1274119595824821	-0.12027876648243578	0.10013253433044263	-0.09340499255754027	0.08844765498428568	-0.8372415843091839	0.2230167800031404	-0.1587763765252332	0.11600991386436921	-0.09284766838024763	0.9999999999999971	-0.27301729042475753	0.1363441818840314	-0.0982830028548054	0.09241250409901454	-0.2779272237911991	0.16384843523491957	-0.15726941759377266	0.07784722072168117	-0.06461476807855177	0.143955604887473	-0.13229268100466662	0.1664573843881427	-0.06976826344118214	0.08270736123562211
0.09750152916045983	-0.07882381840325535	0.09572782676556363	-0.1259645300435149	0.14237761088008705	-0.10382964354679046	0.09421546369830587	-0.11989549611208171	0.11786624697940412	-0.11553777057137639	0.23498074516112252	-0.833265751823788	0.23983627958686748	-0.17687256219658037	0.11778640087284747	-0.27301729042475753	0.9999999999999992	-0.2264017365012678	0.13419441559865739	-0.12933403131491664	0.12321054204618713	-0.12416330043116737	0.16040671526000505	-0.09925534763829079	0.0850247940075743	-0.09347315469181885	0.09352941812613169	-0.21189740690314296	0.08687570295496264	-0.11180184673553978
-0.12756483873490768	0.09791875540656501	-0.13128603156999563	0.16674154610927566	-0.22384463904655455	0.09815081271071587	-0.09646437722388773	0.15563896396682234	-0.1753753479160272	0.16669768141367033	-0.1389329629804373	0.1815283916636576	-0.5476899085129855	0.2569988613640613	-0.19652366664554966	0.1363441818840314	-0.2264017365012678	0.9999999999999972	-0.3924451782207418	0.23211427620108657	-0.1673166585907577	0.1871948172551401	-0.5319397607194464	0.1521738123163348	-0.14168670769368696	0.11421949731854328	-0.14359362188837976	0.2657086142747089	-0.13518853160005784	0.16482375949655292
0.11462572134126839	-0.09032233620511214	0.11966060991476685	-0.17508576194022912	0.21696821321885265	-0.08685777137062843	0.08398526999094565	-0.14352774508407323	0.18636143095274377	-0.206007685155065	0.09818607511238342	-0.11587941656417008	0.2543096197900972	-0.37126830859113275	0.23976264113141796	-0.0982830028548054	0.13419441559865739	-0.3924451782207418	0.9999999999999972	-0.6790555542755344	0.10724599834922781	-0.11705409978346196	0.21756265452811002	-0.18860153568092197	0.223538379379048	-0.07759054240725394	0.09315503914988568	-0.23538249456353802	0.15197886134919136	-0.26417348597662843
-0.11699934507967374	0.08850094967648411	-0.11764342495605634	0.162711887559709	-0.24686516837594508	0.08303345235712288	-0.08173120425304894	0.13247629577150885	-0.17770645072698266	0.21315817197469764	-0.09548582740362926	0.10540240880069299	-0.23163250087219042	0.24567028513199804	-0.35319900847525953	0.09241250409901454	-0.12933403131491664	0.23211427620108657	-0.6790555542755344	0.9999999999999951	-0.105142683276092	0.10682144194389975	-0.20805116376079588	0.17638732130016774	-0.39030319633976507	0.07328594849123618	-0.09032624455891045	0.20796371425804058	-0.1594179373093728	0.2629550947583601
0.07390085603248867	-0.05660716677705907	0.06879157550671726	-0.09017748738761593	0.1203078749403411	-0.06864421237011414	0.06356919919236101	-0.08012499824916744	0.08343267768196833	-0.08743389758726579	0.18668567394916527	-0.10585143064036796	0.1348161861945095	-0.11176141866564024	0.09225550640430014	-0.2779272237911991	0.12321054204618713	-0.1673166585907577	0.10724599834922781	-0.105142683276092	0.9999999999999943	-0.5871787889577537	0.2325042702746734	-0.10824965415396956	0.07857710403859215	-0.5811882472553382	0.3209444249013177	-0.2523303764696599	0.0955578271825184	-0.10186546223830684
-0.07421229450106295	0.05615273544652326	-0.06965245534433244	0.09023719440320488	-0.12548370867625433	0.06424488975354636	-0.06097743325518445	0.08026369152471279	-0.08565261704482932	0.0881787877957846	-0.15812034054447563	0.10101490388107731	-0.15183401021672505	0.11451875881168726	-0.09616551878178095	0.16384843523491957	-0.12416330043116737	0.1871948172551401	-0.11705409978346196	0.10682144194389975	-0.5871787889577537	0.9999999999999952	-0.44252629820290074	0.10923133142138167	-0.0796865748566952	0.30319577092450245	-0.5244574334399112	0.2318050144861185	-0.09887523448911688	0.09933233772913062
0.11416894952431372	-0.08909869784600749	0.11206906788416501	-0.15364550008876332	0.2025506970582986	-0.09235520344331247	0.0869588018561977	-0.13368127192019355	0.1448333351332029	-0.15344180578919736	0.14271368422671968	-0.14008022050530575	0.2556273931678196	-0.20874124953888806	0.16419275809431527	-0.15726941759377266	0.16040671526000505	-0.5319397607194464	0.21756265452811002	-0.20805116376079588	0.2325042702746734	-0.44252629820290074	0.9999999999999961	-0.2347621828417597	0.15018520994315912	-0.18074627920759823	0.21157922715637853	-0.46590390457478553	0.1869381323152452	-0.1900479389628804
-0.0830876262508792	0.060866667160062914	-0.07795067756801008	0.10316454204442987	-0.1717127763402775	0.05841970127189287	-0.05707258491318908	0.08563265907562335	-0.10132912320221747	0.110105045959009	-0.08172968959608466	0.07804577301653423	-0.15194895394052557	0.13033901091617206	-0.13456381965627945	0.07784722072168117	-0.09925534763829079	0.1521738123163348	-0.18860153568092197	0.17638732130016774	-0.10824965415396956	0.10923133142138167	-0.2347621828417597	0.9999999999999961	-0.3333288583487849	0.07438863599541667	-0.09722791332992763	0.25910243254077825	-0.8100262753096283	0.2551428777114677
0.0762732634134754	-0.05720910785034478	0.07407046523574716	-0.10218389326654789	0.15858941525916037	-0.05416883545361937	0.05277330136311326	-0.08302319858160331	0.10293577263066742	-0.12234371037701239	0.0667516838587569	-0.0687019118842305	0.13845433009841102	-0.13954037972541217	0.15582274238424695	-0.06461476807855177	0.0850247940075743	-0.14168670769368696	0.223538379379048	-0.39030319633976507	0.07857710403859215	-0.0796865748566952	0.15018520994315912	-0.3333288583487849	0.9999999999999957	-0.05530250779669212	0.06908031325835715	-0.1866438858797299	0.23052471617681822	-0.783863945526087
-0.05518200622055659	0.04142531554233434	-0.050709389012497406	0.06501512078591214	-0.09172458216726385	0.04929550683457972	-0.0466350771732093	0.057914008705013814	-0.060915186412058286	0.0629240003946577	-0.13705733852491245	0.07610137417312884	-0.10095471756539035	0.07953522063287673	-0.06796531654204299	0.143955604887473	-0.09347315469181885	0.11421949731854328	-0.07759054240725394	0.07328594849123618	-0.5811882472553382	0.30319577092450245	-0.18074627920759823	0.07438863599541667	-0.05530250779669212	0.9999999999999962	-0.7160802103821974	0.17350272353739973	-0.06912169235778443	0.06988752926829414
0.06132309428887568	-0.04670781112616913	0.057525517081843724	-0.07625746561460715	0.10625412443671989	-0.05240049631291469	0.0492016730629395	-0.066456106893227	0.07087510776107192	-0.07477027223815572	0.11560405440771021	-0.07827068228966826	0.11498861755888003	-0.09461920649484376	0.0800700041516697	-0.13229268100466662	0.09352941812613169	-0.14359362188837976	0.09315503914988568	-0.09032624455891045	0.3209444249013177	-0.5244574334399112	0.21157922715637853	-0.09722791332992763	0.06908031325835715	-0.7160802103821974	0.9999999999999962	-0.25110784760375576	0.08890340614912952	-0.08846602498106113
-0.17420537648646695	0.12389296819467267	-0.15687582224357113	0.2001210522175926	-0.3678649077617388	0.11876507277671737	-0.1167322793455553	0.1671908733174125	-0.1901612489688403	0.19793379842066433	-0.18103249680880057	0.16073859894835058	-0.3001846038348862	0.22617823845980084	-0.2314161273131899	0.1664573843881427	-0.21189740690314296	0.2657086142747089	-0.23538249456353802	0.20796371425804058	-0.2523303764696599	0.2318050144861185	-0.46590390457478553	0.25910243254077825	-0.1866438858797299	0.17350272353739973	-0.25110784760375576	0.9999999999999963	-0.3879763700778937	0.2103546654221242
0.07334311302076214	-0.054056116697505596	0.06890599349081855	-0.0921380842636926	0.15047244280707187	-0.052052018267105815	0.05060344214657474	-0.07618038564326489	0.08937067390770148	-0.09857090799369203	0.0723536353221052	-0.0689000083199021	0.1316344264060463	-0.11607864029124493	0.11711179971154893	-0.06976826344118214	0.08687570295496264	-0.13518853160005784	0.15197886134919136	-0.1594179373093728	0.0955578271825184	-0.09887523448911688	0.1869381323152452	-0.8100262753096283	0.23052471617681822	-0.06912169235778443	0.08890340614912952	-0.3879763700778937	0.9999999999999964	-0.30622369580479264
-0.10137974874473639	0.07431318254338043	-0.09628809213788106	0.1287927970428595	-0.21862494968588958	0.06956052185612092	-0.06838472295895562	0.10502389565024495	-0.13036734234679104	0.1451431021874935	-0.08722906553004166	0.08816424221127815	-0.1779922951498754	0.16436705898246481	-0.19385980291483948	0.08270736123562211	-0.11180184673553978	0.16482375949655292	-0.26417348597662843	0.2629550947583601	-0.10186546223830684	0.09933233772913062	-0.1900479389628804	0.2551428777114677	-0.783863945526087	0.06988752926829414	-0.08846602498106113	0.2103546654221242	-0.30622369580479264	0.9999999999999963
