1.0	-0.6303116739791396	0.11219960972142451	-0.09927455277898964	0.08339082177098545	-0.6022097863363609	0.28833135190772013	-0.12474627768788768	0.09033232957215843	-0.06008807518184223	0.28200562414205865	-0.299026486564035	0.11152361991009226	-0.08189231819836652	0.07051112788299528	-0.15263429144540916	0.12766755227730633	-0.1029330061970766	0.0799866721013636	-0.06847674553884994	0.09523572225425929	-0.08354715214662602	0.10986202536168331	-0.05751907476942058	0.05075283833698821	-0.061197945074977625	0.06922106844169079	-0.06444658431423184	0.07588172577812204	-0.03326856229968399	0.03711144193993444	-0.0512542587880206	0.041564479768074404	-0.04866970939745131	0.033038343158505935	-0.02998784097672658	0.03278018343606145	-0.019611204915919184	0.01591962752945824	-0.022500062409586272	0.026823964139514538	-0.039963504334050354	0.028154018029608374	-0.02492231245030296	0.01715790970697597
-0.6303116739791396	0.9999999999999998	-0.16442806908876006	0.12232084331987216	-0.0993846384555856	0.28733400042595253	-0.5835211980357269	0.15346019604889288	-0.11046808449579776	0.0710552206956625	-0.3072335960584038	0.2731908483162174	-0.14232091518604298	0.09424788988068071	-0.08249910944676737	0.1449411125088892	-0.13547060523633375	0.11425098175018614	-0.09254066225843546	0.07794854788054521	-0.10464273587836753	0.08867969612414434	-0.12732087589649882	0.06505055029974591	-0.05789873107426515	0.06555565711796904	-0.07578039551980839	0.0702071926298597	-0.08458370874860553	0.03674909987339042	-0.039983378301895876	0.05513746635947271	-0.04539896751769368	0.05289906747777051	-0.03656287629210359	0.03224554517494773	-0.035364121824890044	0.021161418393930036	-0.017208361402118174	0.024359954951778465	-0.028925227606324315	0.04294309721422121	-0.030466046718477482	0.026887679542750013	-0.018617170755126776
0.11219960972142451	-0.16442806908876006	1.0	-0.8364457366538022	0.21410701705203916	-0.0909183693569002	0.1295210292095562	-0.21923669968856674	0.23504570637430705	-0.16003156498375373	0.10263063850464409	-0.11795734114335321	0.16260762515074242	-0.197648365973039	0.15935695341382572	-0.1237147836642449	0.10789593321532191	-0.1382071174013503	0.15337696045427957	-0.15143849856148325	0.11727153983317916	-0.10008767525960503	0.15015657170385346	-0.1153437268426302	0.10136392180690099	-0.10473525992893408	0.09937400713345731	-0.09955750494156784	0.13132974891701915	-0.059111356002786754	0.06204562035876432	-0.08513657077147768	0.06718283763378377	-0.0809622673918192	0.057902403842799946	-0.05114770864785751	0.05496362985416425	-0.03452974158558228	0.027921333073288628	-0.04023380434895245	0.045352256344030145	-0.0682948300401709	0.04927429525809118	-0.04418114306102512	0.03048449270511003
-0.09927455277898964	0.12232084331987216	-0.8364457366538022	1.0	-0.2806893984138172	0.07719475050576023	-0.11371407397633848	0.17646407921649532	-0.32252308667495205	0.1770279782848676	-0.091231951827984	0.10031799202259853	-0.1549213791918755	0.18663144781686453	-0.17203819363731063	0.10638737477962514	-0.09604100004618599	0.1235823566737107	-0.15259453399414485	0.14459059768559399	-0.1045118622202544	0.08792703191704317	-0.14025146593134047	0.10741410291920694	-0.09723599511743802	0.08777437061551913	-0.08722487530502517	0.0867037017797286	-0.11686614455242166	0.05229801943753018	-0.0524773203284534	0.07205886432664119	-0.058309661998052244	0.0697774807246968	-0.05131435178812483	0.04305978727541684	-0.04656158245353709	0.029061002412776114	-0.023569705644753743	0.03399787207234053	-0.03833695116297649	0.0574694197537816	-0.04163226111103655	0.03713907752456888	-0.025858746761229047
0.08339082177098545	-0.0993846384555856	0.21410701705203916	-0.2806893984138172	1.0	-0.07510197432636162	0.10329345275508937	-0.18613549740486032	0.2948677401110233	-0.6198954151037296	0.09062702756870991	-0.10793097438449421	0.1602312200373433	-0.2815423201669051	0.3030938807028601	-0.1433102827575067	0.12338663189636781	-0.16385600595822722	0.21918854889014652	-0.29304261743844956	0.15076460260409777	-0.12745406818522165	0.18473801069190182	-0.18699773531833153	0.16418334434400242	-0.15102072836090447	0.13426603186532596	-0.13730232729666178	0.18875761202218333	-0.08773436899533962	0.0886963990328501	-0.12147950275248198	0.09456206941171552	-0.11545936989097572	0.08483755394443354	-0.07360325092900588	0.07862437222087411	-0.05025969685196218	0.04058017756314871	-0.058968804159092524	0.06503552901221962	-0.09838241742010648	0.07152637668856099	-0.06447361524307124	0.044551055016649875
-0.6022097863363609	0.28733400042595253	-0.0909183693569002	0.07719475050576023	-0.07510197432636162	1.0	-0.3423985833326473	0.11560583347034617	-0.08225383951396062	0.05376225326217389	-0.6210880769840254	0.27885285738164856	-0.10961299773746797	0.07314394677845915	-0.06387082060448675	0.14530548344666752	-0.12913163653198256	0.09707551690492387	-0.07399239265450971	0.0613883743772996	-0.09250714465526207	0.07856904372658903	-0.10671744096960999	0.05208879910412524	-0.04619987597220423	0.054645157366950955	-0.06470847959241068	0.05912836055263922	-0.06944415553404357	0.030152765575435423	-0.03340861112707448	0.04613036731991596	-0.0379499725998231	0.044069067336120094	-0.030039818140783138	0.02685946529096408	-0.02951690160534769	0.017515876861023544	-0.014245149518860176	0.020090148449309807	-0.02411053523593369	0.03576380568200775	-0.02522198639045379	0.022231761651814792	-0.015359414599623308
0.28833135190772013	-0.5835211980357269	0.1295210292095562	-0.11371407397633848	0.10329345275508937	-0.3423985833326473	1.0000000000000004	-0.23987654943305667	0.12062514434599832	-0.07672604315226954	0.28519093389860983	-0.5729759071858163	0.17454335333882257	-0.10580041907000133	0.08841433741873272	-0.18553757809316274	0.17060803915259531	-0.14042033759944106	0.10280265807902114	-0.08591280232200925	0.11733122317050587	-0.10492286255376151	0.14317892192496137	-0.07224355731642898	0.06353791938532234	-0.07366660395336709	0.08532735779106955	-0.07938833617899012	0.09267759931585141	-0.04067091118143249	0.0448412508023283	-0.06202610655032138	0.050829813213657635	-0.05932650600615336	0.04036793120459551	-0.036147252563640986	0.03962732915593544	-0.023608142100967584	0.019181488141759642	-0.02709461545524695	0.03237459075339154	-0.04817902837870222	0.0339175465364608	-0.029977350524146424	0.02068286962884126
-0.12474627768788768	0.15346019604889288	-0.21923669968856674	0.17646407921649532	-0.18613549740486032	0.11560583347034617	-0.23987654943305667	1.0000000000000009	-0.3243403324187959	0.1509305675621971	-0.1361940607976114	0.175246541257329	-0.759594039225021	0.20334191113324945	-0.16091694277129304	0.16573326700902274	-0.1686711761460438	0.249797714420489	-0.19013160653503708	0.1486060460626711	-0.14979708499012748	0.12992698866223312	-0.26047484201384397	0.12212857945152748	-0.10793906103797568	0.10237543614782665	-0.11722419371698362	0.11390395518552544	-0.13871984299849316	0.061036366890312124	-0.062480226388660805	0.08638550779965544	-0.07311898834427083	0.08514996292841881	-0.060344223958866045	0.050482523185995484	-0.0554279227598316	0.03341108522994053	-0.027197684354921144	0.038736314785221077	-0.0452677923298406	0.06733194086313145	-0.048052861379661096	0.0424590904064751	-0.02961219862471792
0.09033232957215843	-0.11046808449579776	0.23504570637430705	-0.32252308667495205	0.2948677401110233	-0.08225383951396062	0.12062514434599832	-0.3243403324187959	1.0000000000000007	-0.44430242481080684	0.0977368590497627	-0.11993847046249942	0.21799436779039688	-0.541370698030066	0.272256747205569	-0.14784520771661452	0.1311216045075959	-0.18885771312889366	0.2648886055531023	-0.2535976348358805	0.1433113745653374	-0.12366897696676672	0.1954697354270714	-0.18312910959954973	0.15731390457232572	-0.1281862572818328	0.12326916875521506	-0.12577490968756508	0.16877802052746924	-0.07816503218640898	0.07619386927363096	-0.10487288648603325	0.0845216241715999	-0.1022830551458235	0.07570167772412201	-0.06269693105633281	0.06758973420874002	-0.04239477627406719	0.03434307591763542	-0.049729660336218624	0.05563636248904939	-0.08381557275547967	0.06050005057791033	-0.05420668017946278	0.03773045635816042
-0.06008807518184223	0.0710552206956625	-0.16003156498375373	0.1770279782848676	-0.6198954151037296	0.05376225326217389	-0.07672604315226954	0.1509305675621971	-0.44430242481080684	1.0000000000000002	-0.06521951221445837	0.07767025971420868	-0.13277534099923938	0.23922128540464013	-0.5362602172042704	0.10020487764216587	-0.08930098694378508	0.12298649669540064	-0.18849064963406326	0.23992530323344285	-0.10371100056143262	0.08789890157946591	-0.13837259728757983	0.14331456431526277	-0.13644372588936884	0.09548067405025665	-0.09053246649588934	0.09249001822805741	-0.12958914535008362	0.06073720299398069	-0.056724672638365475	0.07795534385119857	-0.0630196461164406	0.07643211569516906	-0.058722765621527694	0.04675135332533251	-0.05037307924427056	0.03183119696635678	-0.025805826179908772	0.037582291862415754	-0.04149680600094775	0.06250337659811647	-0.04547620683892956	0.04074764817303482	-0.028537267980476497
0.28200562414205865	-0.3072335960584038	0.10263063850464409	-0.091231951827984	0.09062702756870991	-0.6210880769840254	0.28519093389860983	-0.1361940607976114	0.0977368590497627	-0.06521951221445837	1.0000000000000004	-0.5693380305891073	0.12777004420389987	-0.09081148325086008	0.07808186358295159	-0.24578195156798677	0.18773466034957234	-0.12945984923797682	0.09222077871106506	-0.07673808952720305	0.12213560353373719	-0.10793876822790448	0.13447402073242146	-0.06561411690323836	0.05773188433083882	-0.07151321870406104	0.08454866933047052	-0.07718244899360939	0.088129566504574	-0.03856443005726887	0.04359780413490463	-0.06034317974938224	0.04918996452571198	-0.05724161035294615	0.038364753567220466	-0.035045375180399733	0.03847137492699958	-0.022740989406536165	0.018474134855903348	-0.025992801812045222	0.03140404896884781	-0.046692899381473904	0.03267820163372643	-0.028851428264614495	0.019845195157799846
-0.299026486564035	0.2731908483162174	-0.11795734114335321	0.10031799202259853	-0.10793097438449421	0.27885285738164856	-0.5729759071858163	0.175246541257329	-0.11993847046249942	0.07767025971420868	-0.5693380305891073	1.0000000000000002	-0.18310499068120334	0.10771518104528262	-0.09316672823693568	0.2292061345800891	-0.29705956172246273	0.16250855180339224	-0.11315112688302467	0.09030918883257041	-0.14696288872432337	0.12847055467246088	-0.17223628033267543	0.07771242639254666	-0.06875359462411262	0.08114082967191341	-0.10146472698837736	0.09043975434139538	-0.10375005879454433	0.04493170364856081	-0.04996613241175384	0.06912270964293936	-0.057436195145585775	0.0661731974606723	-0.044826653604845335	0.039950021598004586	-0.04413750953358529	0.025911069262829895	-0.021096692638046602	0.02965310151066423	-0.03594982886066272	0.053180247737294475	-0.03736510321153851	0.03283672536971409	-0.022704688771489703
0.11152361991009226	-0.14232091518604298	0.16260762515074242	-0.1549213791918755	0.1602312200373433	-0.10961299773746797	0.17454335333882257	-0.759594039225021	0.21799436779039688	-0.13277534099923938	0.12777004420389987	-0.18310499068120334	1.0000000000000016	-0.21037895483007085	0.1449740043359523	-0.18942853059767134	0.18067969604082318	-0.40961984328071216	0.1857000522139686	-0.14859431149741467	0.14831601248493298	-0.13725183072841374	0.246652268487357	-0.1245938729181692	0.1057739792613695	-0.10735776185496289	0.11837638084869219	-0.11843194315136533	0.13754507558273477	-0.061854325547257595	0.06495128554173818	-0.09011689919927719	0.07494847023818287	-0.08836460446357065	0.060759576519834574	-0.052666191328525055	0.057538904056409004	-0.03473792336502327	0.02820518462596137	-0.04010868592997795	0.047009239024259145	-0.07035429147952418	0.04970527484441005	-0.04414593628019297	0.030550501903462517
-0.08189231819836652	0.09424788988068071	-0.197648365973039	0.18663144781686453	-0.2815423201669051	0.07314394677845915	-0.10580041907000133	0.20334191113324945	-0.541370698030066	0.23922128540464013	-0.09081148325086008	0.10771518104528262	-0.21037895483007085	1.0	-0.3180344817335037	0.1421183831751201	-0.1354243584854525	0.2040044557498824	-0.5939892978891547	0.2574353498662493	-0.14445758750346196	0.12298203701909169	-0.2214600636300172	0.21280475120758804	-0.1979983634216707	0.11620063270009973	-0.12194459831933631	0.12335282867353113	-0.17572236179330164	0.08019464385092372	-0.07028455408869182	0.09699031167986724	-0.0823725014821222	0.09835139676659492	-0.07811466100533303	0.05730861375392404	-0.06255164733182969	0.03876214637740127	-0.03159729075820904	0.04595633527413625	-0.05123651669304684	0.07658424072743183	-0.05572626206743366	0.04944901668126976	-0.035149430231316336
0.07051112788299528	-0.08249910944676737	0.15935695341382572	-0.17203819363731063	0.3030938807028601	-0.06387082060448675	0.08841433741873272	-0.16091694277129304	0.272256747205569	-0.5362602172042704	0.07808186358295159	-0.09316672823693568	0.1449740043359523	-0.3180344817335037	0.9999999999999984	-0.12699776968614254	0.11160767317976934	-0.15442168448744753	0.2519318500436056	-0.5567336270258444	0.13371688460796693	-0.1137322022866395	0.17330863535770377	-0.23331046940368713	0.2159302852972541	-0.12916104131681508	0.11947265216258474	-0.12423357790616606	0.17732236607441848	-0.08684650668276125	0.0765193235389999	-0.10527019568656841	0.08527130362009912	-0.10452276514998209	0.08241087740356302	-0.06318101253690746	0.06798548907121779	-0.04322201413947708	0.03504180874233394	-0.05136824963344495	0.05599245128875281	-0.08457229584184854	0.0616324418717774	-0.05537007911926406	0.03895539798269618
-0.15263429144540916	0.1449411125088892	-0.1237147836642449	0.10638737477962514	-0.1433102827575067	0.14530548344666752	-0.18553757809316274	0.16573326700902274	-0.14784520771661452	0.10020487764216587	-0.24578195156798677	0.2292061345800891	-0.18942853059767134	0.1421183831751201	-0.12699776968614254	1.000000000000002	-0.7281372987193325	0.25961758692125336	-0.16856438215241384	0.1253393498886294	-0.3605248212886883	0.2491370144299389	-0.3068889491657885	0.1130604955794378	-0.10039264641563429	0.1288489586077904	-0.18291495198307398	0.150901554358877	-0.16416431770197135	0.06979787305029894	-0.0807908391554183	0.11164511124907851	-0.09411007009596517	0.10594558334896764	-0.07023279274690918	0.06341559296335904	-0.07099195230680451	0.04031105727505123	-0.03291858080999964	0.04570884978629558	-0.05751392128441348	0.08417715966199796	-0.0584575235155995	0.05087077301515424	-0.03516244335423828
0.12766755227730633	-0.13547060523633375	0.10789593321532191	-0.09604100004618599	0.12338663189636781	-0.12913163653198256	0.17060803915259531	-0.1686711761460438	0.1311216045075959	-0.08930098694378508	0.18773466034957234	-0.29705956172246273	0.18067969604082318	-0.1354243584854525	0.11160767317976934	-0.7281372987193325	1.000000000000002	-0.39216101790005214	0.15492073092176112	-0.11637197415543984	0.24679524187704704	-0.2965855919737967	0.2617814123519386	-0.1048841288772512	0.08996506351911335	-0.11780937590381811	0.16321163035919026	-0.14018129021571654	0.14148356683591312	-0.06227293400680707	0.07295012494027972	-0.10250970669156276	0.08465729754958626	-0.09678994034125911	0.06203110784940733	-0.05767238271798975	0.06425693315489289	-0.03653106928588291	0.029726446552547844	-0.041264788426569624	0.05187061153459179	-0.07696730207777361	0.052517240181844026	-0.046089483034145604	0.03158157130131914
-0.1029330061970766	0.11425098175018614	-0.1382071174013503	0.1235823566737107	-0.16385600595822722	0.09707551690492387	-0.14042033759944106	0.249797714420489	-0.18885771312889366	0.12298649669540064	-0.12945984923797682	0.16250855180339224	-0.40961984328071216	0.2040044557498824	-0.15442168448744753	0.25961758692125336	-0.39216101790005214	0.9999999999999963	-0.3139199194704323	0.16733094440550533	-0.2121878045174533	0.20059402348981542	-0.6282320756324009	0.15483927097589972	-0.13059876383479735	0.12557700565186028	-0.163078431702171	0.15869791106074785	-0.17025437614229452	0.07474777269872265	-0.07785515571563693	0.1087215751297313	-0.09633480667651204	0.10892096047658484	-0.07406041167736781	0.06206034646040915	-0.06906963557183979	0.04038299887973127	-0.032946099627273136	0.04640649872724467	-0.055876326725514756	0.08284769056754204	-0.05808959641314672	0.051050685392114735	-0.035562586514822206
0.0799866721013636	-0.09254066225843546	0.15337696045427957	-0.15259453399414485	0.21918854889014652	-0.07399239265450971	0.10280265807902114	-0.19013160653503708	0.2648886055531023	-0.18849064963406326	0.09222077871106506	-0.11315112688302467	0.1857000522139686	-0.5939892978891547	0.2519318500436056	-0.16856438215241384	0.15492073092176112	-0.3139199194704323	0.9999999999999992	-0.4039142749529194	0.15465975127504167	-0.13875463370170296	0.23675491203808413	-0.3932836473052918	0.2534368539439196	-0.13214390289097194	0.1338724960011051	-0.14102148842904566	0.19365127464056497	-0.09417229838646583	0.07934210348001328	-0.11004901047586242	0.09296217785334399	-0.11303834290430788	0.088982121927581	-0.06484279136647832	0.07053864246522107	-0.04378530729896122	0.035624259893219906	-0.0519959883218308	0.057700055223889615	-0.08687641621215698	0.06253042327263603	-0.05584502467103016	0.039589411501094324
-0.06847674553884994	0.07794854788054521	-0.15143849856148325	0.14459059768559399	-0.29304261743844956	0.0613883743772996	-0.08591280232200925	0.1486060460626711	-0.2535976348358805	0.23992530323344285	-0.07673808952720305	0.09030918883257041	-0.14859431149741467	0.2574353498662493	-0.5567336270258444	0.1253393498886294	-0.11637197415543984	0.16733094440550533	-0.4039142749529194	0.9999999999999988	-0.13615437508880981	0.11488400378621116	-0.19708482288950693	0.2902785559558346	-0.48607110055573405	0.11736472268699738	-0.12050981935515667	0.125605848986005	-0.20025140565441182	0.10194107211590665	-0.07114076470704823	0.09832660494944429	-0.08641730061933321	0.10449432752342185	-0.0983124038874584	0.05805059915706306	-0.06353695810667495	0.039900665472435294	-0.032692828606305055	0.04871451659403264	-0.051934953196463136	0.07774970638258963	-0.05752472287609263	0.05100293025894965	-0.03747327620406314
0.09523572225425929	-0.10464273587836753	0.11727153983317916	-0.1045118622202544	0.15076460260409777	-0.09250714465526207	0.11733122317050587	-0.14979708499012748	0.1433113745653374	-0.10371100056143262	0.12213560353373719	-0.14696288872432337	0.14831601248493298	-0.14445758750346196	0.13371688460796693	-0.3605248212886883	0.24679524187704704	-0.2121878045174533	0.15465975127504167	-0.13615437508880981	1.0000000000000002	-0.6824678518540778	0.25248499424162313	-0.12470207261918165	0.10936787695784177	-0.2544412341427624	0.28475117102129277	-0.2564573448690951	0.22012348617593333	-0.10152332380273675	0.14791763840722394	-0.20764034489729452	0.15161480636276523	-0.17758588735687378	0.10091038657874601	-0.11620322023167327	0.12629000534274681	-0.0695810222947712	0.05603976186574012	-0.07617813859643166	0.10265670829842052	-0.15504694332955749	0.09865806058725073	-0.0876751451932869	0.057732416156463746
-0.08354715214662602	0.08867969612414434	-0.10008767525960503	0.08792703191704317	-0.12745406818522165	0.07856904372658903	-0.10492286255376151	0.12992698866223312	-0.12366897696676672	0.08789890157946591	-0.10793876822790448	0.12847055467246088	-0.13725183072841374	0.12298203701909169	-0.1137322022866395	0.2491370144299389	-0.2965855919737967	0.20059402348981542	-0.13875463370170296	0.11488400378621116	-0.6824678518540778	1.0000000000000007	-0.3123941997310494	0.10807962624238088	-0.09522524993741265	0.17668733138504739	-0.4735790611459362	0.23282069774847677	-0.20002988902253066	0.08525767042702916	-0.11649579077142483	0.16621958677964022	-0.13612307312297356	0.14548742814168433	-0.08657627528738392	0.08722637536401379	-0.10219106202894872	0.05251388698189956	-0.04291325326179996	0.057700283955544475	-0.07984182796637929	0.11604366719661552	-0.07616312693945668	0.06557647855194508	-0.0444537679046377
0.10986202536168331	-0.12732087589649882	0.15015657170385346	-0.14025146593134047	0.18473801069190182	-0.10671744096960999	0.14317892192496137	-0.26047484201384397	0.1954697354270714	-0.13837259728757983	0.13447402073242146	-0.17223628033267543	0.246652268487357	-0.2214600636300172	0.17330863535770377	-0.3068889491657885	0.2617814123519386	-0.6282320756324009	0.23675491203808413	-0.19708482288950693	0.25248499424162313	-0.3123941997310494	0.999999999999999	-0.1919006973280595	0.15090888603865907	-0.18166844781415428	0.22169547950704224	-0.2665690456690939	0.22207320438772662	-0.10164514933512667	0.11127362848853543	-0.15779748962034992	0.1407399537685339	-0.1624599225567101	0.0997878808586916	-0.08915985766274745	0.09871033398917875	-0.05761856576418934	0.04684286212754785	-0.06544659474724604	0.07963392698992681	-0.11960198203903893	0.08194491328615472	-0.07261442363060802	0.0498639380347677
-0.05751907476942058	0.06505055029974591	-0.1153437268426302	0.10741410291920694	-0.18699773531833153	0.05208879910412524	-0.07224355731642898	0.12212857945152748	-0.18312910959954973	0.14331456431526277	-0.06561411690323836	0.07771242639254666	-0.1245938729181692	0.21280475120758804	-0.23331046940368713	0.1130604955794378	-0.1048841288772512	0.15483927097589972	-0.3932836473052918	0.2902785559558346	-0.12470207261918165	0.10807962624238088	-0.1919006973280595	0.9999999999999972	-0.7540307276547326	0.11390375365806188	-0.11752796238772642	0.13191284563377914	-0.2658655220241607	0.12287230549364916	-0.06937075740464552	0.0967920743624221	-0.09006227109416773	0.11107093699663956	-0.11421855528281469	0.0564290332185082	-0.062162937698589084	0.0390588444317992	-0.03214639582237747	0.04883968917038782	-0.05046396051818157	0.0759006936027666	-0.0561186833158156	0.04985866074174086	-0.037613229044213915
0.05075283833698821	-0.05789873107426515	0.10136392180690099	-0.09723599511743802	0.16418334434400242	-0.04619987597220423	0.06353791938532234	-0.10793906103797568	0.15731390457232572	-0.13644372588936884	0.05773188433083882	-0.06875359462411262	0.1057739792613695	-0.1979983634216707	0.2159302852972541	-0.10039264641563429	0.08996506351911335	-0.13059876383479735	0.2534368539439196	-0.48607110055573405	0.10936787695784177	-0.09522524993741265	0.15090888603865907	-0.7540307276547326	0.9999999999999988	-0.10712316187650142	0.10408338580447432	-0.11791841650692295	0.19249102996761608	-0.14013670281163454	0.06465449690278482	-0.09024630690266543	0.08248149347902005	-0.10434839702173328	0.11364812090235256	-0.052874947261790886	0.05792209887696656	-0.03690247128047236	0.030347511807448192	-0.04688468307076473	0.047098418891976204	-0.07123816632277523	0.05282842759315303	-0.047238749670166114	0.035900695978359654
-0.061197945074977625	0.06555565711796904	-0.10473525992893408	0.08777437061551913	-0.15102072836090447	0.054645157366950955	-0.07366660395336709	0.10237543614782665	-0.1281862572818328	0.09548067405025665	-0.07151321870406104	0.08114082967191341	-0.10735776185496289	0.11620063270009973	-0.12916104131681508	0.1288489586077904	-0.11780937590381811	0.12557700565186028	-0.13214390289097194	0.11736472268699738	-0.2544412341427624	0.17668733138504739	-0.18166844781415428	0.11390375365806188	-0.10712316187650142	0.9999999999999971	-0.2777209923907652	0.20088813378665332	-0.30542805982475474	0.11112206873265369	-0.6832684363583699	0.2950102492777331	-0.1699847668135622	0.16568024812964596	-0.12107376658696482	0.22536882577264286	-0.21915528597809994	0.08420062020267137	-0.07146502698334636	0.08751629695299491	-0.24527665177813507	0.20463799781279124	-0.1460319089884647	0.10528060115705112	-0.0722117248078936
0.06922106844169079	-0.07578039551980839	0.09937400713345731	-0.08722487530502517	0.13426603186532596	-0.06470847959241068	0.08532735779106955	-0.11722419371698362	0.12326916875521506	-0.09053246649588934	0.08454866933047052	-0.10146472698837736	0.11837638084869219	-0.12194459831933631	0.11947265216258474	-0.18291495198307398	0.16321163035919026	-0.163078431702171	0.1338724960011051	-0.12050981935515667	0.28475117102129277	-0.4735790611459362	0.22169547950704224	-0.11752796238772642	0.10408338580447432	-0.2777209923907652	0.9999999999999968	-0.5711387054320809	0.26712844639890376	-0.12259536998328388	0.1847932551038478	-0.33041518128150116	0.231380869371702	-0.25130513134093735	0.12310736402626651	-0.13671181124253928	0.16614435558878252	-0.07811797775247481	0.06359057735786176	-0.08272477375015022	0.12295995239849972	-0.18899568267123587	0.11129923363489616	-0.09601507638024132	0.06357672655728662
-0.06444658431423184	0.0702071926298597	-0.09955750494156784	0.0867037017797286	-0.13730232729666178	0.05912836055263922	-0.07938833617899012	0.11390395518552544	-0.12577490968756508	0.09249001822805741	-0.07718244899360939	0.09043975434139538	-0.11843194315136533	0.12335282867353113	-0.12423357790616606	0.150901554358877	-0.14018129021571654	0.15869791106074785	-0.14102148842904566	0.125605848986005	-0.2564573448690951	0.23282069774847677	-0.2665690456690939	0.13191284563377914	-0.11791841650692295	0.20088813378665332	-0.5711387054320809	0.9999999999999972	-0.4369568350105632	0.14859408853262956	-0.14702691569291473	0.21808732591834626	-0.4568216725086876	0.2831084588953808	-0.15940532887844175	0.10694309912584958	-0.13526708993935432	0.06893857562857575	-0.05815959646968589	0.07683910263156657	-0.100736174203711	0.14323680134328987	-0.09985530282671182	0.0835688883539315	-0.06063701717372688
0.07588172577812204	-0.08458370874860553	0.13132974891701915	-0.11686614455242166	0.18875761202218333	-0.06944415553404357	0.09267759931585141	-0.13871984299849316	0.16877802052746924	-0.12958914535008362	0.088129566504574	-0.10375005879454433	0.13754507558273477	-0.17572236179330164	0.17732236607441848	-0.16416431770197135	0.14148356683591312	-0.17025437614229452	0.19365127464056497	-0.20025140565441182	0.22012348617593333	-0.20002988902253066	0.22207320438772662	-0.2658655220241607	0.19249102996761608	-0.30542805982475474	0.26712844639890376	-0.4369568350105632	0.9999999999999976	-0.3230115590012084	0.18143619908728936	-0.26062943990126974	0.24803461180419162	-0.34665646297360325	0.23321402495143667	-0.1489463917295439	0.16233648723360972	-0.1022432954225121	0.0832110745129254	-0.12424890122305084	0.130757959167822	-0.20286735889064322	0.1408278553643495	-0.12916945145565234	0.09247611302054079
-0.03326856229968399	0.03674909987339042	-0.059111356002786754	0.05229801943753018	-0.08773436899533962	0.030152765575435423	-0.04067091118143249	0.061036366890312124	-0.07816503218640898	0.06073720299398069	-0.03856443005726887	0.04493170364856081	-0.061854325547257595	0.08019464385092372	-0.08684650668276125	0.06979787305029894	-0.06227293400680707	0.07474777269872265	-0.09417229838646583	0.10194107211590665	-0.10152332380273675	0.08525767042702916	-0.10164514933512667	0.12287230549364916	-0.14013670281163454	0.11112206873265369	-0.12259536998328388	0.14859408853262956	-0.3230115590012084	0.9999999999999969	-0.07424690995102447	0.10563348924115604	-0.15970061736492816	0.19860638448010096	-0.8772815387698147	0.05867693087929086	-0.07004017274219791	0.04968586653726181	-0.04472003341726413	0.09308112591036528	-0.054455692033853684	0.08066028486020364	-0.07672688496512688	0.06553642538617403	-0.07762415923893527
0.03711144193993444	-0.039983378301895876	0.06204562035876432	-0.0524773203284534	0.0886963990328501	-0.03340861112707448	0.0448412508023283	-0.062480226388660805	0.07619386927363096	-0.056724672638365475	0.04359780413490463	-0.04996613241175384	0.06495128554173818	-0.07028455408869182	0.0765193235389999	-0.0807908391554183	0.07295012494027972	-0.07785515571563693	0.07934210348001328	-0.07114076470704823	0.14791763840722394	-0.11649579077142483	0.11127362848853543	-0.06937075740464552	0.06465449690278482	-0.6832684363583699	0.1847932551038478	-0.14702691569291473	0.18143619908728936	-0.07424690995102447	0.9999999999999967	-0.5047441711445154	0.135732985477502	-0.13467976790058295	0.07916750531657403	-0.3372228519845253	0.21944072291611905	-0.06830945550233852	0.05617570310665407	-0.06490199551027157	0.23055349110889967	-0.22256701728564737	0.10934423054351602	-0.08320512625196731	0.05225121593549473
-0.0512542587880206	0.05513746635947271	-0.08513657077147768	0.07205886432664119	-0.12147950275248198	0.04613036731991596	-0.06202610655032138	0.08638550779965544	-0.10487288648603325	0.07795534385119857	-0.06034317974938224	0.06912270964293936	-0.09011689919927719	0.09699031167986724	-0.10527019568656841	0.11164511124907851	-0.10250970669156276	0.1087215751297313	-0.11004901047586242	0.09832660494944429	-0.20764034489729452	0.16621958677964022	-0.15779748962034992	0.0967920743624221	-0.09024630690266543	0.2950102492777331	-0.33041518128150116	0.21808732591834626	-0.26062943990126974	0.10563348924115604	-0.5047441711445154	0.9999999999999966	-0.2559010385496929	0.19683629827234383	-0.11502302070657817	0.2092598042321693	-0.503826952366302	0.09336154613649716	-0.07854939217063463	0.08646360046608756	-0.21808098916181998	0.2783752255210229	-0.15148238955954021	0.10960682283516404	-0.07066286651920711
0.041564479768074404	-0.04539896751769368	0.06718283763378377	-0.058309661998052244	0.09456206941171552	-0.0379499725998231	0.050829813213657635	-0.07311898834427083	0.0845216241715999	-0.0630196461164406	0.04918996452571198	-0.057436195145585775	0.07494847023818287	-0.0823725014821222	0.08527130362009912	-0.09411007009596517	0.08465729754958626	-0.09633480667651204	0.09296217785334399	-0.08641730061933321	0.15161480636276523	-0.13612307312297356	0.1407399537685339	-0.09006227109416773	0.08248149347902005	-0.1699847668135622	0.231380869371702	-0.4568216725086876	0.24803461180419162	-0.15970061736492816	0.135732985477502	-0.2559010385496929	0.9999999999999941	-0.7583820148081617	0.16533537970944343	-0.094443427452784	0.1285475691448652	-0.06539340394109984	0.05640536281725978	-0.06670499807165207	0.08908886050333709	-0.13032265496631965	0.08623523777084273	-0.0721521413887415	0.05278532600371648
-0.04866970939745131	0.05289906747777051	-0.0809622673918192	0.0697774807246968	-0.11545936989097572	0.044069067336120094	-0.05932650600615336	0.08514996292841881	-0.1022830551458235	0.07643211569516906	-0.05724161035294615	0.0661731974606723	-0.08836460446357065	0.09835139676659492	-0.10452276514998209	0.10594558334896764	-0.09678994034125911	0.10892096047658484	-0.11303834290430788	0.10449432752342185	-0.17758588735687378	0.14548742814168433	-0.1624599225567101	0.11107093699663956	-0.10434839702173328	0.16568024812964596	-0.25130513134093735	0.2831084588953808	-0.34665646297360325	0.19860638448010096	-0.13467976790058295	0.19683629827234383	-0.7583820148081617	0.9999999999999939	-0.2798138657563623	0.09470029430361496	-0.1280500283285069	0.07275682758052945	-0.06691708080041497	0.07854150653286711	-0.09240882989683855	0.12643165748042146	-0.09806405795720094	0.08063006511036364	-0.06384666002596401
0.033038343158505935	-0.03656287629210359	0.057902403842799946	-0.05131435178812483	0.08483755394443354	-0.030039818140783138	0.04036793120459551	-0.060344223958866045	0.07570167772412201	-0.058722765621527694	0.038364753567220466	-0.044826653604845335	0.060759576519834574	-0.07811466100533303	0.08241087740356302	-0.07023279274690918	0.06203110784940733	-0.07406041167736781	0.088982121927581	-0.0983124038874584	0.10091038657874601	-0.08657627528738392	0.0997878808586916	-0.11421855528281469	0.11364812090235256	-0.12107376658696482	0.12310736402626651	-0.15940532887844175	0.23321402495143667	-0.8772815387698147	0.07916750531657403	-0.11502302070657817	0.16533537970944343	-0.2798138657563623	0.9999999999999922	-0.06306258365596942	0.0745754261157233	-0.054292619706839365	0.04852254016826161	-0.11335586704639565	0.05779911238236429	-0.08746417213136812	0.08106289996907844	-0.07150071535744268	0.08297303419671274
-0.02998784097672658	0.03224554517494773	-0.05114770864785751	0.04305978727541684	-0.07360325092900588	0.02685946529096408	-0.036147252563640986	0.050482523185995484	-0.06269693105633281	0.04675135332533251	-0.035045375180399733	0.039950021598004586	-0.052666191328525055	0.05730861375392404	-0.06318101253690746	0.06341559296335904	-0.05767238271798975	0.06206034646040915	-0.06484279136647832	0.05805059915706306	-0.11620322023167327	0.08722637536401379	-0.08915985766274745	0.0564290332185082	-0.052874947261790886	0.22536882577264286	-0.13671181124253928	0.10694309912584958	-0.1489463917295439	0.05867693087929086	-0.3372228519845253	0.2092598042321693	-0.094443427452784	0.09470029430361496	-0.06306258365596942	0.9999999999999947	-0.242238917989844	0.06490055833243386	-0.05411199990057213	0.05972113433695676	-0.8348517996102635	0.23895165126757428	-0.11192389732679468	0.07977193619229817	-0.048597838732176823
0.03278018343606145	-0.035364121824890044	0.05496362985416425	-0.04656158245353709	0.07862437222087411	-0.02951690160534769	0.03962732915593544	-0.0554279227598316	0.06758973420874002	-0.05037307924427056	0.03847137492699958	-0.04413750953358529	0.057538904056409004	-0.06255164733182969	0.06798548907121779	-0.07099195230680451	0.06425693315489289	-0.06906963557183979	0.07053864246522107	-0.06353695810667495	0.12629000534274681	-0.10219106202894872	0.09871033398917875	-0.062162937698589084	0.05792209887696656	-0.21915528597809994	0.16614435558878252	-0.13526708993935432	0.16233648723360972	-0.07004017274219791	0.21944072291611905	-0.503826952366302	0.1285475691448652	-0.1280500283285069	0.0745754261157233	-0.242238917989844	0.9999999999999938	-0.12235500574271996	0.09281691032885964	-0.08843650787985796	0.21949405150489745	-0.7186948184713868	0.167168166908567	-0.12977294330231984	0.0702779336453341
-0.019611204915919184	0.021161418393930036	-0.03452974158558228	0.029061002412776114	-0.05025969685196218	0.017515876861023544	-0.023608142100967584	0.03341108522994053	-0.04239477627406719	0.03183119696635678	-0.022740989406536165	0.025911069262829895	-0.03473792336502327	0.03876214637740127	-0.04322201413947708	0.04031105727505123	-0.03653106928588291	0.04038299887973127	-0.04378530729896122	0.039900665472435294	-0.0695810222947712	0.05251388698189956	-0.05761856576418934	0.0390588444317992	-0.03690247128047236	0.08420062020267137	-0.07811797775247481	0.06893857562857575	-0.1022432954225121	0.04968586653726181	-0.06830945550233852	0.09336154613649716	-0.06539340394109984	0.07275682758052945	-0.054292619706839365	0.06490055833243386	-0.12235500574271996	0.9999999999999939	-0.8647378906776142	0.1596259892927642	-0.06796572822780227	0.12150321580382781	-0.3552340744124144	0.26074816795866995	-0.1583510287788181
0.01591962752945824	-0.017208361402118174	0.027921333073288628	-0.023569705644753743	0.04058017756314871	-0.014245149518860176	0.019181488141759642	-0.027197684354921144	0.03434307591763542	-0.025805826179908772	0.018474134855903348	-0.021096692638046602	0.02820518462596137	-0.03159729075820904	0.03504180874233394	-0.03291858080999964	0.029726446552547844	-0.032946099627273136	0.035624259893219906	-0.032692828606305055	0.05603976186574012	-0.04291325326179996	0.04684286212754785	-0.03214639582237747	0.030347511807448192	-0.07146502698334636	0.06359057735786176	-0.05815959646968589	0.0832110745129254	-0.04472003341726413	0.05617570310665407	-0.07854939217063463	0.05640536281725978	-0.06691708080041497	0.04852254016826161	-0.05411199990057213	0.09281691032885964	-0.8647378906776142	0.9999999999999936	-0.19158965389946456	0.05502904706674813	-0.10160344309673622	0.2570153047570902	-0.3699430314266417	0.1606974760025966
-0.022500062409586272	0.024359954951778465	-0.04023380434895245	0.03399787207234053	-0.058968804159092524	0.020090148449309807	-0.02709461545524695	0.038736314785221077	-0.049729660336218624	0.037582291862415754	-0.025992801812045222	0.02965310151066423	-0.04010868592997795	0.04595633527413625	-0.05136824963344495	0.04570884978629558	-0.041264788426569624	0.04640649872724467	-0.0519959883218308	0.04871451659403264	-0.07617813859643166	0.057700283955544475	-0.06544659474724604	0.04883968917038782	-0.04688468307076473	0.08751629695299491	-0.08272477375015022	0.07683910263156657	-0.12424890122305084	0.09308112591036528	-0.06490199551027157	0.08646360046608756	-0.06670499807165207	0.07854150653286711	-0.11335586704639565	0.05972113433695676	-0.08843650787985796	0.1596259892927642	-0.19158965389946456	0.999999999999993	-0.062000177206035	0.10354299538792804	-0.32682908859979176	0.2712731268774762	-0.8563488858377564
0.026823964139514538	-0.028925227606324315	0.045352256344030145	-0.03833695116297649	0.06503552901221962	-0.02411053523593369	0.03237459075339154	-0.0452677923298406	0.05563636248904939	-0.04149680600094775	0.03140404896884781	-0.03594982886066272	0.047009239024259145	-0.05123651669304684	0.05599245128875281	-0.05751392128441348	0.05187061153459179	-0.055876326725514756	0.057700055223889615	-0.051934953196463136	0.10265670829842052	-0.07984182796637929	0.07963392698992681	-0.05046396051818157	0.047098418891976204	-0.24527665177813507	0.12295995239849972	-0.100736174203711	0.130757959167822	-0.054455692033853684	0.23055349110889967	-0.21808098916181998	0.08908886050333709	-0.09240882989683855	0.05779911238236429	-0.8348517996102635	0.21949405150489745	-0.06796572822780227	0.05502904706674813	-0.062000177206035	0.9999999999999922	-0.3562712574922362	0.11328352758396043	-0.08619748301365203	0.049246575688167094
-0.039963504334050354	0.04294309721422121	-0.0682948300401709	0.0574694197537816	-0.09838241742010648	0.03576380568200775	-0.04817902837870222	0.06733194086313145	-0.08381557275547967	0.06250337659811647	-0.046692899381473904	0.053180247737294475	-0.07035429147952418	0.07658424072743183	-0.08457229584184854	0.08417715966199796	-0.07696730207777361	0.08284769056754204	-0.08687641621215698	0.07774970638258963	-0.15504694332955749	0.11604366719661552	-0.11960198203903893	0.0759006936027666	-0.07123816632277523	0.20463799781279124	-0.18899568267123587	0.14323680134328987	-0.20286735889064322	0.08066028486020364	-0.22256701728564737	0.2783752255210229	-0.13032265496631965	0.12643165748042146	-0.08746417213136812	0.23895165126757428	-0.7186948184713868	0.12150321580382781	-0.10160344309673622	0.10354299538792804	-0.3562712574922362	0.9999999999999925	-0.2663500868921409	0.15423367907355412	-0.08524703045848638
0.028154018029608374	-0.030466046718477482	0.04927429525809118	-0.04163226111103655	0.07152637668856099	-0.02522198639045379	0.0339175465364608	-0.048052861379661096	0.06050005057791033	-0.04547620683892956	0.03267820163372643	-0.03736510321153851	0.04970527484441005	-0.05572626206743366	0.0616324418717774	-0.0584575235155995	0.052517240181844026	-0.05808959641314672	0.06253042327263603	-0.05752472287609263	0.09865806058725073	-0.07616312693945668	0.08194491328615472	-0.0561186833158156	0.05282842759315303	-0.1460319089884647	0.11129923363489616	-0.09985530282671182	0.1408278553643495	-0.07672688496512688	0.10934423054351602	-0.15148238955954021	0.08623523777084273	-0.09806405795720094	0.08106289996907844	-0.11192389732679468	0.167168166908567	-0.3552340744124144	0.2570153047570902	-0.32682908859979176	0.11328352758396043	-0.2663500868921409	0.9999999999999918	-0.7223674912918467	0.24490361054536164
