1.0	-0.38863989144593514	0.17583517660737707	-0.12456010067006491	0.1183594285334581	-0.7632377167016202	0.30570162042356414	-0.34538993425593095	0.15690240152350662	-0.10641583535937178	0.22872217340705303	-0.18148429934347948	0.1679157201439067	-0.16219315765141604	0.11459945140532166	-0.10915347514388059	0.1596230247357193	-0.14481508328340761	0.13644333250861312	-0.11438557460700219	0.12434598725908796	-0.1895316318729453	0.13654827049521218	-0.13210764983263218	0.09099508539333621	-0.09294347573578007	0.07519633297222839	-0.19299895198683187	0.1445803213746137	-0.08791154889270003
-0.38863989144593514	1.0	-0.4151673254816193	0.22386828514056917	-0.22139032045652274	0.2670424369922408	-0.4601734658880722	0.31939689094697454	-0.2724384027093566	0.17703722690640922	-0.39493995996569325	0.23164416390369266	-0.24002887356320063	0.23142317310266852	-0.1948525037136555	0.16639210275656477	-0.23553614776558385	0.20105300148625985	-0.21209690333233244	0.17532543123028138	-0.2062595554928675	0.23616029641226732	-0.19123881500824652	0.19036103228437726	-0.14119748930543166	0.11492213436671153	-0.09699406894183965	0.24132195924434113	-0.23547047890790324	0.13047606720490218
0.17583517660737707	-0.4151673254816193	1.0	-0.6573373126860361	0.2568630021530125	-0.15528364050765114	0.20290841448428043	-0.3224528784786341	0.28823306136047677	-0.2477233766040712	0.2162434453174292	-0.18103746210222302	0.19495963202299504	-0.2758345482156735	0.18026001934829894	-0.1086762600251724	0.16939638347584887	-0.17368055469805976	0.1790811934094126	-0.182013367990516	0.1276449273945073	-0.20349502186858695	0.1582424770703636	-0.16470382751039378	0.1142246826282816	-0.09795416363356513	0.08027849571349184	-0.21709216775953663	0.16977856924401197	-0.11149757266804854
-0.12456010067006491	0.22386828514056917	-0.6573373126860361	1.0000000000000002	-0.4367206189797982	0.1050450854583146	-0.1377957765820726	0.20024950694656743	-0.4647038843975989	0.2453595626823099	-0.1652264519651791	0.13617599013717666	-0.16082404609166098	0.23642287003080012	-0.175294895025424	0.08258927599639611	-0.1318479741723319	0.1361242574135305	-0.1521345203764597	0.1545923344150785	-0.09787111319054306	0.14772842115599227	-0.12195697215903001	0.12769172597793296	-0.09114471262296578	0.07038495630286654	-0.05855744830744762	0.15720412809535772	-0.13386215228902573	0.0864015797627447
0.1183594285334581	-0.22139032045652274	0.2568630021530125	-0.4367206189797982	0.9999999999999999	-0.10328877186669487	0.12908152213729482	-0.18974039329989756	0.24622211081968468	-0.7137574466148323	0.16502227627517208	-0.13902530137336092	0.153238877361574	-0.21646581423328382	0.2556863136221567	-0.08547239433927022	0.13629755969256224	-0.15327533987766778	0.1737709515003163	-0.24634943335005619	0.10020603548958326	-0.1666851581099346	0.13672935591356886	-0.15174284391727227	0.10961756603035261	-0.07948936660821421	0.06551899433275143	-0.18389736997528772	0.14780051627001453	-0.10711393712940781
-0.7632377167016202	0.2670424369922408	-0.15528364050765114	0.1050450854583146	-0.10328877186669487	1.0	-0.49251104368276255	0.265826575976608	-0.13872592509483098	0.08982950440253111	-0.2449923860232536	0.1643883019556989	-0.15289610761570194	0.13541627672279877	-0.09945523214841627	0.10144333581127528	-0.14835228696358196	0.12348371136193499	-0.11830002272391087	0.0962795417850033	-0.11667404302305656	0.15270088037836405	-0.11510371537361465	0.11021519658654745	-0.0773428989541908	0.0741794114193147	-0.06115510209006026	0.152954996374972	-0.1248261085674298	0.07333974611117264
0.30570162042356414	-0.4601734658880722	0.20290841448428043	-0.1377957765820726	0.12908152213729482	-0.49251104368276255	0.9999999999999992	-0.5908852990973772	0.18169445963500572	-0.11295427599547181	0.2364821288659697	-0.2842826501186367	0.2133772146292281	-0.1802768706306188	0.122285728523952	-0.11602584678929985	0.19202066478249047	-0.15936178738634355	0.14664423694905643	-0.11881937688326902	0.13295053408363083	-0.1798065852692824	0.13918992887200182	-0.13279146281770995	0.09219402610199985	-0.08431922719535065	0.07051175604729204	-0.17589634175040178	0.1477392154802512	-0.08688144092934796
-0.34538993425593095	0.31939689094697454	-0.3224528784786341	0.20024950694656743	-0.18974039329989756	0.265826575976608	-0.5908852990973772	0.9999999999999984	-0.30398756074018496	0.15953156972801583	-0.31685637195120847	0.25318510606844846	-0.3331911298386605	0.24494086280494345	-0.17311071824970117	0.14647171148545113	-0.23654955269729364	0.20521930008105654	-0.20274182070796998	0.16096742683688614	-0.17621702320326318	0.21894426736425526	-0.1832751129832049	0.17462127343787445	-0.12472354095552211	0.10411049779331012	-0.08829386196779625	0.22018783936676029	-0.2017642061232806	0.11552657571277075
0.15690240152350662	-0.2724384027093566	0.28823306136047677	-0.4647038843975989	0.24622211081968468	-0.13872592509483098	0.18169445963500572	-0.30398756074018496	0.999999999999998	-0.2747280872797942	0.21034587610668204	-0.20711782548370591	0.24744871851467692	-0.6183799198704878	0.19504641712308077	-0.11066010040424294	0.1828946543074935	-0.19793445475769159	0.20840929057378105	-0.1933632850050129	0.12827117100211424	-0.20421654366068206	0.16701013761546374	-0.1741117948173726	0.1171853615573115	-0.09561177370551788	0.07942109991385292	-0.21365529071098094	0.17273697978192853	-0.1121868911976033
-0.10641583535937178	0.17703722690640922	-0.2477233766040712	0.2453595626823099	-0.7137574466148323	0.08982950440253111	-0.11295427599547181	0.15953156972801583	-0.2747280872797942	0.9999999999999963	-0.15486295349074236	0.12474436619911583	-0.1443855561249996	0.19359350224670055	-0.47004315111975353	0.07880234540904499	-0.12721722767109095	0.14107967340271857	-0.18197356224785668	0.24067853387094898	-0.09352654148507335	0.14507062549559432	-0.12622186452667644	0.14010673575469015	-0.10743098151992803	0.06874733945580923	-0.05751296697424704	0.1585133559979864	-0.1430492305337661	0.09870871599580455
0.22872217340705303	-0.39493995996569325	0.2162434453174292	-0.1652264519651791	0.16502227627517208	-0.2449923860232536	0.2364821288659697	-0.31685637195120847	0.21034587610668204	-0.15486295349074236	0.9999999999999989	-0.30951782443348097	0.24613707909585245	-0.2449490104793635	0.1740080348017695	-0.37512249000422354	0.2818214945828321	-0.2519490287974647	0.22192576987012627	-0.18424804131997582	0.2761181496318409	-0.41594284273141596	0.2529051487891718	-0.23620105336684905	0.1548173942472157	-0.21113589004439548	0.16239840029577166	-0.4084437825285153	0.2420762805768088	-0.1546355647619237
-0.18148429934347948	0.23164416390369266	-0.18103746210222302	0.13617599013717666	-0.13902530137336092	0.1643883019556989	-0.2842826501186367	0.25318510606844846	-0.20711782548370591	0.12474436619911583	-0.30951782443348097	0.9999999999999928	-0.5556195582183021	0.24113800366368396	-0.14920373211593801	0.18684491860366273	-0.5894420482055686	0.26774347183325364	-0.21209726952205066	0.14975660368275834	-0.20480081462119917	0.24944788365161819	-0.2067303050019229	0.1753018718960173	-0.11626922329343556	0.10831477183400212	-0.09517457603098853	0.2198351640624755	-0.18428765925082624	0.10756993162352015
0.1679157201439067	-0.24002887356320063	0.19495963202299504	-0.16082404609166098	0.153238877361574	-0.15289610761570194	0.2133772146292281	-0.3331911298386605	0.24744871851467692	-0.1443855561249996	0.24613707909585245	-0.5556195582183021	0.999999999999995	-0.4694884907634521	0.16500096766019792	-0.1479759257125311	0.29299315630172973	-0.41155381212066505	0.24172192197385461	-0.17612111503006744	0.16090889072157505	-0.25333874767026476	0.22316275156303936	-0.19964613497462214	0.12439277867874521	-0.10931683981596829	0.09328754297686989	-0.2442537428169282	0.19078287688594764	-0.1166880481731646
-0.16219315765141604	0.23142317310266852	-0.2758345482156735	0.23642287003080012	-0.21646581423328382	0.13541627672279877	-0.1802768706306188	0.24494086280494345	-0.6183799198704878	0.19359350224670055	-0.2449490104793635	0.24113800366368396	-0.4694884907634521	0.9999999999999957	-0.2201432575983681	0.12804490205115743	-0.23175121110643582	0.2407625006819699	-0.31020802049677043	0.19988120534008152	-0.151013721008472	0.21226782221534718	-0.19767901452224787	0.19533600917057842	-0.13279301721325099	0.09798789920107778	-0.08390819579543045	0.21844212055813664	-0.20155721455318548	0.12098431634851464
0.11459945140532166	-0.1948525037136555	0.18026001934829894	-0.175294895025424	0.2556863136221567	-0.09945523214841627	0.122285728523952	-0.17311071824970117	0.19504641712308077	-0.47004315111975353	0.1740080348017695	-0.14920373211593801	0.16500096766019792	-0.2201432575983681	0.9999999999999937	-0.09313942122374146	0.15302825451218993	-0.19761786159835212	0.2570355977498972	-0.6860332819850429	0.10852750152866981	-0.18727156426917718	0.16576499664329378	-0.20330927963251777	0.15286893458929932	-0.0874380068326042	0.07278810997854676	-0.21167460609456834	0.17877261289702462	-0.1470854287764376
-0.10915347514388059	0.16639210275656477	-0.1086762600251724	0.08258927599639611	-0.08547239433927022	0.10144333581127528	-0.11602584678929985	0.14647171148545113	-0.11066010040424294	0.07880234540904499	-0.37512249000422354	0.18684491860366273	-0.1479759257125311	0.12804490205115743	-0.09313942122374146	0.999999999999997	-0.31478584579342517	0.1563658046560745	-0.12731971818536267	0.09730192472043801	-0.8247533018996372	0.21763404415020945	-0.1406103149635332	0.12275666717651904	-0.08057488293705777	0.1039478649172057	-0.08634804676006835	0.18240025238171653	-0.12781194875795857	0.0774348228236951
0.1596230247357193	-0.23553614776558385	0.16939638347584887	-0.1318479741723319	0.13629755969256224	-0.14835228696358196	0.19202066478249047	-0.23654955269729364	0.1828946543074935	-0.12721722767109095	0.2818214945828321	-0.5894420482055686	0.29299315630172973	-0.23175121110643582	0.15302825451218993	-0.31478584579342517	0.9999999999999932	-0.41202900328915343	0.22811770760673353	-0.1671765356923765	0.24183597017860003	-0.40258178483879126	0.24574594344665393	-0.20704778779139987	0.12794323817549502	-0.14194296673610646	0.12352157198004345	-0.2682853568228394	0.19999779881386537	-0.12069169304626803
-0.14481508328340761	0.20105300148625985	-0.17368055469805976	0.1361242574135305	-0.15327533987766778	0.12348371136193499	-0.15936178738634355	0.20521930008105654	-0.19793445475769159	0.14107967340271857	-0.2519490287974647	0.26774347183325364	-0.41155381212066505	0.2407625006819699	-0.19761786159835212	0.1563658046560745	-0.41202900328915343	0.9999999999999923	-0.4902537433706849	0.21365647777647728	-0.17732382591450233	0.2723642717264937	-0.48590885114030263	0.26479678844044857	-0.15585716931662963	0.11356316737212077	-0.10219582933332733	0.277898792374822	-0.2386134913255485	0.1382586176026481
0.13644333250861312	-0.21209690333233244	0.1790811934094126	-0.1521345203764597	0.1737709515003163	-0.11830002272391087	0.14664423694905643	-0.20274182070796998	0.20840929057378105	-0.18197356224785668	0.22192576987012627	-0.21209726952205066	0.24172192197385461	-0.31020802049677043	0.2570355977498972	-0.12731971818536267	0.22811770760673353	-0.4902537433706849	0.9999999999999918	-0.4787863496734837	0.14456546859755717	-0.2558093283275441	0.273062313468552	-0.4381385064899232	0.18982406735588567	-0.11190536110789065	0.09567482865104594	-0.2849436310471978	0.25442120901505905	-0.17398913162044088
-0.11438557460700219	0.17532543123028138	-0.182013367990516	0.1545923344150785	-0.24634943335005619	0.0962795417850033	-0.11881937688326902	0.16096742683688614	-0.1933632850050129	0.24067853387094898	-0.18424804131997582	0.14975660368275834	-0.17612111503006744	0.19988120534008152	-0.6860332819850429	0.09730192472043801	-0.1671765356923765	0.21365647777647728	-0.4787863496734837	0.9999999999999873	-0.11530277489580616	0.18134938278247864	-0.18393642162753876	0.22227860852812875	-0.21140298023272452	0.08386170669305469	-0.07157652302716924	0.2017359908476783	-0.21016664886824854	0.16201654167900492
0.12434598725908796	-0.2062595554928675	0.1276449273945073	-0.09787111319054306	0.10020603548958326	-0.11667404302305656	0.13295053408363083	-0.17621702320326318	0.12827117100211424	-0.09352654148507335	0.2761181496318409	-0.20480081462119917	0.16090889072157505	-0.151013721008472	0.10852750152866981	-0.8247533018996372	0.24183597017860003	-0.17732382591450233	0.14456546859755717	-0.11530277489580616	0.9999999999999886	-0.28986027231916883	0.16515077022952018	-0.1481113241097011	0.09594656237565868	-0.139524279221862	0.11009990766855446	-0.23269731136733537	0.15114678099063708	-0.09378275539903921
-0.1895316318729453	0.23616029641226732	-0.20349502186858695	0.14772842115599227	-0.1666851581099346	0.15270088037836405	-0.1798065852692824	0.21894426736425526	-0.20421654366068206	0.14507062549559432	-0.41594284273141596	0.24944788365161819	-0.25333874767026476	0.21226782221534718	-0.18727156426917718	0.21763404415020945	-0.40258178483879126	0.2723642717264937	-0.2558093283275441	0.18134938278247864	-0.28986027231916883	0.9999999999999868	-0.4283683802810549	0.25056923707856443	-0.17584435499120593	0.2402248952275242	-0.3289415900380375	0.3056684073566301	-0.304782476667337	0.15634584792009934
0.13654827049521218	-0.19123881500824652	0.1582424770703636	-0.12195697215903001	0.13672935591356886	-0.11510371537361465	0.13918992887200182	-0.1832751129832049	0.16701013761546374	-0.12622186452667644	0.2529051487891718	-0.2067303050019229	0.22316275156303936	-0.19767901452224787	0.16576499664329378	-0.1406103149635332	0.24574594344665393	-0.48590885114030263	0.273062313468552	-0.18393642162753876	0.16515077022952018	-0.4283683802810549	0.9999999999999872	-0.4332287954578432	0.17678737628046431	-0.139831682504512	0.1291247894806763	-0.5322078162046046	0.27819640331700124	-0.16132260143063862
-0.13210764983263218	0.19036103228437726	-0.16470382751039378	0.12769172597793296	-0.15174284391727227	0.11021519658654745	-0.13279146281770995	0.17462127343787445	-0.1741117948173726	0.14010673575469015	-0.23620105336684905	0.1753018718960173	-0.19964613497462214	0.19533600917057842	-0.20330927963251777	0.12275666717651904	-0.20704778779139987	0.26479678844044857	-0.4381385064899232	0.22227860852812875	-0.1481113241097011	0.25056923707856443	-0.4332287954578432	0.9999999999999863	-0.3739087860158827	0.11232868517072482	-0.09985306623913477	0.2981832925168796	-0.5490218750099554	0.25937706396393767
0.09099508539333621	-0.14119748930543166	0.1142246826282816	-0.09114471262296578	0.10961756603035261	-0.0773428989541908	0.09219402610199985	-0.12472354095552211	0.1171853615573115	-0.10743098151992803	0.1548173942472157	-0.11626922329343556	0.12439277867874521	-0.13279301721325099	0.15286893458929932	-0.08057488293705777	0.12794323817549502	-0.15585716931662963	0.18982406735588567	-0.21140298023272452	0.09594656237565868	-0.17584435499120593	0.17678737628046431	-0.3739087860158827	0.999999999999985	-0.08177928482495608	0.06890832187459683	-0.22316173082602858	0.2913540682809768	-0.813628410560395
-0.09294347573578007	0.11492213436671153	-0.09795416363356513	0.07038495630286654	-0.07948936660821421	0.0741794114193147	-0.08431922719535065	0.10411049779331012	-0.09561177370551788	0.06874733945580923	-0.21113589004439548	0.10831477183400212	-0.10931683981596829	0.09798789920107778	-0.0874380068326042	0.1039478649172057	-0.14194296673610646	0.11356316737212077	-0.11190536110789065	0.08386170669305469	-0.139524279221862	0.2402248952275242	-0.139831682504512	0.11232868517072482	-0.08177928482495608	0.9999999999999853	-0.9018599212581638	0.1542378096727756	-0.1458184467785513	0.07405954657695527
0.07519633297222839	-0.09699406894183965	0.08027849571349184	-0.05855744830744762	0.06551899433275143	-0.06115510209006026	0.07051175604729204	-0.08829386196779625	0.07942109991385292	-0.05751296697424704	0.16239840029577166	-0.09517457603098853	0.09328754297686989	-0.08390819579543045	0.07278810997854676	-0.08634804676006835	0.12352157198004345	-0.10219582933332733	0.09567482865104594	-0.07157652302716924	0.11009990766855446	-0.3289415900380375	0.1291247894806763	-0.09985306623913477	0.06890832187459683	-0.9018599212581638	0.9999999999999847	-0.1515554099989886	0.12022418250716682	-0.06302772763017253
-0.19299895198683187	0.24132195924434113	-0.21709216775953663	0.15720412809535772	-0.18389736997528772	0.152954996374972	-0.17589634175040178	0.22018783936676029	-0.21365529071098094	0.1585133559979864	-0.4084437825285153	0.2198351640624755	-0.2442537428169282	0.21844212055813664	-0.21167460609456834	0.18240025238171653	-0.2682853568228394	0.277898792374822	-0.2849436310471978	0.2017359908476783	-0.23269731136733537	0.3056684073566301	-0.5322078162046046	0.2981832925168796	-0.22316173082602858	0.1542378096727756	-0.1515554099989886	0.9999999999999847	-0.44316992782629105	0.19534932886581968
0.1445803213746137	-0.23547047890790324	0.16977856924401197	-0.13386215228902573	0.14780051627001453	-0.1248261085674298	0.1477392154802512	-0.2017642061232806	0.17273697978192853	-0.1430492305337661	0.2420762805768088	-0.18428765925082624	0.19078287688594764	-0.20155721455318548	0.17877261289702462	-0.12781194875795857	0.19999779881386537	-0.2386134913255485	0.25442120901505905	-0.21016664886824854	0.15114678099063708	-0.304782476667337	0.27819640331700124	-0.5490218750099554	0.2913540682809768	-0.1458184467785513	0.12022418250716682	-0.44316992782629105	0.9999999999999849	-0.4454059499759878
-0.08791154889270003	0.13047606720490218	-0.11149757266804854	0.0864015797627447	-0.10711393712940781	0.07333974611117264	-0.08688144092934796	0.11552657571277075	-0.1121868911976033	0.09870871599580455	-0.1546355647619237	0.10756993162352015	-0.1166880481731646	0.12098431634851464	-0.1470854287764376	0.0774348228236951	-0.12069169304626803	0.1382586176026481	-0.17398913162044088	0.16201654167900492	-0.09378275539903921	0.15634584792009934	-0.16132260143063862	0.25937706396393767	-0.813628410560395	0.07405954657695527	-0.06302772763017253	0.19534932886581968	-0.4454059499759878	0.9999999999999848
