1.0	-0.4809663310837192	0.22834384498768287	-0.22563618732422372	0.17071687453879125	-0.6643935890302112	0.32014677543538017	-0.1982596985150146	0.1808271193641091	-0.2003887185110973	0.23143070722748765	-0.22054243271627927	0.18995761029946095	-0.16649238964121443	0.11609102724140763	-0.17436942012434792	0.16784279762172788	-0.15239547274184	0.12752660706972072	-0.13465235041437604	0.13923003654448993	-0.1310039732432714	0.11633408797292676	-0.10636870975189615	0.1637686059784566	-0.10990688865319795	0.1077996526450486	-0.10733112131707999	0.09209413283791588	-0.07959713356747125	0.07934180279347886	-0.10604739310616142	0.08084137241615375	-0.06783710274975231	0.06904587333090526	-0.05376927950836529	0.05806934353163743	-0.07688110718717282	0.05962482789624187	-0.06380131875176229	0.041973691541139745	-0.05458470201205384	0.06877447659982638	-0.0460201388127659	0.05720650774622265
-0.4809663310837192	0.9999999999999999	-0.4967447502580421	0.247722735792616	-0.20627728738280654	0.2829149839381906	-0.5395301248996717	0.2550031481632323	-0.2314797223616058	0.19833120059563838	-0.2104498291051118	0.18799459959798567	-0.24234595211176657	0.17884666834037366	-0.12195903116350008	0.14263631786652986	-0.16533741572775526	0.15603634894499507	-0.13570465608501217	0.13417903127094283	-0.13113678472995038	0.11941487227187107	-0.11812425997618595	0.10643493900261805	-0.1669625684392607	0.09625686118961094	-0.10178726646522711	0.10341570938768542	-0.09159862029339082	0.07663935106814698	-0.07222526061413337	0.09392454005231621	-0.07760658327382047	0.06438265349786573	-0.0671538557854035	0.04853687156667126	-0.05291872745205052	0.07035291513150826	-0.056066931448476895	0.05947349213838158	-0.038320346197302076	0.04946662346030259	-0.06442661069464613	0.04306423614137123	-0.05397106226830527
0.22834384498768287	-0.4967447502580421	0.9999999999999998	-0.5383353679155931	0.25662715516891627	-0.17959615841040558	0.2552615613121695	-0.4483765383033178	0.27013940354876315	-0.2661361062374474	0.14551366327883763	-0.13952628252194083	0.26202767010542305	-0.22509446317148105	0.14812393504162505	-0.11657406888114452	0.12903713630833033	-0.1843449856675282	0.15324335853609938	-0.16686930686837526	0.12067510188546834	-0.12256768393529573	0.12890039797067565	-0.12004236191286426	0.18736578585063884	-0.09326612777922802	0.10432821137931712	-0.11383935564973327	0.1004673046742249	-0.0842353637618906	0.07159023703356945	-0.09438810506487322	0.08324890832669528	-0.06960144076766905	0.0730664603018552	-0.05035671143076064	0.05498214874250271	-0.07487390894718451	0.06010414999621944	-0.06425711900279223	0.0399053863655857	-0.05176814379378109	0.06852225218709479	-0.046111061539116205	0.05788786553311137
-0.22563618732422372	0.247722735792616	-0.5383353679155931	1.0000000000000002	-0.5903255287102392	0.15381191685990547	-0.22314356510896152	0.25275346165461016	-0.3264333661234985	0.28648155193458574	-0.14232359209041145	0.1273276317182052	-0.2683779798897602	0.21523420758950684	-0.15948808522194755	0.11197913281282197	-0.1295666216801674	0.17153645779763646	-0.15953360958227897	0.16821940099097188	-0.12426566309497163	0.12080639219118872	-0.13176684756237664	0.12047296453049736	-0.2123299822784554	0.09235639439579874	-0.10636839785579079	0.11382348635057048	-0.10355571889428299	0.08666571379624635	-0.07237061133864911	0.0936832814397495	-0.08637838412043476	0.0713041585377279	-0.07634091766148883	0.05068577674131269	-0.05568781613628301	0.07579031846731413	-0.061969883103709676	0.06566825709524848	-0.04051233807299174	0.05225598901243166	-0.07086504248608072	0.047455603096981276	-0.06003330726650405
0.17071687453879125	-0.20627728738280654	0.25662715516891627	-0.5903255287102392	0.9999999999999996	-0.12449435856977202	0.16852485890284002	-0.19649525919371005	0.24684023066499197	-0.5808173123275575	0.12017599396317838	-0.10919378722561532	0.2155400547478101	-0.22386508621389672	0.20026538199373137	-0.10303616582906062	0.11579683357794404	-0.17104288698784959	0.15789033680762232	-0.2239031942594009	0.12092780511998535	-0.1239177200175763	0.13122559160834155	-0.12455295251442099	0.2389383934640411	-0.09393664219011527	0.10820789277177162	-0.1193094615907742	0.1067089755633179	-0.09330648315676011	0.07397487569182085	-0.09731345961652886	0.09132880433938692	-0.07624197175919731	0.08124031740682436	-0.05422250908511966	0.059358980427854105	-0.08249237757978804	0.06691306281538655	-0.0717917457202328	0.04331106030322043	-0.056286279737043164	0.07648147711457728	-0.05141346928559169	0.0650044789432794
-0.6643935890302112	0.2829149839381906	-0.17959615841040558	0.15381191685990547	-0.12449435856977202	1.0000000000000007	-0.5419660420791151	0.17208231580447592	-0.15128920519260688	0.13991668795613288	-0.3531516580912686	0.22711265967604444	-0.16478142605663038	0.12681187239679534	-0.08571174551470388	0.16006597729081912	-0.1667885313730845	0.11684955329509573	-0.09835162846838943	0.09682982200379753	-0.11946751813313339	0.10217380118059735	-0.08998682738693273	0.08063075044081468	-0.11926653286090755	0.08724785037768884	-0.08417251559284297	0.08096028857423013	-0.06988847530356904	0.059228262472743994	-0.06250358784743432	0.08192015410778936	-0.06080630363027889	0.05071108179645092	-0.05162431258141071	0.040577329895616236	-0.0438922760275423	0.057081278241917	-0.04433378162387012	0.04709060198368658	-0.03164575594545432	0.04091169053955252	-0.05121422030626755	0.03416515254123749	-0.04243035065691808
0.32014677543538017	-0.5395301248996717	0.2552615613121695	-0.22314356510896152	0.16852485890284002	-0.5419660420791151	1.000000000000001	-0.32820394604647746	0.20959398288494022	-0.19548899045364804	0.24469953290142635	-0.29932735455121245	0.2212311031928794	-0.17869234206273296	0.11685110548917078	-0.16922877021694996	0.18123927297394057	-0.1577070395924456	0.1298864153266774	-0.13250393575857228	0.13350738449743027	-0.12412639015267093	0.11535709517795827	-0.1051307867905107	0.1558459713188596	-0.10194053164478373	0.10247587303425942	-0.10339796988599485	0.08958800808005625	-0.07563059501326042	0.07414397747652024	-0.09806088524101927	0.07648514059744124	-0.06397650951647012	0.06565806107897892	-0.049593117008046486	0.05374482930414187	-0.07100496134084751	0.055610654676358506	-0.05927646842314897	0.03881586068936024	-0.050308751681429245	0.06390441716137846	-0.04279800829529895	0.0532826768550294
-0.1982596985150146	0.2550031481632323	-0.4483765383033178	0.25275346165461016	-0.19649525919371005	0.17208231580447592	-0.32820394604647746	1.0000000000000013	-0.5282264065398402	0.22643367575830103	-0.1434635184626226	0.14111163217054323	-0.5351536568646297	0.26148024463246544	-0.150627614716363	0.11009298121554861	-0.12569416400012376	0.20206403495216557	-0.16858574067699106	0.15770446083501677	-0.11344373278394616	0.11666968893406093	-0.13475338246960114	0.12233993396606073	-0.17188324541599595	0.08628637743730205	-0.09975189979844293	0.11096883943230922	-0.09991294718264256	0.0795940475423923	-0.06657263698428922	0.08723088283549725	-0.07844640381044458	0.06530921836237089	-0.0691711948161362	0.04593344975426667	-0.05033804014067065	0.06813833056189467	-0.055253360124540865	0.05872108513211219	-0.03643596780886704	0.04710516697884236	-0.06253824053756374	0.042189856967524315	-0.0529488796599762
0.1808271193641091	-0.2314797223616058	0.27013940354876315	-0.3264333661234985	0.24684023066499197	-0.15128920519260688	0.20959398288494022	-0.5282264065398402	1.0000000000000013	-0.3832295761414596	0.13455764449451418	-0.12989174840135637	0.3114482770638354	-0.5142831987960879	0.22481096631664854	-0.11366006848335611	0.12642111259458572	-0.23135146103972137	0.20990595939511691	-0.23410007728977558	0.1267513403149978	-0.1362652160632183	0.15575352999148945	-0.15465277623501889	0.22214009067405083	-0.0987418724149609	0.11663877518206016	-0.13579889169303946	0.12160153772656383	-0.0983199883286781	0.07712382599563712	-0.10173919899428503	0.0949536989572353	-0.0795910461949315	0.08460958610299739	-0.05459672367201342	0.05988875687745314	-0.08217355537239984	0.06697471644265637	-0.07150943618630931	0.04341216069772765	-0.056269257087622856	0.0754593085665751	-0.05110743465516306	0.06421645502118122
-0.2003887185110973	0.19833120059563838	-0.2661361062374474	0.28648155193458574	-0.5808173123275575	0.13991668795613288	-0.19548899045364804	0.22643367575830103	-0.3832295761414596	1.000000000000002	-0.14052102167646788	0.12480692463170097	-0.2786222325006377	0.27328314657192415	-0.3786958830891753	0.11683571900305775	-0.135592020694169	0.19587625530267783	-0.20089179628543083	0.26607102960679935	-0.1408012300141539	0.1395759856242467	-0.15833009617230334	0.14848395137125314	-0.3423178361877331	0.10486606899001275	-0.1256383302933199	0.13778479761484963	-0.12867993035350045	0.110774374230288	-0.08400977960913047	0.10833985704070083	-0.10787296146625318	0.08861101979377599	-0.09795634592930515	0.06015342080681363	-0.06647445751187485	0.09167750456237196	-0.07664087107554464	0.08099547962345509	-0.048471663085246294	0.0624430533427711	-0.08715713716868928	0.05847730748330935	-0.07452272663927345
0.23143070722748765	-0.2104498291051118	0.14551366327883763	-0.14232359209041145	0.12017599396317838	-0.3531516580912686	0.24469953290142635	-0.1434635184626226	0.13455764449451418	-0.14052102167646788	1.000000000000002	-0.6874615262396159	0.1608330335190642	-0.12987063424754408	0.08829487328538091	-0.41585908597747173	0.3044049538683659	-0.13601662391722655	0.11021658695786082	-0.10195282026447712	0.19323327586023725	-0.15338619832855876	0.11098082567349508	-0.09720274072488483	0.1305307760296293	-0.14352742196223947	0.1193015951485736	-0.10328356203511373	0.08599832819897202	-0.07384173538775876	0.09475631801626441	-0.12562750713094767	0.07820013827788533	-0.06542032877230515	0.06417164579618044	-0.05767307881634387	0.06170437400942333	-0.07672476081314336	0.05737542152415101	-0.06065794574930571	0.044119728573169543	-0.057000127560789655	0.06694382843986237	-0.04439574906517435	0.054345874245278473
-0.22054243271627927	0.18799459959798567	-0.13952628252194083	0.1273276317182052	-0.10919378722561532	0.22711265967604444	-0.29932735455121245	0.14111163217054323	-0.12989174840135637	0.12480692463170097	-0.6874615262396159	1.0000000000000033	-0.17594994998497554	0.12055218869871204	-0.08039484417877589	0.2826162482854661	-0.5207375002324478	0.12530245202984014	-0.10146102480447677	0.0912287095750841	-0.1710364760829429	0.12937173270151953	-0.09989667854850937	0.08626112827741221	-0.11611200535580445	0.11578536828182126	-0.10313492354409605	0.08962578612158865	-0.07591479770525955	0.06386311231658012	-0.07946179834257003	0.10256617961997459	-0.06742519882845732	0.05605074926151725	-0.05577813212612418	0.047913567200418936	-0.051581518401453745	0.06444638923439217	-0.04898441018153548	0.05161312930487978	-0.03695248605601682	0.04749485410780802	-0.05702879972002999	0.03780630251768998	-0.04652444919084477
0.18995761029946095	-0.24234595211176657	0.26202767010542305	-0.2683779798897602	0.2155400547478101	-0.16478142605663038	0.2212311031928794	-0.5351536568646297	0.3114482770638354	-0.2786222325006377	0.1608330335190642	-0.17594994998497554	0.9999999999999991	-0.42209290371783265	0.201079337905597	-0.13630890772280185	0.15271370291877756	-0.42264505583694034	0.24758818889238984	-0.22504441281119025	0.14795804469199164	-0.16729379051042445	0.20325309040594072	-0.1855340145614682	0.224829446113283	-0.11598393562919654	0.1391969816791656	-0.16450235507125918	0.14443193424606515	-0.11257049588391792	0.09008955528905255	-0.11930597393657696	0.10929729541547402	-0.09170686740723027	0.0965956149193091	-0.062747513542172	0.06879878144918973	-0.09372936835076824	0.07607654484543967	-0.08114319644202973	0.049709370682534004	-0.06440513220817354	0.08536172952544618	-0.05795645809259954	0.07251244914604868
-0.16649238964121443	0.17884666834037366	-0.22509446317148105	0.21523420758950684	-0.22386508621389672	0.12681187239679534	-0.17869234206273296	0.26148024463246544	-0.5142831987960879	0.27328314657192415	-0.12987063424754408	0.12055218869871204	-0.42209290371783265	1.0000000000000042	-0.4319121842920983	0.11046239758289839	-0.12737742677016498	0.2551466898424715	-0.3790245158700391	0.27150060908145146	-0.1337282621921285	0.14548104577458687	-0.19108180996288443	0.19381243737013124	-0.26629324687235684	0.1015315725499527	-0.1289690370155893	0.15386529646992173	-0.14981042926835378	0.11087213766149956	-0.08132929137101938	0.1057589266585639	-0.10621220295541059	0.08798100542498283	-0.09651406020015975	0.056816270645430614	-0.06287732197418942	0.08620855295097088	-0.07217539956931697	0.07619746885814598	-0.04549794344282631	0.058623357146969556	-0.08038552466005054	0.05461099751521786	-0.06892439513691372
0.11609102724140763	-0.12195903116350008	0.14812393504162505	-0.15948808522194755	0.20026538199373137	-0.08571174551470388	0.11685110548917078	-0.150627614716363	0.22481096631664854	-0.3786958830891753	0.08829487328538091	-0.08039484417877589	0.201079337905597	-0.4319121842920983	1.0000000000000027	-0.07714757320136831	0.08787912054384679	-0.16214099328287757	0.18206223192125456	-0.7308337845771242	0.09527829356027456	-0.10282507052076217	0.12245562508631304	-0.1265968858623702	0.2518405052325289	-0.07361009185855734	0.09057996338099168	-0.10749806993968208	0.0999986192029015	-0.08443141708859597	0.058969260501998313	-0.07728439984467746	0.07808559440358868	-0.06547767748932488	0.07197211923684725	-0.042691601568252927	0.0470980795648736	-0.06567234555182892	0.054672064623886005	-0.05848451220277963	0.0342098878543409	-0.044307888586003354	0.061089366897981424	-0.04156269666772485	0.052554876444856465
-0.17436942012434792	0.14263631786652986	-0.11657406888114452	0.11197913281282197	-0.10303616582906062	0.16006597729081912	-0.16922877021694996	0.11009298121554861	-0.11366006848335611	0.11683571900305775	-0.41585908597747173	0.2826162482854661	-0.13630890772280185	0.11046239758289839	-0.07714757320136831	1.0000000000000033	-0.657278619697046	0.12938983000583085	-0.10741938542613368	0.08864217069926317	-0.46307308790842877	0.1839347989897854	-0.1192971973707072	0.09807401824313997	-0.12282150249290696	0.18888531098756997	-0.14799366387093488	0.10867967653809091	-0.09009576549411664	0.07593582639267935	-0.12604386433002904	0.1475434901211524	-0.08424015692607613	0.06916816913914774	-0.06698499292861095	0.06503193750927522	-0.06985349331717776	0.08208526785094818	-0.06104249729433882	0.06334390897801055	-0.04978078885203194	0.06277480416041153	-0.0722461086226501	0.04722674526244291	-0.05760311860546011
0.16784279762172788	-0.16533741572775526	0.12903713630833033	-0.1295666216801674	0.11579683357794404	-0.1667885313730845	0.18123927297394057	-0.12569416400012376	0.12642111259458572	-0.135592020694169	0.3044049538683659	-0.5207375002324478	0.15271370291877756	-0.12737742677016498	0.08787912054384679	-0.657278619697046	0.9999999999999977	-0.15556583528808784	0.12057752728917318	-0.10207708051169584	0.2520518963316511	-0.20782307206536363	0.1307037837993028	-0.1108216777070936	0.13673174239200384	-0.19038958645581502	0.15121946365456126	-0.12148190177241788	0.09923616722711945	-0.08489871308374132	0.12117841098712155	-0.1616267770919197	0.0917719139340195	-0.07672798091019814	0.0737856238414759	-0.07103671796263623	0.07566927255446816	-0.09150377837130269	0.06715767037049522	-0.07062463604330342	0.05381008738287252	-0.06939101137706992	0.07876199052120599	-0.052033807434658165	0.06318050572562844
-0.15239547274184	0.15603634894499507	-0.1843449856675282	0.17153645779763646	-0.17104288698784959	0.11684955329509573	-0.1577070395924456	0.20206403495216557	-0.23135146103972137	0.19587625530267783	-0.13601662391722655	0.12530245202984014	-0.42264505583694034	0.2551466898424715	-0.16214099328287757	0.12938983000583085	-0.15556583528808784	1.0000000000000009	-0.5466466039795737	0.17527909285802856	-0.1765171231297611	0.2169309164396256	-0.49443876126900443	0.2892367887100462	-0.2249053216455781	0.12984334476251422	-0.1926594286756313	0.22951588682238547	-0.22481054552156887	0.14053922271874913	-0.106857815654943	0.13655067420595451	-0.1403116715622042	0.1136573558841788	-0.124849435784854	0.06992925160090518	-0.07818591380030969	0.1045877091583426	-0.08898217322592988	0.0922038300212418	-0.05604269020934749	0.07145964424448692	-0.09761301026777192	0.06656772594627189	-0.08364438924995887
0.12752660706972072	-0.13570465608501217	0.15324335853609938	-0.15953360958227897	0.15789033680762232	-0.09835162846838943	0.1298864153266774	-0.16858574067699106	0.20990595939511691	-0.20089179628543083	0.11021658695786082	-0.10146102480447677	0.24758818889238984	-0.3790245158700391	0.18206223192125456	-0.10741938542613368	0.12057752728917318	-0.5466466039795737	1.0000000000000007	-0.21671240133058425	0.145102377901332	-0.19482801862318522	0.2946647589622783	-0.5444815624626372	0.21543222300064346	-0.1161060938414791	0.16264486479180373	-0.2504260959194999	0.23470889602750647	-0.15066887155805148	0.09395043205134251	-0.12521007453056557	0.1329818713640691	-0.11445296209918411	0.12216336428948767	-0.06502635330944764	0.07228722199031376	-0.09982339848945825	0.0846347982883971	-0.08966913580130692	0.051763090729412695	-0.0668602873836507	0.0906382124005485	-0.06318212801871115	0.0786091820818437
-0.13465235041437604	0.13417903127094283	-0.16686930686837526	0.16821940099097188	-0.2239031942594009	0.09682982200379753	-0.13250393575857228	0.15770446083501677	-0.23410007728977558	0.26607102960679935	-0.10195282026447712	0.0912287095750841	-0.22504441281119025	0.27150060908145146	-0.7308337845771242	0.08864217069926317	-0.10207708051169584	0.17527909285802856	-0.21671240133058425	1.000000000000002	-0.11173278467131202	0.11790492198016649	-0.14285559417748292	0.143547004091411	-0.4330499376512791	0.08518832653379303	-0.10605350619343282	0.12398430956640376	-0.11903266162435178	0.10364219536841497	-0.06889443639375219	0.08962889345522865	-0.09416804689020164	0.07832402997320022	-0.08914634137453616	0.04996551616050212	-0.05532707354524869	0.07729437185740126	-0.06530871475366766	0.06952420826705437	-0.04021404705094753	0.051968523432966776	-0.07271482338124785	0.049481308057865506	-0.06287341878165109
0.13923003654448993	-0.13113678472995038	0.12067510188546834	-0.12426566309497163	0.12092780511998535	-0.11946751813313339	0.13350738449743027	-0.11344373278394616	0.1267513403149978	-0.1408012300141539	0.19323327586023725	-0.1710364760829429	0.14795804469199164	-0.1337282621921285	0.09527829356027456	-0.46307308790842877	0.2520518963316511	-0.1765171231297611	0.145102377901332	-0.11173278467131202	1.0000000000000009	-0.3983648384683333	0.18301045696249457	-0.14912026964072597	0.16231953014461264	-0.522639193107821	0.26505708341536854	-0.17751959598027808	0.13895666105005017	-0.11931332527349518	0.24718634645185197	-0.30693714145368833	0.13657510672520953	-0.11330635257400129	0.10416925405475756	-0.12002517096175831	0.1260239187109777	-0.14022873010994463	0.09900238278495788	-0.10223547890271427	0.08844587497130632	-0.11214078983163603	0.11806443300267329	-0.07691604726133572	0.09183856035202326
-0.1310039732432714	0.11941487227187107	-0.12256768393529573	0.12080639219118872	-0.1239177200175763	0.10217380118059735	-0.12412639015267093	0.11666968893406093	-0.1362652160632183	0.1395759856242467	-0.15338619832855876	0.12937173270151953	-0.16729379051042445	0.14548104577458687	-0.10282507052076217	0.1839347989897854	-0.20782307206536363	0.2169309164396256	-0.19482801862318522	0.11790492198016649	-0.3983648384683333	1.0000000000000018	-0.40318064128269226	0.20524872163909696	-0.180269584970937	0.23829372571750085	-0.6385582388738522	0.2402195854049211	-0.19951382670131046	0.13540947119882107	-0.2028507042812426	0.24458728284918269	-0.1549503959428515	0.12162816683287245	-0.12295198791313117	0.09974414016445271	-0.11303543996964127	0.12785628948943842	-0.10095401245683205	0.10157418811936546	-0.07838162571845494	0.09621881283389652	-0.11710644608646073	0.07658707674732776	-0.09423265894582941
0.11633408797292676	-0.11812425997618595	0.12890039797067565	-0.13176684756237664	0.13122559160834155	-0.08998682738693273	0.11535709517795827	-0.13475338246960114	0.15575352999148945	-0.15833009617230334	0.11098082567349508	-0.09989667854850937	0.20325309040594072	-0.19108180996288443	0.12245562508631304	-0.1192971973707072	0.1307037837993028	-0.49443876126900443	0.2946647589622783	-0.14285559417748292	0.18301045696249457	-0.40318064128269226	1.000000000000004	-0.5028151420436097	0.1903110197420868	-0.14507870118165458	0.2378254227035751	-0.41103322983086726	0.2734046464155214	-0.16264781281649734	0.11763198713550682	-0.15756852821091005	0.1563184404740114	-0.13072996460892009	0.1355170506076421	-0.07509518477972697	0.08395281638038976	-0.11164843701801866	0.09380155285524454	-0.09770999302271853	0.05936666714227362	-0.07600074905265863	0.10027711080559451	-0.06970913716380342	0.08596596553510133
-0.10636870975189615	0.10643493900261805	-0.12004236191286426	0.12047296453049736	-0.12455295251442099	0.08063075044081468	-0.1051307867905107	0.12233993396606073	-0.15465277623501889	0.14848395137125314	-0.09720274072488483	0.08626112827741221	-0.1855340145614682	0.19381243737013124	-0.1265968858623702	0.09807401824313997	-0.1108216777070936	0.2892367887100462	-0.5444815624626372	0.143547004091411	-0.14912026964072597	0.20524872163909696	-0.5028151420436097	0.9999999999999999	-0.2127341410921317	0.1153535860510234	-0.1862436052399967	0.28948954003652333	-0.48756772720194025	0.1743326571547233	-0.0969766121710503	0.12643478672773667	-0.15342486632563287	0.12787588406387726	-0.14941905366059194	0.0650706666252049	-0.07342480363140666	0.10092169071613338	-0.08978269780604205	0.09248144636654171	-0.052267229709063945	0.06689569422364672	-0.09336097729584937	0.06559542792585407	-0.08205153387146129
0.1637686059784566	-0.1669625684392607	0.18736578585063884	-0.2123299822784554	0.2389383934640411	-0.11926653286090755	0.1558459713188596	-0.17188324541599595	0.22214009067405083	-0.3423178361877331	0.1305307760296293	-0.11611200535580445	0.224829446113283	-0.26629324687235684	0.2518405052325289	-0.12282150249290696	0.13673174239200384	-0.2249053216455781	0.21543222300064346	-0.4330499376512791	0.16231953014461264	-0.180269584970937	0.1903110197420868	-0.2127341410921317	1.0000000000000029	-0.13296844711905473	0.15787505188512535	-0.19477727852718513	0.17538385009110435	-0.21140908469070582	0.10734110861548611	-0.14424512414268134	0.15510976399343862	-0.13703154207906135	0.15503720914592165	-0.08506143441998791	0.09330482058045966	-0.13661536637562735	0.11324541522887445	-0.12645501937256048	0.06806600340571331	-0.08948381351707205	0.1243241529714218	-0.08637946465138437	0.10902861242528872
-0.10990688865319795	0.09625686118961094	-0.09326612777922802	0.09235639439579874	-0.09393664219011527	0.08724785037768884	-0.10194053164478373	0.08628637743730205	-0.0987418724149609	0.10486606899001275	-0.14352742196223947	0.11578536828182126	-0.11598393562919654	0.1015315725499527	-0.07361009185855734	0.18888531098756997	-0.19038958645581502	0.12984334476251422	-0.1161060938414791	0.08518832653379303	-0.522639193107821	0.23829372571750085	-0.14507870118165458	0.1153535860510234	-0.13296844711905473	1.0000000000000009	-0.33662614490289056	0.14783699587708032	-0.12021458839925778	0.10068051476024782	-0.6242567691859006	0.3056112339343882	-0.13039204808509694	0.10034284926645583	-0.09261677445678373	0.1253362032954467	-0.13427350864499468	0.12630022458171047	-0.09186898845555343	0.09002143259479582	-0.09617552815902455	0.10666200064654481	-0.11470797523648782	0.07119018677053215	-0.08571083024281086
0.1077996526450486	-0.10178726646522711	0.10432821137931712	-0.10636839785579079	0.10820789277177162	-0.08417251559284297	0.10247587303425942	-0.09975189979844293	0.11663877518206016	-0.1256383302933199	0.1193015951485736	-0.10313492354409605	0.1391969816791656	-0.1289690370155893	0.09057996338099168	-0.14799366387093488	0.15121946365456126	-0.1926594286756313	0.16264486479180373	-0.10605350619343282	0.26505708341536854	-0.6385582388738522	0.2378254227035751	-0.1862436052399967	0.15787505188512535	-0.33662614490289056	0.9999999999999997	-0.3143470404211996	0.19100298301315996	-0.13976018867508902	0.24329104096672732	-0.44276674415703504	0.1628021547138127	-0.13154252828424023	0.12198529566340492	-0.12086769604450813	0.13566028611511363	-0.14430963368385788	0.10520893536913686	-0.10644513488577487	0.08993616962081977	-0.11347534478728785	0.12227695182950274	-0.08032869449390015	0.09600554003215411
-0.10733112131707999	0.10341570938768542	-0.11383935564973327	0.11382348635057048	-0.1193094615907742	0.08096028857423013	-0.10339796988599485	0.11096883943230922	-0.13579889169303946	0.13778479761484963	-0.10328356203511373	0.08962578612158865	-0.16450235507125918	0.15386529646992173	-0.10749806993968208	0.10867967653809091	-0.12148190177241788	0.22951588682238547	-0.2504260959194999	0.12398430956640376	-0.17751959598027808	0.2402195854049211	-0.41103322983086726	0.28948954003652333	-0.19477727852718513	0.14783699587708032	-0.3143470404211996	0.9999999999999987	-0.6475325340004907	0.22799484650749255	-0.12922016911738282	0.17210946339269895	-0.2858204313907753	0.19441560191959747	-0.21670207898666516	0.08553002622604342	-0.09867957226195594	0.136621894337106	-0.1251077258418353	0.12448869195572689	-0.06909346890803275	0.08795180108837157	-0.12565603427628416	0.08940133312615081	-0.11109038324373012
0.09209413283791588	-0.09159862029339082	0.1004673046742249	-0.10355571889428299	0.1067089755633179	-0.06988847530356904	0.08958800808005625	-0.09991294718264256	0.12160153772656383	-0.12867993035350045	0.08599832819897202	-0.07591479770525955	0.14443193424606515	-0.14981042926835378	0.0999986192029015	-0.09009576549411664	0.09923616722711945	-0.22481054552156887	0.23470889602750647	-0.11903266162435178	0.13895666105005017	-0.19951382670131046	0.2734046464155214	-0.48756772720194025	0.17538385009110435	-0.12021458839925778	0.19100298301315996	-0.6475325340004907	1.0000000000000027	-0.34766911921810395	0.10102947030737128	-0.13938777900066573	0.2052188346808697	-0.19661300258837297	0.2140689372771214	-0.07274703662917452	0.08254040879568823	-0.11993489896260233	0.11128062332090255	-0.1162905047180008	0.05828968796561386	-0.07559935385110443	0.1074245599352224	-0.07952241677393636	0.09764881922142063
-0.07959713356747125	0.07663935106814698	-0.0842353637618906	0.08666571379624635	-0.09330648315676011	0.059228262472743994	-0.07563059501326042	0.0795940475423923	-0.0983199883286781	0.110774374230288	-0.07384173538775876	0.06386311231658012	-0.11257049588391792	0.11087213766149956	-0.08443141708859597	0.07593582639267935	-0.08489871308374132	0.14053922271874913	-0.15066887155805148	0.10364219536841497	-0.11931332527349518	0.13540947119882107	-0.16264781281649734	0.1743326571547233	-0.21140908469070582	0.10068051476024782	-0.13976018867508902	0.22799484650749255	-0.34766911921810395	1.000000000000003	-0.09230220744912004	0.12363217127018031	-0.3097121407556134	0.26432817578433665	-0.7590065710090277	0.07920739499848439	-0.09276886548886465	0.1461908483100054	-0.1642692011636471	0.16928282754909363	-0.06621643073929999	0.08609589320517402	-0.14380900698961874	0.11036941868856763	-0.14640628977062808
0.07934180279347886	-0.07222526061413337	0.07159023703356945	-0.07237061133864911	0.07397487569182085	-0.06250358784743432	0.07414397747652024	-0.06657263698428922	0.07712382599563712	-0.08400977960913047	0.09475631801626441	-0.07946179834257003	0.09008955528905255	-0.08132929137101938	0.058969260501998313	-0.12604386433002904	0.12117841098712155	-0.106857815654943	0.09395043205134251	-0.06889443639375219	0.24718634645185197	-0.2028507042812426	0.11763198713550682	-0.0969766121710503	0.10734110861548611	-0.6242567691859006	0.24329104096672732	-0.12922016911738282	0.10102947030737128	-0.09230220744912004	1.0000000000000018	-0.6352266630751817	0.12713735073376795	-0.100560212895012	0.0834306693704198	-0.1773052534923158	0.16378712869984327	-0.1378034626943535	0.09027682930978226	-0.08737392369965494	0.11325193742369098	-0.127137718367562	0.11472832441523778	-0.07058112944519479	0.08196217134709068
-0.10604739310616142	0.09392454005231621	-0.09438810506487322	0.0936832814397495	-0.09731345961652886	0.08192015410778936	-0.09806088524101927	0.08723088283549725	-0.10173919899428503	0.10833985704070083	-0.12562750713094767	0.10256617961997459	-0.11930597393657696	0.1057589266585639	-0.07728439984467746	0.1475434901211524	-0.1616267770919197	0.13655067420595451	-0.12521007453056557	0.08962889345522865	-0.30693714145368833	0.24458728284918269	-0.15756852821091005	0.12643478672773667	-0.14424512414268134	0.3056112339343882	-0.44276674415703504	0.17210946339269895	-0.13938777900066573	0.12363217127018031	-0.6352266630751817	1.0000000000000013	-0.20282650455372736	0.13873740036866278	-0.11616273682740913	0.17612011047722445	-0.255806912299053	0.17604252811573876	-0.12236466572294692	0.11509996066813007	-0.13379105450118106	0.1535577933614352	-0.15382765000258644	0.09387301254173057	-0.11065912054246652
0.08084137241615375	-0.07760658327382047	0.08324890832669528	-0.08637838412043476	0.09132880433938692	-0.06080630363027889	0.07648514059744124	-0.07844640381044458	0.0949536989572353	-0.10787296146625318	0.07820013827788533	-0.06742519882845732	0.10929729541547402	-0.10621220295541059	0.07808559440358868	-0.08424015692607613	0.0917719139340195	-0.1403116715622042	0.1329818713640691	-0.09416804689020164	0.13657510672520953	-0.1549503959428515	0.1563184404740114	-0.15342486632563287	0.15510976399343862	-0.13039204808509694	0.1628021547138127	-0.2858204313907753	0.2052188346808697	-0.3097121407556134	0.12713735073376795	-0.20282650455372736	0.9999999999999993	-0.7391146453817922	0.26780449154253333	-0.11568853472033258	0.13645979040963252	-0.26436468849941314	0.21629405723431355	-0.209640031073942	0.09194012847743668	-0.12321723216736857	0.18022724761922015	-0.14985145071568365	0.15949262236009912
-0.06783710274975231	0.06438265349786573	-0.06960144076766905	0.0713041585377279	-0.07624197175919731	0.05071108179645092	-0.06397650951647012	0.06530921836237089	-0.0795910461949315	0.08861101979377599	-0.06542032877230515	0.05605074926151725	-0.09170686740723027	0.08798100542498283	-0.06547767748932488	0.06916816913914774	-0.07672798091019814	0.1136573558841788	-0.11445296209918411	0.07832402997320022	-0.11330635257400129	0.12162816683287245	-0.13072996460892009	0.12787588406387726	-0.13703154207906135	0.10034284926645583	-0.13154252828424023	0.19441560191959747	-0.19661300258837297	0.26432817578433665	-0.100560212895012	0.13873740036866278	-0.7391146453817922	1.0000000000000002	-0.43754157721811265	0.09242706673969339	-0.1114147489678145	0.1935593965325124	-0.28118374941014684	0.19519502696628546	-0.0767917775385145	0.10128255939107801	-0.17064043786624558	0.14689380353133846	-0.16046363313292117
0.06904587333090526	-0.0671538557854035	0.0730664603018552	-0.07634091766148883	0.08124031740682436	-0.05162431258141071	0.06565806107897892	-0.0691711948161362	0.08460958610299739	-0.09795634592930515	0.06417164579618044	-0.05577813212612418	0.0965956149193091	-0.09651406020015975	0.07197211923684725	-0.06698499292861095	0.0737856238414759	-0.124849435784854	0.12216336428948767	-0.08914634137453616	0.10416925405475756	-0.12295198791313117	0.1355170506076421	-0.14941905366059194	0.15503720914592165	-0.09261677445678373	0.12198529566340492	-0.21670207898666516	0.2140689372771214	-0.7590065710090277	0.0834306693704198	-0.11616273682740913	0.26780449154253333	-0.43754157721811265	0.9999999999999978	-0.07662304752024908	0.0884718507981641	-0.1486738579155039	0.16968891567284883	-0.21585154642527402	0.06285973769816056	-0.08367044659616457	0.1344113817183832	-0.11431485446651643	0.14390728859415947
-0.05376927950836529	0.04853687156667126	-0.05035671143076064	0.05068577674131269	-0.05422250908511966	0.040577329895616236	-0.049593117008046486	0.04593344975426667	-0.05459672367201342	0.06015342080681363	-0.05767307881634387	0.047913567200418936	-0.062747513542172	0.056816270645430614	-0.042691601568252927	0.06503193750927522	-0.07103671796263623	0.06992925160090518	-0.06502635330944764	0.04996551616050212	-0.12002517096175831	0.09974414016445271	-0.07509518477972697	0.0650706666252049	-0.08506143441998791	0.1253362032954467	-0.12086769604450813	0.08553002622604342	-0.07274703662917452	0.07920739499848439	-0.1773052534923158	0.17612011047722445	-0.11568853472033258	0.09242706673969339	-0.07662304752024908	0.9999999999999993	-0.5841835278156092	0.2349471794064139	-0.14450402280121327	0.12061823964511334	-0.6438045233361094	0.3223872228289253	-0.23770133752600223	0.11876660630456644	-0.13342464312567892
0.05806934353163743	-0.05291872745205052	0.05498214874250271	-0.05568781613628301	0.059358980427854105	-0.0438922760275423	0.05374482930414187	-0.05033804014067065	0.05988875687745314	-0.06647445751187485	0.06170437400942333	-0.051581518401453745	0.06879878144918973	-0.06287732197418942	0.0470980795648736	-0.06985349331717776	0.07566927255446816	-0.07818591380030969	0.07228722199031376	-0.05532707354524869	0.1260239187109777	-0.11303543996964127	0.08395281638038976	-0.07342480363140666	0.09330482058045966	-0.13427350864499468	0.13566028611511363	-0.09867957226195594	0.08254040879568823	-0.09276886548886465	0.16378712869984327	-0.255806912299053	0.13645979040963252	-0.1114147489678145	0.0884718507981641	-0.5841835278156092	0.9999999999999992	-0.45891677106658696	0.16788321641658482	-0.14455555313258278	0.30125496690919584	-0.4894422315440188	0.24988448404247912	-0.13744682969256236	0.14444735938441344
-0.07688110718717282	0.07035291513150826	-0.07487390894718451	0.07579031846731413	-0.08249237757978804	0.057081278241917	-0.07100496134084751	0.06813833056189467	-0.08217355537239984	0.09167750456237196	-0.07672476081314336	0.06444638923439217	-0.09372936835076824	0.08620855295097088	-0.06567234555182892	0.08208526785094818	-0.09150377837130269	0.1045877091583426	-0.09982339848945825	0.07729437185740126	-0.14022873010994463	0.12785628948943842	-0.11164843701801866	0.10092169071613338	-0.13661536637562735	0.12630022458171047	-0.14430963368385788	0.136621894337106	-0.11993489896260233	0.1461908483100054	-0.1378034626943535	0.17604252811573876	-0.26436468849941314	0.1935593965325124	-0.1486738579155039	0.2349471794064139	-0.45891677106658696	0.9999999999999984	-0.4138593279576816	0.25526644749897015	-0.21717349640645678	0.25905178889423364	-0.5428963611092792	0.26427296040484366	-0.29289686777608637
0.05962482789624187	-0.056066931448476895	0.06010414999621944	-0.061969883103709676	0.06691306281538655	-0.04433378162387012	0.055610654676358506	-0.055253360124540865	0.06697471644265637	-0.07664087107554464	0.05737542152415101	-0.04898441018153548	0.07607654484543967	-0.07217539956931697	0.054672064623886005	-0.06104249729433882	0.06715767037049522	-0.08898217322592988	0.0846347982883971	-0.06530871475366766	0.09900238278495788	-0.10095401245683205	0.09380155285524454	-0.08978269780604205	0.11324541522887445	-0.09186898845555343	0.10520893536913686	-0.1251077258418353	0.11128062332090255	-0.1642692011636471	0.09027682930978226	-0.12236466572294692	0.21629405723431355	-0.28118374941014684	0.16968891567284883	-0.14450402280121327	0.16788321641658482	-0.4138593279576816	0.9999999999999992	-0.5590219727834913	0.11732352728773364	-0.17124100738239734	0.2957102056883175	-0.5276251513210164	0.3208283602620696
-0.06380131875176229	0.05947349213838158	-0.06425711900279223	0.06566825709524848	-0.0717917457202328	0.04709060198368658	-0.05927646842314897	0.05872108513211219	-0.07150943618630931	0.08099547962345509	-0.06065794574930571	0.05161312930487978	-0.08114319644202973	0.07619746885814598	-0.05848451220277963	0.06334390897801055	-0.07062463604330342	0.0922038300212418	-0.08966913580130692	0.06952420826705437	-0.10223547890271427	0.10157418811936546	-0.09770999302271853	0.09248144636654171	-0.12645501937256048	0.09002143259479582	-0.10644513488577487	0.12448869195572689	-0.1162905047180008	0.16928282754909363	-0.08737392369965494	0.11509996066813007	-0.209640031073942	0.19519502696628546	-0.21585154642527402	0.12061823964511334	-0.14455555313258278	0.25526644749897015	-0.5590219727834913	0.9999999999999988	-0.10734617423594031	0.14541135152370524	-0.31932609885694574	0.31511275951188555	-0.6373671827281236
0.041973691541139745	-0.038320346197302076	0.0399053863655857	-0.04051233807299174	0.04331106030322043	-0.03164575594545432	0.03881586068936024	-0.03643596780886704	0.04341216069772765	-0.048471663085246294	0.044119728573169543	-0.03695248605601682	0.049709370682534004	-0.04549794344282631	0.0342098878543409	-0.04978078885203194	0.05381008738287252	-0.05604269020934749	0.051763090729412695	-0.04021404705094753	0.08844587497130632	-0.07838162571845494	0.05936666714227362	-0.052267229709063945	0.06806600340571331	-0.09617552815902455	0.08993616962081977	-0.06909346890803275	0.05828968796561386	-0.06621643073929999	0.11325193742369098	-0.13379105450118106	0.09194012847743668	-0.0767917775385145	0.06285973769816056	-0.6438045233361094	0.30125496690919584	-0.21717349640645678	0.11732352728773364	-0.10734617423594031	0.9999999999999987	-0.6533472427249917	0.20088452572169266	-0.10583138697723636	0.10861992135367562
-0.05458470201205384	0.04946662346030259	-0.05176814379378109	0.05225598901243166	-0.056286279737043164	0.04091169053955252	-0.050308751681429245	0.04710516697884236	-0.056269257087622856	0.0624430533427711	-0.057000127560789655	0.04749485410780802	-0.06440513220817354	0.058623357146969556	-0.044307888586003354	0.06277480416041153	-0.06939101137706992	0.07145964424448692	-0.0668602873836507	0.051968523432966776	-0.11214078983163603	0.09621881283389652	-0.07600074905265863	0.06689569422364672	-0.08948381351707205	0.10666200064654481	-0.11347534478728785	0.08795180108837157	-0.07559935385110443	0.08609589320517402	-0.127137718367562	0.1535577933614352	-0.12321723216736857	0.10128255939107801	-0.08367044659616457	0.3223872228289253	-0.4894422315440188	0.25905178889423364	-0.17124100738239734	0.14541135152370524	-0.6533472427249917	0.9999999999999983	-0.37364244718162987	0.155724647821679	-0.16454605572144804
0.06877447659982638	-0.06442661069464613	0.06852225218709479	-0.07086504248608072	0.07648147711457728	-0.05121422030626755	0.06390441716137846	-0.06253824053756374	0.0754593085665751	-0.08715713716868928	0.06694382843986237	-0.05702879972002999	0.08536172952544618	-0.08038552466005054	0.061089366897981424	-0.0722461086226501	0.07876199052120599	-0.09761301026777192	0.0906382124005485	-0.07271482338124785	0.11806443300267329	-0.11710644608646073	0.10027711080559451	-0.09336097729584937	0.1243241529714218	-0.11470797523648782	0.12227695182950274	-0.12565603427628416	0.1074245599352224	-0.14380900698961874	0.11472832441523778	-0.15382765000258644	0.18022724761922015	-0.17064043786624558	0.1344113817183832	-0.23770133752600223	0.24988448404247912	-0.5428963611092792	0.2957102056883175	-0.31932609885694574	0.20088452572169266	-0.37364244718162987	0.9999999999999984	-0.5045615892061717	0.28047681515924994
