1.0000000000000002	-0.7236960603982406	0.14955569244590405	-0.10125985671644804	0.045620421914515236	-0.5122604316574131	0.3132110955748053	-0.1457039117286604	0.09742866554560202	-0.039137581489366066	0.24789722729733193	-0.23420222241818905	0.13476416097365657	-0.09959967701066191	0.11327040025668399	-0.058570301607954865	0.08710151493529736	-0.09860266594538296	0.09366613567976569	-0.10176916634072018	0.05268645559831008	-0.075447652339749	0.07697470846656394	-0.0902276746619073	0.06672885646248523	-0.04312487263679886	0.05347371862672348	-0.05077120415734053	0.0655520306866715	-0.06432314318727603	0.04092883581521616	-0.038623842951866404	0.051139338429932235	-0.05084131343538682	0.05352187787233892
-0.7236960603982406	1.0	-0.1895704382516393	0.1078696410356623	-0.04394501656896095	0.30238018237373904	-0.5390697227529188	0.1699416269334593	-0.11126028683042664	0.037622740138923486	-0.250400142359718	0.19121848009758113	-0.1360112111555112	0.09568328245697993	-0.1087785297995637	0.05280074815223397	-0.08155062608966529	0.09184919622076584	-0.08977386028496152	0.09173685852842256	-0.04843344200715151	0.06907538340317157	-0.07204619658866346	0.0831818735029709	-0.061279998697707214	0.03943046488814541	-0.04931921706110297	0.04674708776376357	-0.060594966245801005	0.05850665929952226	-0.037643539597377804	0.03544784538149147	-0.047233922059695635	0.04650897123895873	-0.049217964798485295
0.14955569244590405	-0.1895704382516393	1.0	-0.4028588235380557	0.08232430539433154	-0.16845811045055367	0.23162258333168229	-0.7030513267259277	0.2830062715052983	-0.07260864272826587	0.1856415611492666	-0.24442499041217114	0.24569677021378022	-0.18806532857021233	0.1863151720757648	-0.08488672231819815	0.13361000772038895	-0.16961687817679758	0.15937906260943444	-0.16698041233438643	0.07675313251562053	-0.11965519799766165	0.12223416920092164	-0.15112129374272518	0.10772351811860215	-0.06671023401822379	0.08324607290816069	-0.08046292109290433	0.10514936948279673	-0.10414968879406492	0.06326619306761336	-0.060385689838589884	0.08013896571051037	-0.08195325487355626	0.08548437879766665
-0.10125985671644804	0.1078696410356623	-0.4028588235380557	1.0000000000000004	-0.09686338840945385	0.10445596611240185	-0.15899603214630031	0.27520941708927893	-0.8253859855069282	0.08022518930676376	-0.13712579526456425	0.15436039667060217	-0.1857214864150128	0.16221999910276408	-0.1715202818755846	0.05910110314507025	-0.09800359914706491	0.11532936551179977	-0.1395990209433387	0.12027506824879133	-0.05526823674721833	0.08491679952904767	-0.09192707489256731	0.11298679084239072	-0.08121444607751858	0.0483810511361599	-0.06177362530248354	0.059585645615289604	-0.07980032342253349	0.07595320293788747	-0.04668116013777242	0.044339454502417594	-0.059963234180095415	0.060417772447531264	-0.06423998164024744
0.045620421914515236	-0.04394501656896095	0.08232430539433154	-0.09686338840945385	1.0000000000000007	-0.045508265528760854	0.06064872968387188	-0.06903523246534089	0.08193720997326204	-0.9284669878188546	0.07037775135155086	-0.09084989926658259	0.09409044018163384	-0.12039107220977607	0.21412753415930766	-0.04414333440017216	0.06288650879099551	-0.07414953609561231	0.09676802719213522	-0.13922824097385716	0.040603958937755424	-0.06203070020662546	0.06605855023532255	-0.09518316352140702	0.07591832209956716	-0.03838014807808648	0.04850808434233998	-0.04796754023936946	0.06628588647890035	-0.07201284354847201	0.03685743647196035	-0.035501149901091766	0.04773958628723002	-0.05331814390059442	0.05599750015369108
-0.5122604316574131	0.30238018237373904	-0.16845811045055367	0.10445596611240185	-0.045508265528760854	1.0000000000000009	-0.5429650748546482	0.16460408588331085	-0.10583189583986825	0.03905341010086554	-0.5395251911824759	0.24573058326515768	-0.14702727143095143	0.10174682314511964	-0.11392616962865479	0.05911047524716403	-0.09076031252120512	0.10069066760870314	-0.09521548232139194	0.09811462187177153	-0.05366272828552145	0.07567850500603372	-0.0779630183485864	0.08927229492313435	-0.06527496478070255	0.04264930840052433	-0.05306860906155055	0.05022186973100991	-0.06469297646527408	0.06258724894800478	-0.04054445428344549	0.03814902202339576	-0.05063963869154165	0.04976467592145209	-0.05245463765976831
0.3132110955748053	-0.5390697227529188	0.23162258333168229	-0.15899603214630031	0.06064872968387188	-0.5429650748546482	1.0000000000000009	-0.32764906030412044	0.15327374640065305	-0.052428661866556155	0.2784550378036081	-0.29554607953573797	0.18839949801065103	-0.13728716960389828	0.1488092493616816	-0.07492020913263413	0.11438501917825117	-0.1331842289476153	0.12486086258309739	-0.13347101220868793	0.06738715357842806	-0.09913588482488356	0.10098455459710766	-0.1194830052199732	0.08724914086331076	-0.05592283383161788	0.06945304895635263	-0.06624265246097598	0.08569283830400429	-0.08417741540254552	0.0530370687206688	-0.05020355031887118	0.06649530949309607	-0.0665084592349208	0.0698103614304559
-0.1457039117286604	0.1699416269334593	-0.7030513267259277	0.27520941708927893	-0.06903523246534089	0.16460408588331085	-0.32764906030412044	0.9999999999999998	-0.38922908999677647	0.06052441710933094	-0.1832573859801075	0.21359869626277278	-0.3371731785501395	0.1759981507339454	-0.1659581395189392	0.06955495767458425	-0.12370227884145948	0.15342908583172424	-0.1467924345557926	0.13206205251117692	-0.06395118355678227	0.10199992369361006	-0.1070800937402788	0.12649209769232145	-0.08801879032757347	0.05471076413096476	-0.06916045312487075	0.06674910185843609	-0.08739198090261546	0.08385723644638834	-0.05217464176227603	0.04970928290127065	-0.06654048621651272	0.0667865318180718	-0.06996048778532991
0.09742866554560202	-0.11126028683042664	0.2830062715052983	-0.8253859855069282	0.08193720997326204	-0.10583189583986825	0.15327374640065305	-0.38922908999677647	1.0000000000000002	-0.07414081756257211	0.12948531203198865	-0.16099236888804216	0.18371678633835742	-0.19043135529169086	0.15862755256185496	-0.059422309071395	0.09708168162836311	-0.11967209935994844	0.1372431450167349	-0.12317537805003011	0.05465842452902638	-0.0862025190498149	0.09092170981157888	-0.11637690061272908	0.08081981764594656	-0.04819179857224587	0.06099591428667398	-0.05933991006336779	0.07911272334740603	-0.07681070232557169	0.04609486056349883	-0.044051393389467994	0.059108588255039354	-0.06075588621763654	0.06366906732338438
-0.039137581489366066	0.037622740138923486	-0.07260864272826587	0.08022518930676376	-0.9284669878188546	0.03905341010086554	-0.052428661866556155	0.06052441710933094	-0.07414081756257211	1.0000000000000007	-0.06053434513932679	0.07715993893943712	-0.08546443144150181	0.11081092095964595	-0.2818162942587132	0.03701383329878141	-0.05461784084127761	0.0642056949039037	-0.08949790762998003	0.11430868115397264	-0.03425258654285918	0.05289983144965527	-0.057029339299350446	0.081217737299046	-0.06448629533055897	0.03232958127550113	-0.0411342286043041	0.040660686317264425	-0.05649495212353628	0.05987032180348051	-0.031162528559918003	0.029979793847692997	-0.040540089993993174	0.04476609857019099	-0.047358675398174344
0.24789722729733193	-0.250400142359718	0.1856415611492666	-0.13712579526456425	0.07037775135155086	-0.5395251911824759	0.2784550378036081	-0.1832573859801075	0.12948531203198865	-0.06053434513932679	1.0000000000000009	-0.5920804977070404	0.22518438520846193	-0.16155552221976377	0.1781017247656893	-0.10319238333761505	0.15242715570896095	-0.16871055552191855	0.15047896720954324	-0.16170114689497755	0.09038241975616026	-0.12785170256639672	0.1273564694472108	-0.14634243083146792	0.106282661238224	-0.07065495441552239	0.08702766642781962	-0.08234745152932435	0.1052032797289773	-0.10278502395117524	0.0666338324754709	-0.0627523376792795	0.08267551146491378	-0.08154312019599394	0.08537244559681414
-0.23420222241818905	0.19121848009758113	-0.24442499041217114	0.15436039667060217	-0.09084989926658259	0.24573058326515768	-0.29554607953573797	0.21359869626277278	-0.16099236888804216	0.07715993893943712	-0.5920804977070404	1.0000000000000022	-0.45278619368420964	0.21787123418081863	-0.24507347117955025	0.11310207716398242	-0.2637852435895494	0.23423612300950375	-0.21146110378665844	0.17903457600068193	-0.10793425931895897	0.16823857800456238	-0.17978144344218966	0.1794243639612295	-0.12765863587417484	0.08507895270758646	-0.10922137857643394	0.10261061483750543	-0.13114035864082393	0.11926504917023004	-0.08198428751738635	0.07689392915963382	-0.10390382821217449	0.09720098822075723	-0.103589442808663
0.13476416097365657	-0.1360112111555112	0.24569677021378022	-0.1857214864150128	0.09409044018163384	-0.14702727143095143	0.18839949801065103	-0.3371731785501395	0.18371678633835742	-0.08546443144150181	0.22518438520846193	-0.45278619368420964	1.0000000000000009	-0.4628414492099271	0.25838783717176406	-0.11457647930250552	0.2425355317426413	-0.42628064790440656	0.26148020360334073	-0.2123165741765501	0.10365122494357155	-0.19278333528447686	0.1919903702026469	-0.2279384135034383	0.14136110800045884	-0.08910205615369678	0.1128866988308769	-0.1110677863099971	0.14328913654199238	-0.13603717549127736	0.08396658824765345	-0.0810511311745174	0.10799604539160085	-0.10948825760839899	0.11190147949819723
-0.09959967701066191	0.09568328245697993	-0.18806532857021233	0.16221999910276408	-0.12039107220977607	0.10174682314511964	-0.13728716960389828	0.1759981507339454	-0.19043135529169086	0.11081092095964595	-0.16155552221976377	0.21787123418081863	-0.4628414492099271	1.000000000000001	-0.48835973985287234	0.09161691615013141	-0.17322746698053726	0.21395799943721555	-0.5798751887300432	0.2196705726389327	-0.0857258002382919	0.15122258963777988	-0.1714690688496227	0.25058295943221404	-0.15116391423772105	0.08024553133431923	-0.10483880976234432	0.10575843606525266	-0.15190347208243418	0.13715125135961004	-0.077371542458292	0.07509061432515403	-0.10336692716632195	0.11029474965868954	-0.11508852371919591
0.11327040025668399	-0.1087785297995637	0.1863151720757648	-0.1715202818755846	0.21412753415930766	-0.11392616962865479	0.1488092493616816	-0.1659581395189392	0.15862755256185496	-0.2818162942587132	0.1781017247656893	-0.24507347117955025	0.25838783717176406	-0.48835973985287234	0.9999999999999999	-0.1156821348522968	0.16914405404236688	-0.20650452550379755	0.2784325806279746	-0.4104802991739243	0.10582687836391262	-0.1690982060956169	0.17847294960845675	-0.2730559716285902	0.2089001060940737	-0.10128456247115193	0.1282579970645661	-0.12845801547465416	0.17890490443615148	-0.19540027970231472	0.09693050130673439	-0.09396417946877073	0.12643771237303095	-0.1441501305296824	0.15017286038264113
-0.058570301607954865	0.05280074815223397	-0.08488672231819815	0.05910110314507025	-0.04414333440017216	0.05911047524716403	-0.07492020913263413	0.06955495767458425	-0.059422309071395	0.03701383329878141	-0.10319238333761505	0.11310207716398242	-0.11457647930250552	0.09161691615013141	-0.1156821348522968	1.0000000000000009	-0.17126916005172613	0.13336735849299447	-0.10675009856784977	0.11198463640290453	-0.9028625184213508	0.13036059819801699	-0.12877634117243347	0.11419735512890761	-0.08442381238343531	0.19752489060762116	-0.18083078179483603	0.11542591891915019	-0.10492995840774753	0.08678970310663513	-0.172150428049534	0.12027469534470359	-0.13385526859107716	0.077105926501868	-0.07733621853796314
0.08710151493529736	-0.08155062608966529	0.13361000772038895	-0.09800359914706491	0.06288650879099551	-0.09076031252120512	0.11438501917825117	-0.12370227884145948	0.09708168162836311	-0.05461784084127761	0.15242715570896095	-0.2637852435895494	0.2425355317426413	-0.17322746698053726	0.16914405404236688	-0.17126916005172613	1.0000000000000009	-0.6861944418252628	0.18867026223108957	-0.1592816746113535	0.1386830170280607	-0.49650133961520115	0.2765782240852723	-0.20247670104051785	0.11598222845953488	-0.09904849075551195	0.12576390966331508	-0.11890692218285738	0.13047381081296588	-0.11419170102619808	0.08908813528275825	-0.08636692739884448	0.1111527650822598	-0.0967008159072316	0.09615501481737404
-0.09860266594538296	0.09184919622076584	-0.16961687817679758	0.11532936551179977	-0.07414953609561231	0.10069066760870314	-0.1331842289476153	0.15342908583172424	-0.11967209935994844	0.0642056949039037	-0.16871055552191855	0.23423612300950375	-0.42628064790440656	0.21395799943721555	-0.20650452550379755	0.13336735849299447	-0.6861944418252628	1.0000000000000007	-0.26255293068661056	0.16931891754212233	-0.12889733834983363	0.2742592469088235	-0.3235430429284491	0.21108259039273142	-0.1274271121181217	0.09735108514964573	-0.12907290211010988	0.12330981853824761	-0.1429787728546188	0.12102575731065401	-0.09224822209018746	0.08806040464170334	-0.11972560414420284	0.10249171368167583	-0.10510297119705947
0.09366613567976569	-0.08977386028496152	0.15937906260943444	-0.1395990209433387	0.09676802719213522	-0.09521548232139194	0.12486086258309739	-0.1467924345557926	0.1372431450167349	-0.08949790762998003	0.15047896720954324	-0.21146110378665844	0.26148020360334073	-0.5798751887300432	0.2784325806279746	-0.10675009856784977	0.18867026223108957	-0.26255293068661056	1.0000000000000013	-0.2842924562264743	0.0979710759266589	-0.19948456750199856	0.21640773862761023	-0.5403794778534061	0.19263372395557118	-0.09871259372171116	0.12831893063395347	-0.13795262242330839	0.20292939748912017	-0.18416637554370574	0.09358428528567153	-0.09342024697064978	0.12750153218528842	-0.15174032701319748	0.14574298655405302
-0.10176916634072018	0.09173685852842256	-0.16698041233438643	0.12027506824879133	-0.13922824097385716	0.09811462187177153	-0.13347101220868793	0.13206205251117692	-0.12317537805003011	0.11430868115397264	-0.16170114689497755	0.17903457600068193	-0.2123165741765501	0.2196705726389327	-0.4104802991739243	0.11198463640290453	-0.1592816746113535	0.16931891754212233	-0.2842924562264743	0.9999999999999991	-0.1111630989321448	0.15789710617474284	-0.19062611416407102	0.26278781686384955	-0.6142525258384711	0.12010045876789814	-0.16704747337919945	0.16346263236607803	-0.26506993538017076	0.28835655536787846	-0.125393512285066	0.11803237378051262	-0.17408218253230867	0.1939749549542783	-0.26301222451260015
0.05268645559831008	-0.04843344200715151	0.07675313251562053	-0.05526823674721833	0.040603958937755424	-0.05366272828552145	0.06738715357842806	-0.06395118355678227	0.05465842452902638	-0.03425258654285918	0.09038241975616026	-0.10793425931895897	0.10365122494357155	-0.0857258002382919	0.10582687836391262	-0.9028625184213508	0.1386830170280607	-0.12889733834983363	0.0979710759266589	-0.1111630989321448	0.9999999999999992	-0.12964956943901368	0.11702917681783417	-0.11002941176965088	0.08011018715496115	-0.26112469680983585	0.16415662119197452	-0.11045316833072558	0.09750145125692088	-0.08449337254174	0.15680212708677657	-0.118690956554758	0.1200202141230985	-0.07408422435553255	0.07236859260841338
-0.075447652339749	0.06907538340317157	-0.11965519799766165	0.08491679952904767	-0.06203070020662546	0.07567850500603372	-0.09913588482488356	0.10199992369361006	-0.0862025190498149	0.05289983144965527	-0.12785170256639672	0.16823857800456238	-0.19278333528447686	0.15122258963777988	-0.1690982060956169	0.13036059819801699	-0.49650133961520115	0.2742592469088235	-0.19948456750199856	0.15789710617474284	-0.12964956943901368	0.9999999999999998	-0.7081762439469977	0.23167083776656924	-0.13024405827077437	0.12057949422961983	-0.18527941821940058	0.16504424101947443	-0.16369815545178365	0.12545968925414894	-0.11020348554950563	0.11133635986012463	-0.15093723168023326	0.1114024029443744	-0.11150543669285115
0.07697470846656394	-0.07204619658866346	0.12223416920092164	-0.09192707489256731	0.06605855023532255	-0.0779630183485864	0.10098455459710766	-0.1070800937402788	0.09092170981157888	-0.057029339299350446	0.1273564694472108	-0.17978144344218966	0.1919903702026469	-0.1714690688496227	0.17847294960845675	-0.12877634117243347	0.2765782240852723	-0.3235430429284491	0.21640773862761023	-0.19062611416407102	0.11702917681783417	-0.7081762439469977	1.0000000000000007	-0.39479768037879	0.15176264746355186	-0.12775257006510576	0.17389925167249584	-0.22715494078404497	0.19292324397944635	-0.15322984780790444	0.11448945308442324	-0.12241667179687388	0.16434799815345383	-0.13656331652078119	0.1278245191692815
-0.0902276746619073	0.0831818735029709	-0.15112129374272518	0.11298679084239072	-0.09518316352140702	0.08927229492313435	-0.1194830052199732	0.12649209769232145	-0.11637690061272908	0.081217737299046	-0.14634243083146792	0.1794243639612295	-0.2279384135034383	0.25058295943221404	-0.2730559716285902	0.11419735512890761	-0.20247670104051785	0.21108259039273142	-0.5403794778534061	0.26278781686384955	-0.11002941176965088	0.23167083776656924	-0.39479768037879	1.000000000000001	-0.2991535376437999	0.12334937064655264	-0.17521383651193845	0.19661747032952429	-0.40706375619495644	0.231650818147953	-0.121817916819769	0.12241705844986449	-0.1823735752084966	0.2044251550700038	-0.210007206375521
0.06672885646248523	-0.061279998697707214	0.10772351811860215	-0.08121444607751858	0.07591832209956716	-0.06527496478070255	0.08724914086331076	-0.08801879032757347	0.08081981764594656	-0.06448629533055897	0.106282661238224	-0.12765863587417484	0.14136110800045884	-0.15116391423772105	0.2089001060940737	-0.08442381238343531	0.11598222845953488	-0.1274271121181217	0.19263372395557118	-0.6142525258384711	0.08011018715496115	-0.13024405827077437	0.15176264746355186	-0.2991535376437999	1.0000000000000002	-0.09344335855755097	0.12588666708991664	-0.1380750480864924	0.23153396699397857	-0.6002823714225848	0.09258364376881585	-0.09237722692858222	0.13195090728540776	-0.2041607334481979	0.23714396486849948
-0.04312487263679886	0.03943046488814541	-0.06671023401822379	0.0483810511361599	-0.03838014807808648	0.04264930840052433	-0.05592283383161788	0.05471076413096476	-0.04819179857224587	0.03232958127550113	-0.07065495441552239	0.08507895270758646	-0.08910205615369678	0.08024553133431923	-0.10128456247115193	0.19752489060762116	-0.09904849075551195	0.09735108514964573	-0.09871259372171116	0.12010045876789814	-0.26112469680983585	0.12057949422961983	-0.12775257006510576	0.12334937064655264	-0.09344335855755097	0.9999999999999998	-0.5675141117432573	0.22749375548730158	-0.1475262547283364	0.1084766954135247	-0.6342464544434515	0.29882033087475207	-0.27566374332263777	0.10595329298035745	-0.09619513542186374
0.05347371862672348	-0.04931921706110297	0.08324607290816069	-0.06177362530248354	0.04850808434233998	-0.05306860906155055	0.06945304895635263	-0.06916045312487075	0.06099591428667398	-0.0411342286043041	0.08702766642781962	-0.10922137857643394	0.1128866988308769	-0.10483880976234432	0.1282579970645661	-0.18083078179483603	0.12576390966331508	-0.12907290211010988	0.12831893063395347	-0.16704747337919945	0.16415662119197452	-0.18527941821940058	0.17389925167249584	-0.17521383651193845	0.12588666708991664	-0.5675141117432573	0.9999999999999996	-0.4755779291030906	0.20453190445593772	-0.15725970346772106	0.3019057604210964	-0.44074493580994156	0.3009885707222454	-0.15667774892472638	0.12913112933589047
-0.05077120415734053	0.04674708776376357	-0.08046292109290433	0.059585645615289604	-0.04796754023936946	0.05022186973100991	-0.06624265246097598	0.06674910185843609	-0.05933991006336779	0.040660686317264425	-0.08234745152932435	0.10261061483750543	-0.1110677863099971	0.10575843606525266	-0.12845801547465416	0.11542591891915019	-0.11890692218285738	0.12330981853824761	-0.13795262242330839	0.16346263236607803	-0.11045316833072558	0.16504424101947443	-0.22715494078404497	0.19661747032952429	-0.1380750480864924	0.22749375548730158	-0.4755779291030906	0.9999999999999996	-0.39984397978455893	0.17211623778291757	-0.2308360371188357	0.2675660355078314	-0.6269590362352706	0.1898443680366049	-0.15850789253234351
0.0655520306866715	-0.060594966245801005	0.10514936948279673	-0.07980032342253349	0.06628588647890035	-0.06469297646527408	0.08569283830400429	-0.08739198090261546	0.07911272334740603	-0.05649495212353628	0.1052032797289773	-0.13114035864082393	0.14328913654199238	-0.15190347208243418	0.17890490443615148	-0.10492995840774753	0.13047381081296588	-0.1429787728546188	0.20292939748912017	-0.26506993538017076	0.09750145125692088	-0.16369815545178365	0.19292324397944635	-0.40706375619495644	0.23153396699397857	-0.1475262547283364	0.20453190445593772	-0.39984397978455893	0.9999999999999999	-0.379881386994065	0.13853280269061916	-0.15663687804058726	0.22949491564203348	-0.5355622518766583	0.29005686724769597
-0.06432314318727603	0.05850665929952226	-0.10414968879406492	0.07595320293788747	-0.07201284354847201	0.06258724894800478	-0.08417741540254552	0.08385723644638834	-0.07681070232557169	0.05987032180348051	-0.10278502395117524	0.11926504917023004	-0.13603717549127736	0.13715125135961004	-0.19540027970231472	0.08678970310663513	-0.11419170102619808	0.12102575731065401	-0.18416637554370574	0.28835655536787846	-0.08449337254174	0.12545968925414894	-0.15322984780790444	0.231650818147953	-0.6002823714225848	0.1084766954135247	-0.15725970346772106	0.17211623778291757	-0.379881386994065	1.0000000000000002	-0.11286541353389717	0.11151906010075485	-0.1731418755991315	0.2748850784923428	-0.506680049890876
0.04092883581521616	-0.037643539597377804	0.06326619306761336	-0.04668116013777242	0.03685743647196035	-0.04054445428344549	0.0530370687206688	-0.05217464176227603	0.04609486056349883	-0.031162528559918003	0.0666338324754709	-0.08198428751738635	0.08396658824765345	-0.077371542458292	0.09693050130673439	-0.172150428049534	0.08908813528275825	-0.09224822209018746	0.09358428528567153	-0.125393512285066	0.15680212708677657	-0.11020348554950563	0.11448945308442324	-0.121817916819769	0.09258364376881585	-0.6342464544434515	0.3019057604210964	-0.2308360371188357	0.13853280269061916	-0.11286541353389717	1.0000000000000002	-0.6105946834163989	0.2549540797240195	-0.10896232175753426	0.09364444695410215
-0.038623842951866404	0.03544784538149147	-0.060385689838589884	0.044339454502417594	-0.035501149901091766	0.03814902202339576	-0.05020355031887118	0.04970928290127065	-0.044051393389467994	0.029979793847692997	-0.0627523376792795	0.07689392915963382	-0.0810511311745174	0.07509061432515403	-0.09396417946877073	0.12027469534470359	-0.08636692739884448	0.08806040464170334	-0.09342024697064978	0.11803237378051262	-0.118690956554758	0.11133635986012463	-0.12241667179687388	0.12241705844986449	-0.09237722692858222	0.29882033087475207	-0.44074493580994156	0.2675660355078314	-0.15663687804058726	0.11151906010075485	-0.6105946834163989	1.0000000000000007	-0.5370607213840289	0.11327095430169987	-0.09874086943210479
0.051139338429932235	-0.047233922059695635	0.08013896571051037	-0.059963234180095415	0.04773958628723002	-0.05063963869154165	0.06649530949309607	-0.06654048621651272	0.059108588255039354	-0.040540089993993174	0.08267551146491378	-0.10390382821217449	0.10799604539160085	-0.10336692716632195	0.12643771237303095	-0.13385526859107716	0.1111527650822598	-0.11972560414420284	0.12750153218528842	-0.17408218253230867	0.1200202141230985	-0.15093723168023326	0.16434799815345383	-0.1823735752084966	0.13195090728540776	-0.27566374332263777	0.3009885707222454	-0.6269590362352706	0.22949491564203348	-0.1731418755991315	0.2549540797240195	-0.5370607213840289	1.0000000000000004	-0.18676961268200953	0.1424486364247535
-0.05084131343538682	0.04650897123895873	-0.08195325487355626	0.060417772447531264	-0.05331814390059442	0.04976467592145209	-0.0665084592349208	0.0667865318180718	-0.06075588621763654	0.04476609857019099	-0.08154312019599394	0.09720098822075723	-0.10948825760839899	0.11029474965868954	-0.1441501305296824	0.077105926501868	-0.0967008159072316	0.10249171368167583	-0.15174032701319748	0.1939749549542783	-0.07408422435553255	0.1114024029443744	-0.13656331652078119	0.2044251550700038	-0.2041607334481979	0.10595329298035745	-0.15667774892472638	0.1898443680366049	-0.5355622518766583	0.2748850784923428	-0.10896232175753426	0.11327095430169987	-0.18676961268200953	1.0000000000000009	-0.7024018913046122
0.05352187787233892	-0.049217964798485295	0.08548437879766665	-0.06423998164024744	0.05599750015369108	-0.05245463765976831	0.0698103614304559	-0.06996048778532991	0.06366906732338438	-0.047358675398174344	0.08537244559681414	-0.103589442808663	0.11190147949819723	-0.11508852371919591	0.15017286038264113	-0.07733621853796314	0.09615501481737404	-0.10510297119705947	0.14574298655405302	-0.26301222451260015	0.07236859260841338	-0.11150543669285115	0.1278245191692815	-0.210007206375521	0.23714396486849948	-0.09619513542186374	0.12913112933589047	-0.15850789253234351	0.29005686724769597	-0.506680049890876	0.09364444695410215	-0.09874086943210479	0.1424486364247535	-0.7024018913046122	1.000000000000001
