1.0	-0.6421094268074212	0.14053656557829208	-0.05513063180745804	0.04209159849819359	-0.6546355786265055	0.32998774956399657	-0.1550463550109032	0.043683127806795945	-0.034026062434750225	0.12518468518532072	-0.1253025962572535	0.0861529466229651	-0.06109727263323614	0.04197617816688821	-0.07278288320425096	0.06907167343853227	-0.07762284753635625	0.06363038357086377	-0.041531078707041466	0.06390514257176202	-0.06717693589949524	0.049168623122867065	-0.05544290453560058	0.042149247567973086	-0.04555695765315009	0.04150766039815245	-0.045684911444331906	0.034005203660240464	-0.03990434319508951
-0.6421094268074212	1.0000000000000002	-0.22324606706259967	0.06056116029793622	-0.04576386022133119	0.3224064975627763	-0.6357644967565514	0.1774121703641154	-0.04872268111692226	0.03607648641785457	-0.11123238097103336	0.11506290509144267	-0.08429912551614918	0.05636916634047361	-0.039075208481668205	0.062054230155368977	-0.06222750104238994	0.06725907738089744	-0.059176190116582275	0.0378992490162101	-0.05720427960968724	0.058180343499830145	-0.04347003136779011	0.048926742872107166	-0.0378989939608442	0.03947563210600684	-0.03667124329190209	0.040047918873539645	-0.030145778912179094	0.03527568525649204
0.14053656557829208	-0.22324606706259967	1.0000000000000007	-0.1985910700284855	0.11496057559031582	-0.11875384963914219	0.15593676471158427	-0.9133967334554886	0.1414081957326698	-0.09263935334626781	0.0652914075524934	-0.07404668462922218	0.0932043439447491	-0.06626465575139931	0.04643181345670669	-0.045701659662238395	0.05003687735105816	-0.06335543832115048	0.059710912393202135	-0.045046749970339826	0.04344735493143521	-0.05149501817362115	0.04083162596194854	-0.04886145869383988	0.03889118860708936	-0.03486331033851698	0.03205790669967842	-0.03970933198494582	0.0297766556129238	-0.036550807066889825
-0.05513063180745804	0.06056116029793622	-0.1985910700284855	1.0000000000000009	-0.5660564370926282	0.050179221573853974	-0.06223156746202171	0.16812328252856434	-0.7133027061149156	0.32091742269708884	-0.048512706959080026	0.05066009023359596	-0.07600335300594326	0.07077592311161461	-0.07395010014532538	0.03787036479116296	-0.04588688512101083	0.05832192352328813	-0.0689831726553173	0.06598772289377014	-0.03887874280791722	0.04831663959274489	-0.04163401357499512	0.05092093572857741	-0.047900433951382715	0.033641484323877736	-0.03192065552398239	0.04292592639451133	-0.03312292189227617	0.04290330045215213
0.04209159849819359	-0.04576386022133119	0.11496057559031582	-0.5660564370926282	1.000000000000001	-0.04229541525714311	0.04833762314260992	-0.13105931687487046	0.32670295918727654	-0.7305603961912764	0.047316988549525735	-0.050063221361070095	0.07337918621123413	-0.07296224002445298	0.09736934180781324	-0.03975739725109433	0.04874722394507038	-0.06491295822735428	0.07138220232451122	-0.09267182419721928	0.04096526050819276	-0.053557296045558075	0.04650304490482409	-0.057766861345257964	0.057179944953559415	-0.037672087981313745	0.035231676622381324	-0.05092752293317786	0.03875201273917185	-0.05289280398093383
-0.6546355786265055	0.3224064975627763	-0.11875384963914219	0.050179221573853974	-0.04229541525714311	1.0000000000000016	-0.6204423354474118	0.11858476902309419	-0.04146473997166434	0.03362168757107609	-0.21053380998836702	0.16687592320576156	-0.11238191394058401	0.07522591852145334	-0.05170260985420836	0.09807698560506359	-0.09249770438501236	0.09499416631991996	-0.08147393463450661	0.05023210509480077	-0.08843361083747972	0.08422249083237142	-0.06162043974270055	0.06802102903679182	-0.05228131222487689	0.05714375365225905	-0.053309971425493055	0.05579072016763982	-0.04205248575194371	0.048504443560177454
0.32998774956399657	-0.6357644967565514	0.15593676471158427	-0.06223156746202171	0.04833762314260992	-0.6204423354474118	1.0000000000000016	-0.17949719001375739	0.050022841631687534	-0.03930049673651164	0.16116306756440996	-0.19833255692428556	0.11364802501870148	-0.07826366553700746	0.05241285891496543	-0.0909129596942688	0.08754825657021734	-0.09634485278367035	0.08021055417081792	-0.051699352903379354	0.08050205212690675	-0.08323829412317651	0.06110835422619589	-0.0687927927409441	0.052240328812354915	-0.05619574577038254	0.051445948553777224	-0.05638072588613169	0.04208758722447019	-0.049254979453198934
-0.1550463550109032	0.1774121703641154	-0.9133967334554886	0.16812328252856434	-0.13105931687487046	0.11858476902309419	-0.17949719001375739	1.0000000000000024	-0.1691859140292715	0.09855585444117104	-0.07113901876011093	0.07879130735328278	-0.1114323080529164	0.07124208096868087	-0.05044638086614884	0.04834312321328715	-0.05349915779356839	0.0659485014514816	-0.06552816303786864	0.04785659750422778	-0.04651773268389841	0.05393095376547994	-0.04315175704148085	0.05144321529213029	-0.041471974891527506	0.03653755903364288	-0.03396168381184954	0.04160276818563669	-0.0314560020462299	0.03841750524509205
0.043683127806795945	-0.04872268111692226	0.1414081957326698	-0.7133027061149156	0.32670295918727654	-0.04146473997166434	0.050022841631687534	-0.1691859140292715	1.0000000000000013	-0.5808957661277943	0.04248136447386159	-0.045541631559646585	0.07003162998697313	-0.0747967738751691	0.07777066341172392	-0.03384641242417485	0.040830969626219384	-0.05323890048483327	0.06433477614668845	-0.07065101874934598	0.0345255422831869	-0.043889932308294737	0.03814475074209133	-0.04758769082194612	0.045076098717979095	-0.030316438494220957	0.028554600252568944	-0.04002714926817651	0.030761404069213887	-0.0408611687225645
-0.034026062434750225	0.03607648641785457	-0.09263935334626781	0.32091742269708884	-0.7305603961912764	0.03362168757107609	-0.03930049673651164	0.09855585444117104	-0.5808957661277943	1.000000000000003	-0.040681321792975476	0.042884648570265735	-0.06734214101802029	0.07071206514610567	-0.11175648136402803	0.033456829664280166	-0.041211550138126614	0.05381771893427173	-0.06631992664889574	0.08894352380707052	-0.034695802127448744	0.044751248017678456	-0.03982766536854035	0.04998120342627847	-0.05171175414020606	0.031228398481107093	-0.029608215001630404	0.043240336716762126	-0.0335170784516594	0.04590658699712214
0.12518468518532072	-0.11123238097103336	0.0652914075524934	-0.048512706959080026	0.047316988549525735	-0.21053380998836702	0.16116306756440996	-0.07113901876011093	0.04248136447386159	-0.040681321792975476	1.000000000000003	-0.7148081380684448	0.24710719638494943	-0.18143119110335526	0.11000792014518027	-0.42467217734704427	0.22971879396832193	-0.23904953422237663	0.173914598467923	-0.11180441546178814	0.23571738740031398	-0.2213217997056302	0.147706224951656	-0.1622046299889168	0.11652229115123892	-0.14436025947311615	0.12631454694847316	-0.132023046064215	0.09710418846544193	-0.11177623130266169
-0.1253025962572535	0.11506290509144267	-0.07404668462922218	0.05066009023359596	-0.050063221361070095	0.16687592320576156	-0.19833255692428556	0.07879130735328278	-0.045541631559646585	0.042884648570265735	-0.7148081380684448	1.0000000000000049	-0.4431331250996559	0.20163613508389708	-0.12249015298658839	0.23945709145804808	-0.24710923556069364	0.2126288080549392	-0.20422127450403832	0.11453998024963123	-0.22148343740069337	0.1888042909634099	-0.13973313940195145	0.1523336798411914	-0.11609384970600849	0.1232028644518191	-0.11767401896221374	0.12066300380486264	-0.09249896851007978	0.1049913025696933
0.0861529466229651	-0.08429912551614918	0.0932043439447491	-0.07600335300594326	0.07337918621123413	-0.11238191394058401	0.11364802501870148	-0.1114323080529164	0.07003162998697313	-0.06734214101802029	0.24710719638494943	-0.4431331250996559	1.000000000000003	-0.6065998866105037	0.20685297408202505	-0.19613734689959864	0.21399260188719696	-0.3194703709782619	0.29144186668987043	-0.21411048442729527	0.17757762518583092	-0.23275064203979032	0.1887688284589211	-0.24122242877176647	0.17075749196203327	-0.1494884843061295	0.13435641808401966	-0.18117539482686396	0.1339390829723238	-0.16566321199832187
-0.06109727263323614	0.05636916634047361	-0.06626465575139931	0.07077592311161461	-0.07296224002445298	0.07522591852145334	-0.07826366553700746	0.07124208096868087	-0.0747967738751691	0.07071206514610567	-0.18143119110335526	0.20163613508389708	-0.6065998866105037	1.000000000000003	-0.3603450643462494	0.1330964301872028	-0.16128020281537042	0.20949160053599897	-0.5582968086059816	0.23754262491044928	-0.13613168981912563	0.17041215153560382	-0.16220606155605574	0.2165070181348348	-0.17159738199202074	0.10946544272495098	-0.10538173860569743	0.1477583473692866	-0.11864208700796891	0.14506181571304091
0.04197617816688821	-0.039075208481668205	0.04643181345670669	-0.07395010014532538	0.09736934180781324	-0.05170260985420836	0.05241285891496543	-0.05044638086614884	0.07777066341172392	-0.11175648136402803	0.11000792014518027	-0.12249015298658839	0.20685297408202505	-0.3603450643462494	1.0000000000000036	-0.09778914267049979	0.12231338643481683	-0.16701206065881938	0.2329634619132258	-0.810436225934473	0.10249826177379025	-0.14114444120153447	0.13568268153831461	-0.18467473970299514	0.22740341971159855	-0.09713552905967249	0.09251559791562214	-0.16345815975956857	0.12774424855030989	-0.20252651079121095
-0.07278288320425096	0.062054230155368977	-0.045701659662238395	0.03787036479116296	-0.03975739725109433	0.09807698560506359	-0.0909129596942688	0.04834312321328715	-0.03384641242417485	0.033456829664280166	-0.42467217734704427	0.23945709145804808	-0.19613734689959864	0.1330964301872028	-0.09778914267049979	1.0000000000000038	-0.42790524374667754	0.2439257524877585	-0.17253948645993092	0.0936908067610817	-0.6715252866710956	0.27085637954375297	-0.1680053139218587	0.15453932077949323	-0.11604048418307679	0.1762635249562475	-0.16849228594206858	0.12957763195059036	-0.09914280033831106	0.10404240886284957
0.06907167343853227	-0.06222750104238994	0.05003687735105816	-0.04588688512101083	0.04874722394507038	-0.09249770438501236	0.08754825657021734	-0.05349915779356839	0.040830969626219384	-0.041211550138126614	0.22971879396832193	-0.24710923556069364	0.21399260188719696	-0.16128020281537042	0.12231338643481683	-0.42790524374667754	1.0000000000000044	-0.6242946143098522	0.21501145468170552	-0.12068233777829021	0.28617100996478156	-0.456979436335633	0.25272608542882485	-0.2275515509443577	0.15638670409573105	-0.19650464676855145	0.1800914857774244	-0.1868583126085651	0.1374798812067788	-0.14563802502858758
-0.07762284753635625	0.06725907738089744	-0.06335543832115048	0.05832192352328813	-0.06491295822735428	0.09499416631991996	-0.09634485278367035	0.0659485014514816	-0.05323890048483327	0.05381771893427173	-0.23904953422237663	0.2126288080549392	-0.3194703709782619	0.20949160053599897	-0.16701206065881938	0.2439257524877585	-0.6242946143098522	1.0000000000000007	-0.3345808613846108	0.1526168503057683	-0.27100625534582296	0.30504239473024936	-0.39700518896519255	0.26300488802488053	-0.20661829134022247	0.17719585960439693	-0.19352276821233352	0.20811936881940968	-0.1727428514542819	0.16841088405188648
0.06363038357086377	-0.059176190116582275	0.059710912393202135	-0.0689831726553173	0.07138220232451122	-0.08147393463450661	0.08021055417081792	-0.06552816303786864	0.06433477614668845	-0.06631992664889574	0.173914598467923	-0.20422127450403832	0.29144186668987043	-0.5582968086059816	0.2329634619132258	-0.17253948645993092	0.21501145468170552	-0.3345808613846108	1.0000000000000016	-0.2689356953525468	0.17518858229783618	-0.2699559624911065	0.25541971186711454	-0.47940082262308636	0.22552067286385072	-0.16043709380740123	0.14906025330872047	-0.23226547498651057	0.1780118843696223	-0.2136864477575794
-0.041531078707041466	0.0378992490162101	-0.045046749970339826	0.06598772289377014	-0.09267182419721928	0.05023210509480077	-0.051699352903379354	0.04785659750422778	-0.07065101874934598	0.08894352380707052	-0.11180441546178814	0.11453998024963123	-0.21411048442729527	0.23754262491044928	-0.810436225934473	0.0936908067610817	-0.12068233777829021	0.1526168503057683	-0.2689356953525468	1.000000000000004	-0.10167603941278493	0.132542843983572	-0.1359508656449398	0.18043854898656791	-0.35253640402407044	0.09085140229512682	-0.09067968034169234	0.1516909917880401	-0.13194033555539447	0.19551926086427895
0.06390514257176202	-0.05720427960968724	0.04344735493143521	-0.03887874280791722	0.04096526050819276	-0.08843361083747972	0.08050205212690675	-0.04651773268389841	0.0345255422831869	-0.034695802127448744	0.23571738740031398	-0.22148343740069337	0.17757762518583092	-0.13613168981912563	0.10249826177379025	-0.6715252866710956	0.28617100996478156	-0.27100625534582296	0.17518858229783618	-0.10167603941278493	1.0000000000000022	-0.4700389816617797	0.20307089910148854	-0.18860873771418635	0.1314904933085092	-0.29798280598051824	0.21616574351032855	-0.16094503379583913	0.11735915652169128	-0.12345607561778299
-0.06717693589949524	0.058180343499830145	-0.05149501817362115	0.04831663959274489	-0.053557296045558075	0.08422249083237142	-0.08323829412317651	0.05393095376547994	-0.043889932308294737	0.044751248017678456	-0.2213217997056302	0.1888042909634099	-0.23275064203979032	0.17041215153560382	-0.14114444120153447	0.27085637954375297	-0.456979436335633	0.30504239473024936	-0.2699559624911065	0.132542843983572	-0.4700389816617797	1.0000000000000027	-0.4809639451870821	0.2627679300461587	-0.19395276799776162	0.22668183679051523	-0.28446784770029165	0.2160367022800928	-0.17355874126588344	0.1619458365551865
0.049168623122867065	-0.04347003136779011	0.04083162596194854	-0.04163401357499512	0.04650304490482409	-0.06162043974270055	0.06110835422619589	-0.04315175704148085	0.03814475074209133	-0.03982766536854035	0.147706224951656	-0.13973313940195145	0.1887688284589211	-0.16220606155605574	0.13568268153831461	-0.1680053139218587	0.25272608542882485	-0.39700518896519255	0.25541971186711454	-0.1359508656449398	0.20307089910148854	-0.4809639451870821	1.000000000000002	-0.5814592415829608	0.22039037067154965	-0.15865535377127035	0.16947435492654847	-0.375839498928998	0.22490339651136942	-0.20437643635790959
-0.05544290453560058	0.048926742872107166	-0.04886145869383988	0.05092093572857741	-0.057766861345257964	0.06802102903679182	-0.0687927927409441	0.05144321529213029	-0.04758769082194612	0.04998120342627847	-0.1622046299889168	0.1523336798411914	-0.24122242877176647	0.2165070181348348	-0.18467473970299514	0.15453932077949323	-0.2275515509443577	0.26300488802488053	-0.47940082262308636	0.18043854898656791	-0.18860873771418635	0.2627679300461587	-0.5814592415829608	1.0000000000000024	-0.36312134257315426	0.14891925868644212	-0.16371375148852743	0.2679122971637529	-0.2840290773128845	0.23872196282122377
0.042149247567973086	-0.0378989939608442	0.03889118860708936	-0.047900433951382715	0.057179944953559415	-0.05228131222487689	0.052240328812354915	-0.041471974891527506	0.045076098717979095	-0.05171175414020606	0.11652229115123892	-0.11609384970600849	0.17075749196203327	-0.17159738199202074	0.22740341971159855	-0.11604048418307679	0.15638670409573105	-0.20661829134022247	0.22552067286385072	-0.35253640402407044	0.1314904933085092	-0.19395276799776162	0.22039037067154965	-0.36312134257315426	1.0000000000000027	-0.13741470043761894	0.136479848477204	-0.32995173759478813	0.27685528527922454	-0.678751957162348
-0.04555695765315009	0.03947563210600684	-0.03486331033851698	0.033641484323877736	-0.037672087981313745	0.05714375365225905	-0.05619574577038254	0.03653755903364288	-0.030316438494220957	0.031228398481107093	-0.14436025947311615	0.1232028644518191	-0.1494884843061295	0.10946544272495098	-0.09713552905967249	0.1762635249562475	-0.19650464676855145	0.17719585960439693	-0.16043709380740123	0.09085140229512682	-0.29798280598051824	0.22668183679051523	-0.15865535377127035	0.14891925868644212	-0.13741470043761894	1.0000000000000024	-0.8625195227621528	0.17279921626260097	-0.1333944434983026	0.11909114673333404
0.04150766039815245	-0.03667124329190209	0.03205790669967842	-0.03192065552398239	0.035231676622381324	-0.053309971425493055	0.051445948553777224	-0.03396168381184954	0.028554600252568944	-0.029608215001630404	0.12631454694847316	-0.11767401896221374	0.13435641808401966	-0.10538173860569743	0.09251559791562214	-0.16849228594206858	0.1800914857774244	-0.19352276821233352	0.14906025330872047	-0.09067968034169234	0.21616574351032855	-0.28446784770029165	0.16947435492654847	-0.16371375148852743	0.136479848477204	-0.8625195227621528	1.0000000000000022	-0.2293710135940668	0.14192498842551743	-0.1338866332365271
-0.045684911444331906	0.040047918873539645	-0.03970933198494582	0.04292592639451133	-0.05092752293317786	0.05579072016763982	-0.05638072588613169	0.04160276818563669	-0.04002714926817651	0.043240336716762126	-0.132023046064215	0.12066300380486264	-0.18117539482686396	0.1477583473692866	-0.16345815975956857	0.12957763195059036	-0.1868583126085651	0.20811936881940968	-0.23226547498651057	0.1516909917880401	-0.16094503379583913	0.2160367022800928	-0.375839498928998	0.2679122971637529	-0.32995173759478813	0.17279921626260097	-0.2293710135940668	1.0000000000000024	-0.699221405850266	0.28567348974972634
0.034005203660240464	-0.030145778912179094	0.0297766556129238	-0.03312292189227617	0.03875201273917185	-0.04205248575194371	0.04208758722447019	-0.0314560020462299	0.030761404069213887	-0.0335170784516594	0.09710418846544193	-0.09249896851007978	0.1339390829723238	-0.11864208700796891	0.12774424855030989	-0.09914280033831106	0.1374798812067788	-0.1727428514542819	0.1780118843696223	-0.13194033555539447	0.11735915652169128	-0.17355874126588344	0.22490339651136942	-0.2840290773128845	0.27685528527922454	-0.1333944434983026	0.14192498842551743	-0.699221405850266	1.0000000000000027	-0.5352399977606475
-0.03990434319508951	0.03527568525649204	-0.036550807066889825	0.04290330045215213	-0.05289280398093383	0.048504443560177454	-0.049254979453198934	0.03841750524509205	-0.0408611687225645	0.04590658699712214	-0.11177623130266169	0.1049913025696933	-0.16566321199832187	0.14506181571304091	-0.20252651079121095	0.10404240886284957	-0.14563802502858758	0.16841088405188648	-0.2136864477575794	0.19551926086427895	-0.12345607561778299	0.1619458365551865	-0.20437643635790959	0.23872196282122377	-0.678751957162348	0.11909114673333404	-0.1338866332365271	0.28567348974972634	-0.5352399977606475	1.0000000000000027
