1.0	-0.7419773442777655	0.29614818924187897	-0.13706959951454548	0.12402149947952329	-0.31669048862076776	0.21438020283265957	-0.24299998545355583	0.1304975049080187	-0.15941556485533354	0.21376777820197265	-0.1677440083450975	0.1321664744378276	-0.11026430123284182	0.10888717088906309	-0.19535802763584986	0.1602392513270747	-0.1257596505137171	0.10735600025579572	-0.09286636633663478	0.11377546852203052	-0.14142257531582866	0.11499897261940785	-0.15164593316846264	0.09837872477937205	-0.10496210830645446	0.10982798080244761	-0.11457665927616759	0.09943230122483071	-0.155441004758537	0.11856884271289643	-0.08835713786984772	0.09452725120883329	-0.09238754547061756	0.054586703487271813	-0.19910639190770724	0.07432328028855295	-0.07899811399782142	0.10011819640689992	-0.048958984073131054
-0.7419773442777655	1.0000000000000002	-0.5266421116700137	0.12438401425701714	-0.11472629738509257	0.18844569921460816	-0.19568158376072586	0.18555184704305325	-0.11071477013774689	0.1250381283389369	-0.1824362314334327	0.13026285200926496	-0.10379709709726356	0.08416649520269891	-0.08421432465131291	0.14045528573841426	-0.12860733937017652	0.09321970955958814	-0.08176929058098781	0.06989492617916081	-0.08420612138911421	0.10370291720710978	-0.08605802272949696	0.10913018879850216	-0.07136123617563278	0.07640780109860748	-0.08111191730153156	0.08290354858202256	-0.07235133098183495	0.11081827258883058	-0.08648965708495021	0.06390616470428485	-0.06875975576437918	0.06685450716153647	-0.039681320758426314	0.1399105227070997	-0.05344498241470774	0.05657470645396959	-0.0730607838959144	0.03546393127855087
0.29614818924187897	-0.5266421116700137	0.9999999999999999	-0.30355077371742245	0.22061932652990218	-0.16005426699617634	0.1726582812582423	-0.4181173727693144	0.2243503109230427	-0.2649493172642845	0.17378719065215276	-0.1461496355806331	0.2002499263641499	-0.1672266556388712	0.16181400897385406	-0.20750613377704483	0.16966327355078104	-0.17636118243176316	0.1561744287892242	-0.13644186565451882	0.13027617318220108	-0.16058488764383191	0.15968276328625908	-0.2138466049118871	0.13847035775356792	-0.12503569935643055	0.13262008057947597	-0.15098546789266432	0.13242657458525547	-0.21928213828429083	0.15000570211375197	-0.11364619850660104	0.12277999734175997	-0.12232611606867119	0.07268858932254521	-0.26221250328897144	0.09715891707739474	-0.1036197625125154	0.1322263261839426	-0.06526172040582905
-0.13706959951454548	0.12438401425701714	-0.30355077371742245	0.9999999999999999	-0.7297168890932927	0.071977596875009	-0.08549272416989617	0.22266547362231354	-0.4981355899072919	0.31448077088365606	-0.0866684890582233	0.06969947346733599	-0.1378268063511197	0.11719503331993775	-0.12073002814364887	0.09219304716817019	-0.08568696717466592	0.09712945898578632	-0.10348474328320961	0.08918504921787125	-0.06112943822316881	0.07445068101516777	-0.09065337196565837	0.10569431998486375	-0.07123579547634976	0.057940776892849086	-0.06344388149757026	0.0722487513906529	-0.06503356372528273	0.103873053772259	-0.0709982022792343	0.053191925143467836	-0.05888751285249927	0.05862424108444537	-0.03548419665052837	0.11145337972007306	-0.044874482422821584	0.04730368921616482	-0.06505660712512594	0.03146892663978294
0.12402149947952329	-0.11472629738509257	0.22061932652990218	-0.7297168890932927	1.0000000000000007	-0.07231948928954418	0.08670793373719568	-0.24412980170118176	0.3134518243321692	-0.5211862711474069	0.08868593293039469	-0.07328733642964132	0.14285362645261607	-0.12714993733249164	0.1343104939652173	-0.10249265066887198	0.09192857089973246	-0.110032529752434	0.11295896805514292	-0.10292719554415918	0.06815115422985155	-0.0832995561900286	0.10088175073940976	-0.12388209808251556	0.08263805450025237	-0.06543286130498895	0.07130191958135046	-0.08326494776118612	0.07463320025255168	-0.12328865357306099	0.08064448387132696	-0.06096831958820183	0.06722989248442465	-0.06748836914628065	0.04066871412031086	-0.1309743510189621	0.051686874969415805	-0.05472099813547014	0.07411631361540175	-0.03620197989872092
-0.31669048862076776	0.18844569921460816	-0.16005426699617634	0.071977596875009	-0.07231948928954418	1.0000000000000009	-0.6144517417046709	0.14199783569911975	-0.07682021579785632	0.0872663575122962	-0.6169511864028716	0.2773530970889033	-0.08917073165468972	0.07026415935670033	-0.07139206250692857	0.20563210568089071	-0.20811024097623887	0.08796569435750559	-0.07167607838441274	0.0596559638640091	-0.11226903467869499	0.13859040950054607	-0.08188449606152252	0.0955151033465753	-0.06296090674255204	0.093342517814109	-0.09817546105590794	0.08383825334293267	-0.0718305471507683	0.09519650316959902	-0.09438001093114312	0.06713263990765393	-0.07115449488968054	0.06639929479355157	-0.0389750253874411	0.13451272882703957	-0.053713309408050025	0.05627853418227785	-0.07304044062967101	0.0346557345614979
0.21438020283265957	-0.19568158376072586	0.1726582812582423	-0.08549272416989617	0.08670793373719568	-0.6144517417046709	0.9999999999999999	-0.19275852747146538	0.09495319439277287	-0.10720397261263828	0.3261481656283213	-0.5467575277614843	0.11426937843187704	-0.08967924835303287	0.09003370289212224	-0.26953278694189337	0.25973383231034397	-0.11360827983243882	0.09076779523828031	-0.07563631748201931	0.1415309320204744	-0.19133478288140168	0.1040274031979052	-0.12141753730238626	0.07981226977210118	-0.122143319674532	0.12661553200585046	-0.10808858319237466	0.09170803539171604	-0.12062290813975944	0.12020367151587398	-0.08636734645325853	0.09081665117837709	-0.08501108076354139	0.04958152269894394	-0.17338372314018438	0.06874638369830241	-0.07219458997357105	0.0928301283834802	-0.044158432804473825
-0.24299998545355583	0.18555184704305325	-0.4181173727693144	0.22266547362231354	-0.24412980170118176	0.14199783569911975	-0.19275852747146538	1.0	-0.40133475815676356	0.2676646898312311	-0.1729651096481387	0.14191331519750297	-0.5107966995977685	0.25711388062718604	-0.26041441878209937	0.16495739996903838	-0.17279422445746845	0.2045716668470637	-0.23037566569718254	0.1786473763786732	-0.11212700163593255	0.13598311577930078	-0.19775289450310932	0.1909907145545162	-0.13238576358606163	0.10416630743760646	-0.11694238224383789	0.1302291570325303	-0.11944566939322607	0.17809421523018396	-0.12769832417638408	0.09435738014325261	-0.10652861493230438	0.10513341601843704	-0.06451900043531726	0.1797222226320537	-0.07838620281075008	0.08167953120737584	-0.11953170483635268	0.05656457802698639
0.1304975049080187	-0.11071477013774689	0.2243503109230427	-0.4981355899072919	0.3134518243321692	-0.07682021579785632	0.09495319439277287	-0.40133475815676356	1.0000000000000007	-0.6588391623178126	0.09393810780064601	-0.07817589738863431	0.19347635965891788	-0.18714201202494127	0.16798617661950332	-0.10153921788301705	0.09690229645174328	-0.12462730541841108	0.1382773413437205	-0.12357357197749809	0.06840459592497501	-0.08361166836547373	0.11294685582324879	-0.1280290832234685	0.08660117409539118	-0.06500718175383789	0.07188465952183773	-0.08380819026927441	0.07597124488095228	-0.12306322621888709	0.07986529420982483	-0.06014684022327	0.0671128358583712	-0.06748159119450339	0.04092486452628071	-0.12140944807266507	0.05038265795761342	-0.05304222529923058	0.0747799622537292	-0.03620530465152188
-0.15941556485533354	0.1250381283389369	-0.2649493172642845	0.31448077088365606	-0.5211862711474069	0.0872663575122962	-0.10720397261263828	0.2676646898312311	-0.6588391623178126	0.9999999999999987	-0.10954282888329192	0.08735790982700455	-0.20181112162640746	0.17317796953326253	-0.22715301113641648	0.11222535554387136	-0.11110649809864204	0.13292938266510368	-0.1602309459175475	0.14083475294469663	-0.07684302834412783	0.0928310536039189	-0.12727624474987165	0.13681587123193276	-0.09554343646259608	0.07238888161506644	-0.08074789049504998	0.0919411805949237	-0.08427306902292311	0.13079760749421232	-0.09002147122901702	0.06694204766508445	-0.07531513754222727	0.07483120799096565	-0.0458970129790348	0.13157304835083913	-0.05609672078902571	0.058649134834292106	-0.08465847289767545	0.04036582871066474
0.21376777820197265	-0.1824362314334327	0.17378719065215276	-0.0866684890582233	0.08868593293039469	-0.6169511864028716	0.3261481656283213	-0.1729651096481387	0.09393810780064601	-0.10954282888329192	0.9999999999999994	-0.46155003825061575	0.11295004824533365	-0.09094625025258472	0.09264379483093543	-0.37909819228877933	0.26825214350473475	-0.11876019096997006	0.09424932363072257	-0.07862046821283303	0.17327880841528995	-0.2161950987250606	0.11043736919163381	-0.13022822764425512	0.08572528202784906	-0.14442678630580755	0.14546302894754878	-0.1203936577609852	0.10181215180316432	-0.1299880992236583	0.13839175833400016	-0.09821327829334618	0.10265307638418461	-0.09496108296113424	0.0552395222858258	-0.19637310127106544	0.07770321352518045	-0.08146304751718507	0.10385218719468382	-0.049197515728414104
-0.1677440083450975	0.13026285200926496	-0.1461496355806331	0.06969947346733599	-0.07328733642964132	0.2773530970889033	-0.5467575277614843	0.14191331519750297	-0.07817589738863431	0.08735790982700455	-0.46155003825061575	0.9999999999999967	-0.10536406107508349	0.07988773082392377	-0.08112461111116738	0.24972410257723882	-0.5789393084831344	0.11249668860053205	-0.08406338165053787	0.06789572139289463	-0.14688877115100854	0.19601002390584413	-0.10312487652038081	0.10713348510545932	-0.07104269878235725	0.11842967753724713	-0.1322080237723347	0.10053098967529628	-0.08576734782229392	0.10409181388804438	-0.11465317853242825	0.08022450836305349	-0.08510041613888022	0.07799371405475264	-0.045624762021105	0.1499147544872366	-0.06254925721240806	0.06508125165837557	-0.08624328468896306	0.04035731313031167
0.1321664744378276	-0.10379709709726356	0.2002499263641499	-0.1378268063511197	0.14285362645261607	-0.08917073165468972	0.11426937843187704	-0.5107966995977685	0.19347635965891788	-0.20181112162640746	0.11295004824533365	-0.10536406107508349	0.9999999999999968	-0.6184148188572727	0.26507899523937073	-0.12944991008185217	0.13047844654848273	-0.31203840567080227	0.2550713995417035	-0.22315360176933044	0.08952668631097327	-0.11216528877763295	0.2079797673210147	-0.21654010492990258	0.1385492656738675	-0.08636296913123168	0.0972932064250494	-0.12468530634061009	0.11265514756995068	-0.19289884760063203	0.10481213499623791	-0.08138463675141665	0.09180292578190555	-0.09587032743078988	0.05740230605376265	-0.15306514827169723	0.06668675845852215	-0.07061082786313166	0.10292525649631581	-0.05082139765090653
-0.11026430123284182	0.08416649520269891	-0.1672266556388712	0.11719503331993775	-0.12714993733249164	0.07026415935670033	-0.08967924835303287	0.25711388062718604	-0.18714201202494127	0.17317796953326253	-0.09094625025258472	0.07988773082392377	-0.6184148188572727	0.9999999999999938	-0.5088262313912116	0.10127274078152558	-0.10515668339826098	0.21440332373474155	-0.4240416336685962	0.27551155823724527	-0.07157700664168093	0.08850884089870092	-0.1804130795569037	0.17875387098272327	-0.1250210161137302	0.06877717070209853	-0.07849417464983495	0.09955733945429336	-0.09302503840370623	0.15432709977773784	-0.08478002204250264	0.06527183126628283	-0.07463576392608565	0.07757955354303053	-0.04710521403494727	0.1190113966612956	-0.053576085088018754	0.05634257869639047	-0.08499905390858879	0.04135165332212962
0.10888717088906309	-0.08421432465131291	0.16181400897385406	-0.12073002814364887	0.1343104939652173	-0.07139206250692857	0.09003370289212224	-0.26041441878209937	0.16798617661950332	-0.22715301113641648	0.09264379483093543	-0.08112461111116738	0.26507899523937073	-0.5088262313912116	0.9999999999999962	-0.1104400272928456	0.10817764703596686	-0.22145159194260264	0.3195601987530262	-0.6342078867863471	0.07812628665380067	-0.09725874688881359	0.17610062076165367	-0.21758150570117718	0.1562235270907448	-0.07633114995351527	0.08647221295533507	-0.11458808338663687	0.1063332914314433	-0.20186546734303717	0.09399212276909306	-0.07369928153605299	0.08367426739497871	-0.08920649418954141	0.053845927401639064	-0.13667499711826656	0.06044764039738015	-0.06409664644960314	0.09517742113679696	-0.04762893868979953
-0.19535802763584986	0.14045528573841426	-0.20750613377704483	0.09219304716817019	-0.10249265066887198	0.20563210568089071	-0.26953278694189337	0.16495739996903838	-0.10153921788301705	0.11222535554387136	-0.37909819228877933	0.24972410257723882	-0.12944991008185217	0.10127274078152558	-0.1104400272928456	0.9999999999999971	-0.4554223951273749	0.14067873006632822	-0.1134924521976693	0.0904722182916558	-0.5367363041410756	0.2956189365204775	-0.1426023980164745	0.14839663675079587	-0.10123489946860219	0.2532686404436394	-0.2631079889757921	0.1666087051863668	-0.14479542406160803	0.14434533195677723	-0.24204674014418842	0.14682027842964437	-0.1578653260497295	0.13151505505635636	-0.07812692475300308	0.22991663696566395	-0.10900107129356397	0.10978927781669351	-0.15212990019712455	0.06808828901289836
0.1602392513270747	-0.12860733937017652	0.16966327355078104	-0.08568696717466592	0.09192857089973246	-0.20811024097623887	0.25973383231034397	-0.17279422445746845	0.09690229645174328	-0.11110649809864204	0.26825214350473475	-0.5789393084831344	0.13047844654848273	-0.10515668339826098	0.10817764703596686	-0.4554223951273749	0.9999999999999953	-0.185443337323326	0.11629790763676366	-0.09401275773329959	0.23563784310017874	-0.41629267204246506	0.15154173007114682	-0.1553013863731676	0.10181835046060381	-0.19611896930915604	0.21176883384769646	-0.15517971612038867	0.12829926502100622	-0.14922944033540403	0.173487012993238	-0.12293078160006772	0.12776239091551198	-0.11700080651851204	0.06724290754169766	-0.22525164771321865	0.09360144752425388	-0.09772680908578864	0.1271223880195712	-0.05964355444995932
-0.1257596505137171	0.09321970955958814	-0.17636118243176316	0.09712945898578632	-0.110032529752434	0.08796569435750559	-0.11360827983243882	0.2045716668470637	-0.12462730541841108	0.13292938266510368	-0.11876019096997006	0.11249668860053205	-0.31203840567080227	0.21440332373474155	-0.22145159194260264	0.14067873006632822	-0.185443337323326	0.9999999999999932	-0.36206685866152144	0.20221764326457112	-0.10245206417070062	0.13088325601186243	-0.7351705694827948	0.25466338412858264	-0.16660683626679376	0.097635315846394	-0.1164804462624523	0.15596754419155467	-0.14244047838253057	0.18872043200292654	-0.11794746742748538	0.09133525990114225	-0.10781823520248453	0.10999688641834837	-0.0658196456229613	0.1505598447168206	-0.07297109818690928	0.07621231349582158	-0.12082169602232977	0.05709133579387928
0.10735600025579572	-0.08176929058098781	0.1561744287892242	-0.10348474328320961	0.11295896805514292	-0.07167607838441274	0.09076779523828031	-0.23037566569718254	0.1382773413437205	-0.1602309459175475	0.09424932363072257	-0.08406338165053787	0.2550713995417035	-0.4240416336685962	0.3195601987530262	-0.1134924521976693	0.11629790763676366	-0.36206685866152144	0.9999999999999947	-0.6349209321008088	0.0815168057577095	-0.10225743400034737	0.23202376500942187	-0.2896509535809491	0.17761236983499112	-0.0798062785612657	0.09174354950681646	-0.12597094176113868	0.11901063617371575	-0.210433958478401	0.09801916365851567	-0.07735510850845038	0.08893323594235408	-0.09587946656001729	0.057410044789423235	-0.13713997291186802	0.06284585711570212	-0.06650391217355646	0.10178012333979744	-0.050488903535013424
-0.09286636633663478	0.06989492617916081	-0.13644186565451882	0.08918504921787125	-0.10292719554415918	0.0596559638640091	-0.07563631748201931	0.1786473763786732	-0.12357357197749809	0.14083475294469663	-0.07862046821283303	0.06789572139289463	-0.22315360176933044	0.27551155823724527	-0.6342078867863471	0.0904722182916558	-0.09401275773329959	0.20221764326457112	-0.6349209321008088	0.9999999999999952	-0.06567961959966814	0.08100008830405088	-0.18078314975031823	0.1958424872783749	-0.18087451948972744	0.06376838086379204	-0.07375355365011735	0.09723410164518013	-0.09455581729806119	0.17131222662968956	-0.07959867733321181	0.06186290648128809	-0.07171052632687407	0.07608482567058585	-0.04676125279642531	0.10853825739530057	-0.050621325613575074	0.05317945201710857	-0.0832307904265684	0.0407922608369974
0.11377546852203052	-0.08420612138911421	0.13027617318220108	-0.06112943822316881	0.06815115422985155	-0.11226903467869499	0.1415309320204744	-0.11212700163593255	0.06840459592497501	-0.07684302834412783	0.17327880841528995	-0.14688877115100854	0.08952668631097327	-0.07157700664168093	0.07812628665380067	-0.5367363041410756	0.23563784310017874	-0.10245206417070062	0.0815168057577095	-0.06567961959966814	0.9999999999999903	-0.4829958460429161	0.10633042823816319	-0.11815198952777807	0.07988848669014832	-0.5529260666049182	0.2967032667963268	-0.163253738162751	0.1291064626000973	-0.11576479778198641	0.23097048817269922	-0.1495411523319101	0.14157594684740443	-0.11838241540329006	0.06602294634435385	-0.22634081544476892	0.09908056356422366	-0.10204067764783611	0.12773223689459606	-0.05832968887520309
-0.14142257531582866	0.10370291720710978	-0.16058488764383191	0.07445068101516777	-0.0832995561900286	0.13859040950054607	-0.19133478288140168	0.13598311577930078	-0.08361166836547373	0.0928310536039189	-0.2161950987250606	0.19601002390584413	-0.11216528877763295	0.08850884089870092	-0.09725874688881359	0.2956189365204775	-0.41629267204246506	0.13088325601186243	-0.10225743400034737	0.08100008830405088	-0.4829958460429161	0.9999999999999956	-0.14111054114220067	0.1419261057566697	-0.09730976035979769	0.299315161400041	-0.5660702396837294	0.20050077058371504	-0.16903126769545368	0.13630164493526534	-0.2395695766926237	0.1557364709713836	-0.16606663438669084	0.13902008415551206	-0.08001747715791796	0.22184421513626787	-0.10929372102482783	0.11049178768535509	-0.15623667960008397	0.06940889487750562
0.11499897261940785	-0.08605802272949696	0.15968276328625908	-0.09065337196565837	0.10088175073940976	-0.08188449606152252	0.1040274031979052	-0.19775289450310932	0.11294685582324879	-0.12727624474987165	0.11043736919163381	-0.10312487652038081	0.2079797673210147	-0.1804130795569037	0.17610062076165367	-0.1426023980164745	0.15154173007114682	-0.7351705694827948	0.23202376500942187	-0.18078314975031823	0.10633042823816319	-0.14111054114220067	0.9999999999999947	-0.42139300597552737	0.199020206920433	-0.1061515261699192	0.1266406401541546	-0.2183565301393645	0.17359111529950688	-0.24848315537824206	0.12586493228265616	-0.1032850255062078	0.12115695780612576	-0.13103362344654207	0.0747364186597054	-0.16569662620707884	0.0804531607492588	-0.085454895962323	0.13382128306251984	-0.06555210514543464
-0.15164593316846264	0.10913018879850216	-0.2138466049118871	0.10569431998486375	-0.12388209808251556	0.0955151033465753	-0.12141753730238626	0.1909907145545162	-0.1280290832234685	0.13681587123193276	-0.13022822764425512	0.10713348510545932	-0.21654010492990258	0.17875387098272327	-0.21758150570117718	0.14839663675079587	-0.1553013863731676	0.25466338412858264	-0.2896509535809491	0.1958424872783749	-0.11815198952777807	0.1419261057566697	-0.42139300597552737	0.9999999999999976	-0.5708660284199556	0.11753413030797122	-0.14387543296159264	0.2103345104738632	-0.28094426290206354	0.3184864915727527	-0.15348199778799773	0.12145400769832675	-0.14961168419191237	0.16834775654498005	-0.10282694099715309	0.1839275753543677	-0.09884622491129548	0.10256199739093501	-0.1859785898069161	0.08659095907454697
0.09837872477937205	-0.07136123617563278	0.13847035775356792	-0.07123579547634976	0.08263805450025237	-0.06296090674255204	0.07981226977210118	-0.13238576358606163	0.08660117409539118	-0.09554343646259608	0.08572528202784906	-0.07104269878235725	0.1385492656738675	-0.1250210161137302	0.1562235270907448	-0.10123489946860219	0.10181835046060381	-0.16660683626679376	0.17761236983499112	-0.18087451948972744	0.07988848669014832	-0.09730976035979769	0.199020206920433	-0.5708660284199556	0.9999999999999942	-0.08074760425113682	0.09688952080298179	-0.1511982565726742	0.1710837656730733	-0.7168107150589763	0.10396853567174272	-0.0847138695706796	0.10203958575871991	-0.12277132206268797	0.08020147086937614	-0.1299225747935967	0.06830224502441493	-0.07198916868046693	0.12663991227699947	-0.06926669263028305
-0.10496210830645446	0.07640780109860748	-0.12503569935643055	0.057940776892849086	-0.06543286130498895	0.093342517814109	-0.122143319674532	0.10416630743760646	-0.06500718175383789	0.07238888161506644	-0.14442678630580755	0.11842967753724713	-0.08636296913123168	0.06877717070209853	-0.07633114995351527	0.2532686404436394	-0.19611896930915604	0.097635315846394	-0.0798062785612657	0.06376838086379204	-0.5529260666049182	0.299315161400041	-0.1061515261699192	0.11753413030797122	-0.08074760425113682	0.9999999999999946	-0.5672036025441307	0.1892325766607821	-0.1520143331013972	0.11459752991506994	-0.4237432546656176	0.18503534848625727	-0.17570530025767198	0.13162215129836685	-0.07276872115363803	0.23254375450545203	-0.1127123152840489	0.11256681353131229	-0.1426476327143717	0.06367474677314738
0.10982798080244761	-0.08111191730153156	0.13262008057947597	-0.06344388149757026	0.07130191958135046	-0.09817546105590794	0.12661553200585046	-0.11694238224383789	0.07188465952183773	-0.08074789049504998	0.14546302894754878	-0.1322080237723347	0.0972932064250494	-0.07849417464983495	0.08647221295533507	-0.2631079889757921	0.21176883384769646	-0.1164804462624523	0.09174354950681646	-0.07375355365011735	0.2967032667963268	-0.5660702396837294	0.1266406401541546	-0.14387543296159264	0.09688952080298179	-0.5672036025441307	0.9999999999999934	-0.33092292372270243	0.19349220932376685	-0.1392806213252479	0.25187851548655243	-0.1964246038718931	0.18351405356152614	-0.16005720983811036	0.08315815663638489	-0.2503236008357994	0.11822435289534511	-0.1230454984548494	0.15961666399436758	-0.07343892625408326
-0.11457665927616759	0.08290354858202256	-0.15098546789266432	0.0722487513906529	-0.08326494776118612	0.08383825334293267	-0.10808858319237466	0.1302291570325303	-0.08380819026927441	0.0919411805949237	-0.1203936577609852	0.10053098967529628	-0.12468530634061009	0.09955733945429336	-0.11458808338663687	0.1666087051863668	-0.15517971612038867	0.15596754419155467	-0.12597094176113868	0.09723410164518013	-0.163253738162751	0.20050077058371504	-0.2183565301393645	0.2103345104738632	-0.1511982565726742	0.1892325766607821	-0.33092292372270243	0.9999999999999906	-0.6809570478589277	0.19156638417173225	-0.22870726433569352	0.20839010207513253	-0.33448409363166465	0.2746017902046241	-0.140568658711882	0.22607075628175743	-0.14440803234884594	0.15080801016636508	-0.27542056371472967	0.1172541943691413
0.09943230122483071	-0.07235133098183495	0.13242657458525547	-0.06503356372528273	0.07463320025255168	-0.0718305471507683	0.09170803539171604	-0.11944566939322607	0.07597124488095228	-0.08427306902292311	0.10181215180316432	-0.08576734782229392	0.11265514756995068	-0.09302503840370623	0.1063332914314433	-0.14479542406160803	0.12829926502100622	-0.14244047838253057	0.11901063617371575	-0.09455581729806119	0.1291064626000973	-0.16903126769545368	0.17359111529950688	-0.28094426290206354	0.1710837656730733	-0.1520143331013972	0.19349220932376685	-0.6809570478589277	0.9999999999999891	-0.24825922449814727	0.1772812900849326	-0.17834725040387067	0.22611977858097643	-0.47177072146230026	0.14235997019716645	-0.21443204266324573	0.12560163338309943	-0.139883201538466	0.25426197549449514	-0.12602240624756125
-0.155441004758537	0.11081827258883058	-0.21928213828429083	0.103873053772259	-0.12328865357306099	0.09519650316959902	-0.12062290813975944	0.17809421523018396	-0.12306322621888709	0.13079760749421232	-0.1299880992236583	0.10409181388804438	-0.19289884760063203	0.15432709977773784	-0.20186546734303717	0.14434533195677723	-0.14922944033540403	0.18872043200292654	-0.210433958478401	0.17131222662968956	-0.11576479778198641	0.13630164493526534	-0.24848315537824206	0.3184864915727527	-0.7168107150589763	0.11459752991506994	-0.1392806213252479	0.19156638417173225	-0.24825922449814727	0.9999999999999887	-0.1537481915838122	0.12007170482328874	-0.14776721975726462	0.1664968069489946	-0.1258098844588365	0.1817943437544867	-0.0996294802516755	0.10289199628424146	-0.1932006096155882	0.10108419110854089
0.11856884271289643	-0.08648965708495021	0.15000570211375197	-0.0709982022792343	0.08064448387132696	-0.09438001093114312	0.12020367151587398	-0.12769832417638408	0.07986529420982483	-0.09002147122901702	0.13839175833400016	-0.11465317853242825	0.10481213499623791	-0.08478002204250264	0.09399212276909306	-0.24204674014418842	0.173487012993238	-0.11794746742748538	0.09801916365851567	-0.07959867733321181	0.23097048817269922	-0.2395695766926237	0.12586493228265616	-0.15348199778799773	0.10396853567174272	-0.4237432546656176	0.25187851548655243	-0.22870726433569352	0.1772812900849326	-0.1537481915838122	0.9999999999999867	-0.49473128965006835	0.2790293881487961	-0.19756156857389467	0.10277733091478071	-0.5328136520753723	0.20340815240365345	-0.20845758329337022	0.2010962727232456	-0.09283695802840314
-0.08835713786984772	0.06390616470428485	-0.11364619850660104	0.053191925143467836	-0.06096831958820183	0.06713263990765393	-0.08636734645325853	0.09435738014325261	-0.06014684022327	0.06694204766508445	-0.09821327829334618	0.08022450836305349	-0.08138463675141665	0.06527183126628283	-0.07369928153605299	0.14682027842964437	-0.12293078160006772	0.09133525990114225	-0.07735510850845038	0.06186290648128809	-0.1495411523319101	0.1557364709713836	-0.1032850255062078	0.12145400769832675	-0.0847138695706796	0.18503534848625727	-0.1964246038718931	0.20839010207513253	-0.17834725040387067	0.12007170482328874	-0.49473128965006835	0.9999999999999878	-0.6859972380328071	0.20527037184134614	-0.1069703942359817	0.2716524231397359	-0.2992966453849829	0.23046216654173657	-0.21972752791662747	0.09298639180051739
0.09452725120883329	-0.06875975576437918	0.12277999734175997	-0.05888751285249927	0.06722989248442465	-0.07115449488968054	0.09081665117837709	-0.10652861493230438	0.0671128358583712	-0.07531513754222727	0.10265307638418461	-0.08510041613888022	0.09180292578190555	-0.07463576392608565	0.08367426739497871	-0.1578653260497295	0.12776239091551198	-0.10781823520248453	0.08893323594235408	-0.07171052632687407	0.14157594684740443	-0.16606663438669084	0.12115695780612576	-0.14961168419191237	0.10203958575871991	-0.17570530025767198	0.18351405356152614	-0.33448409363166465	0.22611977858097643	-0.14776721975726462	0.2790293881487961	-0.6859972380328071	0.9999999999999848	-0.3368715833359525	0.1256450178733184	-0.3128339340063214	0.2312373455196762	-0.28779277597682273	0.2415179353092056	-0.11422228485906273
-0.09238754547061756	0.06685450716153647	-0.12232611606867119	0.05862424108444537	-0.06748836914628065	0.06639929479355157	-0.08501108076354139	0.10513341601843704	-0.06748159119450339	0.07483120799096565	-0.09496108296113424	0.07799371405475264	-0.09587032743078988	0.07757955354303053	-0.08920649418954141	0.13151505505635636	-0.11700080651851204	0.10999688641834837	-0.09587946656001729	0.07608482567058585	-0.11838241540329006	0.13902008415551206	-0.13103362344654207	0.16834775654498005	-0.12277132206268797	0.13162215129836685	-0.16005720983811036	0.2746017902046241	-0.47177072146230026	0.1664968069489946	-0.19756156857389467	0.20527037184134614	-0.3368715833359525	0.999999999999985	-0.3138951523892791	0.22286927934287568	-0.1679930048419578	0.18255073694717067	-0.6160789749419548	0.22823678177423778
0.054586703487271813	-0.039681320758426314	0.07268858932254521	-0.03548419665052837	0.04066871412031086	-0.0389750253874411	0.04958152269894394	-0.06451900043531726	0.04092486452628071	-0.0458970129790348	0.0552395222858258	-0.045624762021105	0.05740230605376265	-0.04710521403494727	0.053845927401639064	-0.07812692475300308	0.06724290754169766	-0.0658196456229613	0.057410044789423235	-0.04676125279642531	0.06602294634435385	-0.08001747715791796	0.0747364186597054	-0.10282694099715309	0.08020147086937614	-0.07276872115363803	0.08315815663638489	-0.140568658711882	0.14235997019716645	-0.1258098844588365	0.10277733091478071	-0.1069703942359817	0.1256450178733184	-0.3138951523892791	0.9999999999999847	-0.14633180428767562	0.0907683351959552	-0.1087028227016569	0.2658309231617902	-0.8752054568320833
-0.19910639190770724	0.1399105227070997	-0.26221250328897144	0.11145337972007306	-0.1309743510189621	0.13451272882703957	-0.17338372314018438	0.1797222226320537	-0.12140944807266507	0.13157304835083913	-0.19637310127106544	0.1499147544872366	-0.15306514827169723	0.1190113966612956	-0.13667499711826656	0.22991663696566395	-0.22525164771321865	0.1505598447168206	-0.13713997291186802	0.10853825739530057	-0.22634081544476892	0.22184421513626787	-0.16569662620707884	0.1839275753543677	-0.1299225747935967	0.23254375450545203	-0.2503236008357994	0.22607075628175743	-0.21443204266324573	0.1817943437544867	-0.5328136520753723	0.2716524231397359	-0.3128339340063214	0.22286927934287568	-0.14633180428767562	0.9999999999999849	-0.33949634873777607	0.24486966394062762	-0.3116042429603446	0.12470212871934523
0.07432328028855295	-0.05344498241470774	0.09715891707739474	-0.044874482422821584	0.051686874969415805	-0.053713309408050025	0.06874638369830241	-0.07838620281075008	0.05038265795761342	-0.05609672078902571	0.07770321352518045	-0.06254925721240806	0.06668675845852215	-0.053576085088018754	0.06044764039738015	-0.10900107129356397	0.09360144752425388	-0.07297109818690928	0.06284585711570212	-0.050621325613575074	0.09908056356422366	-0.10929372102482783	0.0804531607492588	-0.09884622491129548	0.06830224502441493	-0.1127123152840489	0.11822435289534511	-0.14440803234884594	0.12560163338309943	-0.0996294802516755	0.20340815240365345	-0.2992966453849829	0.2312373455196762	-0.1679930048419578	0.0907683351959552	-0.33949634873777607	0.9999999999999855	-0.8318904578003509	0.20647068593217538	-0.08832873776456318
-0.07899811399782142	0.05657470645396959	-0.1036197625125154	0.04730368921616482	-0.05472099813547014	0.05627853418227785	-0.07219458997357105	0.08167953120737584	-0.05304222529923058	0.058649134834292106	-0.08146304751718507	0.06508125165837557	-0.07061082786313166	0.05634257869639047	-0.06409664644960314	0.10978927781669351	-0.09772680908578864	0.07621231349582158	-0.06650391217355646	0.05317945201710857	-0.10204067764783611	0.11049178768535509	-0.085454895962323	0.10256199739093501	-0.07198916868046693	0.11256681353131229	-0.1230454984548494	0.15080801016636508	-0.139883201538466	0.10289199628424146	-0.20845758329337022	0.23046216654173657	-0.28779277597682273	0.18255073694717067	-0.1087028227016569	0.24486966394062762	-0.8318904578003509	0.9999999999999856	-0.29797005344535277	0.10191042974068536
0.10011819640689992	-0.0730607838959144	0.1322263261839426	-0.06505660712512594	0.07411631361540175	-0.07304044062967101	0.0928301283834802	-0.11953170483635268	0.0747799622537292	-0.08465847289767545	0.10385218719468382	-0.08624328468896306	0.10292525649631581	-0.08499905390858879	0.09517742113679696	-0.15212990019712455	0.1271223880195712	-0.12082169602232977	0.10178012333979744	-0.0832307904265684	0.12773223689459606	-0.15623667960008397	0.13382128306251984	-0.1859785898069161	0.12663991227699947	-0.1426476327143717	0.15961666399436758	-0.27542056371472967	0.25426197549449514	-0.1932006096155882	0.2010962727232456	-0.21972752791662747	0.2415179353092056	-0.6160789749419548	0.2658309231617902	-0.3116042429603446	0.20647068593217538	-0.29797005344535277	0.9999999999999857	-0.3802785778963058
-0.048958984073131054	0.03546393127855087	-0.06526172040582905	0.03146892663978294	-0.03620197989872092	0.0346557345614979	-0.044158432804473825	0.05656457802698639	-0.03620530465152188	0.04036582871066474	-0.049197515728414104	0.04035731313031167	-0.05082139765090653	0.04135165332212962	-0.04762893868979953	0.06808828901289836	-0.05964355444995932	0.05709133579387928	-0.050488903535013424	0.0407922608369974	-0.05832968887520309	0.06940889487750562	-0.06555210514543464	0.08659095907454697	-0.06926669263028305	0.06367474677314738	-0.07343892625408326	0.1172541943691413	-0.12602240624756125	0.10108419110854089	-0.09283695802840314	0.09298639180051739	-0.11422228485906273	0.22823678177423778	-0.8752054568320833	0.12470212871934523	-0.08832873776456318	0.10191042974068536	-0.3802785778963058	0.9999999999999858
