1.0	-0.4690716908818079	0.1664361312618657	-0.11340504592009465	0.08810719679073814	-0.7205232018545502	0.2395749252891814	-0.15862733207794058	0.10718915040994369	-0.0871173760369369	0.2591563786129758	-0.2218328916695887	0.11881738869556079	-0.11919375402824789	0.04574967731410488	-0.1961102771290642	0.17413228872588282	-0.11237657359732896	0.12361803627538491	-0.04520041784992675	0.1255783312672451	-0.11899239271335613	0.10783248871102996	-0.09849851210629829	0.11075825319545746	-0.12670199266959187	0.09741177657105633	-0.09735751710899872	0.08045081035452487	-0.08997801644847848	0.097568504412071	-0.12725765107084758	0.07561696474779235	-0.07515490852823778	0.10157075884498416	-0.10511609215700876	0.08540308149437328	-0.09235006676745688	0.06606451082181708	-0.09617093495412342
-0.4690716908818079	1.0	-0.36605501253934586	0.16897481389470795	-0.1370893645347744	0.2535769480254314	-0.6178272549216891	0.25716313395891344	-0.16886581430371142	0.12580759470277955	-0.21451644289545949	0.25668600207647685	-0.15117429648891934	0.13920898570882048	-0.05126376154750621	0.13923347768493047	-0.23425355488467564	0.12906089483071442	-0.14548821203723483	0.05005000976875693	-0.10582020348204196	0.10956218584458256	-0.11171468245112408	0.10085096081392009	-0.11555187096183173	0.1010684354078806	-0.09064825664833895	0.09476220221354223	-0.08006008251143017	0.08770885538680422	-0.08416403117198984	0.10927665034702365	-0.07046128493350767	0.06974603951853191	-0.09963180750097637	0.08923928123722093	-0.07632512413056122	0.0820386158187297	-0.060094528197313854	0.08606219576186068
0.1664361312618657	-0.36605501253934586	0.9999999999999997	-0.4652459286156399	0.2290674105033815	-0.1558891350042713	0.2580549482440211	-0.656477951447601	0.27370517640996966	-0.23668085438330133	0.1293081787325242	-0.18730193528838662	0.15653214910107868	-0.1607658007211351	0.04983686359397132	-0.10004144239285728	0.15114352166647035	-0.10506662640833936	0.11372098420065961	-0.0493107831289306	0.07514573424161228	-0.08406217414644714	0.08677376945591893	-0.08080544359347618	0.09105211321493516	-0.07636634381498586	0.06851847734738095	-0.07571959045407133	0.06332519822450754	-0.0703632560706661	0.06338912659197539	-0.08520609999421282	0.05543293469795752	-0.05546766469470934	0.07742275497279677	-0.0698623623870405	0.05891673207064783	-0.0654229008874506	0.04774305464180995	-0.06941394678280478
-0.11340504592009465	0.16897481389470795	-0.4652459286156399	0.9999999999999996	-0.6261532119675949	0.09966650504117586	-0.16618974941163694	0.27203175229194404	-0.4724210028964184	0.309046691087327	-0.09711080105601815	0.12665144297124084	-0.14135566354768098	0.13979289444968357	-0.04571511743141365	0.0732018586061522	-0.1191895771117556	0.08566883371637574	-0.09811362105655054	0.043938932952817714	-0.05762873515333397	0.06567479539479835	-0.07118336889895288	0.06648721448565412	-0.07706903399430105	0.057880332851090524	-0.05406708791782126	0.061060438068599794	-0.05180789116137616	0.057305850458287774	-0.0491809386701868	0.06592206793339103	-0.044380888616325526	0.044341405286189475	-0.06353330249244062	0.054134179346424095	-0.04643764629397527	0.051516489381549686	-0.0379364916455715	0.054828602719823746
0.08810719679073814	-0.1370893645347744	0.2290674105033815	-0.6261532119675949	1.0000000000000004	-0.08438898632658705	0.12736806195317826	-0.23318677669893043	0.3102582206937004	-0.648805278719763	0.07879546237930746	-0.10668566484753318	0.11267871836767672	-0.12349384807315676	0.042177860996521516	-0.06259132602169341	0.09498371553255205	-0.07074803428441197	0.07953030206502437	-0.04125197090078721	0.0484225953604903	-0.05564368924446124	0.05917129148129614	-0.05593350059961646	0.0642269540434176	-0.04965395533651313	0.045553974708635724	-0.05177794785559475	0.04360819530237098	-0.04869677597823973	0.04182303510350459	-0.05660310158960951	0.037722412266358495	-0.03784957472465749	0.053304716354810606	-0.04662587483335491	0.03955884643889701	-0.04434381426547351	0.032490166875379645	-0.04732644314997824
-0.7205232018545502	0.2535769480254314	-0.1558891350042713	0.09966650504117586	-0.08438898632658705	1.0000000000000004	-0.24468671805141295	0.13904887227553883	-0.10202506261679482	0.07908699321119275	-0.4818880379926221	0.1985750149732968	-0.1191106967363837	0.11270134459629112	-0.04562592893912283	0.20205739421945076	-0.18684478538010846	0.11280437629938656	-0.12953859134591988	0.04453749705724993	-0.14061446043363504	0.11603347650587646	-0.10936835556957854	0.0981038164517469	-0.11413283188912304	0.12341252461920715	-0.0976897242622353	0.09519714446562831	-0.08018636792038367	0.08853293694309292	-0.098555739871227	0.12120369486237569	-0.0741655807479686	0.07287202134236141	-0.1030854340666588	0.1003951560501719	-0.08458497984806354	0.08796943439514979	-0.06376043433354367	0.09088990780469425
0.2395749252891814	-0.6178272549216891	0.2580549482440211	-0.16618974941163694	0.12736806195317826	-0.24468671805141295	1.0	-0.3891289223194901	0.17072833063833778	-0.13237949821226438	0.1884719505267259	-0.4820682413168774	0.15481054106720663	-0.14979813383499027	0.05152800136265209	-0.13919032915119067	0.23621677197232263	-0.13551896579533454	0.14122597344440974	-0.05093854146080561	0.10175961970467647	-0.11252185691639043	0.11119478796895824	-0.10141489576925662	0.11220878750933129	-0.10207396179813506	0.09059558190272687	-0.09620125212088924	0.07989787111438752	-0.0880986111518494	0.08363751680303509	-0.11187850704753009	0.07069895742900069	-0.07044816520708364	0.09760528992303656	-0.09067609419326485	0.07616245510024479	-0.08350111353341218	0.060731978699573495	-0.08793153198032644
-0.15862733207794058	0.25716313395891344	-0.656477951447601	0.27203175229194404	-0.23318677669893043	0.13904887227553883	-0.3891289223194901	1.0	-0.43571801814462585	0.2222632268489347	-0.13086703410077916	0.19440308410940751	-0.20627834926153962	0.17393835090029966	-0.05284544284504229	0.09647834890483063	-0.1697053165210135	0.11499078359080743	-0.12487448508345196	0.05157836862453248	-0.0750033927186402	0.08542450065532166	-0.0914830748481525	0.0843641837611312	-0.09547679502453638	0.07492735108625867	-0.06982783874054559	0.0778312144461993	-0.06553229326041607	0.0721223156826211	-0.06324135173487469	0.08473171819983762	-0.056234228678263574	0.056129120958453516	-0.07961214028954645	0.0691423010168831	-0.059102312386775636	0.0653370780678762	-0.04799998432689136	0.06931733804826289
0.10718915040994369	-0.16886581430371142	0.27370517640996966	-0.4724210028964184	0.3102582206937004	-0.10202506261679482	0.17072833063833778	-0.43571801814462585	0.9999999999999989	-0.627164252778301	0.09645606903160406	-0.13764147552761208	0.16352904916832253	-0.20320521198192595	0.054670252376197916	-0.07596976518057141	0.12081450455642179	-0.09325384266683652	0.10466330806206742	-0.05276576080571839	0.05926974602913983	-0.0691680837075028	0.07504331746435744	-0.0708849227754541	0.0809855016411631	-0.06056261453883219	0.05646043853349588	-0.06488526237296703	0.0547153256345721	-0.060756227030298475	0.051266853915013906	-0.06949378598143993	0.04669915981337807	-0.04684011464357737	0.06619813958368057	-0.05701511727468102	0.04858924217819349	-0.0544823395197253	0.040026671164812205	-0.0581497832139643
-0.0871173760369369	0.12580759470277955	-0.23668085438330133	0.309046691087327	-0.648805278719763	0.07908699321119275	-0.13237949821226438	0.2222632268489347	-0.627164252778301	0.9999999999999998	-0.07898782547451426	0.10434194796134065	-0.12856447573079227	0.13140868801605424	-0.04845199590970106	0.060553423597123866	-0.09975148464828397	0.07437089888620053	-0.08593602201740477	0.04528336301484598	-0.048079472385327705	0.05575140231601202	-0.06130928997979735	0.05778691292529124	-0.06747244968720385	0.048566500484287886	-0.04584540756524745	0.05260337197244054	-0.04473660870325099	0.04960531892983004	-0.04146180275743712	0.05584925502947256	-0.037987853954768225	0.03802136519804115	-0.05456209890041181	0.04588816896615602	-0.03942786292616436	0.043990262667369474	-0.032448018556267166	0.04694454008247085
0.2591563786129758	-0.21451644289545949	0.1293081787325242	-0.09711080105601815	0.07879546237930746	-0.4818880379926221	0.1884719505267259	-0.13086703410077916	0.09645606903160406	-0.07898782547451426	0.9999999999999998	-0.2901260283655258	0.13967666246635205	-0.14084857755212749	0.05908531088820562	-0.5692854168876976	0.2167671283616736	-0.1467756030997094	0.16187265033201156	-0.05828093863436573	0.25216535204412954	-0.19171858194313768	0.15634429109987832	-0.14013196240517312	0.15726756567673683	-0.24077890233287436	0.15698043932523653	-0.1430289010661046	0.11713231650734456	-0.13079542396024324	0.16876953432037037	-0.20988887845493756	0.11523889121402017	-0.11343564310416498	0.14991479324618442	-0.17430040794917856	0.13696852043749413	-0.1429660867459577	0.10076595591180847	-0.14540594824829167
-0.2218328916695887	0.25668600207647685	-0.18730193528838662	0.12665144297124084	-0.10668566484753318	0.1985750149732968	-0.4820682413168774	0.19440308410940751	-0.13764147552761208	0.10434194796134065	-0.2901260283655258	1.0000000000000007	-0.22257152116939408	0.18563569480678	-0.06964519401589489	0.17648915850250488	-0.6234357332079328	0.22366735208687463	-0.23662828217783904	0.06818076577138503	-0.14051964944556644	0.16442200919916608	-0.17221101661268	0.15023996636298603	-0.16562480449731232	0.13381481970038786	-0.13309102188900887	0.13838425192536627	-0.11648241789510189	0.12477801687200113	-0.11411297247423176	0.15101204967486095	-0.09876729294474963	0.0975835684702931	-0.13948104792820076	0.12022325751300866	-0.1042702331197041	0.11238656674607204	-0.0829170463226816	0.11793950627466881
0.11881738869556079	-0.15117429648891934	0.15653214910107868	-0.14135566354768098	0.11267871836767672	-0.1191106967363837	0.15481054106720663	-0.20627834926153962	0.16352904916832253	-0.12856447573079227	0.13967666246635205	-0.22257152116939408	0.9999999999999982	-0.7894237904836442	0.13380707911326714	-0.12336854387847376	0.21899748362110133	-0.3452888611807007	0.25704749400049454	-0.13893725949249974	0.10321755466396533	-0.14281255185172986	0.1739499732161623	-0.1667680693829444	0.17192262998513588	-0.10973364103651076	0.1120937424920628	-0.14753001020934414	0.12038589428428328	-0.13257379950124	0.09610614486734034	-0.13646912274170842	0.09635638023080326	-0.09793649342399369	0.13421464138562106	-0.11044787846627412	0.09462381254533045	-0.11057009552246762	0.08170162995775959	-0.11955384354779988
-0.11919375402824789	0.13920898570882048	-0.1607658007211351	0.13979289444968357	-0.12349384807315676	0.11270134459629112	-0.14979813383499027	0.17393835090029966	-0.20320521198192595	0.13140868801605424	-0.14084857755212749	0.18563569480678	-0.7894237904836442	0.9999999999999989	-0.19179023695183098	0.11625705389822433	-0.2239805357049877	0.2487544055098027	-0.3225362192347574	0.15336210570549538	-0.10098240145310759	0.13501475002491192	-0.1757029135365166	0.16837060121543146	-0.1958121864006876	0.10384505846151719	-0.11008777080565849	0.14137114921792776	-0.1226497418374846	0.13234809998674973	-0.09282126029038687	0.12855542848305673	-0.09504170047977882	0.09549421580908599	-0.14006598415389224	0.10447022496457023	-0.09210198287929192	0.10537786256865803	-0.07919887144898625	0.11359401133257695
0.04574967731410488	-0.05126376154750621	0.04983686359397132	-0.04571511743141365	0.042177860996521516	-0.04562592893912283	0.05152800136265209	-0.05284544284504229	0.054670252376197916	-0.04845199590970106	0.05908531088820562	-0.06964519401589489	0.13380707911326714	-0.19179023695183098	1.0000000000000024	-0.05509115603686747	0.08030336906401536	-0.08764600049857107	0.10769003581909525	-0.9429718856322564	0.04898445951302188	-0.06905609541318664	0.08371016703525914	-0.11040178107143148	0.15920357975700125	-0.053791852024028156	0.05582461198722696	-0.08355930102140353	0.0738149573138707	-0.09733147519982467	0.049050016308354025	-0.07061521028219887	0.05545854074119944	-0.058444092372660766	0.08080984621945704	-0.06017600649075765	0.05177440277089305	-0.06462153747940902	0.04816992321804139	-0.07260488234466622
-0.1961102771290642	0.13923347768493047	-0.10004144239285728	0.0732018586061522	-0.06259132602169341	0.20205739421945076	-0.13919032915119067	0.09647834890483063	-0.07596976518057141	0.060553423597123866	-0.5692854168876976	0.17648915850250488	-0.12336854387847376	0.11625705389822433	-0.05509115603686747	1.0000000000000018	-0.20156471115579422	0.13230187121990403	-0.1578245313959362	0.053223656115929906	-0.6077903615015491	0.1875279578447115	-0.15715944862476502	0.13111290954432125	-0.15895146953920075	0.25667571776101444	-0.16996625152279868	0.1309428165319106	-0.11172328734224005	0.12094120703359403	-0.2033717596833897	0.1910318521488048	-0.10941535626898335	0.10348395712198577	-0.15066083781400613	0.16087231338203778	-0.14113294549955807	0.1265282568771838	-0.09198055634778086	0.1242765477539893
0.17413228872588282	-0.23425355488467564	0.15114352166647035	-0.1191895771117556	0.09498371553255205	-0.18684478538010846	0.23621677197232263	-0.1697053165210135	0.12081450455642179	-0.09975148464828397	0.2167671283616736	-0.6234357332079328	0.21899748362110133	-0.2239805357049877	0.08030336906401536	-0.20156471115579422	1.000000000000002	-0.4313463242545521	0.26914783983779444	-0.08102570248201882	0.15770300877186869	-0.2516704726370747	0.22175985927801845	-0.19819296144592202	0.19231554383333557	-0.1683742130079638	0.17186918340044835	-0.18708014798424444	0.147836447603973	-0.16040967109478216	0.1408572370071168	-0.2043034902626154	0.12583359044169018	-0.12640195245766833	0.16723147510931882	-0.15518340099084643	0.13000183532653498	-0.14670079780773132	0.10668078698727763	-0.15518075083594107
-0.11237657359732896	0.12906089483071442	-0.10506662640833936	0.08566883371637574	-0.07074803428441197	0.11280437629938656	-0.13551896579533454	0.11499078359080743	-0.09325384266683652	0.07437089888620053	-0.1467756030997094	0.22366735208687463	-0.3452888611807007	0.2487544055098027	-0.08764600049857107	0.13230187121990403	-0.4313463242545521	1.0000000000000002	-0.6565645270107651	0.08737149364188815	-0.11835013243181917	0.19127913402621907	-0.3639739233284184	0.23904564771536557	-0.21067236411131865	0.12315195333313943	-0.14601003519822608	0.19904093752043836	-0.16329722842248515	0.15806826789530154	-0.11036784529148855	0.1586589055034932	-0.11622536540679587	0.1159163429870302	-0.15855980070969294	0.12246691809824012	-0.10762490598791288	0.12416388210574404	-0.0932928449125555	0.1321769056766917
0.12361803627538491	-0.14548821203723483	0.11372098420065961	-0.09811362105655054	0.07953030206502437	-0.12953859134591988	0.14122597344440974	-0.12487448508345196	0.10466330806206742	-0.08593602201740477	0.16187265033201156	-0.23662828217783904	0.25704749400049454	-0.3225362192347574	0.10769003581909525	-0.1578245313959362	0.26914783983779444	-0.6565645270107651	1.0000000000000042	-0.1139422339630918	0.1358620810964664	-0.2105546220845033	0.2767641192772306	-0.38601444926975925	0.24692164010192336	-0.14882503953259768	0.15923452424318552	-0.24257594589769474	0.19767662486100496	-0.2041744738550959	0.1316705941816764	-0.1932650873438627	0.1413962749733739	-0.14594997621465358	0.18910030938699124	-0.1537354327892253	0.13158937561338185	-0.1583377724322656	0.11741928688989291	-0.17127192541185188
-0.04520041784992675	0.05005000976875693	-0.0493107831289306	0.043938932952817714	-0.04125197090078721	0.04453749705724993	-0.05093854146080561	0.05157836862453248	-0.05276576080571839	0.04528336301484598	-0.05828093863436573	0.06818076577138503	-0.13893725949249974	0.15336210570549538	-0.9429718856322564	0.053223656115929906	-0.08102570248201882	0.08737149364188815	-0.1139422339630918	1.0000000000000022	-0.04765774810287614	0.06699464035363303	-0.08409849255685714	0.1092673491060126	-0.19972809714039175	0.05167954945632107	-0.05450053781312738	0.08093596384825902	-0.07333664715424887	0.09423364267798388	-0.04726954891205024	0.0675628558572287	-0.05376381241247047	0.05622950781956992	-0.08069477187841707	0.05719215680493054	-0.04974927067462619	0.06132649461307506	-0.04608723241321391	0.06856330077775494
0.1255783312672451	-0.10582020348204196	0.07514573424161228	-0.05762873515333397	0.0484225953604903	-0.14061446043363504	0.10175961970467647	-0.0750033927186402	0.05926974602913983	-0.048079472385327705	0.25216535204412954	-0.14051964944556644	0.10321755466396533	-0.10098240145310759	0.04898445951302188	-0.6077903615015491	0.15770300877186869	-0.11835013243181917	0.1358620810964664	-0.04765774810287614	0.9999999999999993	-0.2683552204828494	0.15789543625023905	-0.12834852112029752	0.14662247657860464	-0.5623919696570858	0.20164317964910192	-0.13503979468367244	0.11017766925675494	-0.11850004594466503	0.24616150007419582	-0.24477199209207298	0.1137044366616655	-0.10724463868776422	0.14368229726557022	-0.2021290370139584	0.15165686683752586	-0.13659433327214324	0.09529338798969367	-0.1291236223394968
-0.11899239271335613	0.10956218584458256	-0.08406217414644714	0.06567479539479835	-0.05564368924446124	0.11603347650587646	-0.11252185691639043	0.08542450065532166	-0.0691680837075028	0.05575140231601202	-0.19171858194313768	0.16442200919916608	-0.14281255185172986	0.13501475002491192	-0.06905609541318664	0.1875279578447115	-0.2516704726370747	0.19127913402621907	-0.2105546220845033	0.06699464035363303	-0.2683552204828494	1.0000000000000029	-0.4280460281933677	0.2088242573613813	-0.22289724956434723	0.21430866522215314	-0.6593638415100387	0.21914452595709233	-0.17503580330399776	0.16772949693807784	-0.20470554732423574	0.28876406817099715	-0.15143333018564858	0.1385707254043411	-0.1976621556893754	0.17179411045417342	-0.16159811464552581	0.15240033527912827	-0.11442081445739839	0.15049759121939263
0.10783248871102996	-0.11171468245112408	0.08677376945591893	-0.07118336889895288	0.05917129148129614	-0.10936835556957854	0.11119478796895824	-0.0914830748481525	0.07504331746435744	-0.06130928997979735	0.15634429109987832	-0.17221101661268	0.1739499732161623	-0.1757029135365166	0.08371016703525914	-0.15715944862476502	0.22175985927801845	-0.3639739233284184	0.2767641192772306	-0.08409849255685714	0.15789543625023905	-0.4280460281933677	1.0000000000000027	-0.4544475070659635	0.2742545274343484	-0.16585364343666398	0.23374880575600204	-0.4912982459223627	0.2703191487343328	-0.24181536488589023	0.1527498497961235	-0.23868529526243135	0.17724118194740868	-0.1763246588265677	0.22061237474160106	-0.16698541138969358	0.14855292953275062	-0.1755997527697326	0.1323172223168414	-0.18297506484909673
-0.09849851210629829	0.10085096081392009	-0.08080544359347618	0.06648721448565412	-0.05593350059961646	0.0981038164517469	-0.10141489576925662	0.0843641837611312	-0.0708849227754541	0.05778691292529124	-0.14013196240517312	0.15023996636298603	-0.1667680693829444	0.16837060121543146	-0.11040178107143148	0.13111290954432125	-0.19819296144592202	0.23904564771536557	-0.38601444926975925	0.1092673491060126	-0.12834852112029752	0.2088242573613813	-0.4544475070659635	1.0000000000000033	-0.563425498015038	0.1345420894516533	-0.1715525018856097	0.295893423837414	-0.42324719117568593	0.27219152619198617	-0.12750447894456793	0.18222500085164905	-0.17009640911067064	0.17323921639355422	-0.24448542169980478	0.14593785157661338	-0.13457404879590817	0.16209893957832464	-0.12885760625615322	0.17500381769238676
0.11075825319545746	-0.11555187096183173	0.09105211321493516	-0.07706903399430105	0.0642269540434176	-0.11413283188912304	0.11220878750933129	-0.09547679502453638	0.0809855016411631	-0.06747244968720385	0.15726756567673683	-0.16562480449731232	0.17192262998513588	-0.1958121864006876	0.15920357975700125	-0.15895146953920075	0.19231554383333557	-0.21067236411131865	0.24692164010192336	-0.19972809714039175	0.14662247657860464	-0.22289724956434723	0.2742545274343484	-0.563425498015038	0.999999999999995	-0.16652106274063888	0.17682916464374773	-0.3102491443387746	0.28654082668100733	-0.45896510589150397	0.15499508811060475	-0.22922097559056606	0.19195267366151897	-0.20925599401707096	0.28070033483996676	-0.19777551992836478	0.16977751445556302	-0.22220667501780414	0.16633951879881048	-0.2538655598453097
-0.12670199266959187	0.1010684354078806	-0.07636634381498586	0.057880332851090524	-0.04965395533651313	0.12341252461920715	-0.10207396179813506	0.07492735108625867	-0.06056261453883219	0.048566500484287886	-0.24077890233287436	0.13381481970038786	-0.10973364103651076	0.10384505846151719	-0.053791852024028156	0.25667571776101444	-0.1683742130079638	0.12315195333313943	-0.14882503953259768	0.05167954945632107	-0.5623919696570858	0.21430866522215314	-0.16585364343666398	0.1345420894516533	-0.16652106274063888	0.9999999999999993	-0.2609384923356307	0.1396011818274358	-0.1195177420287538	0.12737918894055758	-0.5799736331675364	0.26930502857667427	-0.12984691532101497	0.11711551795840645	-0.16705304727350054	0.23829681470433958	-0.2047397522242999	0.14950955582360642	-0.10685520095244039	0.13547369465202236
0.09741177657105633	-0.09064825664833895	0.06851847734738095	-0.05406708791782126	0.045553974708635724	-0.0976897242622353	0.09059558190272687	-0.06982783874054559	0.05646043853349588	-0.04584540756524745	0.15698043932523653	-0.13309102188900887	0.1120937424920628	-0.11008777080565849	0.05582461198722696	-0.16996625152279868	0.17186918340044835	-0.14601003519822608	0.15923452424318552	-0.05450053781312738	0.20164317964910192	-0.6593638415100387	0.23374880575600204	-0.1715525018856097	0.17682916464374773	-0.2609384923356307	1.0000000000000002	-0.20320961941161217	0.14694598671888454	-0.14712482268967753	0.2255146019854775	-0.5573582981711928	0.1456367258009584	-0.13358277463225757	0.16885706215182886	-0.18401418048226878	0.15891372855464309	-0.1494322619967235	0.10800123490209931	-0.14232250866725024
-0.09735751710899872	0.09476220221354223	-0.07571959045407133	0.061060438068599794	-0.05177794785559475	0.09519714446562831	-0.09620125212088924	0.0778312144461993	-0.06488526237296703	0.05260337197244054	-0.1430289010661046	0.13838425192536627	-0.14753001020934414	0.14137114921792776	-0.08355930102140353	0.1309428165319106	-0.18708014798424444	0.19904093752043836	-0.24257594589769474	0.08093596384825902	-0.13503979468367244	0.21914452595709233	-0.4912982459223627	0.295893423837414	-0.3102491443387746	0.1396011818274358	-0.20320961941161217	0.9999999999999983	-0.6070251735724123	0.2780492255736547	-0.1376179112635324	0.19502998298212557	-0.27864276488007605	0.22564456165441926	-0.2937353230269713	0.15353137481852697	-0.15284692922537307	0.1858411690379596	-0.1530199843711016	0.18753584033271714
0.08045081035452487	-0.08006008251143017	0.06332519822450754	-0.05180789116137616	0.04360819530237098	-0.08018636792038367	0.07989787111438752	-0.06553229326041607	0.0547153256345721	-0.04473660870325099	0.11713231650734456	-0.11648241789510189	0.12038589428428328	-0.1226497418374846	0.0738149573138707	-0.11172328734224005	0.147836447603973	-0.16329722842248515	0.19767662486100496	-0.07333664715424887	0.11017766925675494	-0.17503580330399776	0.2703191487343328	-0.42324719117568593	0.28654082668100733	-0.1195177420287538	0.14694598671888454	-0.6070251735724123	0.9999999999999987	-0.49225300998354793	0.11611053608395916	-0.16947343575463122	0.21462302292134763	-0.2753892077911352	0.27214078356615	-0.1393284872565909	0.13335712375190442	-0.17659056492419023	0.14793649430134873	-0.18932204297981808
-0.08997801644847848	0.08770885538680422	-0.0703632560706661	0.057305850458287774	-0.04869677597823973	0.08853293694309292	-0.0880986111518494	0.0721223156826211	-0.060756227030298475	0.04960531892983004	-0.13079542396024324	0.12477801687200113	-0.13257379950124	0.13234809998674973	-0.09733147519982467	0.12094120703359403	-0.16040967109478216	0.15806826789530154	-0.2041744738550959	0.09423364267798388	-0.11850004594466503	0.16772949693807784	-0.24181536488589023	0.27219152619198617	-0.45896510589150397	0.12737918894055758	-0.14712482268967753	0.2780492255736547	-0.49225300998354793	1.0000000000000013	-0.12437248350156804	0.1734563372203452	-0.200280345184227	0.21160733669744294	-0.5936550146007473	0.1513692814190973	-0.14564331038995967	0.18339460079178221	-0.1554419630966987	0.21040770075253604
0.097568504412071	-0.08416403117198984	0.06338912659197539	-0.0491809386701868	0.04182303510350459	-0.098555739871227	0.08363751680303509	-0.06324135173487469	0.051266853915013906	-0.04146180275743712	0.16876953432037037	-0.11411297247423176	0.09610614486734034	-0.09282126029038687	0.049050016308354025	-0.2033717596833897	0.1408572370071168	-0.11036784529148855	0.1316705941816764	-0.04726954891205024	0.24616150007419582	-0.20470554732423574	0.1527498497961235	-0.12750447894456793	0.15499508811060475	-0.5799736331675364	0.2255146019854775	-0.1376179112635324	0.11611053608395916	-0.12437248350156804	0.9999999999999982	-0.4722558887042233	0.14136194423112217	-0.1265513474372002	0.16272751860965237	-0.4796895420862679	0.24038596794992978	-0.17609937582495394	0.11611836874672839	-0.14694647239752154
-0.12725765107084758	0.10927665034702365	-0.08520609999421282	0.06592206793339103	-0.05660310158960951	0.12120369486237569	-0.11187850704753009	0.08473171819983762	-0.06949378598143993	0.05584925502947256	-0.20988887845493756	0.15101204967486095	-0.13646912274170842	0.12855542848305673	-0.07061521028219887	0.1910318521488048	-0.2043034902626154	0.1586589055034932	-0.1932650873438627	0.0675628558572287	-0.24477199209207298	0.28876406817099715	-0.23868529526243135	0.18222500085164905	-0.22922097559056606	0.26930502857667427	-0.5573582981711928	0.19502998298212557	-0.16947343575463122	0.1734563372203452	-0.4722558887042233	0.9999999999999986	-0.22713932538536669	0.1752452465938412	-0.23425842030336902	0.2523888373367362	-0.2613054989108184	0.1982385995257368	-0.14656734218686535	0.17755983948637108
0.07561696474779235	-0.07046128493350767	0.05543293469795752	-0.044380888616325526	0.037722412266358495	-0.0741655807479686	0.07069895742900069	-0.056234228678263574	0.04669915981337807	-0.037987853954768225	0.11523889121402017	-0.09876729294474963	0.09635638023080326	-0.09504170047977882	0.05545854074119944	-0.10941535626898335	0.12583359044169018	-0.11622536540679587	0.1413962749733739	-0.05376381241247047	0.1137044366616655	-0.15143333018564858	0.17724118194740868	-0.17009640911067064	0.19195267366151897	-0.12984691532101497	0.1456367258009584	-0.27864276488007605	0.21462302292134763	-0.200280345184227	0.14136194423112217	-0.22713932538536669	0.9999999999999969	-0.7250868479109583	0.24994107940755403	-0.18648083200826238	0.20348824688973458	-0.42200116245870234	0.2639671544583667	-0.27491926725362004
-0.07515490852823778	0.06974603951853191	-0.05546766469470934	0.044341405286189475	-0.03784957472465749	0.07287202134236141	-0.07044816520708364	0.056129120958453516	-0.04684011464357737	0.03802136519804115	-0.11343564310416498	0.0975835684702931	-0.09793649342399369	0.09549421580908599	-0.058444092372660766	0.10348395712198577	-0.12640195245766833	0.1159163429870302	-0.14594997621465358	0.05622950781956992	-0.10724463868776422	0.1385707254043411	-0.1763246588265677	0.17323921639355422	-0.20925599401707096	0.11711551795840645	-0.13358277463225757	0.22564456165441926	-0.2753892077911352	0.21160733669744294	-0.1265513474372002	0.1752452465938412	-0.7250868479109583	0.999999999999997	-0.33882917179300237	0.15813975576256195	-0.1874249434066819	0.2778387039371189	-0.3825045988950906	0.2629041700568522
0.10157075884498416	-0.09963180750097637	0.07742275497279677	-0.06353330249244062	0.053304716354810606	-0.1030854340666588	0.09760528992303656	-0.07961214028954645	0.06619813958368057	-0.05456209890041181	0.14991479324618442	-0.13948104792820076	0.13421464138562106	-0.14006598415389224	0.08080984621945704	-0.15066083781400613	0.16723147510931882	-0.15855980070969294	0.18910030938699124	-0.08069477187841707	0.14368229726557022	-0.1976621556893754	0.22061237474160106	-0.24448542169980478	0.28070033483996676	-0.16705304727350054	0.16885706215182886	-0.2937353230269713	0.27214078356615	-0.5936550146007473	0.16272751860965237	-0.23425842030336902	0.24994107940755403	-0.33882917179300237	0.9999999999999972	-0.22520368149260372	0.2012133090669108	-0.2934056050242245	0.23580540463750896	-0.3948778134981529
-0.10511609215700876	0.08923928123722093	-0.0698623623870405	0.054134179346424095	-0.04662587483335491	0.1003951560501719	-0.09067609419326485	0.0691423010168831	-0.05701511727468102	0.04588816896615602	-0.17430040794917856	0.12022325751300866	-0.11044787846627412	0.10447022496457023	-0.06017600649075765	0.16087231338203778	-0.15518340099084643	0.12246691809824012	-0.1537354327892253	0.05719215680493054	-0.2021290370139584	0.17179411045417342	-0.16698541138969358	0.14593785157661338	-0.19777551992836478	0.23829681470433958	-0.18401418048226878	0.15353137481852697	-0.1393284872565909	0.1513692814190973	-0.4796895420862679	0.2523888373367362	-0.18648083200826238	0.15813975576256195	-0.22520368149260372	0.9999999999999973	-0.6582422488387754	0.2516204756954936	-0.16915579750192067	0.18504095732369719
0.08540308149437328	-0.07632512413056122	0.05891673207064783	-0.04643764629397527	0.03955884643889701	-0.08458497984806354	0.07616245510024479	-0.059102312386775636	0.04858924217819349	-0.03942786292616436	0.13696852043749413	-0.1042702331197041	0.09462381254533045	-0.09210198287929192	0.05177440277089305	-0.14113294549955807	0.13000183532653498	-0.10762490598791288	0.13158937561338185	-0.04974927067462619	0.15165686683752586	-0.16159811464552581	0.14855292953275062	-0.13457404879590817	0.16977751445556302	-0.2047397522242999	0.15891372855464309	-0.15284692922537307	0.13335712375190442	-0.14564331038995967	0.24038596794992978	-0.2613054989108184	0.20348824688973458	-0.1874249434066819	0.2012133090669108	-0.6582422488387754	0.9999999999999973	-0.5112002441799988	0.2096568871476811	-0.252258515247897
-0.09235006676745688	0.0820386158187297	-0.0654229008874506	0.051516489381549686	-0.04434381426547351	0.08796943439514979	-0.08350111353341218	0.0653370780678762	-0.0544823395197253	0.043990262667369474	-0.1429660867459577	0.11238656674607204	-0.11057009552246762	0.10537786256865803	-0.06462153747940902	0.1265282568771838	-0.14670079780773132	0.12416388210574404	-0.1583377724322656	0.06132649461307506	-0.13659433327214324	0.15240033527912827	-0.1755997527697326	0.16209893957832464	-0.22220667501780414	0.14950955582360642	-0.1494322619967235	0.1858411690379596	-0.17659056492419023	0.18339460079178221	-0.17609937582495394	0.1982385995257368	-0.42200116245870234	0.2778387039371189	-0.2934056050242245	0.2516204756954936	-0.5112002441799988	0.9999999999999971	-0.49022276301364676	0.2950719513482998
0.06606451082181708	-0.060094528197313854	0.04774305464180995	-0.0379364916455715	0.032490166875379645	-0.06376043433354367	0.060731978699573495	-0.04799998432689136	0.040026671164812205	-0.032448018556267166	0.10076595591180847	-0.0829170463226816	0.08170162995775959	-0.07919887144898625	0.04816992321804139	-0.09198055634778086	0.10668078698727763	-0.0932928449125555	0.11741928688989291	-0.04608723241321391	0.09529338798969367	-0.11442081445739839	0.1323172223168414	-0.12885760625615322	0.16633951879881048	-0.10685520095244039	0.10800123490209931	-0.1530199843711016	0.14793649430134873	-0.1554419630966987	0.11611836874672839	-0.14656734218686535	0.2639671544583667	-0.3825045988950906	0.23580540463750896	-0.16915579750192067	0.2096568871476811	-0.49022276301364676	0.9999999999999971	-0.6944675503856774
-0.09617093495412342	0.08606219576186068	-0.06941394678280478	0.054828602719823746	-0.04732644314997824	0.09088990780469425	-0.08793153198032644	0.06931733804826289	-0.0581497832139643	0.04694454008247085	-0.14540594824829167	0.11793950627466881	-0.11955384354779988	0.11359401133257695	-0.07260488234466622	0.1242765477539893	-0.15518075083594107	0.1321769056766917	-0.17127192541185188	0.06856330077775494	-0.1291236223394968	0.15049759121939263	-0.18297506484909673	0.17500381769238676	-0.2538655598453097	0.13547369465202236	-0.14232250866725024	0.18753584033271714	-0.18932204297981808	0.21040770075253604	-0.14694647239752154	0.17755983948637108	-0.27491926725362004	0.2629041700568522	-0.3948778134981529	0.18504095732369719	-0.252258515247897	0.2950719513482998	-0.6944675503856774	0.9999999999999973
