1.0	-0.5485391632131099	0.26271459291467525	-0.29210216229512104	0.19170180160708686	-0.6415031420365037	0.311803955775711	-0.24614257083321026	0.1624874310028704	-0.1429253185497474	0.2258586377641272	-0.22079505490476722	0.1778355643891654	-0.13848099307591577	0.12294675020485528	-0.09920162085608493	0.1601335466120903	-0.15757823353858427	0.13537749483047126	-0.12161868268783513	0.09627182796017691	-0.13227452722473826	0.11421188212975603	-0.14554839370512576	0.10719251392700854	-0.06424963029642441	0.06939391292368621	-0.09611916194665385	0.11132771496294368	-0.09394900281836456	0.060852413095074886	-0.07214638105829888	0.03260186691377776	-0.031186498045826076	0.1280914494045214
-0.5485391632131099	1.0000000000000002	-0.4894202545339771	0.2462793801688682	-0.1771786236386469	0.3066651803096786	-0.5338977623152099	0.23683270967691566	-0.15986416358823136	0.12662055724697874	-0.2178951721368944	0.21921057781866476	-0.18094503475063736	0.12784736891263654	-0.11317453013406367	0.08840869136917567	-0.14775472761467245	0.14180062443401253	-0.1243498193063975	0.10747497423019023	-0.08699775426247343	0.11614608155729683	-0.10247547592867101	0.12662447621586703	-0.09601863853818675	0.05629336289567087	-0.0611928899274655	0.08446728369737638	-0.09917307804796717	0.08209249791936628	-0.05283701401199317	0.061739482126302675	-0.028812734034441498	0.027485520275164148	-0.11374901450336598
0.26271459291467525	-0.4894202545339771	0.9999999999999999	-0.5314983413121812	0.2421476940577041	-0.24500800884791524	0.25135006614411437	-0.5068958039587571	0.22278685001357973	-0.17394838914422006	0.2151289718641648	-0.2117692916155144	0.20162744101922822	-0.17131197512228488	0.14760214614206912	-0.09739518587881517	0.16469074282568724	-0.17152717328623915	0.15351048766527975	-0.13609414226541272	0.09633475581702458	-0.13510611802011735	0.12130148250578421	-0.15471988741712453	0.11875838636495999	-0.06567399059305117	0.07145164702341182	-0.10067092646812295	0.11807526085034575	-0.1020208630990596	0.06224986021343842	-0.07321840170255786	0.034516704928827614	-0.032969826779263266	0.13964667171911177
-0.29210216229512104	0.2462793801688682	-0.5314983413121812	0.9999999999999992	-0.5425559561683587	0.22408857011879343	-0.23965644483231566	0.2861507817113437	-0.2605924826233059	0.22478887977349465	-0.29011546116391074	0.21244957417153257	-0.21996628884589114	0.1926882932126705	-0.19693514146844243	0.12490438069638693	-0.2213187577535624	0.19390287858760197	-0.19006298122414883	0.17035607848861498	-0.1283002936263581	0.16791814197127758	-0.15043734332433453	0.18847825286886657	-0.15865501843531876	0.08466876404150711	-0.09317612879961196	0.12666121349744544	-0.1547968932048683	0.13511569071765067	-0.08213616502601956	0.09412619406716234	-0.045779510550497844	0.043496591117907796	-0.19865557783066715
0.19170180160708686	-0.1771786236386469	0.2421476940577041	-0.5425559561683587	0.9999999999999993	-0.1958752229989074	0.17835127672240228	-0.28139185250651266	0.24142530741798426	-0.42651211916932424	0.2445921260723371	-0.19808087237905694	0.2072374507326084	-0.2212132389205065	0.24028516468188732	-0.1226899564995975	0.21196330384934128	-0.21086026020235712	0.20240511996895985	-0.20662003400743614	0.12307922500036368	-0.17985881352283903	0.1593075189700179	-0.2162080902654212	0.17293734748666814	-0.08973790558811236	0.09741992375998569	-0.13707036119502755	0.1608644462819682	-0.15591508396657447	0.08851357849850895	-0.10626335033789922	0.04823856477857387	-0.04623646917309067	0.20697305476593247
-0.6415031420365037	0.3066651803096786	-0.24500800884791524	0.22408857011879343	-0.1958752229989074	0.9999999999999997	-0.5377743018538113	0.214153438162629	-0.16737644754959824	0.13963012371674255	-0.32241718394834595	0.2507770268933681	-0.20596307452829624	0.14064188183228368	-0.12739356509879143	0.11620224343492015	-0.18698107781015047	0.16438117635508245	-0.14400983263639744	0.12442379950921213	-0.11510755325081766	0.1425510474430125	-0.12319935290397264	0.1500546056732189	-0.11357308442143854	0.07032099756520294	-0.07644952017374025	0.102351940896225	-0.12097243294400173	0.09736564377736234	-0.06581604076733552	0.07610613440683042	-0.0350940248380951	0.03342522904045808	-0.13720851744937929
0.311803955775711	-0.5338977623152099	0.25135006614411437	-0.23965644483231566	0.17835127672240228	-0.5377743018538113	0.9999999999999994	-0.25731510501855454	0.16682899533595305	-0.1395928482719138	0.25613525353089384	-0.44638458330429187	0.22278554078728202	-0.14687033032733646	0.12440894092477245	-0.10586695727860579	0.17093493623252956	-0.1760774041506603	0.14183297283412952	-0.12243558624718462	0.10088531340818876	-0.13854093328513797	0.11997237801774967	-0.14806755180214834	0.10722437970619544	-0.06536213312835419	0.07057103738368171	-0.09848343140590714	0.11310868569972507	-0.09222597090244435	0.060533236555656615	-0.07135249024829345	0.03275434081359117	-0.03131188718158924	0.12511007224052767
-0.24614257083321026	0.23683270967691566	-0.5068958039587571	0.2861507817113437	-0.28139185250651266	0.214153438162629	-0.25731510501855454	0.9999999999999983	-0.5148252995248265	0.22592085762346398	-0.2682799463817874	0.23811113795632696	-0.34892419894148546	0.25773751301041675	-0.21666321185203258	0.11759653562404238	-0.20870372648929034	0.2266512424037485	-0.22258801941918274	0.1793849054206745	-0.11884533875906121	0.16528287101146397	-0.15867704017075923	0.19472799262564547	-0.15930488051660643	0.080803822450622	-0.08892970665347978	0.1268372085128427	-0.1526114861618846	0.1299119918684711	-0.0759840545203995	0.08794248805227331	-0.04405205384068145	0.04191391190659456	-0.1812076555123491
0.1624874310028704	-0.15986416358823136	0.22278685001357973	-0.2605924826233059	0.24142530741798426	-0.16737644754959824	0.16682899533595305	-0.5148252995248265	0.9999999999999981	-0.3799435939852728	0.20889304777754558	-0.20242008830414884	0.2495962957178288	-0.5739711376646025	0.28115304687151865	-0.10336210133516265	0.18006422107582495	-0.23612654592880916	0.24384412552992915	-0.21548737847521607	0.10316911176090848	-0.157620743754879	0.15305679679018977	-0.2112425912952085	0.1631275593854187	-0.07552553260968069	0.08241446134964935	-0.12381878869535724	0.1435753788725579	-0.13479214986025012	0.07020637178553882	-0.08322468324786884	0.04156806796108358	-0.03984726642959323	0.16969286031034578
-0.1429253185497474	0.12662055724697874	-0.17394838914422006	0.22478887977349465	-0.42651211916932424	0.13963012371674255	-0.1395928482719138	0.22592085762346398	-0.3799435939852728	0.9999999999999989	-0.19915823512482658	0.16355629468205526	-0.20498375499649732	0.28948124142672627	-0.6724310262783926	0.09603290049315381	-0.173491971070509	0.19064767832931484	-0.22935406896122448	0.22354789682838558	-0.09792336259991712	0.14247580031140936	-0.13916091336338168	0.18432812908054286	-0.19123421666137894	0.07067593391878384	-0.07790718388873635	0.11365939362981373	-0.1385764663105753	0.14119387319490817	-0.06714264401270258	0.07833263788553585	-0.04110978162338493	0.03921420640919482	-0.193443539362603
0.2258586377641272	-0.2178951721368944	0.2151289718641648	-0.29011546116391074	0.2445921260723371	-0.32241718394834595	0.25613525353089384	-0.2682799463817874	0.20889304777754558	-0.19915823512482658	0.9999999999999984	-0.5096182203396702	0.275751225203389	-0.20124031118436395	0.1738722884663316	-0.330134092256587	0.2679710466595308	-0.272319442121308	0.20887898830984264	-0.18962478573649627	0.22529295732935037	-0.2523134321354892	0.19650743951677926	-0.25028951506325064	0.16383164167972708	-0.12801269823531072	0.1314324031692311	-0.17066054582720608	0.1864656690654934	-0.14747394521497306	0.11307928645238782	-0.13722842469852892	0.054480250457679305	-0.05241444346071908	0.19313264113828868
-0.22079505490476722	0.21921057781866476	-0.2117692916155144	0.21244957417153257	-0.19808087237905694	0.2507770268933681	-0.44638458330429187	0.23811113795632696	-0.20242008830414884	0.16355629468205526	-0.5096182203396702	0.9999999999999979	-0.531377532464647	0.19173180345087892	-0.15891137554973742	0.15323214898333049	-0.27141006511507326	0.24790519232323727	-0.1945037752166073	0.1547865898761584	-0.14488723171275214	0.19088843531491928	-0.16757885529230618	0.19175843919371585	-0.13704235662442127	0.08729308161593662	-0.09444581520369352	0.1305813806295395	-0.14989857029897952	0.11466980154743725	-0.07859273978466377	0.09171429144734136	-0.04261101313506912	0.04063986558362134	-0.1554300279776268
0.1778355643891654	-0.18094503475063736	0.20162744101922822	-0.21996628884589114	0.2072374507326084	-0.20596307452829624	0.22278554078728202	-0.34892419894148546	0.2495962957178288	-0.20498375499649732	0.275751225203389	-0.531377532464647	0.9999999999999956	-0.32931844199528715	0.19879768883653934	-0.13024497210582614	0.22132151478724654	-0.5172141768569928	0.2557863148877629	-0.1980625787034131	0.12558014649409785	-0.19958356369925248	0.2051146303722709	-0.23519446891496557	0.1595034360275348	-0.0895850412683354	0.09763830227716636	-0.15271586723523087	0.16682327084472923	-0.13201166225934893	0.08001152053890566	-0.09469466023374086	0.04709903728221763	-0.04510020820205565	0.16943985062324393
-0.13848099307591577	0.12784736891263654	-0.17131197512228488	0.1926882932126705	-0.2212132389205065	0.14064188183228368	-0.14687033032733646	0.25773751301041675	-0.5739711376646025	0.28948124142672627	-0.20124031118436395	0.19173180345087892	-0.32931844199528715	0.9999999999999992	-0.4946952007048863	0.09675348589228923	-0.17415748941032855	0.24324436949470035	-0.3974338884937586	0.23366539305289516	-0.0978324664350885	0.1481642156602414	-0.15567006191220484	0.20686859592702536	-0.17722442560800103	0.071362088621193	-0.0787519839257774	0.11968700753377651	-0.1427898949318356	0.13261150100084437	-0.06574000018057813	0.0769392612891151	-0.04064448649264309	0.03880791181777361	-0.1693107166006871
0.12294675020485528	-0.11317453013406367	0.14760214614206912	-0.19693514146844243	0.24028516468188732	-0.12739356509879143	0.12440894092477245	-0.21666321185203258	0.28115304687151865	-0.6724310262783926	0.1738722884663316	-0.15891137554973742	0.19879768883653934	-0.4946952007048863	0.9999999999999963	-0.08794193632365176	0.15595067392772868	-0.20217085662679504	0.2414795004982123	-0.3236105004464653	0.08860634531469404	-0.13631572119616672	0.1353898210380623	-0.19083074194123406	0.1878731393582619	-0.06606680321905116	0.07237434500638334	-0.10960127536606265	0.12940153349820502	-0.14335307976990935	0.061625257429927825	-0.07293243322427614	0.037980316155793295	-0.03643340026042863	0.17070617997733722
-0.09920162085608493	0.08840869136917567	-0.09739518587881517	0.12490438069638693	-0.1226899564995975	0.11620224343492015	-0.10586695727860579	0.11759653562404238	-0.10336210133516265	0.09603290049315381	-0.330134092256587	0.15323214898333049	-0.13024497210582614	0.09675348589228923	-0.08794193632365176	0.9999999999999952	-0.26876314677962526	0.13721985708520876	-0.11387775602266446	0.0987438234350361	-0.8343538832839863	0.21909530065680197	-0.14216897723323896	0.15066475323908565	-0.09148079499613544	0.16709998720461894	-0.16966709468395166	0.13060273245052265	-0.14542050139229928	0.08108108089233404	-0.1191239134763577	0.11929983196378191	-0.039937160469755956	0.0378459851557442	-0.10996929380372916
0.1601335466120903	-0.14775472761467245	0.16469074282568724	-0.2213187577535624	0.21196330384934128	-0.18698107781015047	0.17093493623252956	-0.20870372648929034	0.18006422107582495	-0.173491971070509	0.2679710466595308	-0.27141006511507326	0.22132151478724654	-0.17415748941032855	0.15595067392772868	-0.26876314677962526	0.9999999999999963	-0.27188636896104196	0.20920973662643344	-0.1834291403727948	0.22686298834039978	-0.6597468346144425	0.27533391214665626	-0.3191959541324132	0.16379559685573442	-0.14939538918757977	0.15547734436228852	-0.2230644091099689	0.22326013504714515	-0.14582016114591506	0.12635370156909176	-0.15594122660498194	0.06371701048832562	-0.061582288174601305	0.18881962235914995
-0.15757823353858427	0.14180062443401253	-0.17152717328623915	0.19390287858760197	-0.21086026020235712	0.16438117635508245	-0.1760774041506603	0.2266512424037485	-0.23612654592880916	0.19064767832931484	-0.272319442121308	0.24790519232323727	-0.5172141768569928	0.24324436949470035	-0.20217085662679504	0.13721985708520876	-0.27188636896104196	1.0000000000000002	-0.48092800556502613	0.23355898342911108	-0.14326692072652691	0.23578752544302176	-0.40831085942574524	0.29211671943149	-0.20644291313491106	0.10785065035587936	-0.12347464186240373	0.20362122247162256	-0.2341175604400154	0.15504137591600922	-0.09478642362474649	0.10867937209162346	-0.06211313799521628	0.05861815964605255	-0.20791485190788533
0.13537749483047126	-0.1243498193063975	0.15351048766527975	-0.19006298122414883	0.20240511996895985	-0.14400983263639744	0.14183297283412952	-0.22258801941918274	0.24384412552992915	-0.22935406896122448	0.20887898830984264	-0.1945037752166073	0.2557863148877629	-0.3974338884937586	0.2414795004982123	-0.11387775602266446	0.20920973662643344	-0.48092800556502613	0.9999999999999948	-0.49236421475335623	0.11624264317292028	-0.1975245303094175	0.2331460147482376	-0.41116312620200113	0.24846083919690104	-0.09218031902667218	0.10193286367736025	-0.1707977838841349	0.1965259958128484	-0.1867273142030588	0.08179905002059687	-0.09664223367998173	0.053937752824844004	-0.051823729944756425	0.20930808577163645
-0.12161868268783513	0.10747497423019023	-0.13609414226541272	0.17035607848861498	-0.20662003400743614	0.12442379950921213	-0.12243558624718462	0.1793849054206745	-0.21548737847521607	0.22354789682838558	-0.18962478573649627	0.1547865898761584	-0.1980625787034131	0.23366539305289516	-0.3236105004464653	0.0987438234350361	-0.1834291403727948	0.23355898342911108	-0.49236421475335623	0.9999999999999947	-0.10175677880347599	0.15710967204245468	-0.17181458006788838	0.24492861508905436	-0.602371067601581	0.07843497023854142	-0.08721543993741303	0.13526925668228243	-0.1697478432723598	0.2536265464538649	-0.07272347054355532	0.08498474994860822	-0.051594004938562255	0.04944155521968383	-0.3053251445403516
0.09627182796017691	-0.08699775426247343	0.09633475581702458	-0.1283002936263581	0.12307922500036368	-0.11510755325081766	0.10088531340818876	-0.11884533875906121	0.10316911176090848	-0.09792336259991712	0.22529295732935037	-0.14488723171275214	0.12558014649409785	-0.0978324664350885	0.08860634531469404	-0.8343538832839863	0.22686298834039978	-0.14326692072652691	0.11624264317292028	-0.10175677880347599	0.9999999999999968	-0.2891061739762528	0.152585654587143	-0.16367883587726978	0.0929919666957425	-0.23394869079189906	0.17647862801575603	-0.1440867075130386	0.14720046074750753	-0.0832312938866978	0.12533671998858031	-0.1362095389984437	0.04122682915174712	-0.039423273470989686	0.1103978012294218
-0.13227452722473826	0.11614608155729683	-0.13510611802011735	0.16791814197127758	-0.17985881352283903	0.1425510474430125	-0.13854093328513797	0.16528287101146397	-0.157620743754879	0.14247580031140936	-0.2523134321354892	0.19088843531491928	-0.19958356369925248	0.1481642156602414	-0.13631572119616672	0.21909530065680197	-0.6597468346144425	0.23578752544302176	-0.1975245303094175	0.15710967204245468	-0.2891061739762528	0.999999999999992	-0.46721822100795324	0.27159373740155796	-0.15194905080667095	0.14963542112293698	-0.17637921366310902	0.22960160835526422	-0.2566025683428082	0.128323561442552	-0.12300598974631516	0.13600201441564752	-0.06703038895628936	0.06297118944244581	-0.17643379691298494
0.11421188212975603	-0.10247547592867101	0.12130148250578421	-0.15043734332433453	0.1593075189700179	-0.12319935290397264	0.11997237801774967	-0.15867704017075923	0.15305679679018977	-0.13916091336338168	0.19650743951677926	-0.16757885529230618	0.2051146303722709	-0.15567006191220484	0.1353898210380623	-0.14216897723323896	0.27533391214665626	-0.40831085942574524	0.2331460147482376	-0.17181458006788838	0.152585654587143	-0.46721822100795324	0.9999999999999964	-0.5045279796822398	0.1585128050922839	-0.1424760715431339	0.16181453694167502	-0.4609383705826005	0.2941899137615331	-0.13083675640264125	0.10614501012248746	-0.12489322923549354	0.07648629790937793	-0.07351338578303354	0.16542493814920164
-0.14554839370512576	0.12662447621586703	-0.15471988741712453	0.18847825286886657	-0.2162080902654212	0.1500546056732189	-0.14806755180214834	0.19472799262564547	-0.2112425912952085	0.18432812908054286	-0.25028951506325064	0.19175843919371585	-0.23519446891496557	0.20686859592702536	-0.19083074194123406	0.15066475323908565	-0.3191959541324132	0.29211671943149	-0.41116312620200113	0.24492861508905436	-0.16367883587726978	0.27159373740155796	-0.5045279796822398	0.9999999999999929	-0.2766120198090055	0.13614794788864015	-0.15894859274656417	0.2765310597159198	-0.4249881058521903	0.19069197450172776	-0.11856489328475693	0.13422564366889347	-0.09094121946832248	0.08545995902903805	-0.2537377296741915
0.10719251392700854	-0.09601863853818675	0.11875838636495999	-0.15865501843531876	0.17293734748666814	-0.11357308442143854	0.10722437970619544	-0.15930488051660643	0.1631275593854187	-0.19123421666137894	0.16383164167972708	-0.13704235662442127	0.1595034360275348	-0.17722442560800103	0.1878731393582619	-0.09148079499613544	0.16379559685573442	-0.20644291313491106	0.24846083919690104	-0.602371067601581	0.0929919666957425	-0.15194905080667095	0.1585128050922839	-0.2766120198090055	0.9999999999999938	-0.07561830622457205	0.08265783646619214	-0.1335961976054444	0.16166550130995938	-0.562979177769076	0.06939751031848598	-0.08346512522263931	0.049620129500070574	-0.048469207239968004	0.29717952423385097
-0.06424963029642441	0.05629336289567087	-0.06567399059305117	0.08466876404150711	-0.08973790558811236	0.07032099756520294	-0.06536213312835419	0.080803822450622	-0.07552553260968069	0.07067593391878384	-0.12801269823531072	0.08729308161593662	-0.0895850412683354	0.071362088621193	-0.06606680321905116	0.16709998720461894	-0.14939538918757977	0.10785065035587936	-0.09218031902667218	0.07843497023854142	-0.23394869079189906	0.14963542112293698	-0.1424760715431339	0.13614794788864015	-0.07561830622457205	0.9999999999999949	-0.7946065499563735	0.2032422823756197	-0.2082631550175363	0.06900367742962907	-0.37868169582094674	0.258875817338318	-0.05323551524449211	0.049592323833255084	-0.09205186291907326
0.06939391292368621	-0.0611928899274655	0.07145164702341182	-0.09317612879961196	0.09741992375998569	-0.07644952017374025	0.07057103738368171	-0.08892970665347978	0.08241446134964935	-0.07790718388873635	0.1314324031692311	-0.09444581520369352	0.09763830227716636	-0.0787519839257774	0.07237434500638334	-0.16966709468395166	0.15547734436228852	-0.12347464186240373	0.10193286367736025	-0.08721543993741303	0.17647862801575603	-0.17637921366310902	0.16181453694167502	-0.15894859274656417	0.08265783646619214	-0.7946065499563735	0.9999999999999941	-0.3225668037132268	0.21285942392724622	-0.07594808531742715	0.2452317661686838	-0.3127438307489273	0.05898956294085376	-0.05652489389938491	0.09898498875310947
-0.09611916194665385	0.08446728369737638	-0.10067092646812295	0.12666121349744544	-0.13707036119502755	0.102351940896225	-0.09848343140590714	0.1268372085128427	-0.12381878869535724	0.11365939362981373	-0.17066054582720608	0.1305813806295395	-0.15271586723523087	0.11968700753377651	-0.10960127536606265	0.13060273245052265	-0.2230644091099689	0.20362122247162256	-0.1707977838841349	0.13526925668228243	-0.1440867075130386	0.22960160835526422	-0.4609383705826005	0.2765310597159198	-0.1335961976054444	0.2032422823756197	-0.3225668037132268	0.999999999999995	-0.6839676239969381	0.12211288637525865	-0.14059855968054796	0.157153832878567	-0.14112030992328495	0.1239595381002247	-0.15489355270581884
0.11132771496294368	-0.09917307804796717	0.11807526085034575	-0.1547968932048683	0.1608644462819682	-0.12097243294400173	0.11310868569972507	-0.1526114861618846	0.1435753788725579	-0.1385764663105753	0.1864656690654934	-0.14989857029897952	0.16682327084472923	-0.1427898949318356	0.12940153349820502	-0.14542050139229928	0.22326013504714515	-0.2341175604400154	0.1965259958128484	-0.1697478432723598	0.14720046074750753	-0.2566025683428082	0.2941899137615331	-0.4249881058521903	0.16166550130995938	-0.2082631550175363	0.21285942392724622	-0.6839676239969381	0.9999999999999938	-0.16683057304726318	0.1436773539732204	-0.1877623032901987	0.14553493952528257	-0.16874956523551415	0.18160824037307802
-0.09394900281836456	0.08209249791936628	-0.1020208630990596	0.13511569071765067	-0.15591508396657447	0.09736564377736234	-0.09222597090244435	0.1299119918684711	-0.13479214986025012	0.14119387319490817	-0.14747394521497306	0.11466980154743725	-0.13201166225934893	0.13261150100084437	-0.14335307976990935	0.08108108089233404	-0.14582016114591506	0.15504137591600922	-0.1867273142030588	0.2536265464538649	-0.0832312938866978	0.128323561442552	-0.13083675640264125	0.19069197450172776	-0.562979177769076	0.06900367742962907	-0.07594808531742715	0.12211288637525865	-0.16683057304726318	0.9999999999999941	-0.06428479696038923	0.07673595113631748	-0.05994540816976595	0.05864558698219563	-0.7019400538365974
0.060852413095074886	-0.05283701401199317	0.06224986021343842	-0.08213616502601956	0.08851357849850895	-0.06581604076733552	0.060533236555656615	-0.0759840545203995	0.07020637178553882	-0.06714264401270258	0.11307928645238782	-0.07859273978466377	0.08001152053890566	-0.06574000018057813	0.061625257429927825	-0.1191239134763577	0.12635370156909176	-0.09478642362474649	0.08179905002059687	-0.07272347054355532	0.12533671998858031	-0.12300598974631516	0.10614501012248746	-0.11856489328475693	0.06939751031848598	-0.37868169582094674	0.2452317661686838	-0.14059855968054796	0.1436773539732204	-0.06428479696038923	0.9999999999999938	-0.8582556369287233	0.04664528089162274	-0.04459774856634892	0.08775911389036997
-0.07214638105829888	0.061739482126302675	-0.07321840170255786	0.09412619406716234	-0.10626335033789922	0.07610613440683042	-0.07135249024829345	0.08794248805227331	-0.08322468324786884	0.07833263788553585	-0.13722842469852892	0.09171429144734136	-0.09469466023374086	0.0769392612891151	-0.07293243322427614	0.11929983196378191	-0.15594122660498194	0.10867937209162346	-0.09664223367998173	0.08498474994860822	-0.1362095389984437	0.13600201441564752	-0.12489322923549354	0.13422564366889347	-0.08346512522263931	0.258875817338318	-0.3127438307489273	0.157153832878567	-0.1877623032901987	0.07673595113631748	-0.8582556369287233	0.9999999999999933	-0.058747316370214235	0.05400818532152986	-0.10874719384133198
0.03260186691377776	-0.028812734034441498	0.034516704928827614	-0.045779510550497844	0.04823856477857387	-0.0350940248380951	0.03275434081359117	-0.04405205384068145	0.04156806796108358	-0.04110978162338493	0.054480250457679305	-0.04261101313506912	0.04709903728221763	-0.04064448649264309	0.037980316155793295	-0.039937160469755956	0.06371701048832562	-0.06211313799521628	0.053937752824844004	-0.051594004938562255	0.04122682915174712	-0.06703038895628936	0.07648629790937793	-0.09094121946832248	0.049620129500070574	-0.05323551524449211	0.05898956294085376	-0.14112030992328495	0.14553493952528257	-0.05994540816976595	0.04664528089162274	-0.058747316370214235	0.9999999999999938	-0.9695160201682784	0.07890575255247474
-0.031186498045826076	0.027485520275164148	-0.032969826779263266	0.043496591117907796	-0.04623646917309067	0.03342522904045808	-0.03131188718158924	0.04191391190659456	-0.03984726642959323	0.03921420640919482	-0.05241444346071908	0.04063986558362134	-0.04510020820205565	0.03880791181777361	-0.03643340026042863	0.0378459851557442	-0.061582288174601305	0.05861815964605255	-0.051823729944756425	0.04944155521968383	-0.039423273470989686	0.06297118944244581	-0.07351338578303354	0.08545995902903805	-0.048469207239968004	0.049592323833255084	-0.05652489389938491	0.1239595381002247	-0.16874956523551415	0.05864558698219563	-0.04459774856634892	0.05400818532152986	-0.9695160201682784	0.9999999999999938	-0.08367983087972732
0.1280914494045214	-0.11374901450336598	0.13964667171911177	-0.19865557783066715	0.20697305476593247	-0.13720851744937929	0.12511007224052767	-0.1812076555123491	0.16969286031034578	-0.193443539362603	0.19313264113828868	-0.1554300279776268	0.16943985062324393	-0.1693107166006871	0.17070617997733722	-0.10996929380372916	0.18881962235914995	-0.20791485190788533	0.20930808577163645	-0.3053251445403516	0.1103978012294218	-0.17643379691298494	0.16542493814920164	-0.2537377296741915	0.29717952423385097	-0.09205186291907326	0.09898498875310947	-0.15489355270581884	0.18160824037307802	-0.7019400538365974	0.08775911389036997	-0.10874719384133198	0.07890575255247474	-0.08367983087972732	0.9999999999999938
