1.0000000000000002	-0.5262654830573479	0.10586608219398833	-0.08737964693207431	0.09601285376070409	-0.6246156525342689	0.30911509008278676	-0.09673413898482942	0.09107627955035176	-0.07531541168249539	0.26979329944842556	-0.28342745358237587	0.10693698363944276	-0.09402486333839422	0.14876506946553303	-0.24525996589301371	0.13256120696430654	-0.12885039610424653	0.07018973640386028	-0.06751468425812356	0.1357209131565564	-0.10943677569803781	0.08467270373847731	-0.05447582943894285	0.04977130611853623	-0.19792806029744414	0.0971427152377215	-0.103616344390662	0.05655748974422879	-0.05933702331266337
-0.5262654830573479	1.0000000000000004	-0.09764357645425736	0.06597289721356386	-0.07238195666389743	0.31194177106441795	-0.7547909877696235	0.08659700868831835	-0.07059015131517797	0.05611407772900421	-0.19651353932136972	0.16625285365475811	-0.07927002357244563	0.06671353776959628	-0.11073411733978131	0.12278956184306387	-0.08448370908404315	0.07796169897269231	-0.0472317206207123	0.04464172913894892	-0.07094544958338657	0.05522239663859233	-0.045455876167168334	0.03417107698121835	-0.0319564971048271	0.0947808863341143	-0.049829543638241346	0.05326382033558515	-0.035408774325080584	0.037078089653485816
0.10586608219398833	-0.09764357645425736	1.0000000000000004	-0.3617570540704363	0.17927517514251712	-0.09783383817953323	0.09076147032277307	-0.7963632531221204	0.26129668859942823	-0.15666137325278406	0.10792774150717005	-0.24811354677610356	0.24618672630314095	-0.24075299584148224	0.1932370197659044	-0.10456573764722349	0.13480415120116532	-0.16474625193070727	0.11403379286562498	-0.11139557421367656	0.06472068164513499	-0.060218319360044244	0.0596525447969659	-0.07473336136328966	0.07009063885907343	-0.08801808570164628	0.05396953766654354	-0.06719973372549307	0.07076943566876495	-0.082588984899398
-0.08737964693207431	0.06597289721356386	-0.3617570540704363	1.0000000000000007	-0.46617228907684527	0.07458519962931691	-0.06134815121717019	0.25077328965181805	-0.6536264810873804	0.26920272758517133	-0.09595010747111003	0.21449602215033378	-0.23943346897494755	0.2431372460183737	-0.29593476452883793	0.09295289024950337	-0.12801932986139522	0.14351007314267863	-0.12608675636341346	0.11703577329669809	-0.05872067450335861	0.05531869912554203	-0.05642423671762938	0.07709244854093537	-0.07427697192772081	0.07901163409021085	-0.04993843229581177	0.0626403158003157	-0.07462517413141262	0.08396432266508123
0.09601285376070409	-0.07238195666389743	0.17927517514251712	-0.46617228907684527	1.0000000000000007	-0.08555455169941675	0.0655317637153738	-0.17150280396641074	0.27163853581652486	-0.704863586959901	0.11043925671728774	-0.287392870931907	0.17130880530766926	-0.19884334633550407	0.30068491887742876	-0.11411546993763765	0.13036995197776058	-0.15477471718813665	0.11466735569901977	-0.12148411979406752	0.07067113880721569	-0.06604539600418513	0.06368945831944933	-0.07835815266615549	0.07546245045522874	-0.09898588870725408	0.0590929451874154	-0.07355046655634917	0.07545002876535081	-0.09026902206128085
-0.6246156525342689	0.31194177106441795	-0.09783383817953323	0.07458519962931691	-0.08555455169941675	1.000000000000001	-0.5326030354856672	0.08682665087926969	-0.07992059269251216	0.06610186640035486	-0.40658885388497934	0.2003897394250354	-0.09120352530791144	0.07766784778396311	-0.13350078714108488	0.19041827158125818	-0.10726999415224656	0.09865485393993866	-0.05753656322528505	0.05451238597735244	-0.10708384615956704	0.07934758612410885	-0.06318945450285736	0.042962247213925914	-0.039788319396150656	0.13894588456363557	-0.07161176460975911	0.07437760668871035	-0.044827744770623894	0.04639661247057579
0.30911509008278676	-0.7547909877696235	0.09076147032277307	-0.06134815121717019	0.0655317637153738	-0.5326030354856672	1.0000000000000016	-0.09162368374320798	0.06589003303643175	-0.051145785530265726	0.1780176415531845	-0.1799766617021876	0.07509284379015814	-0.06280668955688382	0.09947423902220424	-0.11879368853536074	0.08031219163560506	-0.07380837940285287	0.0435336523506153	-0.04111604760225426	0.0662674193131082	-0.051733048911455165	0.042187884363806015	-0.03147429583132691	0.029332635913435736	-0.08954512808811801	0.046441992897337706	-0.04961334903757512	0.03247997617040141	-0.034059901753272975
-0.09673413898482942	0.08659700868831835	-0.7963632531221204	0.25077328965181805	-0.17150280396641074	0.08682665087926969	-0.09162368374320798	1.0000000000000027	-0.3312564569286866	0.14374553663717599	-0.09578118610024518	0.19738192538924687	-0.3635109512266507	0.23424019322050568	-0.19258440690946693	0.08871027326543944	-0.130166847371375	0.14931466350532632	-0.1104375969525989	0.10157457652076453	-0.05553684630382721	0.05159921055093271	-0.052591785472795756	0.0681827032887153	-0.06434409068827689	0.07368765015216183	-0.04649653213857569	0.05786232005180428	-0.06507570392520437	0.07351028203279183
0.09107627955035176	-0.07059015131517797	0.26129668859942823	-0.6536264810873804	0.27163853581652486	-0.07992059269251216	0.06589003303643175	-0.3312564569286866	1.0000000000000022	-0.3154274412230872	0.10176707384757	-0.24174843450404507	0.2601017872428401	-0.43306842889225305	0.25199568653889265	-0.10088001072524808	0.13660427175107479	-0.16409747643523573	0.14475978328445	-0.13862715380663795	0.06343103021974245	-0.06035809217064602	0.061608369320592216	-0.08903274170651698	0.0829713463956456	-0.0859081402799177	0.05418778253384836	-0.06879182272027991	0.08160854266190834	-0.09560378631167696
-0.07531541168249539	0.05611407772900421	-0.15666137325278406	0.26920272758517133	-0.704863586959901	0.06610186640035486	-0.051145785530265726	0.14374553663717599	-0.3154274412230872	0.9999999999999996	-0.08616400261657775	0.21515913901029407	-0.1539071230489421	0.17495019481455418	-0.536060980737909	0.08764949228287697	-0.10528199793734316	0.12267843368370446	-0.1068032862630249	0.11128513724111758	-0.05479961805107157	0.05168687644212008	-0.05113677993564951	0.06850273056921859	-0.06803003577316614	0.07590426657988866	-0.04640749360483794	0.05823395131139472	-0.06622590380215376	0.07701639013232833
0.26979329944842556	-0.19651353932136972	0.10792774150717005	-0.09595010747111003	0.11043925671728774	-0.40658885388497934	0.1780176415531845	-0.09578118610024518	0.10176707384757	-0.08616400261657775	1.000000000000004	-0.33256723749673917	0.1248329072472124	-0.10853475417720757	0.17459504791137842	-0.6073562688640649	0.1855303821969342	-0.17370757125450326	0.08615056992881734	-0.08222374668338941	0.2560943509669294	-0.18446986452645087	0.1318851145872623	-0.0704476653757081	0.06275799679468744	-0.34876446036587516	0.16134929154588165	-0.16103513989485177	0.07366641349744425	-0.07470268971711552
-0.28342745358237587	0.16625285365475811	-0.24811354677610356	0.21449602215033378	-0.287392870931907	0.2003897394250354	-0.1799766617021876	0.19738192538924687	-0.24174843450404507	0.21515913901029407	-0.33256723749673917	1.0000000000000018	-0.3080332183240951	0.22771567410858676	-0.4701969756968398	0.22171885107169162	-0.405461321435632	0.2717313649384187	-0.16825315630432108	0.15331747182525785	-0.13794367109516084	0.11459037480741381	-0.11073710437408553	0.1100181150415157	-0.10699219252932979	0.17027463838668047	-0.1052938556876425	0.11985538291685918	-0.11520834946194022	0.1184444971763138
0.10693698363944276	-0.07927002357244563	0.24618672630314095	-0.23943346897494755	0.17130880530766926	-0.09120352530791144	0.07509284379015814	-0.3635109512266507	0.2601017872428401	-0.1539071230489421	0.1248329072472124	-0.3080332183240951	1.0000000000000013	-0.6779212862907845	0.22762169860304585	-0.12293445177377584	0.2177971444901158	-0.3421075766616127	0.18744012133078908	-0.17455542329174004	0.07738235161779594	-0.07462597223570482	0.08008896577769609	-0.11289151915177656	0.10197748370521668	-0.1005730088828295	0.06652515776076512	-0.08602624765063563	0.099926926062927	-0.11622610648496423
-0.09402486333839422	0.06671353776959628	-0.24075299584148224	0.2431372460183737	-0.19884334633550407	0.07766784778396311	-0.06280668955688382	0.23424019322050568	-0.43306842889225305	0.17495019481455418	-0.10853475417720757	0.22771567410858676	-0.6779212862907845	1.000000000000001	-0.2816338261330071	0.10346537672395138	-0.18301039153054327	0.20462258968998795	-0.29390409878927476	0.19247743774357504	-0.06715784195863682	0.06559184105602013	-0.07281279733969775	0.12594462169537704	-0.11584218069950787	0.08657458915276832	-0.059366624386841635	0.07709915361331776	-0.11313974095615059	0.12261956283559208
0.14876506946553303	-0.11073411733978131	0.1932370197659044	-0.29593476452883793	0.30068491887742876	-0.13350078714108488	0.09947423902220424	-0.19258440690946693	0.25199568653889265	-0.536060980737909	0.17459504791137842	-0.4701969756968398	0.22762169860304585	-0.2816338261330071	0.9999999999999987	-0.1837927464726366	0.19926932454309232	-0.23971859166694987	0.18968222816857833	-0.23653938695055002	0.11376407681150248	-0.1069320126305373	0.10268605812457472	-0.13162052779132882	0.1308355224332918	-0.16086524968375457	0.09553033158204566	-0.11956531573410233	0.12561223882531505	-0.15407377125600247
-0.24525996589301371	0.12278956184306387	-0.10456573764722349	0.09295289024950337	-0.11411546993763765	0.19041827158125818	-0.11879368853536074	0.08871027326543944	-0.10088001072524808	0.08764949228287697	-0.6073562688640649	0.22171885107169162	-0.12293445177377584	0.10346537672395138	-0.1837927464726366	0.9999999999999993	-0.24053670835309593	0.17150953590630222	-0.08514621034333819	0.07912331003291183	-0.5430565622215003	0.18208563566923794	-0.13998181589040656	0.06819256933807004	-0.061132905693028	0.2918501307522381	-0.1747856369478126	0.14397779115165926	-0.07240238911846024	0.07029687854839795
0.13256120696430654	-0.08448370908404315	0.13480415120116532	-0.12801932986139522	0.13036995197776058	-0.10726999415224656	0.08031219163560506	-0.130166847371375	0.13660427175107479	-0.10528199793734316	0.1855303821969342	-0.405461321435632	0.2177971444901158	-0.18301039153054327	0.19926932454309232	-0.24053670835309593	0.999999999999997	-0.789150217645207	0.1270393609902529	-0.11838968732173374	0.12605019321038652	-0.11135486635797451	0.11356802999440166	-0.08659352357957824	0.07831767632462962	-0.1439234270471704	0.0956580498287594	-0.1174667615598763	0.08342773164002595	-0.09020088351129174
-0.12885039610424653	0.07796169897269231	-0.16474625193070727	0.14351007314267863	-0.15477471718813665	0.09865485393993866	-0.07380837940285287	0.14931466350532632	-0.16409747643523573	0.12267843368370446	-0.17370757125450326	0.2717313649384187	-0.3421075766616127	0.20462258968998795	-0.23971859166694987	0.17150953590630222	-0.789150217645207	0.9999999999999986	-0.15990550155596722	0.1304453105151258	-0.11140058153352649	0.10414855199713295	-0.13175317068700648	0.09607919485431721	-0.08813464166611117	0.1235757734210528	-0.09253489262180337	0.11756482014720396	-0.09424775709671403	0.09714085873670411
0.07018973640386028	-0.0472317206207123	0.11403379286562498	-0.12608675636341346	0.11466735569901977	-0.05753656322528505	0.0435336523506153	-0.1104375969525989	0.14475978328445	-0.1068032862630249	0.08615056992881734	-0.16825315630432108	0.18744012133078908	-0.29390409878927476	0.18968222816857833	-0.08514621034333819	0.1270393609902529	-0.15990550155596722	0.9999999999999961	-0.7228296181421399	0.06120671808088978	-0.07303845948725593	0.0950921575614389	-0.4019857470109438	0.2799625306010927	-0.07878534703388135	0.06550276906247848	-0.09921998009085672	0.23721029141703825	-0.2853070255619295
-0.06751468425812356	0.04464172913894892	-0.11139557421367656	0.11703577329669809	-0.12148411979406752	0.05451238597735244	-0.04111604760225426	0.10157457652076453	-0.13862715380663795	0.11128513724111758	-0.08222374668338941	0.15331747182525785	-0.17455542329174004	0.19247743774357504	-0.23653938695055002	0.07912331003291183	-0.11838968732173374	0.1304453105151258	-0.7228296181421399	0.9999999999999951	-0.05738293816516571	0.06671335643363636	-0.08845597001305595	0.27338811931383383	-0.46455809101578366	0.07315222012468597	-0.06158977364854972	0.08995811516814577	-0.2575262064671687	0.25656347804198576
0.1357209131565564	-0.07094544958338657	0.06472068164513499	-0.05872067450335861	0.07067113880721569	-0.10708384615956704	0.0662674193131082	-0.05553684630382721	0.06343103021974245	-0.05479961805107157	0.2560943509669294	-0.13794367109516084	0.07738235161779594	-0.06715784195863682	0.11376407681150248	-0.5430565622215003	0.12605019321038652	-0.11140058153352649	0.06120671808088978	-0.05738293816516571	0.9999999999999972	-0.3333489692525405	0.1688252788112958	-0.05823599205114876	0.04851168687007922	-0.6634001692420889	0.24691930226271883	-0.18541858840142234	0.06170119136885169	-0.05683458461980049
-0.10943677569803781	0.05522239663859233	-0.060218319360044244	0.05531869912554203	-0.06604539600418513	0.07934758612410885	-0.051733048911455165	0.05159921055093271	-0.06035809217064602	0.05168687644212008	-0.18446986452645087	0.11459037480741381	-0.07462597223570482	0.06559184105602013	-0.1069320126305373	0.18208563566923794	-0.11135486635797451	0.10414855199713295	-0.07303845948725593	0.06671335643363636	-0.3333489692525405	0.9999999999999941	-0.5034246966147093	0.08622220188120464	-0.06551486807026764	0.2714789031513233	-0.6765062979050696	0.3095547169166927	-0.08975646415546472	0.07320375258639139
0.08467270373847731	-0.045455876167168334	0.0596525447969659	-0.05642423671762938	0.06368945831944933	-0.06318945450285736	0.042187884363806015	-0.052591785472795756	0.061608369320592216	-0.05113677993564951	0.1318851145872623	-0.11073710437408553	0.08008896577769609	-0.07281279733969775	0.10268605812457472	-0.13998181589040656	0.11356802999440166	-0.13175317068700648	0.0950921575614389	-0.08845597001305595	0.1688252788112958	-0.5034246966147093	0.9999999999999941	-0.15033933524561371	0.09374595280339974	-0.20028290854512204	0.2975894371735275	-0.7544848723258728	0.13350921844664776	-0.1077303699878589
-0.05447582943894285	0.03417107698121835	-0.07473336136328966	0.07709244854093537	-0.07835815266615549	0.042962247213925914	-0.03147429583132691	0.0681827032887153	-0.08903274170651698	0.06850273056921859	-0.0704476653757081	0.1100181150415157	-0.11289151915177656	0.12594462169537704	-0.13162052779132882	0.06819256933807004	-0.08659352357957824	0.09607919485431721	-0.4019857470109438	0.27338811931383383	-0.05823599205114876	0.08622220188120464	-0.15033933524561371	0.9999999999999931	-0.5027541990383737	0.0718782030147968	-0.0781338239036643	0.13160601360642235	-0.6560434941012564	0.32287996291607934
0.04977130611853623	-0.0319564971048271	0.07009063885907343	-0.07427697192772081	0.07546245045522874	-0.039788319396150656	0.029332635913435736	-0.06434409068827689	0.0829713463956456	-0.06803003577316614	0.06275799679468744	-0.10699219252932979	0.10197748370521668	-0.11584218069950787	0.1308355224332918	-0.061132905693028	0.07831767632462962	-0.08813464166611117	0.2799625306010927	-0.46455809101578366	0.04851168687007922	-0.06551486807026764	0.09374595280339974	-0.5027541990383737	0.9999999999999923	-0.06154665890540878	0.05924264132533025	-0.09649153797314727	0.3123939334919819	-0.6340106116105235
-0.19792806029744414	0.0947808863341143	-0.08801808570164628	0.07901163409021085	-0.09898588870725408	0.13894588456363557	-0.08954512808811801	0.07368765015216183	-0.0859081402799177	0.07590426657988866	-0.34876446036587516	0.17027463838668047	-0.1005730088828295	0.08657458915276832	-0.16086524968375457	0.2918501307522381	-0.1439234270471704	0.1235757734210528	-0.07878534703388135	0.07315222012468597	-0.6634001692420889	0.2714789031513233	-0.20028290854512204	0.0718782030147968	-0.06154665890540878	0.9999999999999927	-0.429814464351694	0.20451488402385717	-0.07806582069180155	0.07077715407659885
0.0971427152377215	-0.049829543638241346	0.05396953766654354	-0.04993843229581177	0.0590929451874154	-0.07161176460975911	0.046441992897337706	-0.04649653213857569	0.05418778253384836	-0.04640749360483794	0.16134929154588165	-0.1052938556876425	0.06652515776076512	-0.059366624386841635	0.09553033158204566	-0.1747856369478126	0.0956580498287594	-0.09253489262180337	0.06550276906247848	-0.06158977364854972	0.24691930226271883	-0.6765062979050696	0.2975894371735275	-0.0781338239036643	0.05924264132533025	-0.429814464351694	0.9999999999999929	-0.4697302258096457	0.08405014437234026	-0.07116273688675523
-0.103616344390662	0.05326382033558515	-0.06719973372549307	0.0626403158003157	-0.07355046655634917	0.07437760668871035	-0.04961334903757512	0.05786232005180428	-0.06879182272027991	0.05823395131139472	-0.16103513989485177	0.11985538291685918	-0.08602624765063563	0.07709915361331776	-0.11956531573410233	0.14397779115165926	-0.1174667615598763	0.11756482014720396	-0.09921998009085672	0.08995811516814577	-0.18541858840142234	0.3095547169166927	-0.7544848723258728	0.13160601360642235	-0.09649153797314727	0.20451488402385717	-0.4697302258096457	0.9999999999999931	-0.1581621005465978	0.10986359468540602
0.05655748974422879	-0.035408774325080584	0.07076943566876495	-0.07462517413141262	0.07545002876535081	-0.044827744770623894	0.03247997617040141	-0.06507570392520437	0.08160854266190834	-0.06622590380215376	0.07366641349744425	-0.11520834946194022	0.099926926062927	-0.11313974095615059	0.12561223882531505	-0.07240238911846024	0.08342773164002595	-0.09424775709671403	0.23721029141703825	-0.2575262064671687	0.06170119136885169	-0.08975646415546472	0.13350921844664776	-0.6560434941012564	0.3123939334919819	-0.07806582069180155	0.08405014437234026	-0.1581621005465978	0.9999999999999931	-0.607647938583191
-0.05933702331266337	0.037078089653485816	-0.082588984899398	0.08396432266508123	-0.09026902206128085	0.04639661247057579	-0.034059901753272975	0.07351028203279183	-0.09560378631167696	0.07701639013232833	-0.07470268971711552	0.1184444971763138	-0.11622610648496423	0.12261956283559208	-0.15407377125600247	0.07029687854839795	-0.09020088351129174	0.09714085873670411	-0.2853070255619295	0.25656347804198576	-0.05683458461980049	0.07320375258639139	-0.1077303699878589	0.32287996291607934	-0.6340106116105235	0.07077715407659885	-0.07116273688675523	0.10986359468540602	-0.607647938583191	0.9999999999999933
