1.0	-0.9903409579269709	0.03673181044503158	-0.025883167057734704	0.026353208990129454	-0.07941525205458906	0.08930097089051146	-0.04940414970026005	0.026609155592135676	-0.02406737213062977	0.04007599026902016	-0.0479158325347971	0.036695018275244955	-0.031572007816974064	0.022082440908981187	-0.02526989612334525	0.027332326423094286	-0.03290322437786641	0.027418262247835522	-0.017032371252992517	0.017668984567393624	-0.02247077920475423	0.020089347310427382	-0.019993302877364175	0.020614320981707134	-0.02021319495135897	0.01517302617830614	-0.015455891342320649	0.01041749439401553	-0.011250127444626851	0.009671135314073582	-0.013935143542993172	0.011419142779572091	-0.008058163418689345	0.008038435395504607	-0.009304169852186277	0.009925244152230946	-0.011239157637939538	0.006945905005010005	-0.006838027862628751
-0.9903409579269709	1.0	-0.03632166152520398	0.025048051735986843	-0.025673306444823733	0.07354834980513165	-0.09795191796256295	0.047542826888127575	-0.025870616229413217	0.02320164018812944	-0.03865535159262079	0.04524249769531875	-0.03570039099470267	0.03027290972976136	-0.02136970235587046	0.024114144318604785	-0.026388610988916903	0.03137109362291397	-0.02649296107915618	0.016416888084525336	-0.016918547168603117	0.02144382084788631	-0.019276461386801322	0.019173982788481116	-0.019894144535075996	0.019272182741004132	-0.014518604027243991	0.014771835877967154	-0.009986299179504058	0.010774738972160306	-0.009255625800904653	0.013312800696312278	-0.010925617200115015	0.007716025842396269	-0.007706197792808208	0.008891699309030797	-0.009505623237199655	0.01074522286666553	-0.006655052016381308	0.006546970423201417
0.03673181044503158	-0.03632166152520398	1.0000000000000002	-0.6050128604671923	0.2911975969970777	-0.2132378643525941	0.2064124826501652	-0.41333633830634897	0.2924645192986283	-0.2902595216802024	0.16740657107900808	-0.2160657356280189	0.25516667655942155	-0.319638597692324	0.20110977441613284	-0.1443580835073297	0.15914720553442085	-0.3206048119847106	0.23996962474920833	-0.16233671226480262	0.12984330301509667	-0.18820205512714244	0.17562023725138978	-0.18908305446857845	0.180537986629832	-0.17098088241922527	0.1299247978798037	-0.14153952690500793	0.0944756272958254	-0.10653084212091016	0.08691516617182841	-0.12934700415885103	0.10357069913549069	-0.07436493308337358	0.07372222536253831	-0.08684396572915112	0.08975426126890812	-0.1057551867852019	0.06375749414166311	-0.06390843302274041
-0.025883167057734704	0.025048051735986843	-0.6050128604671923	0.9999999999999999	-0.5172732155914971	0.1369344069178004	-0.15062008656775286	0.24029999474689034	-0.4718213390417348	0.295252803265663	-0.11885761154013579	0.14529191086545587	-0.19849834307935355	0.24830045866546518	-0.18258313658781625	0.09730970018850044	-0.11225844325400489	0.20745733916910794	-0.2013645569220684	0.13371927374262743	-0.08718002035827312	0.12373754123746862	-0.12358897157222061	0.13629777992724496	-0.1441548031717727	0.11129477714875234	-0.08712481003178181	0.09412423751255619	-0.06505191784124378	0.07285466736426192	-0.05797101127307279	0.08507136218263957	-0.06936194054640286	0.05042243966002172	-0.05085424915146785	0.05696123726401387	-0.060376364408607705	0.06974854754634156	-0.04349665451405254	0.04320700675656701
0.026353208990129454	-0.025673306444823733	0.2911975969970777	-0.5172732155914971	1.000000000000001	-0.15405031401947594	0.1525379225534506	-0.24536592987209724	0.3115572176874071	-0.6306916217770153	0.1294190228745834	-0.16350987984203125	0.19774179554089558	-0.27888497543427154	0.22146136275899342	-0.11580167173914387	0.12961264927544439	-0.2642245172488414	0.21758847107399523	-0.17612335056460027	0.10902518115328769	-0.16026152229080157	0.15346891385828884	-0.17541817953635763	0.1715988004357138	-0.14511535127087935	0.11158082248343114	-0.12272823270930287	0.08302204798689233	-0.09487878470775976	0.07483259963496099	-0.11173952692941233	0.0897016563464907	-0.06515031912950668	0.06507309880159957	-0.07479870825106416	0.0775695009974609	-0.09147302031323003	0.05589251544416719	-0.05607191895842363
-0.07941525205458906	0.07354834980513165	-0.2132378643525941	0.1369344069178004	-0.15405031401947594	1.0000000000000002	-0.7094284145197784	0.24954482569410383	-0.15216836660723873	0.12970290013295926	-0.48450524917992044	0.2875876865515938	-0.2344069654247382	0.17077383156422013	-0.12822392853161535	0.18468910707592803	-0.21155162009310258	0.17403767504451764	-0.1594757161106796	0.09610168179203889	-0.1157713557186636	0.13171752540925252	-0.11591479421351804	0.11063488254681283	-0.11962699038377958	0.11717898121166367	-0.08872676877325665	0.08642202356367913	-0.05883867833267772	0.06210982302488338	-0.05479851004453135	0.07726359699865348	-0.06435011195940338	0.04501303149325472	-0.04512815665843564	0.051462180833905836	-0.05602220353674988	0.0619226880397328	-0.038938000091383713	0.037934098890510144
0.08930097089051146	-0.09795191796256295	0.2064124826501652	-0.15062008656775286	0.1525379225534506	-0.7094284145197784	1.000000000000001	-0.4331084317403899	0.1665865477471497	-0.1435132530200522	0.2729288061028208	-0.3619154619140744	0.24665493530454655	-0.19611158408538043	0.12732202612665736	-0.1593667163953648	0.16635735767647894	-0.1912475913112112	0.16014493064731378	-0.09806459008906945	0.10399532794837206	-0.1294885864441934	0.1147808900328148	-0.1135289712658709	0.1171072205957307	-0.11616183724690997	0.0865046786212104	-0.0873771792678437	0.05854719128598682	-0.06296963070603503	0.05436477947273967	-0.07835793147453737	0.06436137263182716	-0.04521598457718623	0.04507937470093546	-0.05207232631590085	0.055642426403374856	-0.06280192786100283	0.03893746857844922	-0.03826424897794296
-0.04940414970026005	0.047542826888127575	-0.41333633830634897	0.24029999474689034	-0.24536592987209724	0.24954482569410383	-0.4331084317403899	1.0000000000000013	-0.3524347332192301	0.21768632632843107	-0.2176396543526488	0.2564103103582425	-0.5601490157828962	0.2860242982053059	-0.18215959199854784	0.13892274671770713	-0.16439736283031403	0.238255301439569	-0.22916548259331768	0.13476692014151528	-0.10732331187568737	0.1405256275419433	-0.14037094851171164	0.14392721626456015	-0.15482750017255695	0.12516061307622847	-0.09805989275720438	0.10203995624266346	-0.07049060952406827	0.0767536467627789	-0.06328686421301247	0.09120104922442669	-0.07549948903003943	0.054122563430484626	-0.05464000530353998	0.06080823669426426	-0.06568299609947005	0.07414686234316809	-0.04679908269736566	0.04600210350434431
0.026609155592135676	-0.025870616229413217	0.2924645192986283	-0.4718213390417348	0.3115572176874071	-0.15216836660723873	0.1665865477471497	-0.3524347332192301	0.9999999999999993	-0.5357022376022037	0.1299707239081625	-0.1664354762555186	0.24318945365069736	-0.4778560528406097	0.20288936153091996	-0.10253495061438751	0.11754597474190892	-0.22446818563416407	0.22491018410339314	-0.15172245656478608	0.08940005434800118	-0.12612355118893717	0.12778973320053674	-0.1443156021882343	0.1493885748619027	-0.11278555685905929	0.08833460346383185	-0.09546567236164252	0.06565537038267857	-0.07366937137783162	0.05805625956683032	-0.0855366432761148	0.06994836125018519	-0.05080479270258498	0.05127481961890646	-0.056880154532844375	0.06041552498162777	-0.06971120733250483	0.04375928172501167	-0.04343872204236575
-0.02406737213062977	0.02320164018812944	-0.2902595216802024	0.295252803265663	-0.6306916217770153	0.12970290013295926	-0.1435132530200522	0.21768632632843107	-0.5357022376022037	1.0000000000000009	-0.11589455329958237	0.1407117172404321	-0.19443916789784804	0.25937073338601774	-0.3272659023567858	0.09722659834924541	-0.11297211322155115	0.21267764136631517	-0.22672645206928205	0.18620409013767467	-0.08981938167000234	0.12879438669359455	-0.13333140295609705	0.15525684258998085	-0.1774449703897125	0.11526211752035952	-0.09139539344054431	0.09955015055259238	-0.07001427345670487	0.0793947586179339	-0.06063392430392752	0.08931782355038298	-0.07321476201250973	0.05394118425310171	-0.055019316269998834	0.05946200580815639	-0.06342826934649587	0.07317221047047585	-0.04658704951323052	0.0462350417458723
0.04007599026902016	-0.03865535159262079	0.16740657107900808	-0.11885761154013579	0.1294190228745834	-0.48450524917992044	0.2729288061028208	-0.2176396543526488	0.1299707239081625	-0.11589455329958237	1.0000000000000016	-0.6430762483374454	0.22771395014667659	-0.17229224308301033	0.11753943954148775	-0.3823610770371942	0.2565972682680897	-0.18300759313897763	0.14968390946661717	-0.09059036799746317	0.1465065692630643	-0.15796337649820305	0.12021363276408129	-0.11061162142556988	0.11400504284011184	-0.1422809235329684	0.09808723590225824	-0.09278676547117501	0.06004443174155416	-0.0627214921013738	0.05763537657209152	-0.08241906488503316	0.06791095816995202	-0.04626258591241011	0.045655346646456534	-0.05406403945917998	0.057753896805144506	-0.06415928352142951	0.03967055600331277	-0.03866959711786057
-0.0479158325347971	0.04524249769531875	-0.2160657356280189	0.14529191086545587	-0.16350987984203125	0.2875876865515938	-0.3619154619140744	0.2564103103582425	-0.1664354762555186	0.1407117172404321	-0.6430762483374454	0.9999999999999987	-0.43877794965868	0.21190147888628336	-0.14523418758917842	0.22955434933792757	-0.2835061421788932	0.2057688070674632	-0.18892552548566693	0.1092413243839628	-0.13765723014668302	0.15388447090899343	-0.13409591524847028	0.12591685828829347	-0.13544254929608107	0.13551435775330622	-0.10205850021747723	0.09843630169170443	-0.06635161268296998	0.0697236145954758	-0.06189270835779738	0.08746334062288855	-0.07299842466853458	0.050722976841929765	-0.050746429059317595	0.05791398202926642	-0.06305677247509447	0.06956357737918123	-0.043798594892368536	0.04261161723088411
0.036695018275244955	-0.03570039099470267	0.25516667655942155	-0.19849834307935355	0.19774179554089558	-0.2344069654247382	0.24665493530454655	-0.5601490157828962	0.24318945365069736	-0.19443916789784804	0.22771395014667659	-0.43877794965868	0.9999999999999976	-0.47762685675908645	0.17493284457846048	-0.14946905517934606	0.16799274080608081	-0.32200841900412935	0.24409019677596783	-0.13660105211170404	0.11027640850908575	-0.1457223421626797	0.1473738566985968	-0.1493596655834993	0.1523284046189711	-0.12897407810359823	0.0999911952390657	-0.10475817737706442	0.07067492727440429	-0.07686671352856017	0.06350946912847998	-0.09256916456954531	0.07654854176836509	-0.05440092989812889	0.0545823812834517	-0.06111162988971258	0.06569995549069771	-0.07447218355601032	0.04683204881663442	-0.04608266799232272
-0.031572007816974064	0.03027290972976136	-0.319638597692324	0.24830045866546518	-0.27888497543427154	0.17077383156422013	-0.19611158408538043	0.2860242982053059	-0.4778560528406097	0.25937073338601774	-0.17229224308301033	0.21190147888628336	-0.47762685675908645	0.9999999999999993	-0.2774721254540713	0.1278552442521803	-0.15295719123612983	0.28438040165531175	-0.4641806796497721	0.19652722524518484	-0.10995120209510166	0.15166080690048286	-0.165280078298924	0.1854154195228292	-0.20163063701765435	0.1341749560244173	-0.10780711823949476	0.11545083959926275	-0.08090641835500344	0.08951188584557733	-0.07003039078235618	0.10208171475013193	-0.08489167139741684	0.06184065515470503	-0.0630567763155468	0.06758963749569456	-0.07329323914472909	0.08314758726747856	-0.05347358567170081	0.052633348761636486
0.022082440908981187	-0.02136970235587046	0.20110977441613284	-0.18258313658781625	0.22146136275899342	-0.12822392853161535	0.12732202612665736	-0.18215959199854784	0.20288936153091996	-0.3272659023567858	0.11753943954148775	-0.14523418758917842	0.17493284457846048	-0.2774721254540713	0.9999999999999962	-0.11689499049584316	0.13209983946920842	-0.2900090740118598	0.2760481277852726	-0.6962161974456851	0.12218586760289768	-0.1876608228992508	0.19316965820813756	-0.277960929586268	0.290888915132438	-0.16702295703882702	0.13168011923322032	-0.14981899114482214	0.10444261350799051	-0.12689382594008972	0.08703097142106034	-0.1330895457726607	0.10765626349970177	-0.08123784664061662	0.08311915833132241	-0.08697038834745116	0.09087660395356566	-0.1078650898411665	0.06950324065780633	-0.07008939164827645
-0.02526989612334525	0.024114144318604785	-0.1443580835073297	0.09730970018850044	-0.11580167173914387	0.18468910707592803	-0.1593667163953648	0.13892274671770713	-0.10253495061438751	0.09722659834924541	-0.3823610770371942	0.22955434933792757	-0.14946905517934606	0.1278552442521803	-0.11689499049584316	0.9999999999999999	-0.7526580649648148	0.17490734056714047	-0.14435028713277234	0.0894339081038484	-0.35389978818047385	0.23852342030341683	-0.1503814947909992	0.12003194014591775	-0.1252651156022726	0.2107902741323203	-0.14056113160972503	0.11662322177971884	-0.07278948070667646	0.07210457889673708	-0.07396287662704472	0.10229370044479025	-0.08572718337478176	0.055622018830100615	-0.054172079126516316	0.06638432331605747	-0.0715076939697882	0.07686257214632036	-0.047532393203379826	0.04561483932812983
0.027332326423094286	-0.026388610988916903	0.15914720553442085	-0.11225844325400489	0.12961264927544439	-0.21155162009310258	0.16635735767647894	-0.16439736283031403	0.11754597474190892	-0.11297211322155115	0.2565972682680897	-0.2835061421788932	0.16799274080608081	-0.15295719123612983	0.13209983946920842	-0.7526580649648148	1.0	-0.2434570399401105	0.1675053352018843	-0.10368889244380612	0.257102261247503	-0.3284333967643132	0.17551830048030703	-0.14532099819662153	0.14236525513245793	-0.25134808189369146	0.15868485151933182	-0.14154537579962917	0.08507618229274644	-0.08600005848381782	0.08591915284405852	-0.12433977566024003	0.10137955458778787	-0.06598538198746887	0.06357431408875489	-0.07975975258585631	0.08350859214728387	-0.09242895435392827	0.055923430763873516	-0.05424532264950544
-0.03290322437786641	0.03137109362291397	-0.3206048119847106	0.20745733916910794	-0.2642245172488414	0.17403767504451764	-0.1912475913112112	0.238255301439569	-0.22446818563416407	0.21267764136631517	-0.18300759313897763	0.2057688070674632	-0.32200841900412935	0.28438040165531175	-0.2900090740118598	0.17490734056714047	-0.2434570399401105	0.9999999999999998	-0.5756789618373234	0.2293012115078395	-0.16294825887105213	0.22418290713517616	-0.37288796979346994	0.27053130222623656	-0.2926402616203188	0.19011626735947887	-0.1689199593609209	0.18087274781668797	-0.12448773736110541	0.12926338679277088	-0.10514129034489036	0.15046268010083888	-0.1324266133447728	0.09311645228114422	-0.09473232124991543	0.09793171560659426	-0.11173737630993624	0.12176368883784815	-0.08067565617538827	0.07780890561800663
0.027418262247835522	-0.02649296107915618	0.23996962474920833	-0.2013645569220684	0.21758847107399523	-0.1594757161106796	0.16014493064731378	-0.22916548259331768	0.22491018410339314	-0.22672645206928205	0.14968390946661717	-0.18892552548566693	0.24409019677596783	-0.4641806796497721	0.2760481277852726	-0.14435028713277234	0.1675053352018843	-0.5756789618373234	0.9999999999999978	-0.34921138483798264	0.1392398001778129	-0.2069618876257637	0.24245060721182202	-0.33649135485533477	0.2678539196888041	-0.18012977689050222	0.14566553708551283	-0.1632750247137242	0.10980593025025405	-0.1235605399866158	0.09354394131225452	-0.14082019750023095	0.11650548532758798	-0.08458986886519491	0.08523097598865674	-0.09142568205520578	0.09782587450660621	-0.11320401652535414	0.07235166632370761	-0.07180241593278877
-0.017032371252992517	0.016416888084525336	-0.16233671226480262	0.13371927374262743	-0.17612335056460027	0.09610168179203889	-0.09806459008906945	0.13476692014151528	-0.15172245656478608	0.18620409013767467	-0.09059036799746317	0.1092413243839628	-0.13660105211170404	0.19652722524518484	-0.6962161974456851	0.0894339081038484	-0.10368889244380612	0.2293012115078395	-0.34921138483798264	0.9999999999999963	-0.09425024367415909	0.14258855291734396	-0.16926163498198082	0.24366011633619958	-0.5119090079427439	0.12518001956371855	-0.10319545541164506	0.11685999053515866	-0.08775381957273666	0.10641411738239442	-0.06723924134288693	0.1016517916102923	-0.08471134824314525	0.06600751732154256	-0.07093470148373705	0.06589223173215097	-0.07111267649966131	0.08252461092711605	-0.05709396566795933	0.05655800064957901
0.017668984567393624	-0.016918547168603117	0.12984330301509667	-0.08718002035827312	0.10902518115328769	-0.1157713557186636	0.10399532794837206	-0.10732331187568737	0.08940005434800118	-0.08981938167000234	0.1465065692630643	-0.13765723014668302	0.11027640850908575	-0.10995120209510166	0.12218586760289768	-0.35389978818047385	0.257102261247503	-0.16294825887105213	0.1392398001778129	-0.09425024367415909	0.9999999999999979	-0.5788761041150209	0.20660385487816696	-0.14714159536568472	0.14523697004158376	-0.6145842975634626	0.24110850669973544	-0.18205713875718993	0.0989480828489899	-0.09381191908377312	0.10998558248946641	-0.15526463608096133	0.12651881740349144	-0.07645554625857232	0.07176212945120726	-0.0971270202526151	0.09911559913561971	-0.1064736741390245	0.06394500701214785	-0.060957033124578716
-0.02247077920475423	0.02144382084788631	-0.18820205512714244	0.12373754123746862	-0.16026152229080157	0.13171752540925252	-0.1294885864441934	0.1405256275419433	-0.12612355118893717	0.12879438669359455	-0.15796337649820305	0.15388447090899343	-0.1457223421626797	0.15166080690048286	-0.1876608228992508	0.23852342030341683	-0.3284333967643132	0.22418290713517616	-0.2069618876257637	0.14258855291734396	-0.5788761041150209	0.9999999999999967	-0.40612030003389343	0.22126659275599983	-0.23152452623258965	0.31722086041644393	-0.35100074399641473	0.23382017483941483	-0.1402888031792018	0.1298048374148825	-0.13728014011748413	0.1922740207506262	-0.1714307149403291	0.10477665700352139	-0.10131371493971815	0.1168793219006455	-0.1353601657954109	0.13889519892946545	-0.08921642525819712	0.08370323719543467
0.020089347310427382	-0.019276461386801322	0.17562023725138978	-0.12358897157222061	0.15346891385828884	-0.11591479421351804	0.1147808900328148	-0.14037094851171164	0.12778973320053674	-0.13333140295609705	0.12021363276408129	-0.13409591524847028	0.1473738566985968	-0.165280078298924	0.19316965820813756	-0.1503814947909992	0.17551830048030703	-0.37288796979346994	0.24245060721182202	-0.16926163498198082	0.20660385487816696	-0.40612030003389343	0.9999999999999959	-0.563245906432315	0.2690477757566086	-0.26373999770544576	0.24576942888202996	-0.38451829759431666	0.15392609395503612	-0.15408138246955086	0.12824305668398733	-0.21826189935780668	0.1923351553314405	-0.12041911942833078	0.11058621002321786	-0.12174406818582689	0.13409991186120604	-0.156611194980058	0.09693692319713254	-0.09489174629997019
-0.019993302877364175	0.019173982788481116	-0.18908305446857845	0.13629777992724496	-0.17541817953635763	0.11063488254681283	-0.1135289712658709	0.14392721626456015	-0.1443156021882343	0.15525684258998085	-0.11061162142556988	0.12591685828829347	-0.1493596655834993	0.1854154195228292	-0.277960929586268	0.12003194014591775	-0.14532099819662153	0.27053130222623656	-0.33649135485533477	0.24366011633619958	-0.14714159536568472	0.22126659275599983	-0.563245906432315	0.9999999999999962	-0.578526869982958	0.1796273532143263	-0.17486829229517575	0.20079096059545207	-0.1438272851360822	0.1477332982800111	-0.10261648415897111	0.15411519990125075	-0.14158038474125398	0.1027986907990825	-0.10660417191335589	0.09550744414371057	-0.11031624966284943	0.12175671717637496	-0.08777912889518881	0.08414745429968645
0.020614320981707134	-0.019894144535075996	0.180537986629832	-0.1441548031717727	0.1715988004357138	-0.11962699038377958	0.1171072205957307	-0.15482750017255695	0.1493885748619027	-0.1774449703897125	0.11400504284011184	-0.13544254929608107	0.1523284046189711	-0.20163063701765435	0.290888915132438	-0.1252651156022726	0.14236525513245793	-0.2926402616203188	0.2678539196888041	-0.5119090079427439	0.14523697004158376	-0.23152452623258965	0.2690477757566086	-0.578526869982958	0.9999999999999957	-0.20084313256037264	0.16486187441661287	-0.19468216598025753	0.14759844427137334	-0.20553111562328236	0.10663055492371606	-0.16641159065153135	0.1374970533525655	-0.11152657171371604	0.12150031143176666	-0.1056885993483974	0.11283731424194186	-0.13369905252762873	0.09546220923282589	-0.09609133906284137
-0.02021319495135897	0.019272182741004132	-0.17098088241922527	0.11129477714875234	-0.14511535127087935	0.11717898121166367	-0.11616183724690997	0.12516061307622847	-0.11278555685905929	0.11526211752035952	-0.1422809235329684	0.13551435775330622	-0.12897407810359823	0.1341749560244173	-0.16702295703882702	0.2107902741323203	-0.25134808189369146	0.19011626735947887	-0.18012977689050222	0.12518001956371855	-0.6145842975634626	0.31722086041644393	-0.26373999770544576	0.1796273532143263	-0.20084313256037264	0.9999999999999961	-0.47986863285588427	0.2410942555058146	-0.14115247406276854	0.12642795992045763	-0.17703793190272515	0.20958677435202208	-0.18259931282294195	0.10590160427221071	-0.10060718310841109	0.13680652086542697	-0.14439233257480052	0.14544104525307483	-0.089862838240654	0.0836498558164438
0.01517302617830614	-0.014518604027243991	0.1299247978798037	-0.08712481003178181	0.11158082248343114	-0.08872676877325665	0.0865046786212104	-0.09805989275720438	0.08833460346383185	-0.09139539344054431	0.09808723590225824	-0.10205850021747723	0.0999911952390657	-0.10780711823949476	0.13168011923322032	-0.14056113160972503	0.15868485151933182	-0.1689199593609209	0.14566553708551283	-0.10319545541164506	0.24110850669973544	-0.35100074399641473	0.24576942888202996	-0.17486829229517575	0.16486187441661287	-0.47986863285588427	0.9999999999999967	-0.5693009611421918	0.1675870340037948	-0.1477547367648784	0.16473723929961384	-0.41040352070927244	0.27069799639429387	-0.13665937451661703	0.11404902743221175	-0.14614272785683588	0.1587718704256025	-0.17974450255554345	0.1046307693152029	-0.0997294856943769
-0.015455891342320649	0.014771835877967154	-0.14153952690500793	0.09412423751255619	-0.12272823270930287	0.08642202356367913	-0.0873771792678437	0.10203995624266346	-0.09546567236164252	0.09955015055259238	-0.09278676547117501	0.09843630169170443	-0.10475817737706442	0.11545083959926275	-0.14981899114482214	0.11662322177971884	-0.14154537579962917	0.18087274781668797	-0.1632750247137242	0.11685999053515866	-0.18205713875718993	0.23382017483941483	-0.38451829759431666	0.20079096059545207	-0.19468216598025753	0.2410942555058146	-0.5693009611421918	0.9999999999999964	-0.2608039441136914	0.17651098862540143	-0.16222773952699354	0.30199244952921517	-0.4852169537099155	0.17752785403032403	-0.14363233553912202	0.1387143492400864	-0.18249513839417933	0.19604796121577212	-0.13227343238509237	0.12030864889476307
0.01041749439401553	-0.009986299179504058	0.0944756272958254	-0.06505191784124378	0.08302204798689233	-0.05883867833267772	0.05854719128598682	-0.07049060952406827	0.06565537038267857	-0.07001427345670487	0.06004443174155416	-0.06635161268296998	0.07067492727440429	-0.08090641835500344	0.10444261350799051	-0.07278948070667646	0.08507618229274644	-0.12448773736110541	0.10980593025025405	-0.08775381957273666	0.0989480828489899	-0.1402888031792018	0.15392609395503612	-0.1438272851360822	0.14759844427137334	-0.14115247406276854	0.1675870340037948	-0.2608039441136914	0.9999999999999981	-0.5618273420143273	0.11284853062638282	-0.2035204443931914	0.2061571788164507	-0.6112736940086677	0.304337168972258	-0.10616894171745539	0.1384980360800904	-0.169221573590463	0.25952141928275885	-0.2868284535602336
-0.011250127444626851	0.010774738972160306	-0.10653084212091016	0.07285466736426192	-0.09487878470775976	0.06210982302488338	-0.06296963070603503	0.0767536467627789	-0.07366937137783162	0.0793947586179339	-0.0627214921013738	0.0697236145954758	-0.07686671352856017	0.08951188584557733	-0.12689382594008972	0.07210457889673708	-0.08600005848381782	0.12926338679277088	-0.1235605399866158	0.10641411738239442	-0.09381191908377312	0.1298048374148825	-0.15408138246955086	0.1477332982800111	-0.20553111562328236	0.12642795992045763	-0.1477547367648784	0.17651098862540143	-0.5618273420143273	0.9999999999999976	-0.1084348924978672	0.1605510870699616	-0.16868524944718133	0.3046111685155824	-0.6253782061294572	0.09742118551164272	-0.1401340731492724	0.14936737394961508	-0.29097603613557443	0.26062322533234195
0.009671135314073582	-0.009255625800904653	0.08691516617182841	-0.05797101127307279	0.07483259963496099	-0.05479851004453135	0.05436477947273967	-0.06328686421301247	0.05805625956683032	-0.06063392430392752	0.05763537657209152	-0.06189270835779738	0.06350946912847998	-0.07003039078235618	0.08703097142106034	-0.07396287662704472	0.08591915284405852	-0.10514129034489036	0.09354394131225452	-0.06723924134288693	0.10998558248946641	-0.13728014011748413	0.12824305668398733	-0.10261648415897111	0.10663055492371606	-0.17703793190272515	0.16473723929961384	-0.16222773952699354	0.11284853062638282	-0.1084348924978672	0.9999999999999972	-0.3223427622349139	0.1910973072551187	-0.09926331677512004	0.08794394030450219	-0.8230342555697253	0.2568562707118871	-0.277928178785355	0.0880482471439809	-0.08349143428472212
-0.013935143542993172	0.013312800696312278	-0.12934700415885103	0.08507136218263957	-0.11173952692941233	0.07726359699865348	-0.07835793147453737	0.09120104922442669	-0.0855366432761148	0.08931782355038298	-0.08241906488503316	0.08746334062288855	-0.09256916456954531	0.10208171475013193	-0.1330895457726607	0.10229370044479025	-0.12433977566024003	0.15046268010083888	-0.14082019750023095	0.1016517916102923	-0.15526463608096133	0.1922740207506262	-0.21826189935780668	0.15411519990125075	-0.16641159065153135	0.20958677435202208	-0.41040352070927244	0.30199244952921517	-0.2035204443931914	0.1605510870699616	-0.3223427622349139	0.9999999999999966	-0.6529124723782997	0.17594902152661285	-0.1469603131820168	0.21163851532112485	-0.2655622071439302	0.24656588650246047	-0.14065901320491267	0.1216600444367161
0.011419142779572091	-0.010925617200115015	0.10357069913549069	-0.06936194054640286	0.0897016563464907	-0.06435011195940338	0.06436137263182716	-0.07549948903003943	0.06994836125018519	-0.07321476201250973	0.06791095816995202	-0.07299842466853458	0.07654854176836509	-0.08489167139741684	0.10765626349970177	-0.08572718337478176	0.10137955458778787	-0.1324266133447728	0.11650548532758798	-0.08471134824314525	0.12651881740349144	-0.1714307149403291	0.1923351553314405	-0.14158038474125398	0.1374970533525655	-0.18259931282294195	0.27069799639429387	-0.4852169537099155	0.2061571788164507	-0.16868524944718133	0.1910973072551187	-0.6529124723782997	0.9999999999999961	-0.24782566392303432	0.14944454134922794	-0.17429497475575362	0.22616119504577728	-0.3457729369624821	0.14857512855310434	-0.1330605819420601
-0.008058163418689345	0.007716025842396269	-0.07436493308337358	0.05042243966002172	-0.06515031912950668	0.04501303149325472	-0.04521598457718623	0.054122563430484626	-0.05080479270258498	0.05394118425310171	-0.04626258591241011	0.050722976841929765	-0.05440092989812889	0.06184065515470503	-0.08123784664061662	0.055622018830100615	-0.06598538198746887	0.09311645228114422	-0.08458986886519491	0.06600751732154256	-0.07645554625857232	0.10477665700352139	-0.12041911942833078	0.1027986907990825	-0.11152657171371604	0.10590160427221071	-0.13665937451661703	0.17752785403032403	-0.6112736940086677	0.3046111685155824	-0.09926331677512004	0.17594902152661285	-0.24782566392303432	0.9999999999999969	-0.44983401782408877	0.0895480280350045	-0.13001880077888672	0.15226847822399114	-0.4849004185179641	0.2923409633757379
0.008038435395504607	-0.007706197792808208	0.07372222536253831	-0.05085424915146785	0.06507309880159957	-0.04512815665843564	0.04507937470093546	-0.05464000530353998	0.05127481961890646	-0.055019316269998834	0.045655346646456534	-0.050746429059317595	0.0545823812834517	-0.0630567763155468	0.08311915833132241	-0.054172079126516316	0.06357431408875489	-0.09473232124991543	0.08523097598865674	-0.07093470148373705	0.07176212945120726	-0.10131371493971815	0.11058621002321786	-0.10660417191335589	0.12150031143176666	-0.10060718310841109	0.11404902743221175	-0.14363233553912202	0.304337168972258	-0.6253782061294572	0.08794394030450219	-0.1469603131820168	0.14944454134922794	-0.44983401782408877	0.9999999999999959	-0.08223816935250267	0.11392770814750805	-0.13654033414625488	0.2967270909933769	-0.5055295782063071
-0.009304169852186277	0.008891699309030797	-0.08684396572915112	0.05696123726401387	-0.07479870825106416	0.051462180833905836	-0.05207232631590085	0.06080823669426426	-0.056880154532844375	0.05946200580815639	-0.05406403945917998	0.05791398202926642	-0.06111162988971258	0.06758963749569456	-0.08697038834745116	0.06638432331605747	-0.07975975258585631	0.09793171560659426	-0.09142568205520578	0.06589223173215097	-0.0971270202526151	0.1168793219006455	-0.12174406818582689	0.09550744414371057	-0.1056885993483974	0.13680652086542697	-0.14614272785683588	0.1387143492400864	-0.10616894171745539	0.09742118551164272	-0.8230342555697253	0.21163851532112485	-0.17429497475575362	0.0895480280350045	-0.08223816935250267	0.9999999999999971	-0.4041982519465008	0.24088154854757193	-0.08184856313534408	0.07502222811331094
0.009925244152230946	-0.009505623237199655	0.08975426126890812	-0.060376364408607705	0.0775695009974609	-0.05602220353674988	0.055642426403374856	-0.06568299609947005	0.06041552498162777	-0.06342826934649587	0.057753896805144506	-0.06305677247509447	0.06569995549069771	-0.07329323914472909	0.09087660395356566	-0.0715076939697882	0.08350859214728387	-0.11173737630993624	0.09782587450660621	-0.07111267649966131	0.09911559913561971	-0.1353601657954109	0.13409991186120604	-0.11031624966284943	0.11283731424194186	-0.14439233257480052	0.1587718704256025	-0.18249513839417933	0.1384980360800904	-0.1401340731492724	0.2568562707118871	-0.2655622071439302	0.22616119504577728	-0.13001880077888672	0.11392770814750805	-0.4041982519465008	0.999999999999997	-0.7773848245449528	0.12917740948665485	-0.12283193547898909
-0.011239157637939538	0.01074522286666553	-0.1057551867852019	0.06974854754634156	-0.09147302031323003	0.0619226880397328	-0.06280192786100283	0.07414686234316809	-0.06971120733250483	0.07317221047047585	-0.06415928352142951	0.06956357737918123	-0.07447218355601032	0.08314758726747856	-0.1078650898411665	0.07686257214632036	-0.09242895435392827	0.12176368883784815	-0.11320401652535414	0.08252461092711605	-0.1064736741390245	0.13889519892946545	-0.156611194980058	0.12175671717637496	-0.13369905252762873	0.14544104525307483	-0.17974450255554345	0.19604796121577212	-0.169221573590463	0.14936737394961508	-0.277928178785355	0.24656588650246047	-0.3457729369624821	0.15226847822399114	-0.13654033414625488	0.24088154854757193	-0.7773848245449528	0.9999999999999971	-0.17429107018620754	0.1359555949742794
0.006945905005010005	-0.006655052016381308	0.06375749414166311	-0.04349665451405254	0.05589251544416719	-0.038938000091383713	0.03893746857844922	-0.04679908269736566	0.04375928172501167	-0.04658704951323052	0.03967055600331277	-0.043798594892368536	0.04683204881663442	-0.05347358567170081	0.06950324065780633	-0.047532393203379826	0.055923430763873516	-0.08067565617538827	0.07235166632370761	-0.05709396566795933	0.06394500701214785	-0.08921642525819712	0.09693692319713254	-0.08777912889518881	0.09546220923282589	-0.089862838240654	0.1046307693152029	-0.13227343238509237	0.25952141928275885	-0.29097603613557443	0.0880482471439809	-0.14065901320491267	0.14857512855310434	-0.4849004185179641	0.2967270909933769	-0.08184856313534408	0.12917740948665485	-0.17429107018620754	0.9999999999999974	-0.7397408500552521
-0.006838027862628751	0.006546970423201417	-0.06390843302274041	0.04320700675656701	-0.05607191895842363	0.037934098890510144	-0.03826424897794296	0.04600210350434431	-0.04343872204236575	0.0462350417458723	-0.03866959711786057	0.04261161723088411	-0.04608266799232272	0.052633348761636486	-0.07008939164827645	0.04561483932812983	-0.05424532264950544	0.07780890561800663	-0.07180241593278877	0.05655800064957901	-0.060957033124578716	0.08370323719543467	-0.09489174629997019	0.08414745429968645	-0.09609133906284137	0.0836498558164438	-0.0997294856943769	0.12030864889476307	-0.2868284535602336	0.26062322533234195	-0.08349143428472212	0.1216600444367161	-0.1330605819420601	0.2923409633757379	-0.5055295782063071	0.07502222811331094	-0.12283193547898909	0.1359555949742794	-0.7397408500552521	0.9999999999999973
