1.0000000000000002	-0.3058480606419125	0.08892031751160179	-0.0708928297153262	0.13036423043859832	-0.5958143632482492	0.22960532941918899	-0.11137932831026066	0.09850153960211348	-0.08368009844174874	0.3121451416871832	-0.266758976591603	0.10934489499174987	-0.10134062695115556	0.12471041359077673	-0.313376432167324	0.19934817824248513	-0.16244686439200462	0.10654029806810603	-0.10696382501254686	0.20534650191749965	-0.35654882593529164	0.16205768362842404	-0.09928044706275602	0.07584459788855828	-0.14024752701512005	0.129088259125587	-0.12729626024972807	0.08425521256338084	-0.08947876098488544	0.15779701809678212	-0.12348103870510055	0.09125940039045878	-0.035842001895102504	0.038008282108978234
-0.3058480606419125	1.0000000000000004	-0.056129263303488997	0.04449905669531863	-0.06389576205488891	0.1729296541432856	-0.9120288467187819	0.08641549566706648	-0.06531782038955286	0.04469838844456517	-0.1406467966847373	0.12177605890437654	-0.07672766785278834	0.05977386315274135	-0.0640469010443626	0.1075345938309684	-0.09648173360403685	0.07055935605623759	-0.04870527981518831	0.044565961233472104	-0.07666919499390969	0.116681779243549	-0.07143882208798821	0.04269944755639123	-0.03198201547215268	0.050314317119314646	-0.04665263371642876	0.0459485494782571	-0.03416456932191524	0.03576161700765912	-0.05999726054610903	0.043700059905248556	-0.03359747698881101	0.013390018556939047	-0.014306164371178931
0.08892031751160179	-0.056129263303488997	1.0000000000000002	-0.8437888140837928	0.2031245484962598	-0.05444885342324994	0.058866077059483025	-0.23262560135615562	0.25678696087396485	-0.16927406048989435	0.06846309255140819	-0.09147075303572941	0.16425534362045754	-0.226331807033719	0.18034576345168982	-0.07427382518401905	0.0750066914089929	-0.1302589809267467	0.10098911702740683	-0.09153896851601771	0.06082036945140365	-0.09510942748709499	0.12031862788792384	-0.08671091981511309	0.06265071710233663	-0.04774455994465601	0.04802711791561139	-0.05593652267136111	0.0593007989250494	-0.06367885910564432	0.06237843506771574	-0.046690009487463296	0.04075206780649458	-0.017744864139455658	0.019082031981133007
-0.0708928297153262	0.04449905669531863	-0.8437888140837928	0.9999999999999998	-0.23464283000480962	0.04310622063954166	-0.0480173331424266	0.19082972954321722	-0.3716121810250726	0.16439407274264656	-0.05457378860559707	0.07313191833118786	-0.15424995595485042	0.197936694895587	-0.1782683005813674	0.05812736902822022	-0.060871178465847275	0.1036454190383192	-0.0855138428089429	0.07352405623878308	-0.04783579777209428	0.07346993838380149	-0.09820623913977057	0.07034714830897769	-0.05109346782782053	0.03737348499183558	-0.0377244528238211	0.043958393773936726	-0.04796245679748968	0.05086055381771379	-0.04916454867667343	0.036497253519610987	-0.03219533647508208	0.014040229544305297	-0.015128864507150314
0.13036423043859832	-0.06389576205488891	0.2031245484962598	-0.23464283000480962	1.0000000000000002	-0.07822400763563674	0.06938251738948911	-0.2012766630447053	0.23142718060833953	-0.6398521936883297	0.10041105175072283	-0.12749803055566614	0.17081255323197403	-0.22916408435492092	0.31750442807863816	-0.11122266367077238	0.10469171378812518	-0.18344867106953835	0.13400269280192528	-0.1387331926801683	0.0916789918990897	-0.14717482492574324	0.17611879456427026	-0.12212185161246177	0.09234820229952416	-0.07334775179177752	0.07363585300997808	-0.08593922367637993	0.08727188108095359	-0.09496260103160407	0.09564333204106605	-0.07221388361616266	0.06227614640911683	-0.02708810982306625	0.029079201949645805
-0.5958143632482492	0.1729296541432856	-0.05444885342324994	0.04310622063954166	-0.07822400763563674	1.0	-0.20793154419632523	0.06941872891758723	-0.061079953751387736	0.05046520099725935	-0.683974838245195	0.1721128001516346	-0.0694929270962009	0.06189767849076382	-0.07543270789900157	0.2151460551823184	-0.1418995088270067	0.09606616490485101	-0.06412768981062343	0.06157423576014951	-0.1488833715384679	0.1948709791461034	-0.09957856618074641	0.05829053155784168	-0.04433559246767018	0.08757648984526437	-0.07850238690750726	0.07337447810915011	-0.049343932237260246	0.05159315454558747	-0.10284321255529767	0.0720429600754449	-0.05398042224541304	0.021027135806965795	-0.022444896464171374
0.22960532941918899	-0.9120288467187819	0.058866077059483025	-0.0480173331424266	0.06938251738948911	-0.20793154419632523	0.9999999999999998	-0.10424757151379155	0.07085427114500392	-0.04896132108237565	0.1451596701020684	-0.15090702073341014	0.08390984934973353	-0.06647716932353001	0.06964558380703188	-0.1246397300734081	0.10764317338232961	-0.07987690101320649	0.05423488942603283	-0.05016636468385289	0.08636778925770555	-0.13662774984417309	0.0789927448170315	-0.047914370159108016	0.03586249374837078	-0.05726104364355079	0.05307143832426611	-0.05240452602980746	0.03842201049525381	-0.04037073335203516	0.0672423608976559	-0.049935808467009804	0.038130860765809196	-0.01517213571868817	0.016183918120447588
-0.11137932831026066	0.08641549566706648	-0.23262560135615562	0.19082972954321722	-0.2012766630447053	0.06941872891758723	-0.10424757151379155	0.9999999999999993	-0.5042584755050066	0.1793928945536326	-0.08792220876450776	0.1337519238216097	-0.7060418132181397	0.31454980610866246	-0.23735615394120685	0.08816247119521727	-0.11359748498641067	0.15890802532779125	-0.131469647361798	0.09819492079356154	-0.07209003756576012	0.10345096928415436	-0.14903924696507628	0.09980211339614325	-0.07083071135807323	0.053030065613925016	-0.0531688898833417	0.06025878145602908	-0.06696117591914305	0.06916903572537288	-0.070029640722889	0.050356224591800496	-0.04468435164349424	0.019305395046283202	-0.0208754097827534
0.09850153960211348	-0.06531782038955286	0.25678696087396485	-0.3716121810250726	0.23142718060833953	-0.061079953751387736	0.07085427114500392	-0.5042584755050066	0.9999999999999984	-0.30375803599311535	0.07737703305167162	-0.11240715404362116	0.29897033944252366	-0.5689355369351191	0.2660162988883735	-0.08272989212760998	0.09222751391979878	-0.1623129563609701	0.14044000433526457	-0.11111497060419248	0.06779368404044471	-0.10260179072682571	0.14251812051217777	-0.11223538523600365	0.07713838136203942	-0.05250175568252459	0.05323397270480343	-0.0625807343981713	0.07144223041939968	-0.07582506539770413	0.06905779910163487	-0.051305686852735455	0.04582187311583001	-0.020088090571299195	0.02164871169383087
-0.08368009844174874	0.04469838844456517	-0.16927406048989435	0.16439407274264656	-0.6398521936883297	0.05046520099725935	-0.04896132108237565	0.1793928945536326	-0.30375803599311535	0.9999999999999986	-0.06499956026640295	0.08631447610164796	-0.16659531708170736	0.2303826098389807	-0.6123016648692965	0.07046510937735666	-0.07186061897989847	0.12568621442041986	-0.10372574018341098	0.09916455746095962	-0.058327533277006925	0.09062836985716652	-0.12091477901643871	0.0875265811227208	-0.06777774356056403	0.046286559589262775	-0.04693525423568776	0.05522668970045461	-0.06103565632349165	0.06488371037464263	-0.06100059543211138	0.04559474128591602	-0.04040900927070551	0.017696180652914006	-0.01907278536458462
0.3121451416871832	-0.1406467966847373	0.06846309255140819	-0.05457378860559707	0.10041105175072283	-0.683974838245195	0.1451596701020684	-0.08792220876450776	0.07737703305167162	-0.06499956026640295	0.9999999999999968	-0.28718933026880084	0.08999066961541907	-0.08109696931507616	0.0971089983673684	-0.41379457632241473	0.2088288862012565	-0.13385218260971807	0.08710244824491555	-0.08414164447629219	0.2130541863996467	-0.2993059713533203	0.13350876755077198	-0.07958547152035894	0.06047215042123482	-0.12755624616127625	0.11200640249618896	-0.1041696405834719	0.06789998113720726	-0.07123585521541691	0.14110568657828979	-0.10318116853539379	0.07595483511874906	-0.029373358199309436	0.03125186626834926
-0.266758976591603	0.12177605890437654	-0.09147075303572941	0.07313191833118786	-0.12749803055566614	0.1721128001516346	-0.15090702073341014	0.1337519238216097	-0.11240715404362116	0.08631447610164796	-0.28718933026880084	0.9999999999999953	-0.176046033105176	0.12223298683941411	-0.12968492392214837	0.2556604389182381	-0.7873249509263021	0.18886904147349493	-0.1253537480027754	0.09799836470307056	-0.20567098801859723	0.23486410145497286	-0.19152937748409468	0.10022938037376457	-0.07331497547579013	0.11468323463259117	-0.1065037798149966	0.09686781660692487	-0.07786281006313417	0.0786858641994781	-0.14756527868409888	0.09253328861628575	-0.07410205020854431	0.029369165643733777	-0.03177466947253739
0.10934489499174987	-0.07672766785278834	0.16425534362045754	-0.15424995595485042	0.17081255323197403	-0.0694929270962009	0.08390984934973353	-0.7060418132181397	0.29897033944252366	-0.16659531708170736	0.08999066961541907	-0.176046033105176	0.9999999999999966	-0.5261948762849444	0.215613044302615	-0.09481314474904101	0.12751137921637615	-0.20341227650110696	0.14783383672986947	-0.1080861552433543	0.07638328136819522	-0.11034725836352059	0.15619951455044498	-0.11348993171986078	0.07682771986381941	-0.05593174399237549	0.05612450285948621	-0.064042503649671	0.07221425739994489	-0.07549536832753957	0.07331058784423314	-0.053179017791894004	0.047250550986701764	-0.020482154657010233	0.022110359254170417
-0.10134062695115556	0.05977386315274135	-0.226331807033719	0.197936694895587	-0.22916408435492092	0.06189767849076382	-0.06647716932353001	0.31454980610866246	-0.5689355369351191	0.2303826098389807	-0.08109696931507616	0.12223298683941411	-0.5261948762849444	0.9999999999999953	-0.41006051575831165	0.08535773218844679	-0.10389778492304334	0.181752330634384	-0.2112135432465996	0.12487204306026942	-0.07085641543796184	0.10387088533657192	-0.16266661394247323	0.13399669604254552	-0.09024079181543411	0.054690757494689386	-0.05606413418095436	0.0666177141186715	-0.08227030102808934	0.08480579721413477	-0.0728448522614156	0.05363263813348929	-0.049174102791882106	0.021694507450989997	-0.02346083919158269
0.12471041359077673	-0.0640469010443626	0.18034576345168982	-0.1782683005813674	0.31750442807863816	-0.07543270789900157	0.06964558380703188	-0.23735615394120685	0.2660162988883735	-0.6123016648692965	0.0971089983673684	-0.12968492392214837	0.215613044302615	-0.41006051575831165	0.999999999999998	-0.10722140359073996	0.10640008924589282	-0.19341407397118215	0.1549500575242164	-0.16484672572978323	0.08853914002196767	-0.13941509444052605	0.18026528532018046	-0.13642219984935458	0.10609274092783869	-0.07083518449910678	0.0718922275866111	-0.0852252354938169	0.0940804178430764	-0.10173139201069009	0.09295991338578444	-0.07013358138884634	0.06203760434850977	-0.027248396261597946	0.029319386749340287
-0.313376432167324	0.1075345938309684	-0.07427382518401905	0.05812736902822022	-0.11122266367077238	0.2151460551823184	-0.1246397300734081	0.08816247119521727	-0.08272989212760998	0.07046510937735666	-0.41379457632241473	0.2556604389182381	-0.09481314474904101	0.08535773218844679	-0.10722140359073996	0.9999999999999967	-0.3734911593474068	0.14708107139192883	-0.09950335579785417	0.09084796265617286	-0.6132979894608653	0.31240652071137653	-0.1608570089186141	0.08834064976317073	-0.06741751058768006	0.19508175580393897	-0.1594854082311207	0.12391487921489681	-0.07820494167645342	0.07940391916468738	-0.22769084393961034	0.12879852404812472	-0.09619337472415704	0.03584691282756409	-0.038633189975216094
0.19934817824248513	-0.09648173360403685	0.0750066914089929	-0.060871178465847275	0.10469171378812518	-0.1418995088270067	0.10764317338232961	-0.11359748498641067	0.09222751391979878	-0.07186061897989847	0.2088288862012565	-0.7873249509263021	0.12751137921637615	-0.10389778492304334	0.10640008924589282	-0.3734911593474068	0.9999999999999954	-0.22790568813028392	0.1187366510706466	-0.0920045015326111	0.2121602005116263	-0.30032591696851796	0.17298640284691788	-0.09548214707847848	0.0683885523168213	-0.1165105162751289	0.10622948385278076	-0.09423826901802722	0.07303736106711653	-0.07432152565043695	0.13838680607705825	-0.09152384308375316	0.07129106727120471	-0.027878387478081676	0.03002984052412353
-0.16244686439200462	0.07055935605623759	-0.1302589809267467	0.1036454190383192	-0.18344867106953835	0.09606616490485101	-0.07987690101320649	0.15890802532779125	-0.1623129563609701	0.12568621442041986	-0.13385218260971807	0.18886904147349493	-0.20341227650110696	0.181752330634384	-0.19341407397118215	0.14708107139192883	-0.22790568813028392	0.9999999999999937	-0.5232471665904858	0.223742788004494	-0.12736355155253798	0.17457193399735074	-0.6347473756255075	0.2748000697245534	-0.18262544742293652	0.10020677314626049	-0.10668835691165807	0.13078009027657628	-0.17491392982494836	0.16682621888700563	-0.13916104386791528	0.10034487497954321	-0.09874631467660042	0.04345502635965849	-0.047532273689926435
0.10654029806810603	-0.04870527981518831	0.10098911702740683	-0.0855138428089429	0.13400269280192528	-0.06412768981062343	0.05423488942603283	-0.131469647361798	0.14044000433526457	-0.10372574018341098	0.08710244824491555	-0.1253537480027754	0.14783383672986947	-0.2112135432465996	0.1549500575242164	-0.09950335579785417	0.1187366510706466	-0.5232471665904858	0.9999999999999938	-0.3529598991995163	0.08666833486756627	-0.12436771082302725	0.30490122268473174	-0.623361473412293	0.24595250762393195	-0.0760424409590426	0.0853477826803489	-0.12053106218608739	0.21015075880637446	-0.22266882427593498	0.10491440353727184	-0.08251349386412002	0.08681318915699743	-0.040949615359501285	0.044164034801624036
-0.10696382501254686	0.044565961233472104	-0.09153896851601771	0.07352405623878308	-0.1387331926801683	0.06157423576014951	-0.05016636468385289	0.09819492079356154	-0.11111497060419248	0.09916455746095962	-0.08414164447629219	0.09799836470307056	-0.1080861552433543	0.12487204306026942	-0.16484672572978323	0.09084796265617286	-0.0920045015326111	0.223742788004494	-0.3529598991995163	0.9999999999999926	-0.08579449955818967	0.1186211319404795	-0.32730894780101183	0.2968092632513304	-0.7302572196571758	0.08359696154775334	-0.09982987266809083	0.1362181666341166	-0.28487498089980307	0.260284015929801	-0.12432197573083091	0.09364449485523128	-0.10894662366510405	0.051022885402622356	-0.05718501395473237
0.20534650191749965	-0.07666919499390969	0.06082036945140365	-0.04783579777209428	0.0916789918990897	-0.1488833715384679	0.08636778925770555	-0.07209003756576012	0.06779368404044471	-0.058327533277006925	0.2130541863996467	-0.20567098801859723	0.07638328136819522	-0.07085641543796184	0.08853914002196767	-0.6132979894608653	0.2121602005116263	-0.12736355155253798	0.08666833486756627	-0.08579449955818967	0.9999999999999925	-0.5639162350959032	0.13728664006712668	-0.08148027634426586	0.0635244873730143	-0.35720991021619414	0.20493949835120065	-0.14993049069230469	0.07883653265565786	-0.08063961202732806	0.2503699366545679	-0.16552927170899512	0.11282610930649545	-0.04018718114459475	0.042778857246159506
-0.35654882593529164	0.116681779243549	-0.09510942748709499	0.07346993838380149	-0.14717482492574324	0.1948709791461034	-0.13662774984417309	0.10345096928415436	-0.10260179072682571	0.09062836985716652	-0.2993059713533203	0.23486410145497286	-0.11034725836352059	0.10387088533657192	-0.13941509444052605	0.31240652071137653	-0.30032591696851796	0.17457193399735074	-0.12436771082302725	0.1186211319404795	-0.5639162350959032	0.999999999999994	-0.2161057070952222	0.11461405623530392	-0.08898213992895024	0.25588269971390615	-0.29205027018223917	0.18075790865857214	-0.10773968986212556	0.10736770189500132	-0.3338250121271165	0.19366728916504833	-0.14795954831886735	0.05334619485566945	-0.05811773328118547
0.16205768362842404	-0.07143882208798821	0.12031862788792384	-0.09820623913977057	0.17611879456427026	-0.09957856618074641	0.0789927448170315	-0.14903924696507628	0.14251812051217777	-0.12091477901643871	0.13350876755077198	-0.19152937748409468	0.15619951455044498	-0.16266661394247323	0.18026528532018046	-0.1608570089186141	0.17298640284691788	-0.6347473756255075	0.30490122268473174	-0.32730894780101183	0.13728664006712668	-0.2161057070952222	0.9999999999999911	-0.38961906147769865	0.21817108050146142	-0.1174136674163975	0.12579385158061715	-0.17542757160647254	0.20253902015178132	-0.22940387949377491	0.15353568808692486	-0.12537726537285762	0.11947000931976187	-0.05347117080369121	0.057006384852681585
-0.09928044706275602	0.04269944755639123	-0.08671091981511309	0.07034714830897769	-0.12212185161246177	0.05829053155784168	-0.047914370159108016	0.09980211339614325	-0.11223538523600365	0.0875265811227208	-0.07958547152035894	0.10022938037376457	-0.11348993171986078	0.13399669604254552	-0.13642219984935458	0.08834064976317073	-0.09548214707847848	0.2748000697245534	-0.623361473412293	0.2968092632513304	-0.08148027634426586	0.11461405623530392	-0.38961906147769865	0.9999999999999916	-0.4195223633866154	0.07726248387193806	-0.09223328793802475	0.1362232665452472	-0.37120237138477824	0.2630900461644214	-0.1104056467300116	0.0876017209403929	-0.10185989812072373	0.04775147821015126	-0.05220212613616075
0.07584459788855828	-0.03198201547215268	0.06265071710233663	-0.05109346782782053	0.09234820229952416	-0.04433559246767018	0.03586249374837078	-0.07083071135807323	0.07713838136203942	-0.06777774356056403	0.06047215042123482	-0.07331497547579013	0.07682771986381941	-0.09024079181543411	0.10609274092783869	-0.06741751058768006	0.0683885523168213	-0.18262544742293652	0.24595250762393195	-0.7302572196571758	0.0635244873730143	-0.08898213992895024	0.21817108050146142	-0.4195223633866154	0.9999999999999923	-0.0634590360456373	0.07706060014837776	-0.11646801942187414	0.26292924226553827	-0.41355228456279375	0.09179133711386549	-0.07386131040776012	0.08684493408392276	-0.04288638430920862	0.046963108332640204
-0.14024752701512005	0.050314317119314646	-0.04774455994465601	0.03737348499183558	-0.07334775179177752	0.08757648984526437	-0.05726104364355079	0.053030065613925016	-0.05250175568252459	0.046286559589262775	-0.12755624616127625	0.11468323463259117	-0.05593174399237549	0.054690757494689386	-0.07083518449910678	0.19508175580393897	-0.1165105162751289	0.10020677314626049	-0.0760424409590426	0.08359696154775334	-0.35720991021619414	0.25588269971390615	-0.1174136674163975	0.07726248387193806	-0.0634590360456373	0.9999999999999928	-0.5346605233497187	0.21215786987734628	-0.09084389789469953	0.08994981899340097	-0.664173065465703	0.25993884201651873	-0.17485129522030782	0.055426470761298544	-0.059390071134176534
0.129088259125587	-0.04665263371642876	0.04802711791561139	-0.0377244528238211	0.07363585300997808	-0.07850238690750726	0.05307143832426611	-0.0531688898833417	0.05323397270480343	-0.04693525423568776	0.11200640249618896	-0.1065037798149966	0.05612450285948621	-0.05606413418095436	0.0718922275866111	-0.1594854082311207	0.10622948385278076	-0.10668835691165807	0.0853477826803489	-0.09982987266809083	0.20493949835120065	-0.29205027018223917	0.12579385158061715	-0.09223328793802475	0.07706060014837776	-0.5346605233497187	0.9999999999999928	-0.3973306894371499	0.12180407085813476	-0.12113807615614436	0.31943372199636416	-0.5711988591962578	0.26587812795986776	-0.07819415185690591	0.08120393615846992
-0.12729626024972807	0.0459485494782571	-0.05593652267136111	0.043958393773936726	-0.08593922367637993	0.07337447810915011	-0.05240452602980746	0.06025878145602908	-0.0625807343981713	0.05522668970045461	-0.1041696405834719	0.09686781660692487	-0.064042503649671	0.0666177141186715	-0.0852252354938169	0.12391487921489681	-0.09423826901802722	0.13078009027657628	-0.12053106218608739	0.1362181666341166	-0.14993049069230469	0.18075790865857214	-0.17542757160647254	0.1362232665452472	-0.11646801942187414	0.21215786987734628	-0.3973306894371499	0.9999999999999927	-0.2767677952450424	0.1892864763180015	-0.3181629286791578	0.3114593672147333	-0.6754610317095648	0.13905664259201408	-0.15836532979560128
0.08425521256338084	-0.03416456932191524	0.0593007989250494	-0.04796245679748968	0.08727188108095359	-0.049343932237260246	0.03842201049525381	-0.06696117591914305	0.07144223041939968	-0.06103565632349165	0.06789998113720726	-0.07786281006313417	0.07221425739994489	-0.08227030102808934	0.0940804178430764	-0.07820494167645342	0.07303736106711653	-0.17491392982494836	0.21015075880637446	-0.28487498089980307	0.07883653265565786	-0.10773968986212556	0.20253902015178132	-0.37120237138477824	0.26292924226553827	-0.09084389789469953	0.12180407085813476	-0.2767677952450424	0.9999999999999927	-0.7695267606009971	0.1285574000018846	-0.11916405657381064	0.15639070137992395	-0.08135500159754298	0.08326201711594339
-0.08947876098488544	0.03576161700765912	-0.06367885910564432	0.05086055381771379	-0.09496260103160407	0.05159315454558747	-0.04037073335203516	0.06916903572537288	-0.07582506539770413	0.06488371037464263	-0.07123585521541691	0.0786858641994781	-0.07549536832753957	0.08480579721413477	-0.10173139201069009	0.07940391916468738	-0.07432152565043695	0.16682621888700563	-0.22266882427593498	0.260284015929801	-0.08063961202732806	0.10736770189500132	-0.22940387949377491	0.2630900461644214	-0.41355228456279375	0.08994981899340097	-0.12113807615614436	0.1892864763180015	-0.7695267606009971	0.9999999999999926	-0.13610482355331704	0.11142935509858938	-0.15298999266730653	0.07639170145665845	-0.08694003009557981
0.15779701809678212	-0.05999726054610903	0.06237843506771574	-0.04916454867667343	0.09564333204106605	-0.10284321255529767	0.0672423608976559	-0.070029640722889	0.06905779910163487	-0.06100059543211138	0.14110568657828979	-0.14756527868409888	0.07331058784423314	-0.0728448522614156	0.09295991338578444	-0.22769084393961034	0.13838680607705825	-0.13916104386791528	0.10491440353727184	-0.12432197573083091	0.2503699366545679	-0.3338250121271165	0.15353568808692486	-0.1104056467300116	0.09179133711386549	-0.664173065465703	0.31943372199636416	-0.3181629286791578	0.1285574000018846	-0.13610482355331704	0.9999999999999934	-0.3983912292699511	0.21834756961986238	-0.07491990056483123	0.0768119359745087
-0.12348103870510055	0.043700059905248556	-0.046690009487463296	0.036497253519610987	-0.07221388361616266	0.0720429600754449	-0.049935808467009804	0.050356224591800496	-0.051305686852735455	0.04559474128591602	-0.10318116853539379	0.09253328861628575	-0.053179017791894004	0.05363263813348929	-0.07013358138884634	0.12879852404812472	-0.09152384308375316	0.10034487497954321	-0.08251349386412002	0.09364449485523128	-0.16552927170899512	0.19366728916504833	-0.12537726537285762	0.0876017209403929	-0.07386131040776012	0.25993884201651873	-0.5711988591962578	0.3114593672147333	-0.11916405657381064	0.11142935509858938	-0.3983912292699511	0.9999999999999933	-0.5732731741741525	0.11244039711343722	-0.12390993993046172
0.09125940039045878	-0.03359747698881101	0.04075206780649458	-0.03219533647508208	0.06227614640911683	-0.05398042224541304	0.038130860765809196	-0.04468435164349424	0.04582187311583001	-0.04040900927070551	0.07595483511874906	-0.07410205020854431	0.047250550986701764	-0.049174102791882106	0.06203760434850977	-0.09619337472415704	0.07129106727120471	-0.09874631467660042	0.08681318915699743	-0.10894662366510405	0.11282610930649545	-0.14795954831886735	0.11947000931976187	-0.10185989812072373	0.08684493408392276	-0.17485129522030782	0.26587812795986776	-0.6754610317095648	0.15639070137992395	-0.15298999266730653	0.21834756961986238	-0.5732731741741525	0.9999999999999929	-0.19627225631326756	0.16279981738542088
-0.035842001895102504	0.013390018556939047	-0.017744864139455658	0.014040229544305297	-0.02708810982306625	0.021027135806965795	-0.01517213571868817	0.019305395046283202	-0.020088090571299195	0.017696180652914006	-0.029373358199309436	0.029369165643733777	-0.020482154657010233	0.021694507450989997	-0.027248396261597946	0.03584691282756409	-0.027878387478081676	0.04345502635965849	-0.040949615359501285	0.051022885402622356	-0.04018718114459475	0.05334619485566945	-0.05347117080369121	0.04775147821015126	-0.04288638430920862	0.055426470761298544	-0.07819415185690591	0.13905664259201408	-0.08135500159754298	0.07639170145665845	-0.07491990056483123	0.11244039711343722	-0.19627225631326756	0.9999999999999925	-0.9605079970824064
0.038008282108978234	-0.014306164371178931	0.019082031981133007	-0.015128864507150314	0.029079201949645805	-0.022444896464171374	0.016183918120447588	-0.0208754097827534	0.02164871169383087	-0.01907278536458462	0.03125186626834926	-0.03177466947253739	0.022110359254170417	-0.02346083919158269	0.029319386749340287	-0.038633189975216094	0.03002984052412353	-0.047532273689926435	0.044164034801624036	-0.05718501395473237	0.042778857246159506	-0.05811773328118547	0.057006384852681585	-0.05220212613616075	0.046963108332640204	-0.059390071134176534	0.08120393615846992	-0.15836532979560128	0.08326201711594339	-0.08694003009557981	0.0768119359745087	-0.12390993993046172	0.16279981738542088	-0.9605079970824064	0.9999999999999926
