1.0	-0.8130488414563082	0.2864403207399174	-0.4144461833587609	0.014432585524596484	-0.21994945766884066	0.17749294647309916	-0.1737634864406782	0.1557910721567016	-0.0140772360410804	0.06848061493527006	-0.09443698203368432	0.10716356528741529	-0.09226447870480405	0.05956454047788908	-0.06965612851999531	0.06975837884409376	-0.08333153219626695	0.10205808791916712	-0.04816599210735923	0.0699573928821536	-0.07531603636524682	0.06425597252785292	-0.07400965689683038	0.05628757887772729	-0.044024976115228646	0.06887397419349726	-0.05718515496649193	0.05567795147660062	-0.04796224563912388	0.0750313898034952	-0.05947283328957029	0.05602054872955203	-0.05072584730862134	0.05871447694104706
-0.8130488414563082	0.9999999999999999	-0.4427293760772221	0.2897981566142693	-0.012495644348868873	0.1635976406445699	-0.18795476426449928	0.15839109941450968	-0.14789624485526365	0.012120510166991862	-0.05933198205677641	0.08257902558249368	-0.09876650526189283	0.08285176126701085	-0.053216775099403764	0.05925368335334108	-0.060883683104761124	0.07173783640367798	-0.09274490923557034	0.0426829952190234	-0.05993204364778713	0.06453440438088796	-0.0557185899002384	0.06418802483648889	-0.04947963652128671	0.03767167172702232	-0.05965523994779046	0.04925928018515085	-0.048429128573451725	0.04174976281232574	-0.06411574452329179	0.050621300622067864	-0.04831266411309293	0.04383597064164407	-0.051395555153812444
0.2864403207399174	-0.4427293760772221	0.9999999999999998	-0.8091603552091893	0.013684425543544251	-0.13523069716596636	0.15544719730487072	-0.2237871927065131	0.15281228414467993	-0.013366873891378046	0.05443568507333187	-0.07939716233812252	0.10159438533196985	-0.08362532566930199	0.04899348233581737	-0.05457064840396223	0.05695032762801718	-0.06750082388906543	0.08690588121818732	-0.03964480663723232	0.05212986041280376	-0.0594745460781159	0.05129572286595169	-0.05907223421019696	0.044970922833229524	-0.03291389172940304	0.053467239161599144	-0.044596143966681205	0.04370594953521038	-0.03795842081086686	0.05520927309054703	-0.04534114345508493	0.04312142606750912	-0.03958419927764831	0.046125446920125865
-0.4144461833587609	0.2897981566142693	-0.8091603552091893	0.9999999999999998	-0.017924843988401072	0.15729566568994136	-0.18217628093623545	0.19382324296897174	-0.20349343211756324	0.017301533557017804	-0.06606726215112473	0.09317859585903618	-0.1200088386525459	0.1020381814425641	-0.062005489029574846	0.0656444474185252	-0.0688821240994536	0.0812122703594173	-0.11028231443998328	0.04972547812336141	-0.06532378709390771	0.07229170452455559	-0.06295437715882903	0.07311897485801867	-0.05645464358191138	0.041147087179956285	-0.0665987031760764	0.055161300570617765	-0.05455560469292072	0.04737989803676163	-0.06949471528575249	0.05613980720763404	-0.05379936835963653	0.04926735897071005	-0.05799353199385568
0.014432585524596484	-0.012495644348868873	0.013684425543544251	-0.017924843988401072	1.0	-0.032104076327771805	0.022266121578807536	-0.02681207585212049	0.03993070747111492	-0.9948633443412409	0.015220472909540149	-0.022099415692398004	0.02380479341235982	-0.030002985342603213	0.05927828505267565	-0.016413572747836447	0.017475588305251512	-0.022748906135955288	0.031062205381744326	-0.04942750133072829	0.015742533193750723	-0.021113411333570885	0.01870934509237524	-0.02934862367524004	0.026991995811666343	-0.010233856714662067	0.01886291524732751	-0.017181846894192387	0.018138923725923583	-0.023089478435832166	0.01648724705544456	-0.017731573556457148	0.016195637099894203	-0.018141413543043917	0.020798540072185935
-0.21994945766884066	0.1635976406445699	-0.13523069716596636	0.15729566568994136	-0.032104076327771805	1.0000000000000002	-0.6117206843093556	0.3065747598615339	-0.41886131628076984	0.030797728237766452	-0.2097199860597193	0.23048540864661585	-0.26891074243050445	0.23155093459003673	-0.17091139081459122	0.18330121957198092	-0.18274950178021077	0.2050420802146358	-0.2923778937029398	0.1330411614542712	-0.2104171309261277	0.19116823891934465	-0.17002277824553058	0.19522660561295982	-0.15907482858491104	0.1300191880399993	-0.19466912666486072	0.15417359475962636	-0.15572815123150915	0.1317379673784703	-0.2289101312963196	0.15729900330840405	-0.1569257141758768	0.13845998590267755	-0.16976601280511117
0.17749294647309916	-0.18795476426449928	0.15544719730487072	-0.18217628093623545	0.022266121578807536	-0.6117206843093556	0.9999999999999996	-0.5944593129036652	0.288966714245595	-0.02164282144046934	0.15570123625909454	-0.25523830561541694	0.24403451794631043	-0.19255134270211036	0.11578152650995839	-0.15807128850993762	0.1584213804663031	-0.1843204726111707	0.20084580646404826	-0.09470542061952085	0.1348201132300818	-0.16185560709923813	0.13476698810936802	-0.14881374113702842	0.11064021315465328	-0.08538143251709583	0.13732862247712888	-0.1154317637238786	0.11037616660469006	-0.09452653529330822	0.1415243958070068	-0.11694379563856538	0.10997149305482536	-0.10027243621849857	0.11474601371601853
-0.1737634864406782	0.15839109941450968	-0.2237871927065131	0.19382324296897174	-0.02681207585212049	0.3065747598615339	-0.5944593129036652	0.9999999999999979	-0.5045877587914408	0.02602955703786049	-0.1482565515020527	0.22831687226306635	-0.3983888251570442	0.2419848959725224	-0.12836790058940098	0.14383827632902618	-0.15786662589333883	0.1815834301515849	-0.24035597689341368	0.10372150432502285	-0.12660294091245938	0.15455568920398965	-0.13498033963298883	0.15178470601072183	-0.11515846399826593	0.08012552859112135	-0.13494682692943033	0.11301009115336974	-0.11074526670065557	0.09625378105360188	-0.13169670183353852	0.11186750593202748	-0.10724665141690555	0.09951417397831137	-0.11616263950346462
0.1557910721567016	-0.14789624485526365	0.15281228414467993	-0.20349343211756324	0.03993070747111492	-0.41886131628076984	0.288966714245595	-0.5045877587914408	0.9999999999999992	-0.040717236045868035	0.16558987356532498	-0.2565740312836492	0.2920145077378474	-0.4882397065126902	0.1612821951418598	-0.17767601195383892	0.18122370082029646	-0.2306899153334029	0.2885496545618304	-0.14011236993814016	0.15541253174482023	-0.19952693401406593	0.1678438634064379	-0.20862951369084995	0.14624692141750925	-0.09964038544839221	0.16700578283573678	-0.14599654467585824	0.14046414677404148	-0.12767778781604225	0.16282231268080213	-0.1497795233087182	0.13633372213732886	-0.13053078811962499	0.14479895329057157
-0.0140772360410804	0.012120510166991862	-0.013366873891378046	0.017301533557017804	-0.9948633443412409	0.030797728237766452	-0.02164282144046934	0.02602955703786049	-0.040717236045868035	0.9999999999999979	-0.014710318561235359	0.02135195193963717	-0.023242013353002567	0.029377239681178842	-0.06315186880686494	0.015819057419673887	-0.01688607767827624	0.021934664008596484	-0.030550086703775483	0.047686833593702245	-0.015185732783251082	0.020326494583082395	-0.01806623883699722	0.028253497368079413	-0.026385978442385914	0.009868167233553979	-0.018220180084848953	0.016560352276769812	-0.017538001855707284	0.02222717995774814	-0.01590002570122723	0.01704345437381909	-0.015631412819349405	0.01747037169220325	-0.020199830949765036
0.06848061493527006	-0.05933198205677641	0.05443568507333187	-0.06606726215112473	0.015220472909540149	-0.2097199860597193	0.15570123625909454	-0.1482565515020527	0.16558987356532498	-0.014710318561235359	0.9999999999999983	-0.40403704453004063	0.20996231355785644	-0.14416555130107758	0.09500231926567619	-0.803484578823288	0.2572065148715519	-0.2266238959185084	0.16496280266029428	-0.07800186648404137	0.14836252870440533	-0.19843635687340097	0.1521612479799992	-0.13542675063208096	0.09712409482536799	-0.0952704952765451	0.13662784656336366	-0.11507454560987491	0.10259361952764426	-0.08248180833495176	0.12818280960767675	-0.10782235146041247	0.10149483858767118	-0.09110557346360133	0.10095756041580606
-0.09443698203368432	0.08257902558249368	-0.07939716233812252	0.09317859585903618	-0.022099415692398004	0.23048540864661585	-0.25523830561541694	0.22831687226306635	-0.2565740312836492	0.02135195193963717	-0.40403704453004063	0.9999999999999963	-0.5511946180924181	0.2324821932083053	-0.13978465234428383	0.2750773217537485	-0.4725654070820495	0.27895431500079754	-0.2640728615946028	0.11250538025893615	-0.15878152248083507	0.23735546793254492	-0.20388609209470418	0.17858683518691798	-0.13389934290489194	0.0996474205569037	-0.1787007010691601	0.14579594664533913	-0.13622055340016925	0.11046129468911406	-0.15184964157961434	0.13315879529814598	-0.13096358530262375	0.1184694301552982	-0.13644592739050007
0.10716356528741529	-0.09876650526189283	0.10159438533196985	-0.1200088386525459	0.02380479341235982	-0.26891074243050445	0.24403451794631043	-0.3983888251570442	0.2920145077378474	-0.023242013353002567	0.20996231355785644	-0.5511946180924181	0.9999999999999944	-0.4582328617528731	0.1468797733970152	-0.21936609532163306	0.2499797194572537	-0.3226533850177151	0.27865521565322404	-0.12481215507967736	0.1423661488121396	-0.22776468718155185	0.18894612676450437	-0.19231204166588176	0.13473387584374072	-0.0917902688132968	0.16352604552270564	-0.14357209080928748	0.13258199934196255	-0.11437593999083444	0.1410993662888596	-0.13407358193537638	0.1260327078975238	-0.11930272294711748	0.13276396213757813
-0.09226447870480405	0.08285176126701085	-0.08362532566930199	0.1020381814425641	-0.030002985342603213	0.23155093459003673	-0.19255134270211036	0.2419848959725224	-0.4882397065126902	0.029377239681178842	-0.14416555130107758	0.2324821932083053	-0.4582328617528731	0.9999999999999952	-0.22425285484950738	0.14529916961410602	-0.16787000308456046	0.20818420519574238	-0.6109436328545743	0.17282724159376883	-0.12050876012121924	0.16917151075866046	-0.15420493704864735	0.203154380666997	-0.15258658971223762	0.07765476450853487	-0.14343387761318324	0.12577408399818885	-0.12916945850378755	0.12185219874082195	-0.12298503998788833	0.12067911155253686	-0.11491141116204033	0.11591453399361851	-0.13571236061074127
0.05956454047788908	-0.053216775099403764	0.04899348233581737	-0.062005489029574846	0.05927828505267565	-0.17091139081459122	0.11578152650995839	-0.12836790058940098	0.1612821951418598	-0.06315186880686494	0.09500231926567619	-0.13978465234428383	0.1468797733970152	-0.22425285484950738	0.999999999999993	-0.10379514322276981	0.11488284728991262	-0.15452213319303082	0.23002953637975188	-0.8298228218098495	0.09909616704585918	-0.1457626849656495	0.13317343889107783	-0.24654073500479945	0.25281747898259965	-0.06534129436063926	0.12964527804175346	-0.1230543341472333	0.13608724283376325	-0.2163262089682925	0.10263999904521896	-0.12378726749999788	0.1130526394250422	-0.1416369316280899	0.16243127123860981
-0.06965612851999531	0.05925368335334108	-0.05457064840396223	0.0656444474185252	-0.016413572747836447	0.18330121957198092	-0.15807128850993762	0.14383827632902618	-0.17767601195383892	0.015819057419673887	-0.803484578823288	0.2750773217537485	-0.21936609532163306	0.14529916961410602	-0.10379514322276981	0.9999999999999948	-0.3583693614285862	0.2194850061516742	-0.18179971735577885	0.08362871415584998	-0.19004832192137963	0.1987031737413277	-0.16498903379513677	0.1409271104673629	-0.10532881585675019	0.10924274717075408	-0.15202561596324185	0.12192754423090632	-0.11132023874913015	0.08796861665250225	-0.14928230509004717	0.11379606058978381	-0.1103006251011873	0.09711146937987922	-0.11038534766397404
0.06975837884409376	-0.060883683104761124	0.05695032762801718	-0.0688821240994536	0.017475588305251512	-0.18274950178021077	0.1584213804663031	-0.15786662589333883	0.18122370082029646	-0.01688607767827624	0.2572065148715519	-0.4725654070820495	0.2499797194572537	-0.16787000308456046	0.11488284728991262	-0.3583693614285862	0.9999999999999937	-0.5599660132748783	0.20281710658709773	-0.09525559027375693	0.1512641885655626	-0.4581475555296016	0.26964868617410775	-0.18168259341223067	0.12429475510741382	-0.09747124618434055	0.18829722391457956	-0.1632495111844393	0.1358111588410899	-0.10354392451191637	0.13617949433457527	-0.13333721959353748	0.1295377453556522	-0.11671083121665207	0.12698965853289954
-0.08333153219626695	0.07173783640367798	-0.06750082388906543	0.0812122703594173	-0.022748906135955288	0.2050420802146358	-0.1843204726111707	0.1815834301515849	-0.2306899153334029	0.021934664008596484	-0.2266238959185084	0.27895431500079754	-0.3226533850177151	0.20818420519574238	-0.15452213319303082	0.2194850061516742	-0.5599660132748783	0.9999999999999954	-0.3020001931377981	0.12680922071791642	-0.1737591344041332	0.31956183575889846	-0.49422550524785336	0.235659324087187	-0.16878093646774198	0.11146800186733806	-0.24373630368828458	0.2095978466763196	-0.1835429195543111	0.13544778576471747	-0.16604783214812044	0.164874245171657	-0.1707457362499255	0.1511302859259085	-0.17024307995691404
0.10205808791916712	-0.09274490923557034	0.08690588121818732	-0.11028231443998328	0.031062205381744326	-0.2923778937029398	0.20084580646404826	-0.24035597689341368	0.2885496545618304	-0.030550086703775483	0.16496280266029428	-0.2640728615946028	0.27865521565322404	-0.6109436328545743	0.23002953637975188	-0.18179971735577885	0.20281710658709773	-0.3020001931377981	0.9999999999999933	-0.2620660999299673	0.1520758642584263	-0.23051965129375943	0.20939114186278748	-0.36256185776441036	0.20711064231882548	-0.09926131263248872	0.1865782251886025	-0.17292688277125753	0.17646321170574866	-0.17190238761654503	0.15546308153248725	-0.16439664314823993	0.15205806730710097	-0.16159954592936696	0.17845841620730615
-0.04816599210735923	0.0426829952190234	-0.03964480663723232	0.04972547812336141	-0.04942750133072829	0.1330411614542712	-0.09470542061952085	0.10372150432502285	-0.14011236993814016	0.047686833593702245	-0.07800186648404137	0.11250538025893615	-0.12481215507967736	0.17282724159376883	-0.8298228218098495	0.08362871415584998	-0.09525559027375693	0.12680922071791642	-0.2620660999299673	0.9999999999999925	-0.08183958920892469	0.11880243231137158	-0.11436548739203657	0.2108445426566277	-0.37222909999871173	0.05394592807142153	-0.11099258188275529	0.10356990691394945	-0.12160994227113475	0.19164887154088278	-0.08457564629034732	0.10102130729220907	-0.09650790042704088	0.12017978154708822	-0.1592470302680149
0.0699573928821536	-0.05993204364778713	0.05212986041280376	-0.06532378709390771	0.015742533193750723	-0.2104171309261277	0.1348201132300818	-0.12660294091245938	0.15541253174482023	-0.015185732783251082	0.14836252870440533	-0.15878152248083507	0.1423661488121396	-0.12050876012121924	0.09909616704585918	-0.19004832192137963	0.1512641885655626	-0.1737591344041332	0.1520758642584263	-0.08183958920892469	0.9999999999999906	-0.22900022833275044	0.15672743292468475	-0.1559283169284167	0.10982911941562407	-0.6893340395985662	0.19869963115649406	-0.1584094940115238	0.1273942655674407	-0.09873493431598891	0.3284024606418664	-0.1784748518154898	0.1433548035527032	-0.1190454076364944	0.121150015990514
-0.07531603636524682	0.06453440438088796	-0.0594745460781159	0.07229170452455559	-0.021113411333570885	0.19116823891934465	-0.16185560709923813	0.15455568920398965	-0.19952693401406593	0.020326494583082395	-0.19843635687340097	0.23735546793254492	-0.22776468718155185	0.16917151075866046	-0.1457626849656495	0.1987031737413277	-0.4581475555296016	0.31956183575889846	-0.23051965129375943	0.11880243231137158	-0.22900022833275044	0.9999999999999882	-0.5971378068914339	0.2446579352215155	-0.17425170022956854	0.13934414683296834	-0.3512443083422647	0.25113554007500194	-0.2035094685326093	0.14058853302127777	-0.18707523032657725	0.1895982609372546	-0.19346121270932204	0.16540805044977983	-0.18026665894236948
0.06425597252785292	-0.0557185899002384	0.05129572286595169	-0.06295437715882903	0.01870934509237524	-0.17002277824553058	0.13476698810936802	-0.13498033963298883	0.1678438634064379	-0.01806623883699722	0.1521612479799992	-0.20388609209470418	0.18894612676450437	-0.15420493704864735	0.13317343889107783	-0.16498903379513677	0.26964868617410775	-0.49422550524785336	0.20939114186278748	-0.11436548739203657	0.15672743292468475	-0.5971378068914339	0.9999999999999866	-0.3683559401531149	0.17585847662357396	-0.1064675719890318	0.26504593419219447	-0.36256213467141035	0.21029656163479915	-0.1439455174430477	0.14512034806952356	-0.18180487507759852	0.18182792936543143	-0.17144010241589655	0.1702322407589621
-0.07400965689683038	0.06418802483648889	-0.05907223421019696	0.07311897485801867	-0.02934862367524004	0.19522660561295982	-0.14881374113702842	0.15178470601072183	-0.20862951369084995	0.028253497368079413	-0.13542675063208096	0.17858683518691798	-0.19231204166588176	0.203154380666997	-0.24654073500479945	0.1409271104673629	-0.18168259341223067	0.235659324087187	-0.36256185776441036	0.2108445426566277	-0.1559283169284167	0.2446579352215155	-0.3683559401531149	0.9999999999999882	-0.4964880203350881	0.10393064762659864	-0.25556401771375165	0.2404245130012801	-0.38772830308212225	0.2656222144156179	-0.15777212411185973	0.19483427140787604	-0.20780425004543535	0.25116696648161935	-0.32355995480630967
0.05628757887772729	-0.04947963652128671	0.044970922833229524	-0.05645464358191138	0.026991995811666343	-0.15907482858491104	0.11064021315465328	-0.11515846399826593	0.14624692141750925	-0.026385978442385914	0.09712409482536799	-0.13389934290489194	0.13473387584374072	-0.15258658971223762	0.25281747898259965	-0.10532881585675019	0.12429475510741382	-0.16878093646774198	0.20711064231882548	-0.37222909999871173	0.10982911941562407	-0.17425170022956854	0.17585847662357396	-0.4964880203350881	0.9999999999999853	-0.07364170322947805	0.1640879193194734	-0.16339671145565052	0.20562571178747038	-0.6036561045472737	0.11300249872731234	-0.15417353535391937	0.14690697577185605	-0.21832286619547214	0.2799761147302007
-0.044024976115228646	0.03767167172702232	-0.03291389172940304	0.041147087179956285	-0.010233856714662067	0.1300191880399993	-0.08538143251709583	0.08012552859112135	-0.09964038544839221	0.009868167233553979	-0.0952704952765451	0.0996474205569037	-0.0917902688132968	0.07765476450853487	-0.06534129436063926	0.10924274717075408	-0.09747124618434055	0.11146800186733806	-0.09926131263248872	0.05394592807142153	-0.6893340395985662	0.13934414683296834	-0.1064675719890318	0.10393064762659864	-0.07364170322947805	0.9999999999999887	-0.1869468068218556	0.12063931044659118	-0.0905764286174756	0.06666522014069333	-0.6209649944914943	0.13034449749592927	-0.104488062907725	0.08357962046966053	-0.08245425888832356
0.06887397419349726	-0.05965523994779046	0.053467239161599144	-0.0665987031760764	0.01886291524732751	-0.19466912666486072	0.13732862247712888	-0.13494682692943033	0.16700578283573678	-0.018220180084848953	0.13662784656336366	-0.1787007010691601	0.16352604552270564	-0.14343387761318324	0.12964527804175346	-0.15202561596324185	0.18829722391457956	-0.24373630368828458	0.1865782251886025	-0.11099258188275529	0.19869963115649406	-0.3512443083422647	0.26504593419219447	-0.25556401771375165	0.1640879193194734	-0.1869468068218556	0.9999999999999871	-0.6245062822521047	0.2585652064913511	-0.16097220310250096	0.1992608107072559	-0.4209323829682231	0.287178221266115	-0.24590988893316973	0.1910224710423315
-0.05718515496649193	0.04925928018515085	-0.044596143966681205	0.055161300570617765	-0.017181846894192387	0.15417359475962636	-0.1154317637238786	0.11301009115336974	-0.14599654467585824	0.016560352276769812	-0.11507454560987491	0.14579594664533913	-0.14357209080928748	0.12577408399818885	-0.1230543341472333	0.12192754423090632	-0.1632495111844393	0.2095978466763196	-0.17292688277125753	0.10356990691394945	-0.1584094940115238	0.25113554007500194	-0.36256213467141035	0.2404245130012801	-0.16339671145565052	0.12063931044659118	-0.6245062822521047	0.9999999999999865	-0.43818371969435194	0.15252964556875803	-0.1590121381282668	0.27519869710517303	-0.37477730021831973	0.2513244514565268	-0.19964421811845362
0.05567795147660062	-0.048429128573451725	0.04370594953521038	-0.05455560469292072	0.018138923725923583	-0.15572815123150915	0.11037616660469006	-0.11074526670065557	0.14046414677404148	-0.017538001855707284	0.10259361952764426	-0.13622055340016925	0.13258199934196255	-0.12916945850378755	0.13608724283376325	-0.11132023874913015	0.1358111588410899	-0.1835429195543111	0.17646321170574866	-0.12160994227113475	0.1273942655674407	-0.2035094685326093	0.21029656163479915	-0.38772830308212225	0.20562571178747038	-0.0905764286174756	0.2585652064913511	-0.43818371969435194	0.9999999999999867	-0.23401445301123194	0.13118379308041453	-0.23933130123011398	0.2441295063392448	-0.6497380434274103	0.26916633576428917
-0.04796224563912388	0.04174976281232574	-0.03795842081086686	0.04737989803676163	-0.023089478435832166	0.1317379673784703	-0.09452653529330822	0.09625378105360188	-0.12767778781604225	0.02222717995774814	-0.08248180833495176	0.11046129468911406	-0.11437593999083444	0.12185219874082195	-0.2163262089682925	0.08796861665250225	-0.10354392451191637	0.13544778576471747	-0.17190238761654503	0.19164887154088278	-0.09873493431598891	0.14058853302127777	-0.1439455174430477	0.2656222144156179	-0.6036561045472737	0.06666522014069333	-0.16097220310250096	0.15252964556875803	-0.23401445301123194	0.9999999999999863	-0.10253823343334807	0.14356278670228745	-0.1515962173880373	0.2346900227704361	-0.6218240755718079
0.0750313898034952	-0.06411574452329179	0.05520927309054703	-0.06949471528575249	0.01648724705544456	-0.2289101312963196	0.1415243958070068	-0.13169670183353852	0.16282231268080213	-0.01590002570122723	0.12818280960767675	-0.15184964157961434	0.1410993662888596	-0.12298503998788833	0.10263999904521896	-0.14928230509004717	0.13617949433457527	-0.16604783214812044	0.15546308153248725	-0.08457564629034732	0.3284024606418664	-0.18707523032657725	0.14512034806952356	-0.15777212411185973	0.11300249872731234	-0.6209649944914943	0.1992608107072559	-0.1590121381282668	0.13118379308041453	-0.10253823343334807	0.9999999999999853	-0.20808706606033922	0.1572684189482089	-0.12454250626561669	0.126428560657622
-0.05947283328957029	0.050621300622067864	-0.04534114345508493	0.05613980720763404	-0.017731573556457148	0.15729900330840405	-0.11694379563856538	0.11186750593202748	-0.1497795233087182	0.01704345437381909	-0.10782235146041247	0.13315879529814598	-0.13407358193537638	0.12067911155253686	-0.12378726749999788	0.11379606058978381	-0.13333721959353748	0.164874245171657	-0.16439664314823993	0.10102130729220907	-0.1784748518154898	0.1895982609372546	-0.18180487507759852	0.19483427140787604	-0.15417353535391937	0.13034449749592927	-0.4209323829682231	0.27519869710517303	-0.23933130123011398	0.14356278670228745	-0.20808706606033922	0.999999999999986	-0.7582094074839905	0.22792122475659943	-0.20562384360114125
0.05602054872955203	-0.04831266411309293	0.04312142606750912	-0.05379936835963653	0.016195637099894203	-0.1569257141758768	0.10997149305482536	-0.10724665141690555	0.13633372213732886	-0.015631412819349405	0.10149483858767118	-0.13096358530262375	0.1260327078975238	-0.11491141116204033	0.1130526394250422	-0.1103006251011873	0.1295377453556522	-0.1707457362499255	0.15205806730710097	-0.09650790042704088	0.1433548035527032	-0.19346121270932204	0.18182792936543143	-0.20780425004543535	0.14690697577185605	-0.104488062907725	0.287178221266115	-0.37477730021831973	0.2441295063392448	-0.1515962173880373	0.1572684189482089	-0.7582094074839905	0.9999999999999869	-0.33159250906256305	0.19585392723055967
-0.05072584730862134	0.04383597064164407	-0.03958419927764831	0.04926735897071005	-0.018141413543043917	0.13845998590267755	-0.10027243621849857	0.09951417397831137	-0.13053078811962499	0.01747037169220325	-0.09110557346360133	0.1184694301552982	-0.11930272294711748	0.11591453399361851	-0.1416369316280899	0.09711146937987922	-0.11671083121665207	0.1511302859259085	-0.16159954592936696	0.12017978154708822	-0.1190454076364944	0.16540805044977983	-0.17144010241589655	0.25116696648161935	-0.21832286619547214	0.08357962046966053	-0.24590988893316973	0.2513244514565268	-0.6497380434274103	0.2346900227704361	-0.12454250626561669	0.22792122475659943	-0.33159250906256305	0.9999999999999872	-0.5010390037027392
0.05871447694104706	-0.051395555153812444	0.046125446920125865	-0.05799353199385568	0.020798540072185935	-0.16976601280511117	0.11474601371601853	-0.11616263950346462	0.14479895329057157	-0.020199830949765036	0.10095756041580606	-0.13644592739050007	0.13276396213757813	-0.13571236061074127	0.16243127123860981	-0.11038534766397404	0.12698965853289954	-0.17024307995691404	0.17845841620730615	-0.1592470302680149	0.121150015990514	-0.18026665894236948	0.1702322407589621	-0.32355995480630967	0.2799761147302007	-0.08245425888832356	0.1910224710423315	-0.19964421811845362	0.26916633576428917	-0.6218240755718079	0.126428560657622	-0.20562384360114125	0.19585392723055967	-0.5010390037027392	0.9999999999999873
