1.0000000000000002	-0.5445106082925917	0.10931625360939493	-0.06728377895788214	0.07030981986739779	-0.6874908706202796	0.29482990794183994	-0.12294961766806448	0.07660544103722415	-0.06107628286442236	0.26011348306773663	-0.2895820366029564	0.13797933370032278	-0.07838713605163036	0.06611518567303706	-0.0900587263051074	0.07690189733549258	-0.10636461090552801	0.06471806446996174	-0.06710023701177668	0.05877681524713072	-0.06403424141169806	0.0694960260316527	-0.052774207763916	0.03983370344820894	-0.08458675901261137	0.05421646450963223	-0.07225784655996173	0.04935561401729842	-0.04011104912984889
-0.5445106082925917	1.0000000000000007	-0.17107125260301512	0.08305456365991756	-0.08805697664964017	0.28331488136840566	-0.7025953043906642	0.16406978387831722	-0.08795657151901104	0.06708382600015443	-0.25079889412147793	0.2424860472182154	-0.13668796892143323	0.0787706605947283	-0.06942286160538463	0.07649637277492295	-0.06861373260930352	0.09297829405688515	-0.061543821459248756	0.06305489199870663	-0.05068755234641457	0.055134947457954296	-0.06160817304002572	0.0490301391924393	-0.03777467048860326	0.07089324414850133	-0.04694939660858955	0.06149385838757371	-0.046935354197792774	0.03735162927075031
0.10931625360939493	-0.17107125260301512	1.0000000000000002	-0.38408387564784585	0.2322301805272701	-0.1100927329060022	0.1656236469808046	-0.8225156749913708	0.19900984132384725	-0.16022407897099014	0.10017121862439132	-0.12035879205404117	0.15604549442331242	-0.1436513586703461	0.1275905532645336	-0.08120406935697305	0.07247006129673302	-0.11618734247187308	0.09172601078173567	-0.10176511883450888	0.056213139455513074	-0.06438364736661123	0.07264319582991831	-0.07314388678145485	0.057921763553418465	-0.08385816520233562	0.054703735407031724	-0.07510210093839292	0.06894081476077854	-0.056963811963245986
-0.06728377895788214	0.08305456365991756	-0.38408387564784585	1.0000000000000004	-0.7398759285670025	0.06538680451548044	-0.08922835321028318	0.25256842683918024	-0.39622106096214643	0.26204979680069074	-0.06865143870437687	0.07784261722513096	-0.14116883558860477	0.1890387356429155	-0.19562509288587307	0.07039936184293742	-0.06486078509966807	0.10397077444878819	-0.10763263924152008	0.1196081842295211	-0.049771967541109664	0.05755146953457119	-0.06695771922137359	0.08190639642630516	-0.0681365888518867	0.07362133236212394	-0.049233747019136555	0.06714782593491592	-0.07976705939789816	0.06435258238075153
0.07030981986739779	-0.08805697664964017	0.2322301805272701	-0.7398759285670025	1.0	-0.07144391890909134	0.09202735040173655	-0.2723900606836439	0.28880249491090715	-0.4435544139480023	0.07370184525000649	-0.08526615113220727	0.15000859720607282	-0.21814695243233898	0.21390335326550827	-0.08388861067829607	0.07546395192041228	-0.12196871669962926	0.12057684817941457	-0.14607966195397945	0.05907525805110075	-0.06834938693483514	0.07796632201546157	-0.0958752960636017	0.07859857309545056	-0.08886109251815094	0.05829875211450869	-0.08050285601348978	0.08963567433784789	-0.07633899603885913
-0.6874908706202796	0.28331488136840566	-0.1100927329060022	0.06538680451548044	-0.07144391890909134	0.9999999999999997	-0.364556965118144	0.11645203800234387	-0.07688276986287525	0.05959860884123256	-0.5015059895416166	0.2783463638405882	-0.14308501334574564	0.07592370451317068	-0.06546636373833815	0.08884265712475191	-0.07800119758073383	0.09917948871486491	-0.06227320223682638	0.06291889556193452	-0.05724000752311897	0.06040709971761381	-0.0666737726887134	0.04980300438621453	-0.037941374373938415	0.07746420579597202	-0.05134952382000518	0.06618282387860812	-0.04751732918657492	0.0377004565816566
0.29482990794183994	-0.7025953043906642	0.1656236469808046	-0.08922835321028318	0.09202735040173655	-0.364556965118144	0.9999999999999997	-0.22624312314349926	0.09577099121771453	-0.07432461222819262	0.2593492284257782	-0.42779791431484343	0.1579986109241332	-0.09097611283762509	0.07693680518198179	-0.0903612526189362	0.07934548720602692	-0.11295800109372106	0.070633151127277	-0.07309795400573316	0.059360100609530626	-0.06523574708213539	0.07189187151194841	-0.056805961493951965	0.04323878779749879	-0.08474074504770451	0.055142679687426796	-0.07343140836649364	0.053325487569039265	-0.04312065116530108
-0.12294961766806448	0.16406978387831722	-0.8225156749913708	0.25256842683918024	-0.2723900606836439	0.11645203800234387	-0.22624312314349926	1.0000000000000004	-0.25177518786435665	0.16622092475316574	-0.11533531636066047	0.1326471135947001	-0.20173804510224103	0.15538322629383616	-0.1463332061810497	0.08425821251695285	-0.07780833151611893	0.12337689137390458	-0.101426558309811	0.10726603708908232	-0.05870917803339271	0.06721699340293485	-0.07792666816661044	0.07833392208228718	-0.0629423830551644	0.085690972648616	-0.057324359817269056	0.0774773743901174	-0.07617157506693106	0.06062737047251219
0.07660544103722415	-0.08795657151901104	0.19900984132384725	-0.39622106096214643	0.28880249491090715	-0.07688276986287525	0.09577099121771453	-0.25177518786435665	1.0	-0.5684790871446714	0.0864733561515857	-0.10010147571436644	0.2091871736550391	-0.5068151168824732	0.30666056025096217	-0.11088837689050232	0.10072001319683661	-0.16921053225331895	0.1823576968694159	-0.21072574534117328	0.07807160519787351	-0.09113834826551472	0.10498722517815876	-0.14169884132328406	0.11191137566224034	-0.11702060289191317	0.07741733762992505	-0.10716051131107447	0.12644265239946986	-0.10834353447071904
-0.06107628286442236	0.06708382600015443	-0.16022407897099014	0.26204979680069074	-0.4435544139480023	0.05959860884123256	-0.07432461222819262	0.16622092475316574	-0.5684790871446714	0.9999999999999989	-0.06933537401433205	0.0776498095641295	-0.17368945287936763	0.29343897758512216	-0.5611243624047829	0.08423391098077472	-0.07922049208488789	0.12968325700703984	-0.16200233244642456	0.1881524556772098	-0.0600506517395538	0.07009708260769267	-0.08325136835424037	0.11764583021895891	-0.10548440188102212	0.08818918439186775	-0.05999988486248916	0.08165170405777497	-0.11747337985363751	0.09359480948558482
0.26011348306773663	-0.25079889412147793	0.10017121862439132	-0.06865143870437687	0.07370184525000649	-0.5015059895416166	0.2593492284257782	-0.11533531636066047	0.0864733561515857	-0.06933537401433205	0.9999999999999997	-0.7164776921379662	0.194215054115252	-0.09881527831211567	0.07936565288550511	-0.14739715513315024	0.11488950936994996	-0.147870583401878	0.0821808351231913	-0.08311693091292639	0.08496608249731251	-0.08828245592192262	0.09386786231213068	-0.06643484426393728	0.049350924510785016	-0.11443695206061508	0.07354215162125963	-0.09546171651894331	0.06131861087287951	-0.049585191478952365
-0.2895820366029564	0.2424860472182154	-0.12035879205404117	0.07784261722513096	-0.08526615113220727	0.2783463638405882	-0.42779791431484343	0.1326471135947001	-0.10010147571436644	0.0776498095641295	-0.7164776921379662	0.9999999999999998	-0.2953827840911562	0.11184300815354156	-0.09055953335069225	0.12621717373138977	-0.11638714698601019	0.1538749944624919	-0.08900034763324312	0.08762817133848133	-0.0806356468008269	0.0864832763046749	-0.09683409843608035	0.06992127860849176	-0.05250266187907017	0.10821848671548451	-0.0726651385360437	0.09383446299322842	-0.06546147329780772	0.05202009087261717
0.13797933370032278	-0.13668796892143323	0.15604549442331242	-0.14116883558860477	0.15000859720607282	-0.14308501334574564	0.1579986109241332	-0.20173804510224103	0.2091871736550391	-0.17368945287936763	0.194215054115252	-0.2953827840911562	0.9999999999999991	-0.3683453563147046	0.21380033921360042	-0.2679268028755396	0.23859066658451877	-0.5681353695600221	0.2308777307866427	-0.2303379419641297	0.17824824684710075	-0.21354059923498195	0.2401057819373716	-0.18282539827324912	0.1305582567364069	-0.2676546895471564	0.1739931420193145	-0.24727770474089936	0.15757330578707	-0.1313857696836882
-0.07838713605163036	0.0787706605947283	-0.1436513586703461	0.1890387356429155	-0.21814695243233898	0.07592370451317068	-0.09097611283762509	0.15538322629383616	-0.5068151168824732	0.29343897758512216	-0.09881527831211567	0.11184300815354156	-0.3683453563147046	0.9999999999999991	-0.5765690702325583	0.12171569108360515	-0.11842348251501943	0.20582235118875172	-0.32085113095392226	0.24882113805836822	-0.08644300264749115	0.10199313869163881	-0.1247721234596749	0.18049999398962407	-0.1453152306873705	0.1247488254214072	-0.0866355169561095	0.11729336304549387	-0.17051244928166664	0.12936650679422879
0.06611518567303706	-0.06942286160538463	0.1275905532645336	-0.19562509288587307	0.21390335326550827	-0.06546636373833815	0.07693680518198179	-0.1463332061810497	0.30666056025096217	-0.5611243624047829	0.07936565288550511	-0.09055953335069225	0.21380033921360042	-0.5765690702325583	0.9999999999999987	-0.11222214969943049	0.10374861863145701	-0.17803302703117246	0.22674524150228012	-0.36631628476195877	0.07937622598312777	-0.09341976583278537	0.10958931761887068	-0.1710568630447929	0.15285079944199503	-0.11798479233101138	0.07931388860607656	-0.10955402099062855	0.1570260623227855	-0.13933520660567464
-0.0900587263051074	0.07649637277492295	-0.08120406935697305	0.07039936184293742	-0.08388861067829607	0.08884265712475191	-0.0903612526189362	0.08425821251695285	-0.11088837689050232	0.08423391098077472	-0.14739715513315024	0.12621717373138977	-0.2679268028755396	0.12171569108360515	-0.11222214969943049	0.9999999999999986	-0.6984271861156972	0.253398398643843	-0.13719486009543877	0.11314698557676321	-0.4723596240042857	0.2604687989341733	-0.2453761407484566	0.10244402089212988	-0.07589629748273087	0.28425380598157074	-0.21296388733093724	0.19142642897443202	-0.10355002227965303	0.07241334429083546
0.07690189733549258	-0.06861373260930352	0.07247006129673302	-0.06486078509966807	0.07546395192041228	-0.07800119758073383	0.07934548720602692	-0.07780833151611893	0.10072001319683661	-0.07922049208488789	0.11488950936994996	-0.11638714698601019	0.23859066658451877	-0.11842348251501943	0.10374861863145701	-0.6984271861156972	0.9999999999999983	-0.4162606850547676	0.14100643601183654	-0.11851656971440343	0.27559421216976093	-0.3545965232427803	0.2506800103190182	-0.1086869417776818	0.07563301869658684	-0.31926369572896557	0.21166302383809704	-0.223710869295195	0.09976743920123846	-0.0736967046797675
-0.10636461090552801	0.09297829405688515	-0.11618734247187308	0.10397077444878819	-0.12196871669962926	0.09917948871486491	-0.11295800109372106	0.12337689137390458	-0.16921053225331895	0.12968325700703984	-0.147870583401878	0.1538749944624919	-0.5681353695600221	0.20582235118875172	-0.17803302703117246	0.253398398643843	-0.4162606850547676	0.9999999999999996	-0.31245537826753744	0.1945847430526007	-0.18543174820256048	0.23395538392946355	-0.42956283129475675	0.17890780780295576	-0.12438006788458843	0.22169697994778015	-0.1903831552864685	0.23327882120963006	-0.16252370812438122	0.11701757363453284
0.06471806446996174	-0.061543821459248756	0.09172601078173567	-0.10763263924152008	0.12057684817941457	-0.06227320223682638	0.070633151127277	-0.101426558309811	0.1823576968694159	-0.16200233244642456	0.0821808351231913	-0.08900034763324312	0.2308777307866427	-0.32085113095392226	0.22674524150228012	-0.13719486009543877	0.14100643601183654	-0.31245537826753744	0.9999999999999976	-0.537457150356513	0.09807323558339666	-0.12108090791732425	0.15696463465355934	-0.5673901478836679	0.24789584155282524	-0.13748696301668933	0.10084371463691227	-0.13742714469169093	0.2775882430771671	-0.23696509677315317
-0.06710023701177668	0.06305489199870663	-0.10176511883450888	0.1196081842295211	-0.14607966195397945	0.06291889556193452	-0.07309795400573316	0.10726603708908232	-0.21072574534117328	0.1881524556772098	-0.08311693091292639	0.08762817133848133	-0.2303379419641297	0.24882113805836822	-0.36631628476195877	0.11314698557676321	-0.11851656971440343	0.1945847430526007	-0.537457150356513	0.9999999999999976	-0.0837404480843091	0.09998818248458301	-0.13131405585444542	0.2960065957934706	-0.4883205507903168	0.11598457502548781	-0.08671934651471443	0.11409809351744815	-0.3548214018341348	0.26817045174796883
0.05877681524713072	-0.05068755234641457	0.056213139455513074	-0.049771967541109664	0.05907525805110075	-0.05724000752311897	0.059360100609530626	-0.05870917803339271	0.07807160519787351	-0.0600506517395538	0.08496608249731251	-0.0806356468008269	0.17824824684710075	-0.08644300264749115	0.07937622598312777	-0.4723596240042857	0.27559421216976093	-0.18543174820256048	0.09807323558339666	-0.0837404480843091	0.9999999999999989	-0.4254052194023128	0.2316098797800089	-0.07794244178173912	0.056315670233893944	-0.6847467965709834	0.24681968966132395	-0.2121378164340084	0.07714555633149435	-0.05434361660207408
-0.06403424141169806	0.055134947457954296	-0.06438364736661123	0.05755146953457119	-0.06834938693483514	0.06040709971761381	-0.06523574708213539	0.06721699340293485	-0.09113834826551472	0.07009708260769267	-0.08828245592192262	0.0864832763046749	-0.21354059923498195	0.10199313869163881	-0.09341976583278537	0.2604687989341733	-0.3545965232427803	0.23395538392946355	-0.12108090791732425	0.09998818248458301	-0.4254052194023128	0.9999999999999986	-0.5143348367319973	0.09731264487215432	-0.06842037106691032	0.302433723095262	-0.539746550511797	0.30803516883186804	-0.09463425491937867	0.0655249466493617
0.0694960260316527	-0.06160817304002572	0.07264319582991831	-0.06695771922137359	0.07796632201546157	-0.0666737726887134	0.07189187151194841	-0.07792666816661044	0.10498722517815876	-0.08325136835424037	0.09386786231213068	-0.09683409843608035	0.2401057819373716	-0.1247721234596749	0.10958931761887068	-0.2453761407484566	0.2506800103190182	-0.42956283129475675	0.15696463465355934	-0.13131405585444542	0.2316098797800089	-0.5143348367319973	0.9999999999999999	-0.14154420213511662	0.08790337266259508	-0.3038982131995158	0.30680215660921883	-0.5639173569076925	0.11903280676573275	-0.0855689020399475
-0.052774207763916	0.0490301391924393	-0.07314388678145485	0.08190639642630516	-0.0958752960636017	0.04980300438621453	-0.056805961493951965	0.07833392208228718	-0.14169884132328406	0.11764583021895891	-0.06643484426393728	0.06992127860849176	-0.18282539827324912	0.18049999398962407	-0.1710568630447929	0.10244402089212988	-0.1086869417776818	0.17890780780295576	-0.5673901478836679	0.2960065957934706	-0.07794244178173912	0.09731264487215432	-0.14154420213511662	0.999999999999999	-0.3724653099487635	0.10675812345082614	-0.08354319173537704	0.11204194353829726	-0.6060844253784876	0.27766026060427285
0.03983370344820894	-0.03777467048860326	0.057921763553418465	-0.0681365888518867	0.07859857309545056	-0.037941374373938415	0.04323878779749879	-0.0629423830551644	0.11191137566224034	-0.10548440188102212	0.049350924510785016	-0.05250266187907017	0.1305582567364069	-0.1453152306873705	0.15285079944199503	-0.07589629748273087	0.07563301869658684	-0.12438006788458843	0.24789584155282524	-0.4883205507903168	0.056315670233893944	-0.06842037106691032	0.08790337266259508	-0.3724653099487635	0.9999999999999992	-0.08018336022389223	0.058923065392978785	-0.08031437995026405	0.3096780506021904	-0.7005355529554593
-0.08458675901261137	0.07089324414850133	-0.08385816520233562	0.07362133236212394	-0.08886109251815094	0.07746420579597202	-0.08474074504770451	0.085690972648616	-0.11702060289191317	0.08818918439186775	-0.11443695206061508	0.10821848671548451	-0.2676546895471564	0.1247488254214072	-0.11798479233101138	0.28425380598157074	-0.31926369572896557	0.22169697994778015	-0.13748696301668933	0.11598457502548781	-0.6847467965709834	0.302433723095262	-0.3038982131995158	0.10675812345082614	-0.08018336022389223	1.0	-0.3855403242539772	0.24621988376420695	-0.11216014638198071	0.07624995593254796
0.05421646450963223	-0.04694939660858955	0.054703735407031724	-0.049233747019136555	0.05829875211450869	-0.05134952382000518	0.055142679687426796	-0.057324359817269056	0.07741733762992505	-0.05999988486248916	0.07354215162125963	-0.0726651385360437	0.1739931420193145	-0.0866355169561095	0.07931388860607656	-0.21296388733093724	0.21166302383809704	-0.1903831552864685	0.10084371463691227	-0.08671934651471443	0.24681968966132395	-0.539746550511797	0.30680215660921883	-0.08354319173537704	0.058923065392978785	-0.3855403242539772	0.9999999999999997	-0.6531521549533373	0.0820437251290867	-0.05751734846375081
-0.07225784655996173	0.06149385838757371	-0.07510210093839292	0.06714782593491592	-0.08050285601348978	0.06618282387860812	-0.07343140836649364	0.0774773743901174	-0.10716051131107447	0.08165170405777497	-0.09546171651894331	0.09383446299322842	-0.24727770474089936	0.11729336304549387	-0.10955402099062855	0.19142642897443202	-0.223710869295195	0.23327882120963006	-0.13742714469169093	0.11409809351744815	-0.2121378164340084	0.30803516883186804	-0.5639173569076925	0.11204194353829726	-0.08031437995026405	0.24621988376420695	-0.6531521549533373	0.9999999999999991	-0.11589839079428865	0.0771245261420338
0.04935561401729842	-0.046935354197792774	0.06894081476077854	-0.07976705939789816	0.08963567433784789	-0.04751732918657492	0.053325487569039265	-0.07617157506693106	0.12644265239946986	-0.11747337985363751	0.06131861087287951	-0.06546147329780772	0.15757330578707	-0.17051244928166664	0.1570260623227855	-0.10355002227965303	0.09976743920123846	-0.16252370812438122	0.2775882430771671	-0.3548214018341348	0.07714555633149435	-0.09463425491937867	0.11903280676573275	-0.6060844253784876	0.3096780506021904	-0.11216014638198071	0.0820437251290867	-0.11589839079428865	0.9999999999999992	-0.5753630707910423
-0.04011104912984889	0.03735162927075031	-0.056963811963245986	0.06435258238075153	-0.07633899603885913	0.0377004565816566	-0.04312065116530108	0.06062737047251219	-0.10834353447071904	0.09359480948558482	-0.049585191478952365	0.05202009087261717	-0.1313857696836882	0.12936650679422879	-0.13933520660567464	0.07241334429083546	-0.0736967046797675	0.11701757363453284	-0.23696509677315317	0.26817045174796883	-0.05434361660207408	0.0655249466493617	-0.0855689020399475	0.27766026060427285	-0.7005355529554593	0.07624995593254796	-0.05751734846375081	0.0771245261420338	-0.5753630707910423	0.999999999999999
