1.0	-0.253012119222382	0.18316080307432359	-0.10539314114024498	0.11434262169564924	-0.6979923951017025	0.2983987928427746	-0.24375511072738984	0.17146826603841211	-0.18634415684365355	0.24946227825868697	-0.2651095872604161	0.20403362773243547	-0.23622770381874283	0.14271985953508295	-0.1735485979775014	0.1768748440143304	-0.1616619799754023	0.16000541988065287	-0.16074812677813388	0.1788826695290961	-0.13064939565688322	0.1498423057791882	-0.1202324882978824	0.1146432357539819	-0.13767339831828246	0.12335854077844485	-0.11254980863039711	0.11046709214176441	-0.07978011850314803	0.1183628242210211	-0.08975767579845122	0.08689620566478735	-0.09328913940915534	0.08852001612757646	-0.11766085527338058	0.07568411278161598	-0.09375917399368788	0.07387246071541621	-0.06781517999197062	0.08443042913927307	-0.06683965362648095	0.07822022048041886	-0.059408865984218295	0.0641997459733243
-0.253012119222382	1.0000000000000007	-0.7564605282579516	0.22352474396566682	-0.2710312499943575	0.19206386694127217	-0.34651253282892547	0.23300938639092156	-0.17853660339381425	0.17721490016140806	-0.18609382100080832	0.20013249673619024	-0.21074439256850774	0.1926886218357543	-0.13869675840871062	0.11548328800054745	-0.14369900769248684	0.12064812649260738	-0.13542348314151076	0.13057751030542686	-0.14116546136040528	0.10037184697995932	-0.12037861315816634	0.09602373784496773	-0.09637106817510667	0.09916183406708853	-0.09438797519964673	0.08433455711510993	-0.08566251487355685	0.06379550691941988	-0.08779909743531637	0.0649068076269368	-0.06514137568175096	0.06946288154413033	-0.07241397087691412	0.08264870613367545	-0.055312965104864456	0.06829496595598548	-0.05587824955917471	0.05118551247193813	-0.06230398188727344	0.04876797959040858	-0.05823475223727649	0.04433436197417168	-0.04886709565143846
0.18316080307432359	-0.7564605282579516	1.0000000000000007	-0.36525277806204165	0.25001097312492265	-0.15836926090214448	0.22669305975111018	-0.27954637923253584	0.18031306329723684	-0.19464412485820431	0.15389828209602643	-0.18863769410268935	0.1871815443197953	-0.20982850094558736	0.1359231159425157	-0.10088664877003874	0.12646654578764296	-0.11344832862138819	0.124944156901987	-0.13261351668412708	0.12028939192198962	-0.09035247660784129	0.10893844563882857	-0.09093401074400422	0.09075396801575288	-0.09049884749586477	0.08511912606607074	-0.07791091776675246	0.07886212146836245	-0.059904329346996125	0.0802258356066355	-0.06034986946867669	0.06017825554316463	-0.06462916165467236	0.06714978190643096	-0.07725050227779238	0.0512633637461555	-0.06365458696688861	0.051758209122370426	-0.04767783782810772	0.057561428691540455	-0.045277175360571395	0.05386615729845019	-0.041166838771029245	0.04522748818205395
-0.10539314114024498	0.22352474396566682	-0.36525277806204165	1.0000000000000002	-0.8624094837722062	0.08280012164924205	-0.11613210553606097	0.1318815225345571	-0.16393160509216284	0.17635683190643842	-0.09099568302376523	0.09888602983597089	-0.1079025475384982	0.14457661237322783	-0.12179429207324202	0.05970853969704193	-0.08059681341407847	0.07322634995678023	-0.08923798286458905	0.09570217941712186	-0.07433928226126528	0.057357506789120626	-0.0725589260578887	0.06264902973077374	-0.06593953279953405	0.0565945684487473	-0.05450497964527156	0.050481814797864275	-0.05240103355929714	0.04148901941513831	-0.05116104434077058	0.038451236651727644	-0.03912536574371327	0.04205826391839264	-0.04719280312889841	0.04845176540590895	-0.032846287628029255	0.04089644048653844	-0.03408771711382101	0.03149936155895489	-0.03708458280663103	0.02904369050112978	-0.034978704257268414	0.026883845864400065	-0.029937012188206068
0.11434262169564924	-0.2710312499943575	0.25001097312492265	-0.8624094837722062	1.0000000000000009	-0.09244134390652388	0.1260703230884756	-0.14442952272330042	0.16409765886042443	-0.24726139302807162	0.1001063509250158	-0.11149529829667014	0.11518298057192666	-0.1704437882311172	0.13625873103330377	-0.06660851146058405	0.08949268393262558	-0.08315591883393324	0.0990100403410344	-0.11401086467601201	0.08226986267630139	-0.06421456514574872	0.08094249640418158	-0.07124667718467832	0.0741310229425888	-0.06381075614167599	0.061070652815307984	-0.05698701274076821	0.058897139791343096	-0.04686465774694653	0.0575902662966217	-0.04354957933723331	0.04411970682732968	-0.04757225267605734	0.05277024014381839	-0.055056926996706716	0.037125212991478806	-0.04631554690139065	0.038393481310763325	-0.035557536587561236	0.04182358419575967	-0.03283853968913771	0.03943581215115373	-0.030339904758953564	0.03368024674073676
-0.6979923951017025	0.19206386694127217	-0.15836926090214448	0.08280012164924205	-0.09244134390652388	1.0000000000000009	-0.5217364892625654	0.21039378102919143	-0.1410196534024632	0.13607348719228993	-0.31342869401466306	0.23660588979034913	-0.1953226323491115	0.16968675549799264	-0.10631789870369039	0.15603190758395857	-0.14331515632854763	0.11774524888191021	-0.11742593093661005	0.1135464155766458	-0.16185149961345432	0.10265964481485028	-0.11341719907845278	0.08731927194850551	-0.08354834479686328	0.10415305579621177	-0.0943442856084706	0.08261182255669486	-0.08097922119034194	0.057618274704280194	-0.08671232772001888	0.06428289743965807	-0.0629984908530805	0.06720936899906817	-0.06428830400915034	0.08347515950857688	-0.054217392497152773	0.06679541284514372	-0.0529860246983381	0.04844974927229989	-0.06035027013613155	0.04766520776407343	-0.05598788677852014	0.04244428141291676	-0.04600241516603082
0.2983987928427746	-0.34651253282892547	0.22669305975111018	-0.11613210553606097	0.1260703230884756	-0.5217364892625654	1.0000000000000004	-0.43808628802183464	0.2011012306561069	-0.1876987217391509	0.24183506191062315	-0.44478429068541814	0.28240506327175285	-0.23644305868872734	0.13783956354967286	-0.15155129837569	0.1622675699443657	-0.13670974619941081	0.1394816585496595	-0.140264059886803	0.15968681733334383	-0.11546328161759797	0.1291699682487685	-0.10289632990250794	0.09978658369589408	-0.11442923444660431	0.10466922596461903	-0.09360886753903075	0.09245367388057124	-0.06755780092878039	0.09671847887676441	-0.07253301817397713	0.07145220835549315	-0.0765525195411678	0.07536508489393702	-0.09378462794305899	0.06123767551647326	-0.0757805671117906	0.06053572358697956	-0.05556417929152636	0.06826783333487745	-0.05393393627917084	0.06357434745598708	-0.04838845582717213	0.052653250090679185
-0.24375511072738984	0.23300938639092156	-0.27954637923253584	0.1318815225345571	-0.14442952272330042	0.21039378102919143	-0.43808628802183464	1.0000000000000004	-0.4262284950548883	0.22023404139954916	-0.21205474995867574	0.2921693344461428	-0.5855434400557693	0.269006544016586	-0.16379429850683655	0.12797918906277406	-0.15402421902351984	0.12817818122982622	-0.14295882952573843	0.14232622634661232	-0.14921382801476693	0.10690964541476068	-0.12514029291413362	0.10130212905143093	-0.10191837981653709	0.10409580723503943	-0.09821582695439629	0.0877387944300564	-0.08861571921995527	0.066526533617606	-0.08991684467170319	0.06689554794240252	-0.06717051777629164	0.07185216146466973	-0.07512760039686801	0.08521886758407582	-0.056806609755837865	0.07031008559234168	-0.05738181101197184	0.052706219610302515	-0.06367531562355003	0.050036595874449995	-0.05963985757695205	0.04552781118213731	-0.050108830129372006
0.17146826603841211	-0.17853660339381425	0.18031306329723684	-0.16393160509216284	0.16409765886042443	-0.1410196534024632	0.2011012306561069	-0.4262284950548883	1.0000000000000013	-0.5136607744949253	0.155811816124253	-0.18544068153009274	0.2306040078750281	-0.6168855405629939	0.25139940874521316	-0.10233804444962717	0.1391049025633932	-0.1303080596832503	0.16561850096265923	-0.18930359513100348	0.12613346021359348	-0.09937310981289793	0.12694443931425134	-0.11469550692410398	0.12127991690221479	-0.09701105985016484	0.09377103233028353	-0.08775389729119443	0.09170769899325759	-0.0745125116702323	0.08723089043041178	-0.06591199336903902	0.06767160140702583	-0.07305863122529391	0.08423642747047988	-0.08247581311647086	0.05629104182336185	-0.0703420912530064	0.05908095706179718	-0.05482303652769346	0.06347113494414909	-0.04976919973637204	0.06016124384565387	-0.04645479916478995	0.05192003862440879
-0.18634415684365355	0.17721490016140806	-0.19464412485820431	0.17635683190643842	-0.24726139302807162	0.13607348719228993	-0.1876987217391509	0.22023404139954916	-0.5136607744949253	0.9999999999999992	-0.17069222285817548	0.16587741697194416	-0.20173198098430298	0.31339116934330247	-0.5806702016920919	0.11383527087897982	-0.17026946618769426	0.15999776127961565	-0.22470913511383409	0.26072236531650006	-0.1480854558485274	0.12157167380829409	-0.164805814051757	0.15213906340611733	-0.17684171111790498	0.1172149325271587	-0.1164122069912976	0.11061376706987197	-0.11933999624002016	0.10159561158224764	-0.10824395283776075	0.08184253381509861	-0.08594089482426127	0.09279027684694681	-0.11772716718397637	0.10070598791584333	-0.07038881527629584	0.08823495443424902	-0.07639143299455876	0.0711351805975311	-0.07991678075780788	0.06235274859585141	-0.07646137033248836	0.059457159654302205	-0.06757693714252905
0.24946227825868697	-0.18609382100080832	0.15389828209602643	-0.09099568302376523	0.1001063509250158	-0.31342869401466306	0.24183506191062315	-0.21205474995867574	0.155811816124253	-0.17069222285817548	1.0000000000000002	-0.41275092825153087	0.22478233079401538	-0.21572423205399552	0.13634414007183132	-0.5740337266886412	0.22475890945651456	-0.18818423111987737	0.16914696166887577	-0.16132627332880464	0.2976066794839584	-0.17658471625513925	0.17478765527033466	-0.13138160394014503	0.1209171684845405	-0.18858330107943946	0.1551876050614018	-0.13415116272452454	0.1261517582096633	-0.08638647662456017	0.14011352823178563	-0.10431132670367692	0.10005574383476025	-0.10690811258034451	0.09512553894187807	-0.13773942152434374	0.08689814682154078	-0.10679354053308567	0.08246294205059666	-0.07530781792366838	0.09535619503267763	-0.07608724986909968	0.08799901771018251	-0.06655307824389184	0.07109265415558237
-0.2651095872604161	0.20013249673619024	-0.18863769410268935	0.09888602983597089	-0.11149529829667014	0.23660588979034913	-0.44478429068541814	0.2921693344461428	-0.18544068153009274	0.16587741697194416	-0.41275092825153087	0.9999999999999992	-0.6083472254894186	0.21030838335743487	-0.1317662320540429	0.19410137116454007	-0.23117940119371574	0.15063614910110606	-0.1459583938991408	0.13648139023480524	-0.20843002414500666	0.14244244782461354	-0.14695732780379847	0.10806227325518514	-0.10283645973662643	0.1306058684928484	-0.12124451345422921	0.10286010890307141	-0.09996015702345261	0.07035160472501123	-0.10570319680776043	0.077757832223901	-0.07702342354672431	0.08194582424373188	-0.07856762976302632	0.1001337965325497	-0.06544942979666431	0.08050229542023932	-0.06404321919541245	0.0584654551455285	-0.07252981736791414	0.05732858439602705	-0.06746645552397867	0.051157026683657604	-0.05549614274915496
0.20403362773243547	-0.21074439256850774	0.1871815443197953	-0.1079025475384982	0.11518298057192666	-0.1953226323491115	0.28240506327175285	-0.5855434400557693	0.2306040078750281	-0.20173198098430298	0.22478233079401538	-0.6083472254894186	1.000000000000001	-0.28276152032492036	0.14606233226569093	-0.14530020502767457	0.16444262869861154	-0.13824954086893113	0.14083300180900885	-0.14249360361725844	0.15272930633780066	-0.11587783517228667	0.12841518024432202	-0.10292736270381217	0.10034326563080305	-0.11171349921108259	0.10264082386816269	-0.09192828327358121	0.0908490888702988	-0.06706713123036	0.09368415718514794	-0.07040993961759322	0.06975628072666304	-0.0748389727466287	0.0748161800870283	-0.09062841659872803	0.05941225938354263	-0.07363100220960847	0.059067667619444465	-0.05429831932490252	0.06614791727609734	-0.05229630973318298	0.06177291141900573	-0.0471207605193315	0.051385082746078795
-0.23622770381874283	0.1926886218357543	-0.20982850094558736	0.14457661237322783	-0.1704437882311172	0.16968675549799264	-0.23644305868872734	0.269006544016586	-0.6168855405629939	0.31339116934330247	-0.21572423205399552	0.21030838335743487	-0.28276152032492036	1.0000000000000018	-0.37734869346913197	0.1403320776134091	-0.20464163793773904	0.18809981835463702	-0.27324863340774297	0.23800459921985254	-0.18243702246283228	0.1439104181369079	-0.19077501899971366	0.16663900591270395	-0.1808629029956917	0.13842402651968372	-0.1370965100576922	0.1272905274435275	-0.1354874929022091	0.10947563293588479	-0.1272384255907363	0.09496726733501712	-0.09887454487965874	0.10602537587440601	-0.1272588795487341	0.11752373397038468	-0.08169545070476801	0.10172093338103322	-0.08703764806274256	0.08037409182905961	-0.09288089225297005	0.07226542166533624	-0.08821771188522717	0.06801908842220819	-0.07681402128548363
0.14271985953508295	-0.13869675840871062	0.1359231159425157	-0.12179429207324202	0.13625873103330377	-0.10631789870369039	0.13783956354967286	-0.16379429850683655	0.25139940874521316	-0.5806702016920919	0.13634414007183132	-0.1317662320540429	0.14606233226569093	-0.37734869346913197	1.0000000000000013	-0.09504982759246708	0.14695610465030476	-0.15688361949939852	0.21033454345996214	-0.5834310679626339	0.12374423716267753	-0.10958120758879393	0.15103757961808117	-0.1750504798231618	0.1987539669554737	-0.1067112540853468	0.10509174471829881	-0.1059988665891687	0.11477231991277359	-0.10955627141588985	0.09790640155863846	-0.07663251018526077	0.08101298800072387	-0.08977527628798236	0.1164286207271922	-0.09363967839473455	0.06536978690575986	-0.08337021608350223	0.07208015662482742	-0.06870238304629807	0.07333684893234603	-0.05795877514487528	0.07096605145769186	-0.05613241391747475	0.06356654828805955
-0.1735485979775014	0.11548328800054745	-0.10088664877003874	0.05970853969704193	-0.06660851146058405	0.15603190758395857	-0.15155129837569	0.12797918906277406	-0.10233804444962717	0.11383527087897982	-0.5740337266886412	0.19410137116454007	-0.14530020502767457	0.1403320776134091	-0.09504982759246708	1.0	-0.2540896759624902	0.15502801582894138	-0.1320191178681617	0.1166459243846213	-0.6783555108882582	0.18424635369582995	-0.16141302686645892	0.10509796648460405	-0.09409859162096587	0.17953505321878796	-0.15416435305122209	0.11552027418713418	-0.10690075381340623	0.06811517863961598	-0.12451985375038026	0.0856511894109122	-0.08366821213795483	0.08765899700097599	-0.07507078407473086	0.11145021887601134	-0.07120083674534596	0.08593436041751347	-0.06632403325490772	0.05986078488279455	-0.07732923398841342	0.06149020152812903	-0.07114889036150618	0.05332249987729345	-0.056799027451407635
0.1768748440143304	-0.14369900769248684	0.12646654578764296	-0.08059681341407847	0.08949268393262558	-0.14331515632854763	0.1622675699443657	-0.15402421902351984	0.1391049025633932	-0.17026946618769426	0.22475890945651456	-0.23117940119371574	0.16444262869861154	-0.20464163793773904	0.14695610465030476	-0.2540896759624902	0.9999999999999996	-0.40052819867005834	0.24052427251490663	-0.2008608183071955	0.2597266532241001	-0.6034359137396642	0.3125010576077256	-0.19912618799440582	0.16382278994857175	-0.27740308987279916	0.2589841836740705	-0.21307209719287137	0.1819462378826493	-0.11845056855104621	0.18710164365474213	-0.1449240808354863	0.14234432559257168	-0.15305897126830517	0.1270207202412914	-0.18649767549301427	0.11826047582535903	-0.14687899503468835	0.11134017809537526	-0.10170293967204497	0.12636332017878926	-0.10254529733897404	0.1180122877780811	-0.08973384454005921	0.09470523163739208
-0.1616619799754023	0.12064812649260738	-0.11344832862138819	0.07322634995678023	-0.08315591883393324	0.11774524888191021	-0.13670974619941081	0.12817818122982622	-0.1303080596832503	0.15999776127961565	-0.18818423111987737	0.15063614910110606	-0.13824954086893113	0.18809981835463702	-0.15688361949939852	0.15502801582894138	-0.40052819867005834	0.9999999999999991	-0.5778466041191765	0.21608310794147093	-0.2116752249412931	0.26446095636264916	-0.5317203759287508	0.25382535741172174	-0.21277229835840117	0.1945137949675528	-0.21100902873258542	0.1896734738546271	-0.19271037974826327	0.13378283097886573	-0.166650487973187	0.12591706017351062	-0.13584909597715314	0.1445020245395856	-0.14880549480629507	0.1532982505979525	-0.10680063972005743	0.13303640505179223	-0.1101478916766217	0.10056240361674804	-0.11817787089697729	0.09308780922358145	-0.11262429189109101	0.08629197931855959	-0.0951102237437358
0.16000541988065287	-0.13542348314151076	0.124944156901987	-0.08923798286458905	0.0990100403410344	-0.11742593093661005	0.1394816585496595	-0.14295882952573843	0.16561850096265923	-0.22470913511383409	0.16914696166887577	-0.1459583938991408	0.14083300180900885	-0.27324863340774297	0.21033454345996214	-0.1320191178681617	0.24052427251490663	-0.5778466041191765	0.9999999999999944	-0.3643554183117105	0.17453437363227403	-0.19355802992287977	0.28505855537819025	-0.4464888922137831	0.2649400858379975	-0.17781878654133912	0.17341892767615835	-0.18767612886936294	0.19400915626878468	-0.16230746088262063	0.1558863927493402	-0.12755039292383966	0.13466506269222728	-0.15383108497840295	0.1638805811041765	-0.15583875164014954	0.10662842255869467	-0.1380225838700257	0.11340480387964454	-0.10804062606929292	0.11653982609392807	-0.09398665242337588	0.11293419479389528	-0.08943078333865564	0.09801121407553083
-0.16074812677813388	0.13057751030542686	-0.13261351668412708	0.09570217941712186	-0.11401086467601201	0.1135464155766458	-0.140264059886803	0.14232622634661232	-0.18930359513100348	0.26072236531650006	-0.16132627332880464	0.13648139023480524	-0.14249360361725844	0.23800459921985254	-0.5834310679626339	0.1166459243846213	-0.2008608183071955	0.21608310794147093	-0.3643554183117105	0.9999999999999954	-0.15784957520422246	0.15030657480508858	-0.22592041943233404	0.26448848278074427	-0.45291852457321186	0.14222244361128478	-0.14526688130019086	0.14929386164927633	-0.17197416781451078	0.17599751088508836	-0.13301476299979298	0.10445958928734869	-0.11486227527985295	0.1271027719335001	-0.19980583797621224	0.12470038528236996	-0.08991559612406101	0.11511348682739883	-0.1047295517902924	0.10024102971757406	-0.10139878790746172	0.07976664143486827	-0.09978920490415305	0.07997226363546031	-0.09323317074721232
0.1788826695290961	-0.14116546136040528	0.12028939192198962	-0.07433928226126528	0.08226986267630139	-0.16185149961345432	0.15968681733334383	-0.14921382801476693	0.12613346021359348	-0.1480854558485274	0.2976066794839584	-0.20843002414500666	0.15272930633780066	-0.18243702246283228	0.12374423716267753	-0.6783555108882582	0.2597266532241001	-0.2116752249412931	0.17453437363227403	-0.15784957520422246	0.9999999999999944	-0.2888578869615246	0.2098712790468894	-0.14312258032140554	0.12595874190930512	-0.31731005523310335	0.21406505931983216	-0.16449152644903953	0.1465102940838592	-0.09301260896515005	0.1743344076678616	-0.12248812831828544	0.11675690712195753	-0.12319615175220545	0.10156100975793007	-0.16217811284429626	0.10061461703745439	-0.12154253233138614	0.09209508200092872	-0.0833257719335941	0.10822446695104627	-0.08686096027405	0.09925616664048273	-0.07447438542541572	0.07862375083562331
-0.13064939565688322	0.10037184697995932	-0.09035247660784129	0.057357506789120626	-0.06421456514574872	0.10265964481485028	-0.11546328161759797	0.10690964541476068	-0.09937310981289793	0.12157167380829409	-0.17658471625513925	0.14244244782461354	-0.11587783517228667	0.1439104181369079	-0.10958120758879393	0.18424635369582995	-0.6034359137396642	0.26446095636264916	-0.19355802992287977	0.15030657480508858	-0.2888578869615246	0.999999999999994	-0.515141842239994	0.17347018739212985	-0.14119835970673722	0.2505941136487637	-0.4112078362468716	0.2027328032687703	-0.17063625976443836	0.09921692455434908	-0.16516745829973958	0.12003163697817064	-0.12689316161980466	0.13073196975780307	-0.10739717144522065	0.14864693494550876	-0.09850874955860711	0.12021420990567068	-0.09281369153870869	0.08330947371439215	-0.10431243281693461	0.08388718015630098	-0.09794937936249432	0.07379097037204105	-0.07827927160711577
0.1498423057791882	-0.12037861315816634	0.10893844563882857	-0.0725589260578887	0.08094249640418158	-0.11341719907845278	0.1291699682487685	-0.12514029291413362	0.12694443931425134	-0.164805814051757	0.17478765527033466	-0.14695732780379847	0.12841518024432202	-0.19077501899971366	0.15103757961808117	-0.16141302686645892	0.3125010576077256	-0.5317203759287508	0.28505855537819025	-0.22592041943233404	0.2098712790468894	-0.515141842239994	0.9999999999999966	-0.3366347219704461	0.21077690193107573	-0.24078749510609174	0.24501903842304196	-0.2574732719518875	0.20772255530518835	-0.14017757231759378	0.17625302444869323	-0.141669782385468	0.15119283251420257	-0.16443053697232507	0.14490436493267717	-0.17282621554412797	0.11612965648917965	-0.14773387458371412	0.11527422082186832	-0.10626579737985117	0.12386324046376225	-0.10054033729767112	0.11859084963341508	-0.0915336269958912	0.0977378310382739
-0.1202324882978824	0.09602373784496773	-0.09093401074400422	0.06264902973077374	-0.07124667718467832	0.08731927194850551	-0.10289632990250794	0.10130212905143093	-0.11469550692410398	0.15213906340611733	-0.13138160394014503	0.10806227325518514	-0.10292736270381217	0.16663900591270395	-0.1750504798231618	0.10509796648460405	-0.19912618799440582	0.25382535741172174	-0.4464888922137831	0.26448848278074427	-0.14312258032140554	0.17347018739212985	-0.3366347219704461	0.9999999999999922	-0.6524326688992352	0.1524931712795721	-0.16084413251793997	0.1917602307123696	-0.27752256105644313	0.211390953620954	-0.1355494925547626	0.11337189478997316	-0.13510633446815626	0.15839016580850293	-0.22511238156604063	0.13038669095000055	-0.09585442118005277	0.12561230545903918	-0.11358220374859374	0.1090582354335664	-0.10417862351794929	0.08387355833466159	-0.1050342174117314	0.08571832639769679	-0.09821988726742142
0.1146432357539819	-0.09637106817510667	0.09075396801575288	-0.06593953279953405	0.0741310229425888	-0.08354834479686328	0.09978658369589408	-0.10191837981653709	0.12127991690221479	-0.17684171111790498	0.1209171684845405	-0.10283645973662643	0.10034326563080305	-0.1808629029956917	0.1987539669554737	-0.09409859162096587	0.16382278994857175	-0.21277229835840117	0.2649400858379975	-0.45291852457321186	0.12595874190930512	-0.14119835970673722	0.21077690193107573	-0.6524326688992352	0.9999999999999956	-0.13553981446107907	0.1347261411854786	-0.16580767085608838	0.19407012820573125	-0.35764373302837565	0.1219716517493075	-0.10445492428012683	0.11859942099147389	-0.14325733529655346	0.239812922986983	-0.12111035277823211	0.08781385241699825	-0.11766927007814575	0.10764292238430159	-0.11132775015750383	0.09563702361710927	-0.07786288990060602	0.09732756064530579	-0.08207098111043037	0.09494592529523496
-0.13767339831828246	0.09916183406708853	-0.09049884749586477	0.0565945684487473	-0.06381075614167599	0.10415305579621177	-0.11442923444660431	0.10409580723503943	-0.09701105985016484	0.1172149325271587	-0.18858330107943946	0.1306058684928484	-0.11171349921108259	0.13842402651968372	-0.1067112540853468	0.17953505321878796	-0.27740308987279916	0.1945137949675528	-0.17781878654133912	0.14222244361128478	-0.31731005523310335	0.2505941136487637	-0.24078749510609174	0.1524931712795721	-0.13553981446107907	0.9999999999999943	-0.6288812256785781	0.24718939936774698	-0.22717915381210024	0.10966484015954636	-0.45028758894658444	0.18366613583799224	-0.1779946603801353	0.1700460683887582	-0.12275429837865148	0.23633796350005307	-0.15147614792111488	0.16361011236674294	-0.12420525366107328	0.10666994647606624	-0.1577103154703735	0.12285862789805108	-0.13937699122214656	0.09950449592144275	-0.10422837809297616
0.12335854077844485	-0.09438797519964673	0.08511912606607074	-0.05450497964527156	0.061070652815307984	-0.0943442856084706	0.10466922596461903	-0.09821582695439629	0.09377103233028353	-0.1164122069912976	0.1551876050614018	-0.12124451345422921	0.10264082386816269	-0.1370965100576922	0.10509174471829881	-0.15416435305122209	0.2589841836740705	-0.21100902873258542	0.17341892767615835	-0.14526688130019086	0.21406505931983216	-0.4112078362468716	0.24501903842304196	-0.16084413251793997	0.1347261411854786	-0.6288812256785781	0.9999999999999957	-0.425937618986967	0.23356845903786355	-0.1116876490674111	0.24049247067520518	-0.1763216997756503	0.18335066329577548	-0.18475550910010022	0.11944197426680221	-0.21327020933469076	0.1372621346674898	-0.1648613872127321	0.11964350513607266	-0.10489641221630293	0.1386910477957685	-0.11389027689757912	0.1293346089435765	-0.0958195041705447	0.09847153111068836
-0.11254980863039711	0.08433455711510993	-0.07791091776675246	0.050481814797864275	-0.05698701274076821	0.08261182255669486	-0.09360886753903075	0.0877387944300564	-0.08775389729119443	0.11061376706987197	-0.13415116272452454	0.10286010890307141	-0.09192828327358121	0.1272905274435275	-0.1059988665891687	0.11552027418713418	-0.21307209719287137	0.1896734738546271	-0.18767612886936294	0.14929386164927633	-0.16449152644903953	0.2027328032687703	-0.2574732719518875	0.1917602307123696	-0.16580767085608838	0.24718939936774698	-0.425937618986967	0.9999999999999938	-0.6191294979051948	0.15235176264250602	-0.22051456131681943	0.19258651728115234	-0.390890787626879	0.2888024149849263	-0.1662652965069522	0.18880351478192653	-0.16288348709783038	0.20505532258818257	-0.1636353926341559	0.1334300187221622	-0.1638667839744301	0.1304605754642017	-0.16739332435770696	0.12220706903502265	-0.12799824538079646
0.11046709214176441	-0.08566251487355685	0.07886212146836245	-0.05240103355929714	0.058897139791343096	-0.08097922119034194	0.09245367388057124	-0.08861571921995527	0.09170769899325759	-0.11933999624002016	0.1261517582096633	-0.09996015702345261	0.0908490888702988	-0.1354874929022091	0.11477231991277359	-0.10690075381340623	0.1819462378826493	-0.19271037974826327	0.19400915626878468	-0.17197416781451078	0.1465102940838592	-0.17063625976443836	0.20772255530518835	-0.27752256105644313	0.19407012820573125	-0.22717915381210024	0.23356845903786355	-0.6191294979051948	0.9999999999999941	-0.22449095852251175	0.19130610067292655	-0.19290152698496502	0.28571672224697314	-0.4912361583862326	0.1932437843341488	-0.19072317843777625	0.15399221592813747	-0.21496883213190562	0.17484992107825573	-0.15298234290819948	0.15359368967816997	-0.12890741438763398	0.1612099995609773	-0.13132575592797405	0.13272371518336912
-0.07978011850314803	0.06379550691941988	-0.059904329346996125	0.04148901941513831	-0.04686465774694653	0.057618274704280194	-0.06755780092878039	0.066526533617606	-0.0745125116702323	0.10159561158224764	-0.08638647662456017	0.07035160472501123	-0.06706713123036	0.10947563293588479	-0.10955627141588985	0.06811517863961598	-0.11845056855104621	0.13378283097886573	-0.16230746088262063	0.17599751088508836	-0.09301260896515005	0.09921692455434908	-0.14017757231759378	0.211390953620954	-0.35764373302837565	0.10966484015954636	-0.1116876490674111	0.15235176264250602	-0.22449095852251175	0.9999999999999933	-0.10783376651897861	0.09811428678281751	-0.12149734029962787	0.14976162219016817	-0.8280695205577879	0.10732073779908993	-0.08499901239225728	0.12020815407609632	-0.1438512006295045	0.16382476066757526	-0.0939897615736916	0.07742170998205833	-0.10551411148701514	0.10038454131949164	-0.13581083529485657
0.1183628242210211	-0.08779909743531637	0.0802258356066355	-0.05116104434077058	0.0575902662966217	-0.08671232772001888	0.09671847887676441	-0.08991684467170319	0.08723089043041178	-0.10824395283776075	0.14011352823178563	-0.10570319680776043	0.09368415718514794	-0.1272384255907363	0.09790640155863846	-0.12451985375038026	0.18710164365474213	-0.166650487973187	0.1558863927493402	-0.13301476299979298	0.1743344076678616	-0.16516745829973958	0.17625302444869323	-0.1355494925547626	0.1219716517493075	-0.45028758894658444	0.24049247067520518	-0.22051456131681943	0.19130610067292655	-0.10783376651897861	0.9999999999999934	-0.38027354319706475	0.2026551700442691	-0.203820661402922	0.11880100134064103	-0.617633151393004	0.2538882480334832	-0.23465448783348783	0.15148970327765832	-0.13173946829880687	0.2359877268792044	-0.1988301543293579	0.186150138584322	-0.13002934428964516	0.12648971531302694
-0.08975767579845122	0.0649068076269368	-0.06034986946867669	0.038451236651727644	-0.04354957933723331	0.06428289743965807	-0.07253301817397713	0.06689554794240252	-0.06591199336903902	0.08184253381509861	-0.10431132670367692	0.077757832223901	-0.07040993961759322	0.09496726733501712	-0.07663251018526077	0.0856511894109122	-0.1449240808354863	0.12591706017351062	-0.12755039292383966	0.10445958928734869	-0.12248812831828544	0.12003163697817064	-0.141669782385468	0.11337189478997316	-0.10445492428012683	0.18366613583799224	-0.1763216997756503	0.19258651728115234	-0.19290152698496502	0.09811428678281751	-0.38027354319706475	0.9999999999999938	-0.3562635983936648	0.22276122989202843	-0.11215946333865044	0.28578091303988634	-0.68090140725745	0.2629298626610554	-0.1742353553692496	0.13479959139625555	-0.2951371361195648	0.24632804100089722	-0.23646848806313825	0.14354657244762234	-0.14103328953754424
0.08689620566478735	-0.06514137568175096	0.06017825554316463	-0.03912536574371327	0.04411970682732968	-0.0629984908530805	0.07145220835549315	-0.06717051777629164	0.06767160140702583	-0.08594089482426127	0.10005574383476025	-0.07702342354672431	0.06975628072666304	-0.09887454487965874	0.08101298800072387	-0.08366821213795483	0.14234432559257168	-0.13584909597715314	0.13466506269222728	-0.11486227527985295	0.11675690712195753	-0.12689316161980466	0.15119283251420257	-0.13510633446815626	0.11859942099147389	-0.1779946603801353	0.18335066329577548	-0.390890787626879	0.28571672224697314	-0.12149734029962787	0.2026551700442691	-0.3562635983936648	0.9999999999999913	-0.6481764466398451	0.1326665507081273	-0.20099826291676018	0.22300729388391635	-0.39134171670690515	0.20480542756943515	-0.15644778288881145	0.18539934852991435	-0.16382335431285885	0.21105133245811092	-0.15372725250129088	0.14435340476572156
-0.09328913940915534	0.06946288154413033	-0.06462916165467236	0.04205826391839264	-0.04757225267605734	0.06720936899906817	-0.0765525195411678	0.07185216146466973	-0.07305863122529391	0.09279027684694681	-0.10690811258034451	0.08194582424373188	-0.0748389727466287	0.10602537587440601	-0.08977527628798236	0.08765899700097599	-0.15305897126830517	0.1445020245395856	-0.15383108497840295	0.1271027719335001	-0.12319615175220545	0.13073196975780307	-0.16443053697232507	0.15839016580850293	-0.14325733529655346	0.1700460683887582	-0.18475550910010022	0.2888024149849263	-0.4912361583862326	0.14976162219016817	-0.203820661402922	0.22276122989202843	-0.6481764466398451	0.9999999999999936	-0.17567030617210178	0.18657136887437814	-0.19587144600761827	0.2577654968294149	-0.28694824781034317	0.17769225227332375	-0.1899143647404697	0.15272414988085112	-0.2143446215100082	0.16729186911420404	-0.1662801058347386
0.08852001612757646	-0.07241397087691412	0.06714978190643096	-0.04719280312889841	0.05277024014381839	-0.06428830400915034	0.07536508489393702	-0.07512760039686801	0.08423642747047988	-0.11772716718397637	0.09512553894187807	-0.07856762976302632	0.0748161800870283	-0.1272588795487341	0.1164286207271922	-0.07507078407473086	0.1270207202412914	-0.14880549480629507	0.1638805811041765	-0.19980583797621224	0.10156100975793007	-0.10739717144522065	0.14490436493267717	-0.22511238156604063	0.239812922986983	-0.12275429837865148	0.11944197426680221	-0.1662652965069522	0.1932437843341488	-0.8280695205577879	0.11880100134064103	-0.11215946333865044	0.1326665507081273	-0.17567030617210178	0.9999999999999921	-0.12330165409273723	0.09539257568294483	-0.13959886939163094	0.159368450987858	-0.24173202466341198	0.1036836836313724	-0.08756374495647717	0.1168911368132979	-0.11681421164853546	0.14964530909462267
-0.11766085527338058	0.08264870613367545	-0.07725050227779238	0.04845176540590895	-0.055056926996706716	0.08347515950857688	-0.09378462794305899	0.08521886758407582	-0.08247581311647086	0.10070598791584333	-0.13773942152434374	0.1001337965325497	-0.09062841659872803	0.11752373397038468	-0.09363967839473455	0.11145021887601134	-0.18649767549301427	0.1532982505979525	-0.15583875164014954	0.12470038528236996	-0.16217811284429626	0.14864693494550876	-0.17282621554412797	0.13038669095000055	-0.12111035277823211	0.23633796350005307	-0.21327020933469076	0.18880351478192653	-0.19072317843777625	0.10732073779908993	-0.617633151393004	0.28578091303988634	-0.20099826291676018	0.18657136887437814	-0.12330165409273723	0.9999999999999922	-0.37993405208202063	0.2400792420152072	-0.17203956014187138	0.14050688529119754	-0.43920586522553956	0.25411716434884246	-0.241079177533978	0.148133453065591	-0.14955016774709726
0.07568411278161598	-0.055312965104864456	0.0512633637461555	-0.032846287628029255	0.037125212991478806	-0.054217392497152773	0.06123767551647326	-0.056806609755837865	0.05629104182336185	-0.07038881527629584	0.08689814682154078	-0.06544942979666431	0.05941225938354263	-0.08169545070476801	0.06536978690575986	-0.07120083674534596	0.11826047582535903	-0.10680063972005743	0.10662842255869467	-0.08991559612406101	0.10061461703745439	-0.09850874955860711	0.11612965648917965	-0.09585442118005277	0.08781385241699825	-0.15147614792111488	0.1372621346674898	-0.16288348709783038	0.15399221592813747	-0.08499901239225728	0.2538882480334832	-0.68090140725745	0.22300729388391635	-0.19587144600761827	0.09539257568294483	-0.37993405208202063	0.9999999999999907	-0.3401638400332768	0.16147116375902484	-0.12949617706816918	0.28269977644224575	-0.40803921356696493	0.23911391390943113	-0.14548015531738076	0.13112699157241908
-0.09375917399368788	0.06829496595598548	-0.06365458696688861	0.04089644048653844	-0.04631554690139065	0.06679541284514372	-0.0757805671117906	0.07031008559234168	-0.0703420912530064	0.08823495443424902	-0.10679354053308567	0.08050229542023932	-0.07363100220960847	0.10172093338103322	-0.08337021608350223	0.08593436041751347	-0.14687899503468835	0.13303640505179223	-0.1380225838700257	0.11511348682739883	-0.12154253233138614	0.12021420990567068	-0.14773387458371412	0.12561230545903918	-0.11766927007814575	0.16361011236674294	-0.1648613872127321	0.20505532258818257	-0.21496883213190562	0.12020815407609632	-0.23465448783348783	0.2629298626610554	-0.39134171670690515	0.2577654968294149	-0.13959886939163094	0.2400792420152072	-0.3401638400332768	0.9999999999999909	-0.3709656976311244	0.22161309276007649	-0.30869460124011255	0.26342694835666347	-0.5593032695886272	0.25938088978297985	-0.2504929633695996
0.07387246071541621	-0.05587824955917471	0.051758209122370426	-0.03408771711382101	0.038393481310763325	-0.0529860246983381	0.06053572358697956	-0.05738181101197184	0.05908095706179718	-0.07639143299455876	0.08246294205059666	-0.06404321919541245	0.059067667619444465	-0.08703764806274256	0.07208015662482742	-0.06632403325490772	0.11134017809537526	-0.1101478916766217	0.11340480387964454	-0.1047295517902924	0.09209508200092872	-0.09281369153870869	0.11527422082186832	-0.11358220374859374	0.10764292238430159	-0.12420525366107328	0.11964350513607266	-0.1636353926341559	0.17484992107825573	-0.1438512006295045	0.15148970327765832	-0.1742353553692496	0.20480542756943515	-0.28694824781034317	0.159368450987858	-0.17203956014187138	0.16147116375902484	-0.3709656976311244	0.9999999999999902	-0.586161674804558	0.17251198582091143	-0.16709389695330504	0.2645779467994236	-0.5188263210463868	0.3207961570826458
-0.06781517999197062	0.05118551247193813	-0.04767783782810772	0.03149936155895489	-0.035557536587561236	0.04844974927229989	-0.05556417929152636	0.052706219610302515	-0.05482303652769346	0.0711351805975311	-0.07530781792366838	0.0584654551455285	-0.05429831932490252	0.08037409182905961	-0.06870238304629807	0.05986078488279455	-0.10170293967204497	0.10056240361674804	-0.10804062606929292	0.10024102971757406	-0.0833257719335941	0.08330947371439215	-0.10626579737985117	0.1090582354335664	-0.11132775015750383	0.10666994647606624	-0.10489641221630293	0.1334300187221622	-0.15298234290819948	0.16382476066757526	-0.13173946829880687	0.13479959139625555	-0.15644778288881145	0.17769225227332375	-0.24173202466341198	0.14050688529119754	-0.12949617706816918	0.22161309276007649	-0.586161674804558	0.9999999999999896	-0.15403342548857227	0.13504054074055905	-0.22956333138208987	0.3069628840774249	-0.636224556017134
0.08443042913927307	-0.06230398188727344	0.057561428691540455	-0.03708458280663103	0.04182358419575967	-0.06035027013613155	0.06826783333487745	-0.06367531562355003	0.06347113494414909	-0.07991678075780788	0.09535619503267763	-0.07252981736791414	0.06614791727609734	-0.09288089225297005	0.07333684893234603	-0.07732923398841342	0.12636332017878926	-0.11817787089697729	0.11653982609392807	-0.10139878790746172	0.10822446695104627	-0.10431243281693461	0.12386324046376225	-0.10417862351794929	0.09563702361710927	-0.1577103154703735	0.1386910477957685	-0.1638667839744301	0.15359368967816997	-0.0939897615736916	0.2359877268792044	-0.2951371361195648	0.18539934852991435	-0.1899143647404697	0.1036836836313724	-0.43920586522553956	0.28269977644224575	-0.30869460124011255	0.17251198582091143	-0.15403342548857227	0.9999999999999905	-0.6876967683139757	0.2739965437457895	-0.18117235448176938	0.14806454386475393
-0.06683965362648095	0.04876797959040858	-0.045277175360571395	0.02904369050112978	-0.03283853968913771	0.04766520776407343	-0.05393393627917084	0.050036595874449995	-0.04976919973637204	0.06235274859585141	-0.07608724986909968	0.05732858439602705	-0.05229630973318298	0.07226542166533624	-0.05795877514487528	0.06149020152812903	-0.10254529733897404	0.09308780922358145	-0.09398665242337588	0.07976664143486827	-0.08686096027405	0.08388718015630098	-0.10054033729767112	0.08387355833466159	-0.07786288990060602	0.12285862789805108	-0.11389027689757912	0.1304605754642017	-0.12890741438763398	0.07742170998205833	-0.1988301543293579	0.24632804100089722	-0.16382335431285885	0.15272414988085112	-0.08756374495647717	0.25411716434884246	-0.40803921356696493	0.26342694835666347	-0.16709389695330504	0.13504054074055905	-0.6876967683139757	0.9999999999999906	-0.452350849911343	0.17693799003528154	-0.1503204340271881
0.07822022048041886	-0.05823475223727649	0.05386615729845019	-0.034978704257268414	0.03943581215115373	-0.05598788677852014	0.06357434745598708	-0.05963985757695205	0.06016124384565387	-0.07646137033248836	0.08799901771018251	-0.06746645552397867	0.06177291141900573	-0.08821771188522717	0.07096605145769186	-0.07114889036150618	0.1180122877780811	-0.11262429189109101	0.11293419479389528	-0.09978920490415305	0.09925616664048273	-0.09794937936249432	0.11859084963341508	-0.1050342174117314	0.09732756064530579	-0.13937699122214656	0.1293346089435765	-0.16739332435770696	0.1612099995609773	-0.10551411148701514	0.186150138584322	-0.23646848806313825	0.21105133245811092	-0.2143446215100082	0.1168911368132979	-0.241079177533978	0.23911391390943113	-0.5593032695886272	0.2645779467994236	-0.22956333138208987	0.2739965437457895	-0.452350849911343	0.9999999999999907	-0.4555391936736549	0.23858845012021374
