1.0	-0.25137360804691666	0.17042901816529707	-0.15766698908283117	0.10138054313665962	-0.7758338725168596	0.24832321573189853	-0.1705146511509571	0.13178797740156772	-0.09470382577274565	0.26884542928377203	-0.2750443232932846	0.16132786677586727	-0.12490563398806524	0.15040114292734202	-0.20151952914612697	0.16571079332754174	-0.18609089100277795	0.12435135244408957	-0.11254383235350293	0.16125932841971477	-0.1475204723409123	0.13617661789788615	-0.11866579608960051	0.0972670605017198	-0.08735573459068968	0.11643050777156257	-0.10495878513263698	0.11708196770727508	-0.04811818578535906	0.09670847242309845	-0.12466197049849256	0.1418101563441212	-0.15391126841913158	0.0542181754046048
-0.25137360804691666	1.0000000000000004	-0.7372308067930093	0.21630839222977186	-0.14124145370807373	0.18088064599260317	-0.400422616933852	0.2583619388806936	-0.2097218429025693	0.12238532164392026	-0.17909437041391474	0.23159073326186477	-0.2325787188620417	0.13846940807794797	-0.17178392758611188	0.12865610091385554	-0.14714628077437492	0.1630006387202752	-0.13221859982832104	0.10878543966410975	-0.1270067868200699	0.11700240777539911	-0.11991730816606946	0.11114075791775413	-0.09527956988361433	0.06755108293465018	-0.09426547879935505	0.0881575211971618	-0.1001067081836935	0.044952141729595	-0.07815923441729763	0.09551142943034356	-0.11805398666441216	0.11868458792616439	-0.051293102850834396
0.17042901816529707	-0.7372308067930093	1.0	-0.3202157027656787	0.1462782210730645	-0.1450670124229105	0.2376390221300244	-0.4190761596943851	0.23002917322981362	-0.1337951325146802	0.14611665213594735	-0.2099815561448467	0.22231705403313595	-0.13915419246049546	0.15911341786921054	-0.11456297220332001	0.13242570509305027	-0.1637360192211995	0.12369505274389422	-0.10494605740124444	0.11126834546156623	-0.10756839330305043	0.11011658053786504	-0.10581960076278613	0.08900235134384644	-0.0605545828683409	0.08594730636493961	-0.0818486679600956	0.09242883288365739	-0.042073288109050325	0.06935653131103464	-0.08878691874944211	0.10864524065988167	-0.1131136376724203	0.047614778104135724
-0.15766698908283117	0.21630839222977186	-0.3202157027656787	0.9999999999999999	-0.43378545957378467	0.12146301661416616	-0.19180355198420265	0.27994797776802843	-0.6631285459970383	0.2814397007880068	-0.14630231071017694	0.16168286708228663	-0.2511992901902487	0.16937848114882265	-0.24266544821156155	0.11613982218422059	-0.14666423168201737	0.16974921383856736	-0.15501449087118513	0.13800777302432246	-0.12232712220558588	0.11886455493547501	-0.1296689690707728	0.12924666316459715	-0.11468776046338515	0.06702017860784877	-0.09762300525627106	0.09534580056184812	-0.10927106609442412	0.05287645318830973	-0.07808766888582779	0.09878534177099703	-0.12740664068791563	0.12825725355905157	-0.060343764732419244
0.10138054313665962	-0.14124145370807373	0.1462782210730645	-0.43378545957378467	0.9999999999999996	-0.08292105651807154	0.1180304914576987	-0.1847818099803523	0.2759668762886465	-0.7898590040887706	0.10055951188638572	-0.11605236800032098	0.15713389255705165	-0.15155209697655408	0.22885543386970772	-0.08576118211582885	0.10596075241932638	-0.13160265484719483	0.12341842683871693	-0.1442631459172893	0.09005382425567084	-0.09281302261783639	0.10272705082724781	-0.11503038450842691	0.10081316893966066	-0.05097708200883288	0.07621084634039338	-0.07774791710819108	0.08828204063514497	-0.04612726948678502	0.05864653301747886	-0.07988859978252033	0.10181047652978188	-0.1114599269529301	0.05131490153150903
-0.7758338725168596	0.18088064599260317	-0.1450670124229105	0.12146301661416616	-0.08292105651807154	1.0	-0.3123727317668752	0.13706917215658782	-0.10857214845184794	0.07627711036139995	-0.41606691811494806	0.2479103321839461	-0.13790493896376851	0.10246730108167805	-0.12515114874292585	0.1921274616247923	-0.1538867169798808	0.15194008191262173	-0.10437220552175405	0.09111571630385776	-0.16179195853333214	0.1293503608182789	-0.11751251120451502	0.09815844518549235	-0.08055014415822588	0.07886230582804378	-0.10000502013890575	0.08712866351460542	-0.09689652384881414	0.03940395970069242	-0.08917023445641561	0.10254226947853974	-0.11604088427318927	0.11964538292179316	-0.04458755511572962
0.24832321573189853	-0.400422616933852	0.2376390221300244	-0.19180355198420265	0.1180304914576987	-0.3123727317668752	1.0000000000000007	-0.2543088870168673	0.16598947526677527	-0.11078505240569302	0.25781062911801134	-0.689124787888118	0.2000497178767392	-0.13928917440129088	0.16301813923543235	-0.17992300439385592	0.17430895745688485	-0.19346838944421893	0.1334108645440671	-0.11590194124771844	0.15715633861592795	-0.14316737138842364	0.13594456725154355	-0.12131387899894629	0.10022591416816547	-0.08310144272227427	0.11196771119664208	-0.10198046579171775	0.1140510680420577	-0.04855557116965473	0.09380851822884381	-0.11662425129043721	0.13597806081552494	-0.1428077327012802	0.05486250018063811
-0.1705146511509571	0.2583619388806936	-0.4190761596943851	0.27994797776802843	-0.1847818099803523	0.13706917215658782	-0.2543088870168673	1.0000000000000002	-0.4639309177382839	0.17866282367888134	-0.1631321332017428	0.19534327616116895	-0.5650995356142883	0.21041285953070374	-0.22762912373970737	0.13115856696954323	-0.1759082282411845	0.21805703902628473	-0.18339916779673518	0.13795960468561766	-0.1348750025819161	0.13297930091590338	-0.14205037685924	0.14089174472932212	-0.11948290906467203	0.07277746192175773	-0.10530303998349003	0.10236682745059764	-0.11604642079487201	0.054818365472944615	-0.08406101775203823	0.10650120944909633	-0.13355332822841337	0.13522898652121002	-0.06232943009586192
0.13178797740156772	-0.2097218429025693	0.23002917322981362	-0.6631285459970383	0.2759668762886465	-0.10857214845184794	0.16598947526677527	-0.4639309177382839	1.0000000000000016	-0.3814720529306103	0.12774153580470146	-0.15529197426370242	0.23742608442723362	-0.17464111363324963	0.21158592343668844	-0.10632614457544289	0.13313553262466224	-0.1713776130658036	0.14293133051458062	-0.13367844916722507	0.10919833091169452	-0.11022198994634687	0.11826867448760423	-0.1234825153099127	0.10506603328977145	-0.0606024939886122	0.08887887184119661	-0.0880202556736151	0.09971827624035284	-0.04866299052074764	0.0697317297889437	-0.0920161699709171	0.11561392153073	-0.12218588480505152	0.05472022060526198
-0.09470382577274565	0.12238532164392026	-0.1337951325146802	0.2814397007880068	-0.7898590040887706	0.07627711036139995	-0.11078505240569302	0.17866282367888134	-0.3814720529306103	1.0000000000000018	-0.09405967910287484	0.10517119242645906	-0.16185542586399698	0.15161798163849613	-0.3301611652758248	0.07975919244350196	-0.10083454127366787	0.12307172993430684	-0.12461630154279242	0.13864086728669386	-0.08466416791230985	0.08691865442859187	-0.09799389405290834	0.10963373378384517	-0.10031663674227295	0.04750821499294366	-0.0710132572625211	0.07280026589804629	-0.08300234386089156	0.04454115147398872	-0.054813309660023776	0.07356844141693439	-0.09467613955588794	0.10111010944097003	-0.050081400607174906
0.26884542928377203	-0.17909437041391474	0.14611665213594735	-0.14630231071017694	0.10055951188638572	-0.41606691811494806	0.25781062911801134	-0.1631321332017428	0.12774153580470146	-0.09405967910287484	1.000000000000001	-0.4449596372564746	0.17272535975144707	-0.13571741783324714	0.1600180749200146	-0.5531805046466682	0.2341486739100932	-0.2340075053685901	0.1392985672429157	-0.12422439103658316	0.25632824365965784	-0.21182718163042702	0.16729720310453028	-0.13784263519350262	0.10887222454426695	-0.1251565491840998	0.1455797392880879	-0.12500484954454655	0.13447160174253972	-0.05372103604745155	0.12989059947077572	-0.15455019023684177	0.15948365845860335	-0.17089373146945414	0.06022313676090979
-0.2750443232932846	0.23159073326186477	-0.2099815561448467	0.16168286708228663	-0.11605236800032098	0.2479103321839461	-0.689124787888118	0.19534327616116895	-0.15529197426370242	0.10517119242645906	-0.4449596372564746	1.0000000000000004	-0.2155470534353601	0.14261454471386595	-0.17513741977312042	0.21904874505544872	-0.22369690287673447	0.19995966341761962	-0.1449875507773791	0.12067331725717088	-0.20438911882985047	0.16571920696268747	-0.15498901213870678	0.1300520095521774	-0.10828233560056474	0.0993328175878028	-0.12834579326752724	0.11227793959929465	-0.12569739453278314	0.05214822428455032	-0.1149183546063263	0.12767854966476994	-0.1492701090629514	0.1473814306523037	-0.05935665646596064
0.16132786677586727	-0.2325787188620417	0.22231705403313595	-0.2511992901902487	0.15713389255705165	-0.13790493896376851	0.2000497178767392	-0.5650995356142883	0.23742608442723362	-0.16185542586399698	0.17272535975144707	-0.2155470534353601	0.9999999999999992	-0.42121887205661573	0.2481779905416641	-0.1579519994971598	0.22329478002937372	-0.4186541358849586	0.2429351576322331	-0.1737841800545431	0.15765324452693014	-0.16966874241564284	0.17658174453489558	-0.18945113683036982	0.1455399630800684	-0.08631646534150736	0.12686344913298894	-0.12710454814343589	0.14063267764213375	-0.06693071152032934	0.09780876032332429	-0.13151139608750406	0.15892377116150366	-0.1687452413898186	0.07457932727105546
-0.12490563398806524	0.13846940807794797	-0.13915419246049546	0.16937848114882265	-0.15155209697655408	0.10246730108167805	-0.13928917440129088	0.21041285953070374	-0.17464111363324963	0.15161798163849613	-0.13571741783324714	0.14261454471386595	-0.42121887205661573	0.9999999999999996	-0.4656885125139028	0.12420439205715629	-0.172331300406656	0.2244769723824178	-0.6301089254954598	0.21791221957255724	-0.13637277925247293	0.14911514752973015	-0.18970950652388185	0.24994917165381614	-0.19874058897225264	0.07550204097022552	-0.11576508995630304	0.12866163517410376	-0.14654792832436794	0.08109275199527018	-0.0864317974025143	0.11806314133937876	-0.15368129468151207	0.1604497525697771	-0.09148494265614435
0.15040114292734202	-0.17178392758611188	0.15911341786921054	-0.24266544821156155	0.22885543386970772	-0.12515114874292585	0.16301813923543235	-0.22762912373970737	0.21158592343668844	-0.3301611652758248	0.1600180749200146	-0.17513741977312042	0.2481779905416641	-0.4656885125139028	1.0000000000000004	-0.1462782814453923	0.18312727038144302	-0.23585558767136772	0.27525207965701737	-0.4629613741026289	0.15730820937359588	-0.17333384634177473	0.2019479142705944	-0.2714497862541876	0.24647995506575845	-0.09085573035023385	0.13967954012824255	-0.15268381963845842	0.1712306022496621	-0.10558504947119045	0.10351816542399693	-0.1489424115464311	0.18986532745548973	-0.21820623390512264	0.11467605710848622
-0.20151952914612697	0.12865610091385554	-0.11456297220332001	0.11613982218422059	-0.08576118211582885	0.1921274616247923	-0.17992300439385592	0.13115856696954323	-0.10632614457544289	0.07975919244350196	-0.5531805046466682	0.21904874505544872	-0.1579519994971598	0.12420439205715629	-0.1462782814453923	0.9999999999999972	-0.3813540713566195	0.2315655220420114	-0.13564646024218563	0.11487693833275661	-0.5715533629578297	0.26064080227292463	-0.19061234150391326	0.13631400138504424	-0.1051841648637041	0.160239513348096	-0.16483101412786968	0.1281752869162789	-0.1353078349429195	0.05113696408773292	-0.1741817219578765	0.15830067726455338	-0.1558513932691835	0.1552902736819258	-0.05741270011988718
0.16571079332754174	-0.14714628077437492	0.13242570509305027	-0.14666423168201737	0.10596075241932638	-0.1538867169798808	0.17430895745688485	-0.1759082282411845	0.13313553262466224	-0.10083454127366787	0.2341486739100932	-0.22369690287673447	0.22329478002937372	-0.172331300406656	0.18312727038144302	-0.3813540713566195	1.000000000000001	-0.6319115213395321	0.18252928412840336	-0.15034661672431038	0.2735325539797455	-0.44009074147338695	0.23861695702629612	-0.1840699075316525	0.13397235054974188	-0.13398255289555774	0.18544285375650052	-0.16254540950107274	0.16403507572241113	-0.06456701703736624	0.14073557650680993	-0.18998383685834014	0.1847360544839201	-0.1924887850350882	0.07163471476199357
-0.18609089100277795	0.1630006387202752	-0.1637360192211995	0.16974921383856736	-0.13160265484719483	0.15194008191262173	-0.19346838944421893	0.21805703902628473	-0.1713776130658036	0.12307172993430684	-0.2340075053685901	0.19995966341761962	-0.4186541358849586	0.2244769723824178	-0.23585558767136772	0.2315655220420114	-0.6319115213395321	0.9999999999999949	-0.2688037551168879	0.16973710871036002	-0.24476272190790635	0.2600105619528182	-0.27315851115432854	0.20420533362362867	-0.1593736070639588	0.12188125482032165	-0.17989311427592364	0.16792474633278254	-0.1846054346872674	0.0740876707994992	-0.13954443929250585	0.17025825885511944	-0.20563320690461692	0.1938972507730481	-0.08390918804797681
0.12435135244408957	-0.13221859982832104	0.12369505274389422	-0.15501449087118513	0.12341842683871693	-0.10437220552175405	0.1334108645440671	-0.18339916779673518	0.14293133051458062	-0.12461630154279242	0.1392985672429157	-0.1449875507773791	0.2429351576322331	-0.6301089254954598	0.27525207965701737	-0.13564646024218563	0.18252928412840336	-0.2688037551168879	0.999999999999998	-0.2641374680643734	0.14740704824827244	-0.17799333044412946	0.2247063257305863	-0.5048332448469578	0.22621692369462892	-0.08318290138248664	0.1290628190286313	-0.15630595231417097	0.1671192249143128	-0.0940414496327196	0.09341092995611969	-0.13568074444712683	0.1694996388715693	-0.18964236353782005	0.09957866189668522
-0.11254383235350293	0.10878543966410975	-0.10494605740124444	0.13800777302432246	-0.1442631459172893	0.09111571630385776	-0.11590194124771844	0.13795960468561766	-0.13367844916722507	0.13864086728669386	-0.12422439103658316	0.12067331725717088	-0.1737841800545431	0.21791221957255724	-0.4629613741026289	0.11487693833275661	-0.15034661672431038	0.16973710871036002	-0.2641374680643734	0.9999999999999957	-0.13381588426599011	0.14725545921942668	-0.20920465172756816	0.27734031343150833	-0.682319990177226	0.07532663424011247	-0.11930909043589541	0.14178430000385003	-0.16867928982568114	0.1773952440330709	-0.08693591851237477	0.1201472752824583	-0.16933023099562308	0.17231758499264055	-0.2133671526343055
0.16125932841971477	-0.1270067868200699	0.11126834546156623	-0.12232712220558588	0.09005382425567084	-0.16179195853333214	0.15715633861592795	-0.1348750025819161	0.10919833091169452	-0.08466416791230985	0.25632824365965784	-0.20438911882985047	0.15765324452693014	-0.13637277925247293	0.15730820937359588	-0.5715533629578297	0.2735325539797455	-0.24476272190790635	0.14740704824827244	-0.13381588426599011	0.9999999999999971	-0.5079497807094135	0.22929047496377292	-0.16612150690697422	0.1199569606066246	-0.30260683547046296	0.21098453111240034	-0.161395830872432	0.15787228621363417	-0.05912396522982512	0.22317967179105974	-0.21725350138514912	0.1806868025427747	-0.1916058833980382	0.06538462085334351
-0.1475204723409123	0.11700240777539911	-0.10756839330305043	0.11886455493547501	-0.09281302261783639	0.1293503608182789	-0.14316737138842364	0.13297930091590338	-0.11022198994634687	0.08691865442859187	-0.21182718163042702	0.16571920696268747	-0.16966874241564284	0.14911514752973015	-0.17333384634177473	0.26064080227292463	-0.44009074147338695	0.2600105619528182	-0.17799333044412946	0.14725545921942668	-0.5079497807094135	0.9999999999999982	-0.48181175777018803	0.2052059606725693	-0.14569820981625656	0.17279168531333136	-0.3188559265818576	0.20944286048940383	-0.2030887129422755	0.06838826808814338	-0.18292270082333495	0.2323842390648807	-0.21483883545850213	0.2020512967079782	-0.07608329372425335
0.13617661789788615	-0.11991730816606946	0.11011658053786504	-0.1296689690707728	0.10272705082724781	-0.11751251120451502	0.13594456725154355	-0.14205037685924	0.11826867448760423	-0.09799389405290834	0.16729720310453028	-0.15498901213870678	0.17658174453489558	-0.18970950652388185	0.2019479142705944	-0.19061234150391326	0.23861695702629612	-0.27315851115432854	0.2247063257305863	-0.20920465172756816	0.22929047496377292	-0.48181175777018803	0.999999999999998	-0.44328035356374357	0.20232135976942578	-0.12570217068509074	0.20623998560630044	-0.4572292158009103	0.2713707289548564	-0.09375342359014245	0.13270137442575675	-0.21281847923237787	0.2527883479911749	-0.27178250494879075	0.09895331030052108
-0.11866579608960051	0.11114075791775413	-0.10581960076278613	0.12924666316459715	-0.11503038450842691	0.09815844518549235	-0.12131387899894629	0.14089174472932212	-0.1234825153099127	0.10963373378384517	-0.13784263519350262	0.1300520095521774	-0.18945113683036982	0.24994917165381614	-0.2714497862541876	0.13631400138504424	-0.1840699075316525	0.20420533362362867	-0.5048332448469578	0.27734031343150833	-0.16612150690697422	0.2052059606725693	-0.44328035356374357	0.9999999999999979	-0.48701495200615524	0.08996886419640593	-0.1465877010153332	0.20695363130405164	-0.24336386382780834	0.13247641827827594	-0.10154493766560692	0.14525508966659384	-0.20022279653364894	0.20410030258085532	-0.14494526920294837
0.0972670605017198	-0.09527956988361433	0.08900235134384644	-0.11468776046338515	0.10081316893966066	-0.08055014415822588	0.10022591416816547	-0.11948290906467203	0.10506603328977145	-0.10031663674227295	0.10887222454426695	-0.10828233560056474	0.1455399630800684	-0.19874058897225264	0.24647995506575845	-0.1051841648637041	0.13397235054974188	-0.1593736070639588	0.22621692369462892	-0.682319990177226	0.1199569606066246	-0.14569820981625656	0.20232135976942578	-0.48701495200615524	0.9999999999999932	-0.06871557893798186	0.10927820127871525	-0.14282772082830736	0.15726945000351028	-0.2700783592476705	0.07754216894449484	-0.1142474426782965	0.15134268329282125	-0.17205886437565432	0.2084846785001448
-0.08735573459068968	0.06755108293465018	-0.0605545828683409	0.06702017860784877	-0.05097708200883288	0.07886230582804378	-0.08310144272227427	0.07277746192175773	-0.0606024939886122	0.04750821499294366	-0.1251565491840998	0.0993328175878028	-0.08631646534150736	0.07550204097022552	-0.09085573035023385	0.160239513348096	-0.13398255289555774	0.12188125482032165	-0.08318290138248664	0.07532663424011247	-0.30260683547046296	0.17279168531333136	-0.12570217068509074	0.08996886419640593	-0.06871557893798186	0.9999999999999956	-0.26490260186666303	0.09882647782112594	-0.09991458949479418	0.034602868729453576	-0.8680179063981082	0.2106598587435048	-0.12255799810380102	0.11993475236490188	-0.03862371722713058
0.11643050777156257	-0.09426547879935505	0.08594730636493961	-0.09762300525627106	0.07621084634039338	-0.10000502013890575	0.11196771119664208	-0.10530303998349003	0.08887887184119661	-0.0710132572625211	0.1455797392880879	-0.12834579326752724	0.12686344913298894	-0.11576508995630304	0.13967954012824255	-0.16483101412786968	0.18544285375650052	-0.17989311427592364	0.1290628190286313	-0.11930909043589541	0.21098453111240034	-0.3188559265818576	0.20623998560630044	-0.1465877010153332	0.10927820127871525	-0.26490260186666303	0.999999999999996	-0.21409451580680486	0.18208197115221947	-0.0569193531709823	0.22138986289572188	-0.7898703678773716	0.23303016387222306	-0.22243742656396626	0.06303026952247608
-0.10495878513263698	0.0881575211971618	-0.0818486679600956	0.09534580056184812	-0.07774791710819108	0.08712866351460542	-0.10198046579171775	0.10236682745059764	-0.0880202556736151	0.07280026589804629	-0.12500484954454655	0.11227793959929465	-0.12710454814343589	0.12866163517410376	-0.15268381963845842	0.1281752869162789	-0.16254540950107274	0.16792474633278254	-0.15630595231417097	0.14178430000385003	-0.161395830872432	0.20944286048940383	-0.4572292158009103	0.20695363130405164	-0.14282772082830736	0.09882647782112594	-0.21409451580680486	0.999999999999996	-0.6571589243462175	0.08185699445364018	-0.10914403493160614	0.19481452524266496	-0.4433145301827754	0.3057143790343571	-0.08826116282249821
0.11708196770727508	-0.1001067081836935	0.09242883288365739	-0.10927106609442412	0.08828204063514497	-0.09689652384881414	0.1140510680420577	-0.11604642079487201	0.09971827624035284	-0.08300234386089156	0.13447160174253972	-0.12569739453278314	0.14063267764213375	-0.14654792832436794	0.1712306022496621	-0.1353078349429195	0.16403507572241113	-0.1846054346872674	0.1671192249143128	-0.16867928982568114	0.15787228621363417	-0.2030887129422755	0.2713707289548564	-0.24336386382780834	0.15726945000351028	-0.09991458949479418	0.18208197115221947	-0.6571589243462175	0.9999999999999956	-0.11213230533138079	0.11062373760275725	-0.1989122125976545	0.3123969182283718	-0.5339872904487204	0.11063803036510227
-0.04811818578535906	0.044952141729595	-0.042073288109050325	0.05287645318830973	-0.04612726948678502	0.03940395970069242	-0.04855557116965473	0.054818365472944615	-0.04866299052074764	0.04454115147398872	-0.05372103604745155	0.05214822428455032	-0.06693071152032934	0.08109275199527018	-0.10558504947119045	0.05113696408773292	-0.06456701703736624	0.0740876707994992	-0.0940414496327196	0.1773952440330709	-0.05912396522982512	0.06838826808814338	-0.09375342359014245	0.13247641827827594	-0.2700783592476705	0.034602868729453576	-0.0569193531709823	0.08185699445364018	-0.11213230533138079	0.9999999999999954	-0.0394350714283116	0.059288661733589126	-0.08812531468834237	0.10853433685492239	-0.9265903689779056
0.09670847242309845	-0.07815923441729763	0.06935653131103464	-0.07808766888582779	0.05864653301747886	-0.08917023445641561	0.09380851822884381	-0.08406101775203823	0.0697317297889437	-0.054813309660023776	0.12989059947077572	-0.1149183546063263	0.09780876032332429	-0.0864317974025143	0.10351816542399693	-0.1741817219578765	0.14073557650680993	-0.13954443929250585	0.09341092995611969	-0.08693591851237477	0.22317967179105974	-0.18292270082333495	0.13270137442575675	-0.10154493766560692	0.07754216894449484	-0.8680179063981082	0.22138986289572188	-0.10914403493160614	0.11062373760275725	-0.0394350714283116	0.9999999999999944	-0.2702687823426576	0.13828365287743158	-0.14294072261702917	0.04387737922889706
-0.12466197049849256	0.09551142943034356	-0.08878691874944211	0.09878534177099703	-0.07988859978252033	0.10254226947853974	-0.11662425129043721	0.10650120944909633	-0.0920161699709171	0.07356844141693439	-0.15455019023684177	0.12767854966476994	-0.13151139608750406	0.11806314133937876	-0.1489424115464311	0.15830067726455338	-0.18998383685834014	0.17025825885511944	-0.13568074444712683	0.1201472752824583	-0.21725350138514912	0.2323842390648807	-0.21281847923237787	0.14525508966659384	-0.1142474426782965	0.2106598587435048	-0.7898703678773716	0.19481452524266496	-0.1989122125976545	0.059288661733589126	-0.2702687823426576	0.9999999999999938	-0.3223205009333632	0.21674115897080526	-0.06681462917846705
0.1418101563441212	-0.11805398666441216	0.10864524065988167	-0.12740664068791563	0.10181047652978188	-0.11604088427318927	0.13597806081552494	-0.13355332822841337	0.11561392153073	-0.09467613955588794	0.15948365845860335	-0.1492701090629514	0.15892377116150366	-0.15368129468151207	0.18986532745548973	-0.1558513932691835	0.1847360544839201	-0.20563320690461692	0.1694996388715693	-0.16933023099562308	0.1806868025427747	-0.21483883545850213	0.2527883479911749	-0.20022279653364894	0.15134268329282125	-0.12255799810380102	0.23303016387222306	-0.4433145301827754	0.3123969182283718	-0.08812531468834237	0.13828365287743158	-0.3223205009333632	0.9999999999999941	-0.6225124477707269	0.09639338895861235
-0.15391126841913158	0.11868458792616439	-0.1131136376724203	0.12825725355905157	-0.1114599269529301	0.11964538292179316	-0.1428077327012802	0.13522898652121002	-0.12218588480505152	0.10111010944097003	-0.17089373146945414	0.1473814306523037	-0.1687452413898186	0.1604497525697771	-0.21820623390512264	0.1552902736819258	-0.1924887850350882	0.1938972507730481	-0.18964236353782005	0.17231758499264055	-0.1916058833980382	0.2020512967079782	-0.27178250494879075	0.20410030258085532	-0.17205886437565432	0.11993475236490188	-0.22243742656396626	0.3057143790343571	-0.5339872904487204	0.10853433685492239	-0.14294072261702917	0.21674115897080526	-0.6225124477707269	0.9999999999999938	-0.12813038179081496
0.0542181754046048	-0.051293102850834396	0.047614778104135724	-0.060343764732419244	0.05131490153150903	-0.04458755511572962	0.05486250018063811	-0.06232943009586192	0.05472022060526198	-0.050081400607174906	0.06022313676090979	-0.05935665646596064	0.07457932727105546	-0.09148494265614435	0.11467605710848622	-0.05741270011988718	0.07163471476199357	-0.08390918804797681	0.09957866189668522	-0.2133671526343055	0.06538462085334351	-0.07608329372425335	0.09895331030052108	-0.14494526920294837	0.2084846785001448	-0.03862371722713058	0.06303026952247608	-0.08826116282249821	0.11063803036510227	-0.9265903689779056	0.04387737922889706	-0.06681462917846705	0.09639338895861235	-0.12813038179081496	0.9999999999999938
