1.0	-0.36813241916181516	0.0728719483471162	-0.04988301496795406	0.07080127194613442	-0.7977010357566198	0.25073593307594544	-0.07966269218701395	0.07097323001269536	-0.055257341648370886	0.25786403785952267	-0.258607541474141	0.08355461716225156	-0.07186964564837382	0.05473857061411709	-0.2098656947431952	0.17786441499888297	-0.09211854235368956	0.07390955637673481	-0.07527790030746581	0.14047991983151134	-0.12876615819407444	0.11989484566726019	-0.03862770922644307	0.03811633066510266	-0.09118202405268626	0.14694069824715528	-0.12162462572160024	0.06545468224312079	-0.06503756693275967	0.09037020671499814	-0.08671511995231357	0.07540824963628381	-0.054397919289413676	0.049996907577401724	-0.06876551172742199	0.06146950197804447	-0.057797389479461246	0.048521249922664655	-0.053420904966217805	0.07322534217672778	-0.05213445404328681	0.06573512349310776	-0.03513339565594552	0.04108420987349036
-0.36813241916181516	1.0	-0.07873080918367285	0.0520116906170972	-0.07312794842367698	0.26236168511132335	-0.7745572666620355	0.08219424923596247	-0.07393929481230757	0.05504283689266725	-0.2957383653433522	0.2821454401449121	-0.0905372007831587	0.07279426600853403	-0.05482654869513527	0.18661102397388324	-0.23242080287756461	0.09542583451823956	-0.07738698782954197	0.07204984386454986	-0.1516167436748682	0.13394725022739623	-0.12737093992954748	0.03776077255572228	-0.03776913777739662	0.0900374309744857	-0.14869586008770766	0.11460450994506784	-0.06230963888096657	0.060055482998146933	-0.09246323788530626	0.08137346903016736	-0.07198710843906733	0.050551248595906484	-0.04682925750834431	0.06568132022189167	-0.0589156727872168	0.054669924517997126	-0.04550722784425841	0.049290414049393785	-0.07113845974456856	0.049716486531173526	-0.06310031742166416	0.032695300247271956	-0.038416847305284905
0.0728719483471162	-0.07873080918367285	0.9999999999999991	-0.5883409337028542	0.29547720374092395	-0.06371560414203269	0.06060250192011949	-0.5784726465165968	0.3083796551266932	-0.2539443375062481	0.07820743942713378	-0.0855345025446327	0.2191016763086767	-0.22596476707256785	0.18299865668712725	-0.08394705824683579	0.09123352572466299	-0.21495990276839144	0.1823304029977169	-0.2666897496796414	0.09569962188717955	-0.09657877830266022	0.12420032119151123	-0.05704593716763387	0.0555035527363544	-0.0665155388105289	0.12183275530119878	-0.122417560487342	0.0639926618240036	-0.06428719998828208	0.06753325304418459	-0.07024394805752177	0.06297871375479974	-0.048291626189475294	0.04495468788723899	-0.05422735172000233	0.04955120249451648	-0.047878054959244826	0.041668275832884516	-0.04711800114066171	0.05831435853109847	-0.04215272066725141	0.053471173531744486	-0.030241319519965393	0.0353264095208336
-0.04988301496795406	0.0520116906170972	-0.5883409337028542	0.9999999999999989	-0.5706599707432256	0.043140121649716846	-0.040395603952567506	0.28219481050579415	-0.46802353572719146	0.25028368082804187	-0.053357513919891575	0.05747931650281266	-0.1498478745596116	0.17211586161173845	-0.16842282651773388	0.056898400520621784	-0.06219324289606227	0.14042494302384503	-0.14139916613603473	0.21116901380441885	-0.06604736425247085	0.06572577317058242	-0.0853659337691984	0.04137021578156339	-0.04060212505175382	0.04562882653091911	-0.08459551347497432	0.08255416091600021	-0.044056604373034325	0.043983086690376955	-0.04667296876082205	0.048201017886002395	-0.0434528273026316	0.03313325968428064	-0.030918281288708906	0.037292624258466765	-0.034149417487369604	0.032957239438815206	-0.028678995478234003	0.032312171250942885	-0.04032219342643659	0.029053810635364552	-0.03694890927228494	0.020788718526024604	-0.02432972375740417
0.07080127194613442	-0.07312794842367698	0.29547720374092395	-0.5706599707432256	0.9999999999999987	-0.06144991457403253	0.05589802617116232	-0.3204024162297378	0.3191828162199868	-0.5026483294407185	0.07473741815181988	-0.08035244391210665	0.1810021290448118	-0.22619586401932945	0.2579981429760355	-0.08039264208128899	0.08668198005894918	-0.18854525554425375	0.18715186018263552	-0.3706068592410922	0.09361320594834692	-0.0927864999893049	0.11864321917003487	-0.06062821704072386	0.05907903015219517	-0.06558841867832847	0.12211378189151513	-0.11871070888425471	0.06378802449559474	-0.0641226812955402	0.06716741104967797	-0.07022876453893595	0.06331799938523569	-0.04840705238704386	0.04511090674312728	-0.054228662312604606	0.04970990168568411	-0.048071196813966995	0.041898624700024596	-0.047285557773762206	0.05868520672419482	-0.042345975193577336	0.05386644463724649	-0.030407294063633426	0.03558027451414858
-0.7977010357566198	0.26236168511132335	-0.06371560414203269	0.043140121649716846	-0.06144991457403253	0.999999999999999	-0.3157979982099956	0.06833989524240697	-0.06176984295790018	0.047062529898542316	-0.3815540026742768	0.23590430420799613	-0.07492607685900965	0.06215976608074174	-0.04695939633851026	0.19326917250480777	-0.1802261607454806	0.08122864516381005	-0.06530041312019454	0.0630385577483353	-0.13431299860761456	0.11709669735118436	-0.10929992643779253	0.03332626220477425	-0.03313029152734307	0.08129324939174865	-0.13095803136583362	0.1036992706111913	-0.05610997994831644	0.05479795343876772	-0.08209529738027921	0.07416569293155222	-0.06510703970412876	0.046126207399001154	-0.042571974646667815	0.05956507006345366	-0.05328053103085199	0.04964084482088834	-0.04140390263927288	0.04510153606405731	-0.06403594868178875	0.04504094179978543	-0.05700856427569985	0.029833303217741844	-0.03498589432504951
0.25073593307594544	-0.7745572666620355	0.06060250192011949	-0.040395603952567506	0.05589802617116232	-0.3157979982099956	0.9999999999999981	-0.06831929337926683	0.05763964145141219	-0.043000476580157786	0.2431915653333591	-0.442452740004304	0.07470587237552308	-0.059024628521444515	0.04267068415819714	-0.1698120067419814	0.1946318605955094	-0.07891500041612383	0.061204571431053054	-0.0568052292881082	0.11792321588933354	-0.11162357013735155	0.09895571283656766	-0.02944806976988508	0.029194754499405243	-0.07044061088195078	0.1101905734945954	-0.09111682226744035	0.047989350710848575	-0.04681618987154281	0.0699512326793238	-0.062338724293818426	0.05421686065671389	-0.03870474809701496	0.035738596991850814	-0.05009263483597412	0.044561645442582384	-0.04143796600988527	0.03452019748042028	-0.03775412138511286	0.0532627648607127	-0.037558192126534204	0.04730073544265312	-0.024867737755780404	0.029081135320081213
-0.07966269218701395	0.08219424923596247	-0.5784726465165968	0.28219481050579415	-0.3204024162297378	0.06833989524240697	-0.06831929337926683	0.999999999999998	-0.46598122478735066	0.22730509089691975	-0.08839821342408179	0.09556028461318962	-0.4413969336903904	0.24788698595391512	-0.19184023934257682	0.09166107024411042	-0.10432663290473161	0.24520188979594473	-0.22694491035721717	0.2254031428215641	-0.10713371079169233	0.10629654179114126	-0.14536633127198642	0.060565754967562	-0.06029793025264996	0.07132384949962457	-0.13218069523052822	0.1269719795052925	-0.06751069720807502	0.06605406126406227	-0.07316353775277282	0.07321940789114376	-0.06617322618292056	0.04989749652617005	-0.04672186058195734	0.05696931496428673	-0.05211158759564096	0.05001472720067895	-0.04332592121777746	0.04849902422162414	-0.06168807399064931	0.04421868957896633	-0.056290768634101276	0.03130865064198551	-0.0366989028180183
0.07097323001269536	-0.07393929481230757	0.3083796551266932	-0.46802353572719146	0.3191828162199868	-0.06176984295790018	0.05763964145141219	-0.46598122478735066	0.9999999999999983	-0.46657261778727216	0.07687181698566678	-0.08364986312018807	0.22701014133900593	-0.3369047557849495	0.253038361308225	-0.08273929295628392	0.09053795186286452	-0.21846416430516372	0.22380128126634471	-0.3306732958777667	0.09524970300229615	-0.09607053541155341	0.12510050355715696	-0.06230890312500646	0.06081133898976409	-0.06576759680534741	0.12098805045702933	-0.12077628551130859	0.06391840980666672	-0.06391688515054166	0.06692809513794738	-0.06917702187402473	0.062241087005102634	-0.04770722980422837	0.04453855803501473	-0.05346597789518715	0.0489079563052602	-0.04724109448266427	0.04115816025672745	-0.04648727165203857	0.05761615310566556	-0.04158824332784325	0.05281677181914311	-0.02983985475384281	0.03488957310141151
-0.055257341648370886	0.05504283689266725	-0.2539443375062481	0.25028368082804187	-0.5026483294407185	0.047062529898542316	-0.043000476580157786	0.22730509089691975	-0.46657261778727216	0.9999999999999967	-0.05876018729404582	0.06211393436526824	-0.15829748138240862	0.20664091640668122	-0.5918994554326222	0.06234060726566569	-0.0686006034096946	0.14897795592046706	-0.18267769098818176	0.308020396849354	-0.07434742180090946	0.07265752379248049	-0.09546959147943479	0.050395215108015534	-0.05043992860206629	0.050961864472622215	-0.09636125244696422	0.09005087056514179	-0.04959824102890409	0.04899368667517819	-0.05269904752259856	0.053836039336332776	-0.04899151876858369	0.037021026712581756	-0.03469875115471697	0.04180130034235208	-0.038413161649697325	0.037005706236281695	-0.03220048141178134	0.03605887770758823	-0.04559775286676162	0.03268589449578024	-0.04174619484022081	0.02328944812539635	-0.02734326250514818
0.25786403785952267	-0.2957383653433522	0.07820743942713378	-0.053357513919891575	0.07473741815181988	-0.3815540026742768	0.2431915653333591	-0.08839821342408179	0.07687181698566678	-0.05876018729404582	1.0000000000000002	-0.5576861047494771	0.10298095357147675	-0.08301910042782551	0.05882218173759588	-0.5464860443558748	0.3013571256880389	-0.11500035510659247	0.08614532120787251	-0.07991151253867733	0.19863568580695518	-0.18383388198641387	0.1484814874031084	-0.04360695935379472	0.04278017449210139	-0.11690181988028588	0.15868175363877526	-0.1423925208540842	0.07218438166426856	-0.07162551226433789	0.1078972410291624	-0.09570094992743491	0.0804981057368773	-0.05840608214129999	0.05358316389251929	-0.07700647426645978	0.06714154469554304	-0.06226000674568806	0.0515687026839926	-0.05699026063408467	0.07905967085598668	-0.05638902415686529	0.06999453881692677	-0.03726341048212038	0.04324472127205453
-0.258607541474141	0.2821454401449121	-0.0855345025446327	0.05747931650281266	-0.08035244391210665	0.23590430420799613	-0.442452740004304	0.09556028461318962	-0.08364986312018807	0.06211393436526824	-0.5576861047494771	0.9999999999999967	-0.12872618536221175	0.09105000531206041	-0.06274416208375427	0.29568098981815316	-0.49967974125717446	0.12887243593001405	-0.09657680319891034	0.08278727996786653	-0.20014175205373783	0.1908188976034327	-0.16390487855831187	0.04479611593987736	-0.044431746311238404	0.11048626952723047	-0.1664583653117726	0.1396515846244314	-0.07204577500485974	0.06984257763631704	-0.10873964252818771	0.09276287670736519	-0.07990211393949348	0.057081793495784704	-0.052736358537674284	0.07495217786056935	-0.06621079000669348	0.06117419039474775	-0.05071448319324893	0.05550413258253173	-0.07886065251405745	0.05553490732052904	-0.06960024777615392	0.03648449037287593	-0.0425617384180729
0.08355461716225156	-0.0905372007831587	0.2191016763086767	-0.1498478745596116	0.1810021290448118	-0.07492607685900965	0.07470587237552308	-0.4413969336903904	0.22701014133900593	-0.15829748138240862	0.10298095357147675	-0.12872618536221175	0.9999999999999963	-0.44785377784832187	0.15970742505154623	-0.11311458484301391	0.13116678244190988	-0.6410538395577424	0.2951466712249034	-0.2065593103602246	0.1193767936566624	-0.1355747445107146	0.18471330420945248	-0.06890286665679334	0.06658365124078573	-0.0793872971705657	0.13671826654368913	-0.16037456415869084	0.07542076332296925	-0.07488809782721015	0.07765345279788537	-0.07831491335017479	0.06920898548093776	-0.05380538525409595	0.05024475066472932	-0.06051231447850945	0.05469866852937683	-0.05269236907529773	0.045725818305349136	-0.05202972071262709	0.06362911788244757	-0.04622762754271588	0.058119436362962976	-0.033110065860783286	0.038492602713744356
-0.07186964564837382	0.07279426600853403	-0.22596476707256785	0.17211586161173845	-0.22619586401932945	0.06215976608074174	-0.059024628521444515	0.24788698595391512	-0.3369047557849495	0.20664091640668122	-0.08301910042782551	0.09105000531206041	-0.44785377784832187	0.9999999999999977	-0.27479533075422397	0.08880230279972921	-0.10249319149851308	0.2984360139001241	-0.671487670697148	0.2642692734793588	-0.10242295186911161	0.1058875955322028	-0.14863825092377747	0.08181591948788827	-0.0821248535975786	0.06785128926025419	-0.12330940657841827	0.12639693482862194	-0.06738087152772552	0.06604270165088702	-0.06865527945873134	0.06886420215180192	-0.062071822902191084	0.04773742512753649	-0.044982419568341654	0.05341432023609115	-0.04875662060214715	0.046963212260901555	-0.04095995513511262	0.04621695250050693	-0.0573128902699587	0.04130106491292007	-0.05240257853278622	0.02959397328784203	-0.03462089164258961
0.05473857061411709	-0.05482654869513527	0.18299865668712725	-0.16842282651773388	0.2579981429760355	-0.04695939633851026	0.04267068415819714	-0.19184023934257682	0.253038361308225	-0.5918994554326222	0.05882218173759588	-0.06274416208375427	0.15970742505154623	-0.27479533075422397	0.9999999999999918	-0.0631973272920381	0.06946044380901109	-0.16165276897084546	0.21414524535244414	-0.658472710838369	0.0746668723401492	-0.07418861299515149	0.09766737763645819	-0.05953365348679876	0.05894166828360532	-0.05134132308612247	0.09609510115287899	-0.09269009514449429	0.051088984506477635	-0.050829603201954864	0.05274177979376271	-0.05420611199360595	0.04921574554749937	-0.03762730837517828	0.03532516379909563	-0.041984552650958	0.0385437482730981	-0.037229922502492324	0.032523081433423084	-0.03661530552392929	0.045577097450688955	-0.03278598624644278	0.04179248074714746	-0.023539192175061827	0.027595905637131157
-0.2098656947431952	0.18661102397388324	-0.08394705824683579	0.056898400520621784	-0.08039264208128899	0.19326917250480777	-0.1698120067419814	0.09166107024411042	-0.08273929295628392	0.06234060726566569	-0.5464860443558748	0.29568098981815316	-0.11311458484301391	0.08880230279972921	-0.0631973272920381	0.9999999999999946	-0.6013556580835803	0.1312106163523179	-0.09808065398948586	0.08438267661605633	-0.3652466713492242	0.24768298446706688	-0.1931425362751767	0.049884290562447295	-0.04925504590552199	0.154119931112758	-0.19135011774141372	0.1641149029069769	-0.08295992432769067	0.08080876181706677	-0.146243499022848	0.11169507052968954	-0.09385507769785963	0.06654592966881107	-0.06116869915535121	0.09242017811752876	-0.07986405294613251	0.07250954643720262	-0.05915403647103816	0.06460930411648726	-0.09494279920999812	0.06644088670002737	-0.08233057830318445	0.04249649486986093	-0.04931382707380104
0.17786441499888297	-0.23242080287756461	0.09123352572466299	-0.06219324289606227	0.08668198005894918	-0.1802261607454806	0.1946318605955094	-0.10432663290473161	0.09053795186286452	-0.0686006034096946	0.3013571256880389	-0.49967974125717446	0.13116678244190988	-0.10249319149851308	0.06946044380901109	-0.6013556580835803	0.9999999999999963	-0.17426069465608257	0.11117777439892587	-0.09411551473817964	0.25824409336861326	-0.384397797156027	0.21048980738435225	-0.05465366022509886	0.05310073153274343	-0.14274468035725565	0.19052859918328893	-0.1858554499432014	0.08774231010462599	-0.08670429215090758	0.12868650722972927	-0.11167608823454046	0.09292417296101509	-0.06826187708706415	0.06273134312429833	-0.08953947250377628	0.07771126253821327	-0.07193963461442147	0.05956984999193322	-0.06624047205825148	0.09069399958820504	-0.0649356120770059	0.0801391202305002	-0.04300482484838476	0.04973094343310602
-0.09211854235368956	0.09542583451823956	-0.21495990276839144	0.14042494302384503	-0.18854525554425375	0.08122864516381005	-0.07891500041612383	0.24520188979594473	-0.21846416430516372	0.14897795592046706	-0.11500035510659247	0.12887243593001405	-0.6410538395577424	0.2984360139001241	-0.16165276897084546	0.1312106163523179	-0.17426069465608257	0.9999999999999928	-0.48509203391109496	0.20148115270941458	-0.14912834773087133	0.1689466429003449	-0.31239233780679165	0.08294602005878633	-0.08196948107254207	0.09320346893138828	-0.16317245929423727	0.1853254647226411	-0.08893134381061513	0.08530269393782976	-0.09194521846396811	0.08954694260875926	-0.07964315294286532	0.061230428649686176	-0.05754847582457628	0.06952306144153826	-0.06291476080814715	0.06029877044484128	-0.05219248444050673	0.05899099696158176	-0.07335978356935123	0.053006514488372	-0.06677692062376395	0.03766299587956704	-0.04388670406657284
0.07390955637673481	-0.07738698782954197	0.1823304029977169	-0.14139916613603473	0.18715186018263552	-0.06530041312019454	0.061204571431053054	-0.22694491035721717	0.22380128126634471	-0.18267769098818176	0.08614532120787251	-0.09657680319891034	0.2951466712249034	-0.671487670697148	0.21414524535244414	-0.09808065398948586	0.11117777439892587	-0.48509203391109496	0.9999999999999946	-0.3593265791635502	0.10906990071882722	-0.1206793706006251	0.1659162223687357	-0.10963662497577184	0.0979332139391551	-0.07353306856834599	0.12954461341310092	-0.14772102038821405	0.07493934649767052	-0.07481862659733886	0.0727297024869474	-0.07429431067281936	0.06632578231151241	-0.05220040181633708	0.04914673272138388	-0.05727073105855504	0.05205415155783948	-0.05040254190842497	0.04417247357076472	-0.050428012748216844	0.06060306316622488	-0.0440585276592875	0.05557246660835541	-0.03197594031337646	0.037239462488544386
-0.07527790030746581	0.07204984386454986	-0.2666897496796414	0.21116901380441885	-0.3706068592410922	0.0630385577483353	-0.0568052292881082	0.2254031428215641	-0.3306732958777667	0.308020396849354	-0.07991151253867733	0.08278727996786653	-0.2065593103602246	0.2642692734793588	-0.658472710838369	0.08438267661605633	-0.09411551473817964	0.20148115270941458	-0.3593265791635502	0.9999999999999942	-0.10369784686216955	0.09985165102907012	-0.13443393445487242	0.08546617000692175	-0.09099437631265771	0.07019029598517142	-0.1352587001933683	0.12147780467323636	-0.07008808424469713	0.06841122757953547	-0.07335205832849809	0.07392280361062169	-0.06803541485931529	0.0511350709000942	-0.0483249364342613	0.05761370083905386	-0.05314906619194557	0.051140036100809555	-0.044602873987787915	0.04967149961591852	-0.06338645796354733	0.04521224124771708	-0.05800622273937024	0.03216586685284649	-0.03790267489703502
0.14047991983151134	-0.1516167436748682	0.09569962188717955	-0.06604736425247085	0.09361320594834692	-0.13431299860761456	0.11792321588933354	-0.10713371079169233	0.09524970300229615	-0.07434742180090946	0.19863568580695518	-0.20014175205373783	0.1193767936566624	-0.10242295186911161	0.0746668723401492	-0.3652466713492242	0.25824409336861326	-0.14912834773087133	0.10906990071882722	-0.10369784686216955	0.9999999999999957	-0.5612190439603824	0.2606492389686006	-0.06914551368987806	0.06636571474806216	-0.44407582693414216	0.25781705459802956	-0.26580413039984035	0.12268787599558732	-0.12461269394237315	0.2491874041239921	-0.18606031027345563	0.14118609896157355	-0.10219002532688388	0.0922123314882962	-0.15854868378276224	0.12647838481780665	-0.11291398793259996	0.0895920055105799	-0.09928183781486764	0.14426337088927904	-0.10410181108598898	0.12365215225234016	-0.06470768681732247	0.07379888199652625
-0.12876615819407444	0.13394725022739623	-0.09657877830266022	0.06572577317058242	-0.0927864999893049	0.11709669735118436	-0.11162357013735155	0.10629654179114126	-0.09607053541155341	0.07265752379248049	-0.18383388198641387	0.1908188976034327	-0.1355747445107146	0.1058875955322028	-0.07418861299515149	0.24768298446706688	-0.384397797156027	0.1689466429003449	-0.1206793706006251	0.09985165102907012	-0.5612190439603824	0.9999999999999917	-0.5264332882173184	0.07380403470442014	-0.07233665053948013	0.2052575307063054	-0.3128398616700567	0.2643657879776778	-0.12090470095568992	0.11441281009126343	-0.19012353474447316	0.14776907056139352	-0.12194492989888536	0.08855758449408985	-0.08190779710361173	0.11870108822965408	-0.10301661774645461	0.09380593022075964	-0.0769993974861507	0.085175056518028	-0.11959055715716951	0.08488324280244423	-0.10440021123723339	0.05526273055910033	-0.06382098960152674
0.11989484566726019	-0.12737093992954748	0.12420032119151123	-0.0853659337691984	0.11864321917003487	-0.10929992643779253	0.09895571283656766	-0.14536633127198642	0.12510050355715696	-0.09546959147943479	0.1484814874031084	-0.16390487855831187	0.18471330420945248	-0.14863825092377747	0.09766737763645819	-0.1931425362751767	0.21048980738435225	-0.31239233780679165	0.1659162223687357	-0.13443393445487242	0.2606492389686006	-0.5264332882173184	0.9999999999999925	-0.12215245262361957	0.10858177693095561	-0.1717430006661607	0.2748895922180554	-0.5688663159184321	0.1729017058868059	-0.16842964866572813	0.15316223994071756	-0.1560539692046306	0.13494981463521807	-0.10953458795872946	0.10224941356897403	-0.11860768772596107	0.10572232849155438	-0.10281250071658127	0.08932638710568973	-0.10399235958337372	0.119092948982961	-0.08852296785306613	0.10930578767183674	-0.0646087877399811	0.07420379199406503
-0.03862770922644307	0.03776077255572228	-0.05704593716763387	0.04137021578156339	-0.06062821704072386	0.03332626220477425	-0.02944806976988508	0.060565754967562	-0.06230890312500646	0.050395215108015534	-0.04360695935379472	0.04479611593987736	-0.06890286665679334	0.08181591948788827	-0.05953365348679876	0.049884290562447295	-0.05465366022509886	0.08294602005878633	-0.10963662497577184	0.08546617000692175	-0.06914551368987806	0.07380403470442014	-0.12215245262361957	0.9999999999999929	-0.9599636560216595	0.047916619182983976	-0.09056434227761487	0.10616708260977066	-0.12466927537782871	0.12270176369233755	-0.04893460950088301	0.05508367889889741	-0.05462894034898812	0.054596064610507596	-0.05907858816617605	0.04117227245768663	-0.03911117557267304	0.04074281694831389	-0.04147919858092928	0.05049425841039938	-0.04394645510070917	0.033121432852456376	-0.042431677303237214	0.029617070912778425	-0.03491369378126433
0.03811633066510266	-0.03776913777739662	0.0555035527363544	-0.04060212505175382	0.05907903015219517	-0.03313029152734307	0.029194754499405243	-0.06029793025264996	0.06081133898976409	-0.05043992860206629	0.04278017449210139	-0.044431746311238404	0.06658365124078573	-0.0821248535975786	0.05894166828360532	-0.04925504590552199	0.05310073153274343	-0.08196948107254207	0.0979332139391551	-0.09099437631265771	0.06636571474806216	-0.07233665053948013	0.10858177693095561	-0.9599636560216595	0.999999999999991	-0.047321834964828925	0.08777401501911243	-0.10867551236659775	0.11746858913630953	-0.14313471746523332	0.04787845941176974	-0.055352088227218314	0.05448538975783163	-0.05694082105497357	0.060685365862463536	-0.04106536339333339	0.03897279030338261	-0.04098958785628182	0.04208236293895481	-0.05252510079361336	0.04345237056613195	-0.03304144236910018	0.04212004269321483	-0.030181017627039924	0.03524591619242737
-0.09118202405268626	0.0900374309744857	-0.0665155388105289	0.04562882653091911	-0.06558841867832847	0.08129324939174865	-0.07044061088195078	0.07132384949962457	-0.06576759680534741	0.050961864472622215	-0.11690181988028588	0.11048626952723047	-0.0793872971705657	0.06785128926025419	-0.05134132308612247	0.154119931112758	-0.14274468035725565	0.09320346893138828	-0.07353306856834599	0.07019029598517142	-0.44407582693414216	0.2052575307063054	-0.1717430006661607	0.047916619182983976	-0.047321834964828925	0.9999999999999928	-0.2542047838635353	0.17234922200592911	-0.09671646766754331	0.09539855971744914	-0.7411478827975406	0.20396828415781257	-0.15736098523252842	0.09651213505562796	-0.08611048997973855	0.21012021568586162	-0.16258110500942777	0.1263558157242171	-0.09157282123690744	0.09349250693454965	-0.19813299723208846	0.12580219102507698	-0.14944351205107897	0.06425383246553859	-0.07347898184197428
0.14694069824715528	-0.14869586008770766	0.12183275530119878	-0.08459551347497432	0.12211378189151513	-0.13095803136583362	0.1101905734945954	-0.13218069523052822	0.12098805045702933	-0.09636125244696422	0.15868175363877526	-0.1664583653117726	0.13671826654368913	-0.12330940657841827	0.09609510115287899	-0.19135011774141372	0.19052859918328893	-0.16317245929423727	0.12954461341310092	-0.1352587001933683	0.25781705459802956	-0.3128398616700567	0.2748895922180554	-0.09056434227761487	0.08777401501911243	-0.2542047838635353	0.999999999999991	-0.47615467620607005	0.19256370776551862	-0.19985395966409777	0.21987536041655384	-0.3296541660565574	0.2136666066048916	-0.1596049906677012	0.1427173447978312	-0.19584595071995575	0.1808976937019282	-0.16777286548875212	0.13621810787118424	-0.15457129542585812	0.18939884748855274	-0.14715511130441897	0.17609794269967505	-0.09920668080651561	0.1126804564298137
-0.12162462572160024	0.11460450994506784	-0.122417560487342	0.08255416091600021	-0.11871070888425471	0.1036992706111913	-0.09111682226744035	0.1269719795052925	-0.12077628551130859	0.09005087056514179	-0.1423925208540842	0.1396515846244314	-0.16037456415869084	0.12639693482862194	-0.09269009514449429	0.1641149029069769	-0.1858554499432014	0.1853254647226411	-0.14772102038821405	0.12147780467323636	-0.26580413039984035	0.2643657879776778	-0.5688663159184321	0.10616708260977066	-0.10867551236659775	0.17234922200592911	-0.47615467620607005	0.9999999999999898	-0.36183727556973705	0.22772963572653038	-0.17789963686551433	0.18903805780440147	-0.1882524866189139	0.14376754681446613	-0.14238858779607427	0.13882307754199186	-0.13214721715333116	0.1314424947521659	-0.11740881510880467	0.1328805758712452	-0.1484506671759352	0.10978621803891789	-0.14048711858718346	0.08320434678894591	-0.09762866619732939
0.06545468224312079	-0.06230963888096657	0.0639926618240036	-0.044056604373034325	0.06378802449559474	-0.05610997994831644	0.047989350710848575	-0.06751069720807502	0.06391840980666672	-0.04959824102890409	0.07218438166426856	-0.07204577500485974	0.07542076332296925	-0.06738087152772552	0.051088984506477635	-0.08295992432769067	0.08774231010462599	-0.08893134381061513	0.07493934649767052	-0.07008808424469713	0.12268787599558732	-0.12090470095568992	0.1729017058868059	-0.12466927537782871	0.11746858913630953	-0.09671646766754331	0.19256370776551862	-0.36183727556973705	0.9999999999999897	-0.8014565804456457	0.10138666349926477	-0.14229687502373461	0.15235504572070332	-0.22845862214396695	0.22638083875233178	-0.09880334774690097	0.09874797489904563	-0.11572537432485212	0.13592109811026354	-0.19151843408499813	0.10300919250281507	-0.0838820468737391	0.10679423038645353	-0.0973441442490151	0.10958561735357499
-0.06503756693275967	0.060055482998146933	-0.06428719998828208	0.043983086690376955	-0.0641226812955402	0.05479795343876772	-0.04681618987154281	0.06605406126406227	-0.06391688515054166	0.04899368667517819	-0.07162551226433789	0.06984257763631704	-0.07488809782721015	0.06604270165088702	-0.050829603201954864	0.08080876181706677	-0.08670429215090758	0.08530269393782976	-0.07481862659733886	0.06841122757953547	-0.12461269394237315	0.11441281009126343	-0.16842964866572813	0.12270176369233755	-0.14313471746523332	0.09539855971744914	-0.19985395966409777	0.22772963572653038	-0.8014565804456457	0.9999999999999903	-0.10342131383587182	0.1377725890667627	-0.16355949180478377	0.21494988332466525	-0.354299437640049	0.09867277964501882	-0.10082804353946766	0.11684510208046602	-0.14525673426352487	0.1851047019407452	-0.10732136689635582	0.08528045757851571	-0.11243830760480045	0.09857395353780515	-0.1192135402704913
0.09037020671499814	-0.09246323788530626	0.06753325304418459	-0.04667296876082205	0.06716741104967797	-0.08209529738027921	0.0699512326793238	-0.07316353775277282	0.06692809513794738	-0.05269904752259856	0.1078972410291624	-0.10873964252818771	0.07765345279788537	-0.06865527945873134	0.05274177979376271	-0.146243499022848	0.12868650722972927	-0.09194521846396811	0.0727297024869474	-0.07335205832849809	0.2491874041239921	-0.19012353474447316	0.15316223994071756	-0.04893460950088301	0.04787845941176974	-0.7411478827975406	0.21987536041655384	-0.17789963686551433	0.10138666349926477	-0.10342131383587182	0.9999999999999905	-0.2981748277486329	0.1750479686907305	-0.10932617171674512	0.09482334526783379	-0.3577987746085058	0.1988072249341665	-0.15071989051356313	0.10282386390180502	-0.1063447847719946	0.21533196081031586	-0.15073355478593542	0.1636707521857431	-0.07279816928042947	0.08129479819370314
-0.08671511995231357	0.08137346903016736	-0.07024394805752177	0.048201017886002395	-0.07022876453893595	0.07416569293155222	-0.062338724293818426	0.07321940789114376	-0.06917702187402473	0.053836039336332776	-0.09570094992743491	0.09276287670736519	-0.07831491335017479	0.06886420215180192	-0.05420611199360595	0.11169507052968954	-0.11167608823454046	0.08954694260875926	-0.07429431067281936	0.07392280361062169	-0.18606031027345563	0.14776907056139352	-0.1560539692046306	0.05508367889889741	-0.055352088227218314	0.20396828415781257	-0.3296541660565574	0.18903805780440147	-0.14229687502373461	0.1377725890667627	-0.2981748277486329	0.9999999999999885	-0.48985112961546046	0.1970478910474944	-0.17105335001814248	0.2848117137610077	-0.5104150561206837	0.2942328537761676	-0.19593741125366357	0.1780434751314823	-0.3144660738441022	0.2514177019874608	-0.3221574629264547	0.1284349959403724	-0.1478731966689585
0.07540824963628381	-0.07198710843906733	0.06297871375479974	-0.0434528273026316	0.06331799938523569	-0.06510703970412876	0.05421686065671389	-0.06617322618292056	0.062241087005102634	-0.04899151876858369	0.0804981057368773	-0.07990211393949348	0.06920898548093776	-0.062071822902191084	0.04921574554749937	-0.09385507769785963	0.09292417296101509	-0.07964315294286532	0.06632578231151241	-0.06803541485931529	0.14118609896157355	-0.12194492989888536	0.13494981463521807	-0.05462894034898812	0.05448538975783163	-0.15736098523252842	0.2136666066048916	-0.1882524866189139	0.15235504572070332	-0.16355949180478377	0.1750479686907305	-0.48985112961546046	0.9999999999999902	-0.3885202271767746	0.22153607312675277	-0.23929561115219602	0.2732104908202753	-0.5477800135060528	0.24453746999206022	-0.2503217478788453	0.219049222950405	-0.226078163504127	0.2641965297599776	-0.1656394315326646	0.1674992263600348
-0.054397919289413676	0.050551248595906484	-0.048291626189475294	0.03313325968428064	-0.04840705238704386	0.046126207399001154	-0.03870474809701496	0.04989749652617005	-0.04770722980422837	0.037021026712581756	-0.05840608214129999	0.057081793495784704	-0.05380538525409595	0.04773742512753649	-0.03762730837517828	0.06654592966881107	-0.06826187708706415	0.061230428649686176	-0.05220040181633708	0.0511350709000942	-0.10219002532688388	0.08855758449408985	-0.10953458795872946	0.054596064610507596	-0.05694082105497357	0.09651213505562796	-0.1596049906677012	0.14376754681446613	-0.22845862214396695	0.21494988332466525	-0.10932617171674512	0.1970478910474944	-0.3885202271767746	0.9999999999999861	-0.6670952355553199	0.13191374318735138	-0.15154676086290153	0.21550922480717188	-0.40323655244514434	0.3038428620906789	-0.14077910981128094	0.12510566698050107	-0.17033080514794957	0.19323087411937812	-0.23483128869583791
0.049996907577401724	-0.04682925750834431	0.04495468788723899	-0.030918281288708906	0.04511090674312728	-0.042571974646667815	0.035738596991850814	-0.04672186058195734	0.04453855803501473	-0.03469875115471697	0.05358316389251929	-0.052736358537674284	0.05024475066472932	-0.044982419568341654	0.03532516379909563	-0.06116869915535121	0.06273134312429833	-0.05754847582457628	0.04914673272138388	-0.0483249364342613	0.0922123314882962	-0.08190779710361173	0.10224941356897403	-0.05907858816617605	0.060685365862463536	-0.08611048997973855	0.1427173447978312	-0.14238858779607427	0.22638083875233178	-0.354299437640049	0.09482334526783379	-0.17105335001814248	0.22153607312675277	-0.6670952355553199	0.9999999999999871	-0.11278208817107968	0.12225767726002586	-0.17114675078587155	0.26092198551459594	-0.49485306641698285	0.11601307017111974	-0.10380635554610411	0.13414042541375376	-0.1735423759751958	0.19507642202535136
-0.06876551172742199	0.06568132022189167	-0.05422735172000233	0.037292624258466765	-0.054228662312604606	0.05956507006345366	-0.05009263483597412	0.05696931496428673	-0.05346597789518715	0.04180130034235208	-0.07700647426645978	0.07495217786056935	-0.06051231447850945	0.05341432023609115	-0.041984552650958	0.09242017811752876	-0.08953947250377628	0.06952306144153826	-0.05727073105855504	0.05761370083905386	-0.15854868378276224	0.11870108822965408	-0.11860768772596107	0.04117227245768663	-0.04106536339333339	0.21012021568586162	-0.19584595071995575	0.13882307754199186	-0.09880334774690097	0.09867277964501882	-0.3577987746085058	0.2848117137610077	-0.23929561115219602	0.13191374318735138	-0.11278208817107968	0.999999999999987	-0.5129451651801665	0.23552356574848102	-0.14011615792015084	0.1301528930477384	-0.6071511791614133	0.28242823695653374	-0.2912853136897849	0.09453180791196811	-0.10404187673752852
0.06146950197804447	-0.0589156727872168	0.04955120249451648	-0.034149417487369604	0.04970990168568411	-0.05328053103085199	0.044561645442582384	-0.05211158759564096	0.0489079563052602	-0.038413161649697325	0.06714154469554304	-0.06621079000669348	0.05469866852937683	-0.04875662060214715	0.0385437482730981	-0.07986405294613251	0.07771126253821327	-0.06291476080814715	0.05205415155783948	-0.05314906619194557	0.12647838481780665	-0.10301661774645461	0.10572232849155438	-0.03911117557267304	0.03897279030338261	-0.16258110500942777	0.1808976937019282	-0.13214721715333116	0.09874797489904563	-0.10082804353946766	0.1988072249341665	-0.5104150561206837	0.2732104908202753	-0.15154676086290153	0.12225767726002586	-0.5129451651801665	0.9999999999999866	-0.42856118637738244	0.1631334846780206	-0.14997263873615366	0.3042656854896718	-0.4137541255755024	0.29578291299181914	-0.10972117220602	0.11245129544171545
-0.057797389479461246	0.054669924517997126	-0.047878054959244826	0.032957239438815206	-0.048071196813966995	0.04964084482088834	-0.04143796600988527	0.05001472720067895	-0.04724109448266427	0.037005706236281695	-0.06226000674568806	0.06117419039474775	-0.05269236907529773	0.046963212260901555	-0.037229922502492324	0.07250954643720262	-0.07193963461442147	0.06029877044484128	-0.05040254190842497	0.051140036100809555	-0.11291398793259996	0.09380593022075964	-0.10281250071658127	0.04074281694831389	-0.04098958785628182	0.1263558157242171	-0.16777286548875212	0.1314424947521659	-0.11572537432485212	0.11684510208046602	-0.15071989051356313	0.2942328537761676	-0.5477800135060528	0.21550922480717188	-0.17114675078587155	0.23552356574848102	-0.42856118637738244	0.9999999999999859	-0.33300546503600303	0.20761968763125976	-0.25194989118624855	0.26367647803648864	-0.49086534986356206	0.1614367012457368	-0.16321310904213304
0.048521249922664655	-0.04550722784425841	0.041668275832884516	-0.028678995478234003	0.041898624700024596	-0.04140390263927288	0.03452019748042028	-0.04332592121777746	0.04115816025672745	-0.03220048141178134	0.0515687026839926	-0.05071448319324893	0.045725818305349136	-0.04095995513511262	0.032523081433423084	-0.05915403647103816	0.05956984999193322	-0.05219248444050673	0.04417247357076472	-0.044602873987787915	0.0895920055105799	-0.0769993974861507	0.08932638710568973	-0.04147919858092928	0.04208236293895481	-0.09157282123690744	0.13621810787118424	-0.11740881510880467	0.13592109811026354	-0.14525673426352487	0.10282386390180502	-0.19593741125366357	0.24453746999206022	-0.40323655244514434	0.26092198551459594	-0.14011615792015084	0.1631334846780206	-0.33300546503600303	0.9999999999999847	-0.5459399713511073	0.14106891817241668	-0.13778712278352004	0.18306952080578773	-0.5084715590195094	0.30658512882061917
-0.053420904966217805	0.049290414049393785	-0.04711800114066171	0.032312171250942885	-0.047285557773762206	0.04510153606405731	-0.03775412138511286	0.04849902422162414	-0.04648727165203857	0.03605887770758823	-0.05699026063408467	0.05550413258253173	-0.05202972071262709	0.04621695250050693	-0.03661530552392929	0.06460930411648726	-0.06624047205825148	0.05899099696158176	-0.050428012748216844	0.04967149961591852	-0.09928183781486764	0.085175056518028	-0.10399235958337372	0.05049425841039938	-0.05252510079361336	0.09349250693454965	-0.15457129542585812	0.1328805758712452	-0.19151843408499813	0.1851047019407452	-0.1063447847719946	0.1780434751314823	-0.2503217478788453	0.3038428620906789	-0.49485306641698285	0.1301528930477384	-0.14997263873615366	0.20761968763125976	-0.5459399713511073	0.999999999999985	-0.14438496406849055	0.12543102219301952	-0.17728831951219712	0.28180360380389824	-0.455891880879446
0.07322534217672778	-0.07113845974456856	0.05831435853109847	-0.04032219342643659	0.05868520672419482	-0.06403594868178875	0.0532627648607127	-0.06168807399064931	0.05761615310566556	-0.04559775286676162	0.07905967085598668	-0.07886065251405745	0.06362911788244757	-0.0573128902699587	0.045577097450688955	-0.09494279920999812	0.09069399958820504	-0.07335978356935123	0.06060306316622488	-0.06338645796354733	0.14426337088927904	-0.11959055715716951	0.119092948982961	-0.04394645510070917	0.04345237056613195	-0.19813299723208846	0.18939884748855274	-0.1484506671759352	0.10300919250281507	-0.10732136689635582	0.21533196081031586	-0.3144660738441022	0.219049222950405	-0.14077910981128094	0.11601307017111974	-0.6071511791614133	0.3042656854896718	-0.25194989118624855	0.14106891817241668	-0.14438496406849055	0.9999999999999847	-0.5373963585921009	0.287285458626514	-0.10191398985585592	0.10639564786610588
-0.05213445404328681	0.049716486531173526	-0.04215272066725141	0.029053810635364552	-0.042345975193577336	0.04504094179978543	-0.037558192126534204	0.04421868957896633	-0.04158824332784325	0.03268589449578024	-0.05638902415686529	0.05553490732052904	-0.04622762754271588	0.04130106491292007	-0.03278598624644278	0.06644088670002737	-0.0649356120770059	0.053006514488372	-0.0440585276592875	0.04521224124771708	-0.10410181108598898	0.08488324280244423	-0.08852296785306613	0.033121432852456376	-0.03304144236910018	0.12580219102507698	-0.14715511130441897	0.10978621803891789	-0.0838820468737391	0.08528045757851571	-0.15073355478593542	0.2514177019874608	-0.226078163504127	0.12510566698050107	-0.10380635554610411	0.28242823695653374	-0.4137541255755024	0.26367647803648864	-0.13778712278352004	0.12543102219301952	-0.5373963585921009	0.9999999999999846	-0.6335869367220506	0.0940700092720322	-0.09895124040562545
0.06573512349310776	-0.06310031742166416	0.053471173531744486	-0.03694890927228494	0.05386644463724649	-0.05700856427569985	0.04730073544265312	-0.056290768634101276	0.05281677181914311	-0.04174619484022081	0.06999453881692677	-0.06960024777615392	0.058119436362962976	-0.05240257853278622	0.04179248074714746	-0.08233057830318445	0.0801391202305002	-0.06677692062376395	0.05557246660835541	-0.05800622273937024	0.12365215225234016	-0.10440021123723339	0.10930578767183674	-0.042431677303237214	0.04212004269321483	-0.14944351205107897	0.17609794269967505	-0.14048711858718346	0.10679423038645353	-0.11243830760480045	0.1636707521857431	-0.3221574629264547	0.2641965297599776	-0.17033080514794957	0.13414042541375376	-0.2912853136897849	0.29578291299181914	-0.49086534986356206	0.18306952080578773	-0.17728831951219712	0.287285458626514	-0.6335869367220506	0.9999999999999847	-0.13524576698066254	0.12920626864667684
