1.0	-0.5827160150397565	0.268505217088542	-0.1822918584952751	0.14566969249610628	-0.634621133242331	0.2997027006455828	-0.2692390714895414	0.13141383787217917	-0.11898456846841042	0.17602813475256954	-0.15604495844699717	0.16501973410690063	-0.11584829751666234	0.11503765872772488	-0.08734643497163068	0.14778079426891946	-0.15583523317409342	0.11100361488495747	-0.13532911362843447	0.0760446099057244	-0.12480991049803351	0.0984547206884598	-0.09621184917345331	0.09096885977017011	-0.031764812356157905	0.04770673496915433	-0.0911645906478261	0.09154294404571581	-0.06623278700327351	0.03442270066474715	-0.04403880043019086	0.057940730725570946	-0.0845059259422373	0.08746263830794088
-0.5827160150397565	1.0000000000000002	-0.5867909796239001	0.19478903361103478	-0.17509482741869783	0.29059996827201207	-0.3919194529249831	0.2753749369431968	-0.14273807838794847	0.12086354870944814	-0.15846914442672055	0.13992324463346162	-0.1662352728737594	0.1092651828745975	-0.11140281151634134	0.07554444629606763	-0.1384709221456092	0.13971960553244628	-0.10189821546042897	0.11880425170930567	-0.06759877044801132	0.10785931507981293	-0.08792807266308958	0.08529840729477337	-0.08095944158589696	0.02791313138668092	-0.04187033819466617	0.0790238120171664	-0.08173763421082059	0.05827099158152979	-0.030480066504308498	0.03839595907067757	-0.05071964428598298	0.0734008169489418	-0.07735079977070006
0.268505217088542	-0.5867909796239001	1.0000000000000007	-0.36825485244630923	0.22203648230407436	-0.26733238158831873	0.28136712556501886	-0.5162064846666962	0.18404336264020973	-0.1658694897667427	0.16498667982249754	-0.15751539447032625	0.20376149495643403	-0.13972704163178065	0.1365223486713644	-0.087448967658788	0.15631478843285337	-0.1815722316275205	0.1258960560490055	-0.14985374397057666	0.07814925883582605	-0.13155921783353225	0.10754692008170713	-0.10569465705572627	0.09862130430692817	-0.03283942680657449	0.05103239914510959	-0.09743174407911191	0.09969759673409266	-0.07145729201564896	0.03571632972872825	-0.04695994587014729	0.06213634696521193	-0.09038409634426695	0.09397344906650221
-0.1822918584952751	0.19478903361103478	-0.36825485244630923	1.0000000000000004	-0.7551894168548905	0.1576293709504138	-0.18342263176885265	0.2191242986868779	-0.3270647204192881	0.26157021642874495	-0.15246671955406743	0.1286915877420921	-0.17094497254382418	0.15129822966482886	-0.16717260602003658	0.08018338040971829	-0.1520444133716618	0.14987628048557888	-0.12680304289430636	0.1472123396475013	-0.07451400816665738	0.12079168041606987	-0.10171768010242649	0.10146517986800142	-0.10105071697879957	0.03135204172899556	-0.04940629894225883	0.09207319523579402	-0.09897644012247477	0.07139856868027529	-0.03449909361275869	0.045067694055840636	-0.059889439128658024	0.08659198999570318	-0.0953889034138277
0.14566969249610628	-0.17509482741869783	0.22203648230407436	-0.7551894168548905	1.000000000000001	-0.14936122022722093	0.1563112679096297	-0.20931791962217916	0.27550631142611226	-0.43637216557511593	0.13966287102263927	-0.12314639691580359	0.15744341139847529	-0.1565681123569657	0.16285237272137754	-0.08007215742026601	0.14381562726882416	-0.15446978247481605	0.12759933754456124	-0.1608507619386111	0.07349308514943027	-0.12656526421458864	0.10375848932877003	-0.10566166744649504	0.10390878924970381	-0.03152587702579938	0.051304495387494986	-0.0976531416681864	0.10109672722370275	-0.07479568975103144	0.0344093126142367	-0.04726043404393949	0.0626209256326582	-0.0917447906547714	0.0982818491062937
-0.634621133242331	0.29059996827201207	-0.26733238158831873	0.1576293709504138	-0.14936122022722093	1.0000000000000007	-0.5794620384188996	0.2584829405219944	-0.13582913586367076	0.11389555607857917	-0.24967085238053308	0.17989107042924546	-0.17996309433724045	0.11463314349334466	-0.11681360782650314	0.09342293837699922	-0.16386578968731094	0.1516193558921065	-0.11044970346401546	0.12852569190373608	-0.08166939051440797	0.12311245597350141	-0.09799392387115514	0.0939812308899103	-0.08882633021453616	0.03286588936324738	-0.046800047522066505	0.08805727057488447	-0.09027610524406518	0.06410150485748882	-0.03586325539504396	0.04294136774861737	-0.05646019656608951	0.08157385928934038	-0.08534416600582058
0.2997027006455828	-0.3919194529249831	0.28136712556501886	-0.18342263176885265	0.1563112679096297	-0.5794620384188996	1.0000000000000009	-0.5355624443461774	0.16000522042380025	-0.14116396265790374	0.20602725467554137	-0.22784924039557258	0.21781103585610714	-0.1375339218207293	0.13263923199820016	-0.09814471841877777	0.17577919388689875	-0.1886269018344664	0.12740624511603507	-0.1497257070771932	0.08548553142599963	-0.13893330916521687	0.11149972879568842	-0.1081376354715001	0.09948748578202127	-0.03525296634248682	0.052534907409317017	-0.1001675587053512	0.10177171481903716	-0.07228089627718604	0.038261017523685686	-0.04835085529302581	0.0637766084681903	-0.09254662824751322	0.09520572560178062
-0.2692390714895414	0.2753749369431968	-0.5162064846666962	0.2191242986868779	-0.20931791962217916	0.2584829405219944	-0.5355624443461774	1.000000000000001	-0.2686808944976452	0.1845685904546436	-0.20282179760658706	0.19663565505389893	-0.3841082938086984	0.16892085537571355	-0.16511025223101594	0.0986031140776628	-0.18976778730460236	0.21519919169866894	-0.14911967441902235	0.16265486555234498	-0.08902314590220077	0.14454024814231403	-0.12370810475023962	0.11868475068065787	-0.10829193860935246	0.03664826644906887	-0.05616598351594251	0.10596969745640729	-0.11195616844441396	0.07771404850943837	-0.040075459919001376	0.051294785885708	-0.06821574686300455	0.09813010066498472	-0.10253650078999525
0.13141383787217917	-0.14273807838794847	0.18404336264020973	-0.3270647204192881	0.27550631142611226	-0.13582913586367076	0.16000522042380025	-0.2686808944976452	1.000000000000001	-0.7811256921775018	0.1358916548439384	-0.12464317178974826	0.17480191194602943	-0.2637020205539413	0.21772772609417454	-0.07723460191847929	0.14101537866953862	-0.1624317910146127	0.14674297995211424	-0.17138458886435934	0.07118727958213873	-0.12358565955034474	0.10535537183490937	-0.11144596891213823	0.10268450447135015	-0.03032564090119554	0.05014527460231422	-0.09537627220338461	0.10262551420790211	-0.07343260248222525	0.03313892217036009	-0.046012800400809656	0.0614701319996956	-0.08976596674407626	0.09481340403631239
-0.11898456846841042	0.12086354870944814	-0.1658694897667427	0.26157021642874495	-0.43637216557511593	0.11389555607857917	-0.14116396265790374	0.1845685904546436	-0.7811256921775018	1.000000000000001	-0.12213595268740984	0.10762703696683966	-0.15308929996858406	0.19728840106296708	-0.2481402944692169	0.06750607197084313	-0.12647887986847586	0.13637302207204446	-0.1301985200752185	0.1487649515265403	-0.06281898784553085	0.10630944549362308	-0.0920108632209374	0.09616447958852854	-0.09167539870215814	0.026627811694311807	-0.043802143859713344	0.08232212845811987	-0.09076705183895	0.06457395766448855	-0.02921921293021035	0.03999511435753001	-0.053543285048547634	0.0777495076525682	-0.08407019952787964
0.17602813475256954	-0.15846914442672055	0.16498667982249754	-0.15246671955406743	0.13966287102263927	-0.24967085238053308	0.20602725467554137	-0.20282179760658706	0.1358916548439384	-0.12213595268740984	1.0000000000000004	-0.6565387992008138	0.2648427118247554	-0.17899524679496567	0.1738473840980793	-0.29352009802962614	0.3176513751811434	-0.27294777833581735	0.18985678397991484	-0.2350800360369173	0.1981907411817689	-0.27596220480901706	0.18995867112904805	-0.1798201646499328	0.16383922688865513	-0.07684523173492534	0.0935301216114456	-0.17903216684663753	0.16961822803067758	-0.12141221561969993	0.08125442621173341	-0.087154568509936	0.11219333961134176	-0.16377438971145958	0.16124875158690077
-0.15604495844699717	0.13992324463346162	-0.15751539447032625	0.1286915877420921	-0.12314639691580359	0.17989107042924546	-0.22784924039557258	0.19663565505389893	-0.12464317178974826	0.10762703696683966	-0.6565387992008138	1.0000000000000009	-0.39949875210798336	0.16329292263859052	-0.16052322528588922	0.18255687086380806	-0.4981947797053077	0.25237557440589375	-0.16795205168470698	0.18540884202380814	-0.15317952394503534	0.20871732293808137	-0.15895259929557604	0.14510620178154288	-0.1294216834640697	0.05732177745751213	-0.07265357850094627	0.1361008322287085	-0.13731182062605116	0.09422907196501829	-0.062425976178917264	0.06661669100553644	-0.08689291191741932	0.12439501674121813	-0.1254463168278428
0.16501973410690063	-0.1662352728737594	0.20376149495643403	-0.17094497254382418	0.15744341139847529	-0.17996309433724045	0.21781103585610714	-0.3841082938086984	0.17480191194602943	-0.15308929996858406	0.2648427118247554	-0.39949875210798336	1.0000000000000004	-0.32521846553192646	0.2337343127102078	-0.14499676075343354	0.2764797991484281	-0.5794410446858101	0.2477763516924031	-0.25652357529208814	0.12884642293862175	-0.22962305664783308	0.20453265300540624	-0.19523720252607907	0.157351504643975	-0.053285577449072974	0.08496004879975369	-0.16482516681945084	0.17100241926369297	-0.11467014853711155	0.05782047885752967	-0.07775248526132647	0.10421545248781705	-0.1496571414705232	0.1480430810078887
-0.11584829751666234	0.1092651828745975	-0.13972704163178065	0.15129822966482886	-0.1565681123569657	0.11463314349334466	-0.1375339218207293	0.16892085537571355	-0.2637020205539413	0.19728840106296708	-0.17899524679496567	0.16329292263859052	-0.32521846553192646	1.0000000000000009	-0.7258999521105578	0.10234647603531757	-0.1974816581914064	0.24429304621360765	-0.395236820350839	0.2778195432257782	-0.0973248269834007	0.17073534277216038	-0.16596661420932723	0.19055216852794016	-0.1557173316828277	0.041131520165824116	-0.07228133076537198	0.13551675566486976	-0.16795392035124865	0.10757338632139227	-0.04526741758183134	0.06541098762036371	-0.08962997940565703	0.12934222015736369	-0.13634198780744364
0.11503765872772488	-0.11140281151634134	0.1365223486713644	-0.16717260602003658	0.16285237272137754	-0.11681360782650314	0.13263923199820016	-0.16511025223101594	0.21772772609417454	-0.2481402944692169	0.1738473840980793	-0.16052322528588922	0.2337343127102078	-0.7258999521105578	1.0000000000000018	-0.10861135741981245	0.1953888231843387	-0.2478432602353216	0.27570866786909176	-0.4203161244083208	0.10195279837545829	-0.18888115126694308	0.16699845901870364	-0.19597555526970725	0.17638147148416383	-0.04409578013821601	0.07854371108849947	-0.15105311305747668	0.16879933894266988	-0.1248942025857086	0.048159996553544596	-0.07220338045962565	0.09758492080562424	-0.14420045071336013	0.15137306118333127
-0.08734643497163068	0.07554444629606763	-0.087448967658788	0.08018338040971829	-0.08007215742026601	0.09342293837699922	-0.09814471841877777	0.0986031140776628	-0.07723460191847929	0.06750607197084313	-0.29352009802962614	0.18255687086380806	-0.14499676075343354	0.10234647603531757	-0.10861135741981245	1.0000000000000007	-0.309834652750119	0.15533769251716376	-0.12479132829075835	0.13699189583125718	-0.8120696533675464	0.24162345453036768	-0.1622021076825079	0.1237792238027206	-0.11021954113284359	0.15708855185032272	-0.07837461531562695	0.1231877947658943	-0.12461590087204626	0.07998181152184396	-0.18051410900709938	0.07048082036046933	-0.08286259692495282	0.10982389058356481	-0.11089398510993492
0.14778079426891946	-0.1384709221456092	0.15631478843285337	-0.1520444133716618	0.14381562726882416	-0.16386578968731094	0.17577919388689875	-0.18976778730460236	0.14101537866953862	-0.12647887986847586	0.3176513751811434	-0.4981947797053077	0.2764797991484281	-0.1974816581914064	0.1953888231843387	-0.309834652750119	0.9999999999999991	-0.3713819410397414	0.22795398220610388	-0.2740311421043853	0.2208044975435038	-0.39055268887731825	0.2428671840381484	-0.22273981130675277	0.19370954526243425	-0.08767339031796831	0.11437342390268998	-0.22064353553232158	0.20634574661401542	-0.14432087965311485	0.09239995054164536	-0.1063974474745826	0.13727330424049117	-0.19950546504504632	0.19182037771691224
-0.15583523317409342	0.13971960553244628	-0.1815722316275205	0.14987628048557888	-0.15446978247481605	0.1516193558921065	-0.1886269018344664	0.21519919169866894	-0.1624317910146127	0.13637302207204446	-0.27294777833581735	0.25237557440589375	-0.5794410446858101	0.24429304621360765	-0.2478432602353216	0.15533769251716376	-0.3713819410397414	0.9999999999999998	-0.4191013097590898	0.2641956217119022	-0.1496153647631879	0.2580866697586898	-0.3447505880028941	0.24683843731118527	-0.18299582675615747	0.06024814750211334	-0.10160758008452102	0.1895925198461575	-0.22102711131528263	0.12952710913316998	-0.06658519306781205	0.09000826096344249	-0.12475618245695183	0.1697640055489104	-0.17133065478003742
0.11100361488495747	-0.10189821546042897	0.1258960560490055	-0.12680304289430636	0.12759933754456124	-0.11044970346401546	0.12740624511603507	-0.14911967441902235	0.14674297995211424	-0.1301985200752185	0.18985678397991484	-0.16795205168470698	0.2477763516924031	-0.395236820350839	0.27570866786909176	-0.12479132829075835	0.22795398220610388	-0.4191013097590898	0.9999999999999999	-0.5047793836031329	0.12094834772433438	-0.24240725819544703	0.2518086933816413	-0.48129981513600417	0.20481176062680861	-0.05178028941666447	0.1001198704817844	-0.1968632539892279	0.25056685722132416	-0.14764289828547447	0.056728344254530855	-0.0914441835204077	0.12765668386475526	-0.19032850935520754	0.17646638847327817
-0.13532911362843447	0.11880425170930567	-0.14985374397057666	0.1472123396475013	-0.1608507619386111	0.12852569190373608	-0.1497257070771932	0.16265486555234498	-0.17138458886435934	0.1487649515265403	-0.2350800360369173	0.18540884202380814	-0.25652357529208814	0.2778195432257782	-0.4203161244083208	0.13699189583125718	-0.2740311421043853	0.2641956217119022	-0.5047793836031329	0.9999999999999991	-0.13607458169193173	0.22495021819999347	-0.22651250079329904	0.253230224471855	-0.4228155496248836	0.05852377716858766	-0.10821690099499766	0.19218277806528186	-0.26583015720056186	0.2156129015357692	-0.06536926133755279	0.09632383388995024	-0.13369387301995178	0.19194165860731296	-0.26880549805963855
0.0760446099057244	-0.06759877044801132	0.07814925883582605	-0.07451400816665738	0.07349308514943027	-0.08166939051440797	0.08548553142599963	-0.08902314590220077	0.07118727958213873	-0.06281898784553085	0.1981907411817689	-0.15317952394503534	0.12884642293862175	-0.0973248269834007	0.10195279837545829	-0.8120696533675464	0.2208044975435038	-0.1496153647631879	0.12094834772433438	-0.13607458169193173	0.9999999999999981	-0.3513658980455888	0.16839622104918067	-0.12967182454204224	0.10668914586583297	-0.22350665969887765	0.07981731735617398	-0.13083329176827066	0.12414535938296843	-0.07898973528220728	0.1788922206098477	-0.07346894422266625	0.08506551842917949	-0.11434760568774595	0.10784351040783818
-0.12480991049803351	0.10785931507981293	-0.13155921783353225	0.12079168041606987	-0.12656526421458864	0.12311245597350141	-0.13893330916521687	0.14454024814231403	-0.12358565955034474	0.10630944549362308	-0.27596220480901706	0.20871732293808137	-0.22962305664783308	0.17073534277216038	-0.18888115126694308	0.24162345453036768	-0.39055268887731825	0.2580866697586898	-0.24240725819544703	0.22495021819999347	-0.3513658980455888	0.9999999999999993	-0.5921520488525382	0.26115338006384176	-0.20056881516660746	0.1026999380795007	-0.1495816944360373	0.2344297989371789	-0.26618041799176856	0.14338021327560696	-0.11518256002439475	0.12237619162763894	-0.16234128152868352	0.19755432185911878	-0.2033195566378893
0.0984547206884598	-0.08792807266308958	0.10754692008170713	-0.10171768010242649	0.10375848932877003	-0.09799392387115514	0.11149972879568842	-0.12370810475023962	0.10535537183490937	-0.0920108632209374	0.18995867112904805	-0.15895259929557604	0.20453265300540624	-0.16596661420932723	0.16699845901870364	-0.1622021076825079	0.2428671840381484	-0.3447505880028941	0.2518086933816413	-0.22651250079329904	0.16839622104918067	-0.5921520488525382	0.9999999999999996	-0.4841285310152364	0.17047549454435088	-0.06673943830134463	0.1387620906975202	-0.35326252332467317	0.27024966538537687	-0.13190378508215192	0.07207317634527774	-0.12243837817062841	0.17817927924133523	-0.2235517592931786	0.17237722372599878
-0.09621184917345331	0.08529840729477337	-0.10569465705572627	0.10146517986800142	-0.10566166744649504	0.0939812308899103	-0.1081376354715001	0.11868475068065787	-0.11144596891213823	0.09616447958852854	-0.1798201646499328	0.14510620178154288	-0.19523720252607907	0.19055216852794016	-0.19597555526970725	0.1237792238027206	-0.22273981130675277	0.24683843731118527	-0.48129981513600417	0.253230224471855	-0.12967182454204224	0.26115338006384176	-0.4841285310152364	0.9999999999999984	-0.2005100461279007	0.05485472101032356	-0.12162849736490286	0.23047337718904515	-0.5499812373272206	0.15137994500872973	-0.0608686842425973	0.10692974105470554	-0.1621368666333124	0.22897344002018888	-0.1875309130391944
0.09096885977017011	-0.08095944158589696	0.09862130430692817	-0.10105071697879957	0.10390878924970381	-0.08882633021453616	0.09948748578202127	-0.10829193860935246	0.10268450447135015	-0.09167539870215814	0.16383922688865513	-0.1294216834640697	0.157351504643975	-0.1557173316828277	0.17638147148416383	-0.11021954113284359	0.19370954526243425	-0.18299582675615747	0.20481176062680861	-0.4228155496248836	0.10668914586583297	-0.20056881516660746	0.17047549454435088	-0.2005100461279007	0.9999999999999991	-0.04894370651020162	0.09955714896536587	-0.1923330760453483	0.2128172171481576	-0.6353724077503956	0.0535789521464871	-0.09372697805027037	0.1273971219829909	-0.20284747502235692	0.3192877573108429
-0.031764812356157905	0.02791313138668092	-0.03283942680657449	0.03135204172899556	-0.03152587702579938	0.03286588936324738	-0.03525296634248682	0.03664826644906887	-0.03032564090119554	0.026627811694311807	-0.07684523173492534	0.05732177745751213	-0.053285577449072974	0.041131520165824116	-0.04409578013821601	0.15708855185032272	-0.08767339031796831	0.06024814750211334	-0.05178028941666447	0.05852377716858766	-0.22350665969887765	0.1026999380795007	-0.06673943830134463	0.05485472101032356	-0.04894370651020162	0.9999999999999983	-0.0830673730033233	0.07002803212616712	-0.05978757431402995	0.036911843908450315	-0.9477279672752549	0.08034757641587256	-0.05654953572922526	0.06147665317055058	-0.051776697315468787
0.04770673496915433	-0.04187033819466617	0.05103239914510959	-0.04940629894225883	0.051304495387494986	-0.046800047522066505	0.052534907409317017	-0.05616598351594251	0.05014527460231422	-0.043802143859713344	0.0935301216114456	-0.07265357850094627	0.08496004879975369	-0.07228133076537198	0.07854371108849947	-0.07837461531562695	0.11437342390268998	-0.10160758008452102	0.1001198704817844	-0.10821690099499766	0.07981731735617398	-0.1495816944360373	0.1387620906975202	-0.12162849736490286	0.09955714896536587	-0.0830673730033233	0.9999999999999952	-0.3597738044397849	0.162862959307539	-0.08435722222833117	0.08523859885924755	-0.841908851269183	0.27532474273006813	-0.24877158526939952	0.1198523867889152
-0.0911645906478261	0.0790238120171664	-0.09743174407911191	0.09207319523579402	-0.0976531416681864	0.08805727057488447	-0.1001675587053512	0.10596969745640729	-0.09537627220338461	0.08232212845811987	-0.17903216684663753	0.1361008322287085	-0.16482516681945084	0.13551675566486976	-0.15105311305747668	0.1231877947658943	-0.22064353553232158	0.1895925198461575	-0.1968632539892279	0.19218277806528186	-0.13083329176827066	0.2344297989371789	-0.35326252332467317	0.23047337718904515	-0.1923330760453483	0.07002803212616712	-0.3597738044397849	0.9999999999999943	-0.36367940458601505	0.15280137271643288	-0.07854349166365865	0.25550366047882633	-0.5840355849440342	0.3134864204787096	-0.23128063556117306
0.09154294404571581	-0.08173763421082059	0.09969759673409266	-0.09897644012247477	0.10109672722370275	-0.09027610524406518	0.10177171481903716	-0.11195616844441396	0.10262551420790211	-0.09076705183895	0.16961822803067758	-0.13731182062605116	0.17100241926369297	-0.16795392035124865	0.16879933894266988	-0.12461590087204626	0.20634574661401542	-0.22102711131528263	0.25056685722132416	-0.26583015720056186	0.12414535938296843	-0.26618041799176856	0.27024966538537687	-0.5499812373272206	0.2128172171481576	-0.05978757431402995	0.162862959307539	-0.36367940458601505	0.9999999999999951	-0.22566383481271013	0.06507133692632455	-0.15865255416930765	0.2416086086928648	-0.5073104016026175	0.23139104329781812
-0.06623278700327351	0.05827099158152979	-0.07145729201564896	0.07139856868027529	-0.07479568975103144	0.06410150485748882	-0.07228089627718604	0.07771404850943837	-0.07343260248222525	0.06457395766448855	-0.12141221561969993	0.09422907196501829	-0.11467014853711155	0.10757338632139227	-0.1248942025857086	0.07998181152184396	-0.14432087965311485	0.12952710913316998	-0.14764289828547447	0.2156129015357692	-0.07898973528220728	0.14338021327560696	-0.13190378508215192	0.15137994500872973	-0.6353724077503956	0.036911843908450315	-0.08435722222833117	0.15280137271643288	-0.22566383481271013	0.9999999999999941	-0.040708562149137456	0.07773539741457608	-0.11231340810412081	0.18074292327463404	-0.6496722661580465
0.03442270066474715	-0.030480066504308498	0.03571632972872825	-0.03449909361275869	0.0344093126142367	-0.03586325539504396	0.038261017523685686	-0.040075459919001376	0.03313892217036009	-0.02921921293021035	0.08125442621173341	-0.062425976178917264	0.05782047885752967	-0.04526741758183134	0.048159996553544596	-0.18051410900709938	0.09239995054164536	-0.06658519306781205	0.056728344254530855	-0.06536926133755279	0.1788922206098477	-0.11518256002439475	0.07207317634527774	-0.0608686842425973	0.0535789521464871	-0.9477279672752549	0.08523859885924755	-0.07854349166365865	0.06507133692632455	-0.040708562149137456	0.9999999999999947	-0.09406605198272627	0.06161800827874417	-0.06916436581446882	0.05652818569855372
-0.04403880043019086	0.03839595907067757	-0.04695994587014729	0.045067694055840636	-0.04726043404393949	0.04294136774861737	-0.04835085529302581	0.051294785885708	-0.046012800400809656	0.03999511435753001	-0.087154568509936	0.06661669100553644	-0.07775248526132647	0.06541098762036371	-0.07220338045962565	0.07048082036046933	-0.1063974474745826	0.09000826096344249	-0.0914441835204077	0.09632383388995024	-0.07346894422266625	0.12237619162763894	-0.12243837817062841	0.10692974105470554	-0.09372697805027037	0.08034757641587256	-0.841908851269183	0.25550366047882633	-0.15865255416930765	0.07773539741457608	-0.09406605198272627	0.9999999999999947	-0.40427596191682835	0.21271804895599505	-0.11617982664801862
0.057940730725570946	-0.05071964428598298	0.06213634696521193	-0.059889439128658024	0.0626209256326582	-0.05646019656608951	0.0637766084681903	-0.06821574686300455	0.0614701319996956	-0.053543285048547634	0.11219333961134176	-0.08689291191741932	0.10421545248781705	-0.08962997940565703	0.09758492080562424	-0.08286259692495282	0.13727330424049117	-0.12475618245695183	0.12765668386475526	-0.13369387301995178	0.08506551842917949	-0.16234128152868352	0.17817927924133523	-0.1621368666333124	0.1273971219829909	-0.05654953572922526	0.27532474273006813	-0.5840355849440342	0.2416086086928648	-0.11231340810412081	0.06161800827874417	-0.40427596191682835	0.9999999999999947	-0.5822169017039007	0.16345869811508443
-0.0845059259422373	0.0734008169489418	-0.09038409634426695	0.08659198999570318	-0.0917447906547714	0.08157385928934038	-0.09254662824751322	0.09813010066498472	-0.08976596674407626	0.0777495076525682	-0.16377438971145958	0.12439501674121813	-0.1496571414705232	0.12934222015736369	-0.14420045071336013	0.10982389058356481	-0.19950546504504632	0.1697640055489104	-0.19032850935520754	0.19194165860731296	-0.11434760568774595	0.19755432185911878	-0.2235517592931786	0.22897344002018888	-0.20284747502235692	0.06147665317055058	-0.24877158526939952	0.3134864204787096	-0.5073104016026175	0.18074292327463404	-0.06916436581446882	0.21271804895599505	-0.5822169017039007	0.999999999999995	-0.3058896977049939
0.08746263830794088	-0.07735079977070006	0.09397344906650221	-0.0953889034138277	0.0982818491062937	-0.08534416600582058	0.09520572560178062	-0.10253650078999525	0.09481340403631239	-0.08407019952787964	0.16124875158690077	-0.1254463168278428	0.1480430810078887	-0.13634198780744364	0.15137306118333127	-0.11089398510993492	0.19182037771691224	-0.17133065478003742	0.17646638847327817	-0.26880549805963855	0.10784351040783818	-0.2033195566378893	0.17237722372599878	-0.1875309130391944	0.3192877573108429	-0.051776697315468787	0.1198523867889152	-0.23128063556117306	0.23139104329781812	-0.6496722661580465	0.05652818569855372	-0.11617982664801862	0.16345869811508443	-0.3058896977049939	0.9999999999999951
