1.0	-0.5005759614982727	0.24600176258332224	-0.22174852413766666	0.18897343625807356	-0.5454462229078207	0.3203810167894032	-0.17065788848437669	0.1428312742090863	-0.13714948842441876	0.25733060798858054	-0.30682498207065073	0.1439776253938201	-0.16441967860737022	0.12268867892415383	-0.24047035981060083	0.2306713758481229	-0.19879665709361483	0.14760718470653245	-0.1214043572988033	0.1816254644453429	-0.18627881243177402	0.16111362038684462	-0.14321098070596835	0.11287787136679502	-0.2836417574295698	0.16526433391250533	-0.18456266820485587	0.11164917142568566	-0.12780507774751476
-0.5005759614982727	1.0000000000000002	-0.3757964699399934	0.19491122872959066	-0.1413570927109436	0.25283881828720095	-0.7018288002805811	0.15237682898597923	-0.11828333633670164	0.09916160937744652	-0.1542355204437356	0.17538993352227078	-0.12367626733414912	0.12706487560458826	-0.08880380725573385	0.1308176477928321	-0.14689151425186317	0.13730145663773735	-0.10488995854053365	0.08469906404417092	-0.10628188833712462	0.10981991275534969	-0.10517167314443755	0.09567110119918944	-0.07768577569091951	0.1575945175040873	-0.09969113436876564	0.1163545798447087	-0.07427645831586992	0.08544408572920792
0.24600176258332224	-0.3757964699399934	1.0000000000000002	-0.6109383310514545	0.2570519384732145	-0.19761618390859123	0.2522639036975366	-0.34625958325983375	0.2576863315729094	-0.1952597090394947	0.13856320373572045	-0.17137934304666558	0.22968790135477316	-0.2805998672239125	0.1670039678044624	-0.1519085581167183	0.17464997519699946	-0.2517373660322788	0.19323612188233144	-0.1586352868042585	0.1300856772289424	-0.1495266415508487	0.16975070893216387	-0.1717273246447651	0.13972989843991437	-0.2191044679016007	0.14142945164392037	-0.19196338884999126	0.12966593171333374	-0.15435424597217462
-0.22174852413766666	0.19491122872959066	-0.6109383310514545	1.0000000000000004	-0.39838733343276	0.1480120628080075	-0.212521182773828	0.22549871832879223	-0.48669280811854915	0.21271184667049844	-0.11164811464687811	0.13214555830299898	-0.20945199247912308	0.28009487894213986	-0.1890429651561494	0.11885054326690297	-0.14924237595790202	0.20332887735044144	-0.1960391209090702	0.15446842752255116	-0.10610195991393669	0.1220379386871463	-0.1469547078875071	0.15300859333440633	-0.13777243003733589	0.17087010155002832	-0.11758749380509068	0.15756000930623207	-0.118218130965327	0.1388486894037988
0.18897343625807356	-0.1413570927109436	0.2570519384732145	-0.39838733343276	1.0000000000000004	-0.15353329748693323	0.16273866740562626	-0.21675154311501693	0.2516102018934781	-0.5451117591887289	0.12805942411029766	-0.15839498786577683	0.19358127293401148	-0.2933233669874461	0.28583108584794975	-0.16416801289854693	0.19033398350904246	-0.2998583179186343	0.25239134566634497	-0.262453919279481	0.14721874047021938	-0.17792887379847355	0.2105779672865156	-0.24957739813575938	0.21015238743746908	-0.276035474000569	0.1744221102471397	-0.2579553548808824	0.1850512175331231	-0.2431570419090798
-0.5454462229078207	0.25283881828720095	-0.19761618390859123	0.1480120628080075	-0.15353329748693323	1.0000000000000004	-0.41280694507975124	0.12626548936268917	-0.10514483565815679	0.09973195351708927	-0.5652460025416143	0.2853111414673041	-0.11380737154290829	0.11538828958201373	-0.09300135339562494	0.2176693390672949	-0.2482484491942507	0.14585715720861392	-0.1114584835720916	0.08854295687441138	-0.183715054618685	0.15316345721993296	-0.1286694453546375	0.1035543033656653	-0.08447846008272013	0.1992873324329462	-0.13709507092374815	0.13598319927397748	-0.0830080898986306	0.09166976855898058
0.3203810167894032	-0.7018288002805811	0.2522639036975366	-0.212521182773828	0.16273866740562626	-0.41280694507975124	1.0000000000000002	-0.1930091906650346	0.1328247421790885	-0.11750842970781944	0.2104958814189523	-0.2711198789797524	0.1446543949465275	-0.1492470335797095	0.10524315811763041	-0.17883372013386117	0.1905304050597148	-0.17076661613757302	0.12638522332509133	-0.10238654195798859	0.13983171773716904	-0.14419832376536665	0.1317156210362342	-0.11782235552878965	0.0942366963481419	-0.2073164343329234	0.12837801773322238	-0.1469811143099609	0.09155690291835078	-0.10488977542746421
-0.17065788848437669	0.15237682898597923	-0.34625958325983375	0.22549871832879223	-0.21675154311501693	0.12626548936268917	-0.1930091906650346	0.9999999999999999	-0.27694557556652866	0.14906929427691856	-0.09867863866023535	0.11875824662544052	-0.7810407772733847	0.23683147258541773	-0.14606893078751432	0.10461250725507872	-0.1429194882096719	0.24771591875797	-0.18825042971033237	0.13024572066063778	-0.09606626233468238	0.11507428505732824	-0.1636179061978976	0.1369074393477071	-0.1192046009322786	0.14725513540525612	-0.11015691320367353	0.14776134873338664	-0.10740808639348598	0.11866341271525449
0.1428312742090863	-0.11828333633670164	0.2576863315729094	-0.48669280811854915	0.2516102018934781	-0.10514483565815679	0.1328247421790885	-0.27694557556652866	1.0000000000000002	-0.2620970280858033	0.08364029542225858	-0.10142777003032658	0.21787139349930512	-0.6951585684521969	0.2031910739095759	-0.09515178795816039	0.12192793092604698	-0.20741254629815475	0.2149960865023198	-0.1674824885766013	0.08675350035479557	-0.10494083740897148	0.13705120354588812	-0.15789880153518698	0.1370361713744692	-0.142629560997363	0.10174634237255714	-0.1457964748028592	0.11587610332593634	-0.13798022674323596
-0.13714948842441876	0.09916160937744652	-0.1952597090394947	0.21271184667049844	-0.5451117591887289	0.09973195351708927	-0.11750842970781944	0.14906929427691856	-0.2620970280858033	1.000000000000001	-0.08337891495203086	0.10023059366364027	-0.14627910873277053	0.23302019352064268	-0.6602141308217727	0.09808442181477744	-0.12777353496434113	0.19234628895299533	-0.23401196139079733	0.25377406224186577	-0.09115233621822173	0.11025686166003926	-0.14385627400253334	0.17608206866451254	-0.21370403372485394	0.15209365458996468	-0.10955651535770339	0.15710317333299853	-0.14084338646792208	0.17423058989481888
0.25733060798858054	-0.1542355204437356	0.13856320373572045	-0.11164811464687811	0.12805942411029766	-0.5652460025416143	0.2104958814189523	-0.09867863866023535	0.08364029542225858	-0.08337891495203086	1.0	-0.5939304659992514	0.0915073930953505	-0.09354001746106076	0.07896039689954415	-0.3775791323882561	0.2642264444422282	-0.13257838699188393	0.09733540552558116	-0.07671044965750896	0.21477233938377988	-0.17067188087421925	0.12300414468559599	-0.09317184879469018	0.07428624699151518	-0.21439979279603127	0.14071496208792175	-0.1310934373358918	0.07549257818660833	-0.0815267162182205
-0.30682498207065073	0.17538993352227078	-0.17137934304666558	0.13214555830299898	-0.15839498786577683	0.2853111414673041	-0.2711198789797524	0.11875824662544052	-0.10142777003032658	0.10023059366364027	-0.5939304659992514	0.9999999999999968	-0.11485969306046023	0.11195389066962481	-0.09625596168962264	0.2449306504041279	-0.5574097938379943	0.1623128384787259	-0.11951980297674344	0.0923068218713067	-0.21833216787342052	0.20513236010214594	-0.15266422438598165	0.1109881011840959	-0.08989056520246859	0.22488999859864395	-0.173227869156451	0.15473556546271539	-0.0906938365607341	0.09684564606993945
0.1439776253938201	-0.12367626733414912	0.22968790135477316	-0.20945199247912308	0.19358127293401148	-0.11380737154290829	0.1446543949465275	-0.7810407772733847	0.21787139349930512	-0.14627910873277053	0.0915073930953505	-0.11485969306046023	1.0000000000000007	-0.2903650267092483	0.14175579843230496	-0.10258864186393023	0.13839805491029306	-0.3880886717512014	0.19537355125612932	-0.13625632926226575	0.09432863085592935	-0.11912048801558348	0.173287662674575	-0.14676960609537223	0.12012565170059734	-0.14921213629823066	0.11199040933800361	-0.16226162341324513	0.11160638989151521	-0.12436839142993972
-0.16441967860737022	0.12706487560458826	-0.2805998672239125	0.28009487894213986	-0.2933233669874461	0.11538828958201373	-0.1492470335797095	0.23683147258541773	-0.6951585684521969	0.23302019352064268	-0.09354001746106076	0.11195389066962481	-0.2903650267092483	0.9999999999999954	-0.2774911605640868	0.10437497395515008	-0.13997295399073972	0.23096751917041988	-0.3490261245945996	0.2018723446232599	-0.09687496578961334	0.11705940511451646	-0.16022669365444658	0.18347132199510882	-0.17040936024114978	0.15378778098419008	-0.11453776159495203	0.16095393918490697	-0.13899742764739198	0.15734912855302705
0.12268867892415383	-0.08880380725573385	0.1670039678044624	-0.1890429651561494	0.28583108584794975	-0.09300135339562494	0.10524315811763041	-0.14606893078751432	0.2031910739095759	-0.6602141308217727	0.07896039689954415	-0.09625596168962264	0.14175579843230496	-0.2774911605640868	1.0000000000000004	-0.09623297973805595	0.12322225779549016	-0.2131909494800007	0.24962891777155766	-0.4968487378876333	0.08962636739733378	-0.11197919750655856	0.1494957308375233	-0.20700679231997535	0.23509666780989322	-0.15335530075018886	0.11099297585681547	-0.1708680824679311	0.15541690892074553	-0.21779363014121755
-0.24047035981060083	0.1308176477928321	-0.1519085581167183	0.11885054326690297	-0.16416801289854693	0.2176693390672949	-0.17883372013386117	0.10461250725507872	-0.09515178795816039	0.09808442181477744	-0.3775791323882561	0.2449306504041279	-0.10258864186393023	0.10437497395515008	-0.09623297973805595	0.9999999999999952	-0.3306378854106212	0.15309814760218446	-0.11791323852521737	0.09082380878873303	-0.7241517528897301	0.24147774573477884	-0.16712116423897294	0.11089319692387192	-0.09078489260388847	0.26802289743752195	-0.21210969582007108	0.16293027760250137	-0.09324100445023197	0.09630667913086738
0.2306713758481229	-0.14689151425186317	0.17464997519699946	-0.14924237595790202	0.19033398350904246	-0.2482484491942507	0.1905304050597148	-0.1429194882096719	0.12192793092604698	-0.12777353496434113	0.2642264444422282	-0.5574097938379943	0.13839805491029306	-0.13997295399073972	0.12322225779549016	-0.3306378854106212	0.9999999999999928	-0.2610491985452067	0.16229065854256944	-0.12528314898487986	0.2557017223853386	-0.43950817039038587	0.22502803656718165	-0.16019089555202573	0.12200032583614259	-0.37690282024683525	0.2586231753685826	-0.24400550114483174	0.12953685365260537	-0.1371054597476972
-0.19879665709361483	0.13730145663773735	-0.2517373660322788	0.20332887735044144	-0.2998583179186343	0.14585715720861392	-0.17076661613757302	0.24771591875797	-0.20741254629815475	0.19234628895299533	-0.13257838699188393	0.1623128384787259	-0.3880886717512014	0.23096751917041988	-0.2131909494800007	0.15309814760218446	-0.2610491985452067	0.9999999999999937	-0.4548576230600689	0.21515712995283037	-0.15325929604200098	0.2078494524004761	-0.4923336607441069	0.24071537982272492	-0.20337563962834315	0.21876406365042772	-0.19734288489115584	0.27261191251668876	-0.19505162629645761	0.191673307469263
0.14760718470653245	-0.10488995854053365	0.19323612188233144	-0.1960391209090702	0.25239134566634497	-0.1114584835720916	0.12638522332509133	-0.18825042971033237	0.2149960865023198	-0.23401196139079733	0.09733540552558116	-0.11951980297674344	0.19537355125612932	-0.3490261245945996	0.24962891777155766	-0.11791323852521737	0.16229065854256944	-0.4548576230600689	0.9999999999999905	-0.47179073026456797	0.11297917042324736	-0.1498941392436893	0.23177314618544176	-0.4463882624842832	0.2672712648520906	-0.18242395669287478	0.14656603898647902	-0.23711017601640927	0.2380500815899028	-0.27231018030180376
-0.1214043572988033	0.08469906404417092	-0.1586352868042585	0.15446842752255116	-0.262453919279481	0.08854295687441138	-0.10238654195798859	0.13024572066063778	-0.1674824885766013	0.25377406224186577	-0.07671044965750896	0.0923068218713067	-0.13625632926226575	0.2018723446232599	-0.4968487378876333	0.09082380878873303	-0.12528314898487986	0.21515712995283037	-0.47179073026456797	0.9999999999999942	-0.08724732173466039	0.1102292613790572	-0.1623599517780552	0.2414676707027984	-0.550790968711132	0.1395198069696881	-0.11159112870316924	0.16898407602607987	-0.1992170973393483	0.2583673145406921
0.1816254644453429	-0.10628188833712462	0.1300856772289424	-0.10610195991393669	0.14721874047021938	-0.183715054618685	0.13983171773716904	-0.09606626233468238	0.08675350035479557	-0.09115233621822173	0.21477233938377988	-0.21833216787342052	0.09432863085592935	-0.09687496578961334	0.08962636739733378	-0.7241517528897301	0.2557017223853386	-0.15325929604200098	0.11297917042324736	-0.08724732173466039	0.9999999999999932	-0.37484772945167133	0.17365019985129682	-0.1120345403511749	0.08779591871695107	-0.4212169947506371	0.23971148078411153	-0.18116937695657714	0.09430541157337718	-0.09593468583716844
-0.18627881243177402	0.10981991275534969	-0.1495266415508487	0.1220379386871463	-0.17792887379847355	0.15316345721993296	-0.14419832376536665	0.11507428505732824	-0.10494083740897148	0.11025686166003926	-0.17067188087421925	0.20513236010214594	-0.11912048801558348	0.11705940511451646	-0.11197919750655856	0.24147774573477884	-0.43950817039038587	0.2078494524004761	-0.1498941392436893	0.1102292613790572	-0.37484772945167133	0.9999999999999918	-0.36721469039536064	0.1495037716223984	-0.11439022577248048	0.31437951551000787	-0.6082246764880821	0.2713918407884684	-0.1319961343479258	0.12334502222603022
0.16111362038684462	-0.10517167314443755	0.16975070893216387	-0.1469547078875071	0.2105779672865156	-0.1286694453546375	0.1317156210362342	-0.1636179061978976	0.13705120354588812	-0.14385627400253334	0.12300414468559599	-0.15266422438598165	0.173287662674575	-0.16022669365444658	0.1494957308375233	-0.16712116423897294	0.22502803656718165	-0.4923336607441069	0.23177314618544176	-0.1623599517780552	0.17365019985129682	-0.36721469039536064	0.9999999999999912	-0.2806302728602784	0.16786917365698775	-0.26015195872817765	0.2645880245861536	-0.6110098615917507	0.2156807257401451	-0.19260347331920047
-0.14321098070596835	0.09567110119918944	-0.1717273246447651	0.15300859333440633	-0.24957739813575938	0.1035543033656653	-0.11782235552878965	0.1369074393477071	-0.15789880153518698	0.17608206866451254	-0.09317184879469018	0.1109881011840959	-0.14676960609537223	0.18347132199510882	-0.20700679231997535	0.11089319692387192	-0.16019089555202573	0.24071537982272492	-0.4463882624842832	0.2414676707027984	-0.1120345403511749	0.1495037716223984	-0.2806302728602784	0.9999999999999921	-0.3492106583868776	0.16844360387719004	-0.15913779567711428	0.2542709021752031	-0.6319962137596438	0.3017963012742977
0.11287787136679502	-0.07768577569091951	0.13972989843991437	-0.13777243003733589	0.21015238743746908	-0.08447846008272013	0.0942366963481419	-0.1192046009322786	0.1370361713744692	-0.21370403372485394	0.07428624699151518	-0.08989056520246859	0.12012565170059734	-0.17040936024114978	0.23509666780989322	-0.09078489260388847	0.12200032583614259	-0.20337563962834315	0.2672712648520906	-0.550790968711132	0.08779591871695107	-0.11439022577248048	0.16786917365698775	-0.3492106583868776	0.9999999999999923	-0.14386932782922973	0.11743246208080169	-0.1979918118121603	0.26608782210338056	-0.6084397999406939
-0.2836417574295698	0.1575945175040873	-0.2191044679016007	0.17087010155002832	-0.276035474000569	0.1992873324329462	-0.2073164343329234	0.14725513540525612	-0.142629560997363	0.15209365458996468	-0.21439979279603127	0.22488999859864395	-0.14921213629823066	0.15378778098419008	-0.15335530075018886	0.26802289743752195	-0.37690282024683525	0.21876406365042772	-0.18242395669287478	0.1395198069696881	-0.4212169947506371	0.31437951551000787	-0.26015195872817765	0.16844360387719004	-0.14386932782922973	0.9999999999999933	-0.5415886246010218	0.25919917481640764	-0.14945969541100482	0.14720072998597816
0.16526433391250533	-0.09969113436876564	0.14142945164392037	-0.11758749380509068	0.1744221102471397	-0.13709507092374815	0.12837801773322238	-0.11015691320367353	0.10174634237255714	-0.10955651535770339	0.14071496208792175	-0.173227869156451	0.11199040933800361	-0.11453776159495203	0.11099297585681547	-0.21210969582007108	0.2586231753685826	-0.19734288489115584	0.14656603898647902	-0.11159112870316924	0.23971148078411153	-0.6082246764880821	0.2645880245861536	-0.15913779567711428	0.11743246208080169	-0.5415886246010218	0.999999999999994	-0.4214837048957966	0.1457568630692947	-0.1342853703001884
-0.18456266820485587	0.1163545798447087	-0.19196338884999126	0.15756000930623207	-0.2579553548808824	0.13598319927397748	-0.1469811143099609	0.14776134873338664	-0.1457964748028592	0.15710317333299853	-0.1310934373358918	0.15473556546271539	-0.16226162341324513	0.16095393918490697	-0.1708680824679311	0.16293027760250137	-0.24400550114483174	0.27261191251668876	-0.23711017601640927	0.16898407602607987	-0.18116937695657714	0.2713918407884684	-0.6110098615917507	0.2542709021752031	-0.1979918118121603	0.25919917481640764	-0.4214837048957966	0.9999999999999944	-0.34886329370537456	0.21327588034536504
0.11164917142568566	-0.07427645831586992	0.12966593171333374	-0.118218130965327	0.1850512175331231	-0.0830080898986306	0.09155690291835078	-0.10740808639348598	0.11587610332593634	-0.14084338646792208	0.07549257818660833	-0.0906938365607341	0.11160638989151521	-0.13899742764739198	0.15541690892074553	-0.09324100445023197	0.12953685365260537	-0.19505162629645761	0.2380500815899028	-0.1992170973393483	0.09430541157337718	-0.1319961343479258	0.2156807257401451	-0.6319962137596438	0.26608782210338056	-0.14945969541100482	0.1457568630692947	-0.34886329370537456	0.9999999999999946	-0.5624624722504656
-0.12780507774751476	0.08544408572920792	-0.15435424597217462	0.1388486894037988	-0.2431570419090798	0.09166976855898058	-0.10488977542746421	0.11866341271525449	-0.13798022674323596	0.17423058989481888	-0.0815267162182205	0.09684564606993945	-0.12436839142993972	0.15734912855302705	-0.21779363014121755	0.09630667913086738	-0.1371054597476972	0.191673307469263	-0.27231018030180376	0.2583673145406921	-0.09593468583716844	0.12334502222603022	-0.19260347331920047	0.3017963012742977	-0.6084397999406939	0.14720072998597816	-0.1342853703001884	0.21327588034536504	-0.5624624722504656	0.9999999999999949
