1.0	-0.42129978243466815	0.20581423054053422	-0.091043958186279	0.10445893824220857	-0.5158781004483726	0.27876597885541465	-0.21268557409824454	0.11726336430459437	-0.13588806006891233	0.2863592305306839	-0.30231252541446124	0.24803824857584822	-0.22135328254584863	0.17122517573652513	-0.2340220599449036	0.23326404136806483	-0.27039371627525116	0.17822183643455378	-0.16644834558260865	0.25766235587787195	-0.2864377598136528	0.21406231372695372	-0.15247258256437354	0.17242201374364544	-0.3317539292127538	0.20020927021299983	-0.27407323958952173	0.17370075620708775	-0.22540483817713142
-0.42129978243466815	0.9999999999999996	-0.3416790207241127	0.1140566211812184	-0.13786445356294316	0.2928239283141252	-0.6536343966623964	0.2499400464633621	-0.11232871509769167	0.11713076508795227	-0.27462375160862007	0.2878952873091549	-0.29337582153511305	0.16368678716718002	-0.143169505025248	0.17978835413979866	-0.19843900963394898	0.1994366174044853	-0.1388011543346991	0.11990950954949008	-0.23187530026721928	0.17567951151141492	-0.14386499754913692	0.10335800168061868	-0.12360531449019463	0.16847232615212318	-0.11740146940261667	0.14769286378002178	-0.11065498741004987	0.12274705999771157
0.20581423054053422	-0.3416790207241127	0.9999999999999993	-0.2904556285849048	0.21990308541842302	-0.18781886453427724	0.2242781080111012	-0.7327954593269466	0.1754671469420117	-0.19677041868326417	0.16329200421931866	-0.24806426889810163	0.26207566172587454	-0.18076477567722346	0.13499532323236157	-0.12841650709869598	0.15291769086001433	-0.1901888565918362	0.12341278798051077	-0.11312098151221155	0.15132410666951976	-0.14798301567330668	0.11555021422601415	-0.08768681814983612	0.10195516098407854	-0.14151600963833214	0.0956739219430747	-0.12494880078359184	0.09034841430875307	-0.10479843118494747
-0.091043958186279	0.1140566211812184	-0.2904556285849048	0.9999999999999993	-0.9065908095532298	0.07455287361133522	-0.08270908923340355	0.18027524144122273	-0.1822916824670739	0.1609188614067964	-0.06858771201902474	0.09404221325751927	-0.10610436727255926	0.0951840356879038	-0.07351288062310014	0.05416606395731548	-0.06440910683513794	0.07835695475151917	-0.059202633934869645	0.053953989420401166	-0.06612450193062487	0.06368134295239511	-0.051415288769495984	0.04046475636521246	-0.047950338108982866	0.061712568514546	-0.0419511258849876	0.054986598445828344	-0.04166957687911874	0.04766657928957857
0.10445893824220857	-0.13786445356294316	0.21990308541842302	-0.9065908095532298	0.9999999999999988	-0.08885596582608699	0.09588763360129203	-0.2096102504580614	0.1651395741068204	-0.19471750034237223	0.08012486261733763	-0.11274701237662428	0.11904689223091908	-0.1118668454260675	0.08342414731444965	-0.0642156653703595	0.07611198321643886	-0.09389850076442324	0.06888748814731113	-0.06365698134592881	0.07738625782396702	-0.07678480574536596	0.061211331587228066	-0.04793780264873428	0.05632984273541149	-0.07513125980314575	0.05053199794432577	-0.0666127430878338	0.049534549176499215	-0.05748798785145273
-0.5158781004483726	0.2928239283141252	-0.18781886453427724	0.07455287361133522	-0.08885596582608699	0.999999999999999	-0.4532567376994638	0.17776445317920592	-0.08682842597398055	0.09383497541976535	-0.5620742363052718	0.26498897838252766	-0.22678537832475487	0.14608106259415202	-0.12386824614957284	0.23843609557782605	-0.20134331224967533	0.19504044672879703	-0.12784303329051455	0.11197586274656288	-0.27566103930091734	0.18408032494627768	-0.14299999636888996	0.09962955800991982	-0.11655545126460704	0.18286544226616083	-0.1227163975965741	0.15451908928664793	-0.10726630023862202	0.12315839450827509
0.27876597885541465	-0.6536343966623964	0.2242781080111012	-0.08270908923340355	0.09588763360129203	-0.4532567376994638	0.999999999999999	-0.2657734145640359	0.09173349400904655	-0.09733090104543876	0.24608197381277272	-0.4425910563075432	0.2504688575761838	-0.13796742211899457	0.11406569434870395	-0.16334126743359395	0.17936351126917371	-0.18094239253513875	0.11382358259009655	-0.09967611166706598	0.18361800926694835	-0.15380639599073578	0.1182801635054592	-0.08420609941438821	0.09852923488736019	-0.142230461750059	0.09798105924055647	-0.12380830936709639	0.08798808405114764	-0.09959132923589838
-0.21268557409824454	0.2499400464633621	-0.7327954593269466	0.18027524144122273	-0.2096102504580614	0.17776445317920592	-0.2657734145640359	0.9999999999999983	-0.21151731141846344	0.17934913070872002	-0.16744559883018414	0.23995335872091192	-0.42071321603047285	0.1718394112363948	-0.13797351812085035	0.1252326422391498	-0.15450708985135322	0.1831150385718077	-0.12328822196462408	0.10812359365895272	-0.15277937740021133	0.13709286820076916	-0.11075581305232853	0.08396303262288786	-0.09937849627323327	0.12736591880061246	-0.08887491673476555	0.1138400030236658	-0.08582229975471962	0.09606581901082772
0.11726336430459437	-0.11232871509769167	0.1754671469420117	-0.1822916824670739	0.1651395741068204	-0.08682842597398055	0.09173349400904655	-0.21151731141846344	0.9999999999999989	-0.8905358885413636	0.085263861662971	-0.10998173953645676	0.13899307460337473	-0.2554242198253065	0.16563710229799275	-0.0681259264851436	0.08382076269085632	-0.10282027738134684	0.10385537072109739	-0.09516188544107929	0.08571832715201058	-0.08175587404311177	0.07005748640120975	-0.06142213849907048	0.07500636624526785	-0.07693177283481484	0.05406134910243464	-0.0710719879852165	0.059831145706614464	-0.06565058041617969
-0.13588806006891233	0.11713076508795227	-0.19677041868326417	0.1609188614067964	-0.19471750034237223	0.09383497541976535	-0.09733090104543876	0.17934913070872002	-0.8905358885413636	0.9999999999999983	-0.09491806763694441	0.11474725836340693	-0.14892838566293787	0.20547160818649254	-0.1961927029485761	0.0750175038014498	-0.09196438797258821	0.109883971420819	-0.11816662660448028	0.10457025700188266	-0.0966423949220362	0.08915992883730721	-0.07822864209434469	0.0690054901498618	-0.08594458292236731	0.08377603576058294	-0.059511991430778	0.07787469245572916	-0.06772435609191121	0.07272442836755098
0.2863592305306839	-0.27462375160862007	0.16329200421931866	-0.06858771201902474	0.08012486261733763	-0.5620742363052718	0.24608197381277272	-0.16744559883018414	0.085263861662971	-0.09491806763694441	0.9999999999999997	-0.3367081302500125	0.22284307620466412	-0.1591294138170896	0.12943596670017002	-0.5239901170767737	0.24516439496008746	-0.24441483178717674	0.1406034122647707	-0.12579214460561947	0.29565137871493585	-0.23084832220018467	0.16283969301767862	-0.11121149507469699	0.12631310338224155	-0.2248305133821638	0.14485536920859074	-0.184074867659753	0.11636973219086069	-0.1365488572335656
-0.30231252541446124	0.2878952873091549	-0.24806426889810163	0.09404221325751927	-0.11274701237662428	0.26498897838252766	-0.4425910563075432	0.23995335872091192	-0.10998173953645676	0.11474725836340693	-0.3367081302500125	0.9999999999999994	-0.5697347872892916	0.19065940733958212	-0.16421365929723206	0.2199091800028495	-0.36381759708968187	0.2740012202607093	-0.1671242432641009	0.13999393089827486	-0.25244334979436917	0.21344532247449752	-0.16787637302314157	0.11651517108477134	-0.13727037775694909	0.1792795585888507	-0.13202667241878288	0.1608579618167198	-0.11756205040690801	0.12818499462387953
0.24803824857584822	-0.29337582153511305	0.26207566172587454	-0.10610436727255926	0.11904689223091908	-0.22678537832475487	0.2504688575761838	-0.42071321603047285	0.13899307460337473	-0.14892838566293787	0.22284307620466412	-0.5697347872892916	0.9999999999999972	-0.2962460863466082	0.1947342998483215	-0.1868311375833631	0.2573843005502729	-0.4039746058388102	0.1902936754883411	-0.1701593319000421	0.20723879827331781	-0.2134543118617854	0.16275836190041984	-0.1240395471436898	0.14204073118489235	-0.18345931269565288	0.12939438935207784	-0.1659341157691409	0.12006935661423941	-0.13563931887452407
-0.22135328254584863	0.16368678716718002	-0.18076477567722346	0.0951840356879038	-0.1118668454260675	0.14608106259415202	-0.13796742211899457	0.1718394112363948	-0.2554242198253065	0.20547160818649254	-0.1591294138170896	0.19065940733958212	-0.2962460863466082	0.999999999999997	-0.7162948947333329	0.13078309863779872	-0.17260302282872758	0.214188063666714	-0.33127353845927887	0.2760169525172714	-0.16960114769545523	0.16361592955412282	-0.15218753187389922	0.15358440909880333	-0.1946815536623309	0.14779651123397597	-0.10862985947520826	0.14371855740031425	-0.1369363495408167	0.1423341097054851
0.17122517573652513	-0.143169505025248	0.13499532323236157	-0.07351288062310014	0.08342414731444965	-0.12386824614957284	0.11406569434870395	-0.13797351812085035	0.16563710229799275	-0.1961927029485761	0.12943596670017002	-0.16421365929723206	0.1947342998483215	-0.7162948947333329	0.9999999999999977	-0.11283433109478652	0.14850805251827218	-0.20718065010666978	0.2762470420906647	-0.4936532954533458	0.13981592909830326	-0.15381267082497263	0.13587870110153683	-0.14895478623334454	0.17390635707387211	-0.1412811960207741	0.10032983763562169	-0.13753481284753802	0.12313154759934847	-0.14085802711679668
-0.2340220599449036	0.17978835413979866	-0.12841650709869598	0.05416606395731548	-0.0642156653703595	0.23843609557782605	-0.16334126743359395	0.1252326422391498	-0.0681259264851436	0.0750175038014498	-0.5239901170767737	0.2199091800028495	-0.1868311375833631	0.13078309863779872	-0.11283433109478652	0.999999999999998	-0.3852092250799841	0.2319940329419237	-0.13126188214572904	0.11090536426823046	-0.6488440728807864	0.22228241940947058	-0.15751270118099842	0.10096013196612302	-0.11571091500093941	0.19760913214869139	-0.13745680491690615	0.1593670044870026	-0.10285356497427758	0.11417515468961063
0.23326404136806483	-0.19843900963394898	0.15291769086001433	-0.06440910683513794	0.07611198321643886	-0.20134331224967533	0.17936351126917371	-0.15450708985135322	0.08382076269085632	-0.09196438797258821	0.24516439496008746	-0.36381759708968187	0.2573843005502729	-0.17260302282872758	0.14850805251827218	-0.3852092250799841	0.9999999999999984	-0.5976772299359171	0.1956522805055207	-0.16304979404139464	0.27551282389600334	-0.43633775249428536	0.21787163635465928	-0.13784695898769048	0.15160653363559687	-0.2122342205073188	0.16873169418461112	-0.19637977144099938	0.12674597447718314	-0.13683720153804618
-0.27039371627525116	0.1994366174044853	-0.1901888565918362	0.07835695475151917	-0.09389850076442324	0.19504044672879703	-0.18094239253513875	0.1831150385718077	-0.10282027738134684	0.109883971420819	-0.24441483178717674	0.2740012202607093	-0.4039746058388102	0.214188063666714	-0.20718065010666978	0.2319940329419237	-0.5976772299359171	0.9999999999999969	-0.37230536856818275	0.217766824235112	-0.2772361562562159	0.2635144421748163	-0.23330843863059594	0.16666590728147965	-0.19133718819184026	0.1956728420240437	-0.15848588943058617	0.18993169876165156	-0.14880859358928383	0.1534046356593995
0.17822183643455378	-0.1388011543346991	0.12341278798051077	-0.059202633934869645	0.06888748814731113	-0.12784303329051455	0.11382358259009655	-0.12328822196462408	0.10385537072109739	-0.11816662660448028	0.1406034122647707	-0.1671242432641009	0.1902936754883411	-0.33127353845927887	0.2762470420906647	-0.13126188214572904	0.1956522805055207	-0.37230536856818275	0.9999999999999973	-0.6970364425653277	0.1582752813770445	-0.19092853987351643	0.17802162316426837	-0.2973722491517176	0.24807861693222372	-0.15718054632152356	0.11804892346728582	-0.1655693489151146	0.16096108173189372	-0.1770291735018995
-0.16644834558260865	0.11990950954949008	-0.11312098151221155	0.053953989420401166	-0.06365698134592881	0.11197586274656288	-0.09967611166706598	0.10812359365895272	-0.09516188544107929	0.10457025700188266	-0.12579214460561947	0.13999393089827486	-0.1701593319000421	0.2760169525172714	-0.4936532954533458	0.11090536426823046	-0.16304979404139464	0.217766824235112	-0.6970364425653277	0.999999999999998	-0.14197098221163446	0.15472155443017807	-0.1572618484932016	0.21340964718167502	-0.2992838051800668	0.13219886276329634	-0.10105045791950457	0.13933666186068458	-0.147482074931969	0.1519214723189955
0.25766235587787195	-0.23187530026721928	0.15132410666951976	-0.06612450193062487	0.07738625782396702	-0.27566103930091734	0.18361800926694835	-0.15277937740021133	0.08571832715201058	-0.0966423949220362	0.29565137871493585	-0.25244334979436917	0.20723879827331781	-0.16960114769545523	0.13981592909830326	-0.6488440728807864	0.27551282389600334	-0.2772361562562159	0.1582752813770445	-0.14197098221163446	0.9999999999999969	-0.3266739280833702	0.20866810828119678	-0.13410783331755158	0.15013559749087743	-0.3538225745437486	0.2043781334091988	-0.2453218427256526	0.13982050342289387	-0.16210110942428801
-0.2864377598136528	0.17567951151141492	-0.14798301567330668	0.06368134295239511	-0.07678480574536596	0.18408032494627768	-0.15380639599073578	0.13709286820076916	-0.08175587404311177	0.08915992883730721	-0.23084832220018467	0.21344532247449752	-0.2134543118617854	0.16361592955412282	-0.15381267082497263	0.22228241940947058	-0.43633775249428536	0.2635144421748163	-0.19092853987351643	0.15472155443017807	-0.3266739280833702	0.9999999999999949	-0.5472810976046171	0.1975345599400968	-0.22444614367028357	0.27768541080568976	-0.3680320593987867	0.3022082185107976	-0.18125592501216617	0.1751367685423123
0.21406231372695372	-0.14386499754913692	0.11555021422601415	-0.051415288769495984	0.061211331587228066	-0.14299999636888996	0.1182801635054592	-0.11075581305232853	0.07005748640120975	-0.07822864209434469	0.16283969301767862	-0.16787637302314157	0.16275836190041984	-0.15218753187389922	0.13587870110153683	-0.15751270118099842	0.21787163635465928	-0.23330843863059594	0.17802162316426837	-0.1572618484932016	0.20866810828119678	-0.5472810976046171	0.999999999999997	-0.34509631545598546	0.24637218959515622	-0.2900934735401737	0.2688187493397207	-0.5747389910314934	0.20286359847652105	-0.21063266200971587
-0.15247258256437354	0.10335800168061868	-0.08768681814983612	0.04046475636521246	-0.04793780264873428	0.09962955800991982	-0.08420609941438821	0.08396303262288786	-0.06142213849907048	0.0690054901498618	-0.11121149507469699	0.11651517108477134	-0.1240395471436898	0.15358440909880333	-0.14895478623334454	0.10096013196612302	-0.13784695898769048	0.16666590728147965	-0.2973722491517176	0.21340964718167502	-0.13410783331755158	0.1975345599400968	-0.34509631545598546	0.9999999999999964	-0.7410056643004367	0.15655616747128379	-0.13116206747543324	0.20882097053557286	-0.3692692421712652	0.26332379719991195
0.17242201374364544	-0.12360531449019463	0.10195516098407854	-0.047950338108982866	0.05632984273541149	-0.11655545126460704	0.09852923488736019	-0.09937849627323327	0.07500636624526785	-0.08594458292236731	0.12631310338224155	-0.13727037775694909	0.14204073118489235	-0.1946815536623309	0.17390635707387211	-0.11571091500093941	0.15160653363559687	-0.19133718819184026	0.24807861693222372	-0.2992838051800668	0.15013559749087743	-0.22444614367028357	0.24637218959515622	-0.7410056643004367	0.9999999999999961	-0.19150299181994357	0.14680286698171044	-0.2393405400158624	0.2663850365487387	-0.3478702887630315
-0.3317539292127538	0.16847232615212318	-0.14151600963833214	0.061712568514546	-0.07513125980314575	0.18286544226616083	-0.142230461750059	0.12736591880061246	-0.07693177283481484	0.08377603576058294	-0.2248305133821638	0.1792795585888507	-0.18345931269565288	0.14779651123397597	-0.1412811960207741	0.19760913214869139	-0.2122342205073188	0.1956728420240437	-0.15718054632152356	0.13219886276329634	-0.3538225745437486	0.27768541080568976	-0.2900934735401737	0.15655616747128379	-0.19150299181994357	0.9999999999999969	-0.6767072513528412	0.30098042838988537	-0.17902681820340158	0.16573112670690884
0.20020927021299983	-0.11740146940261667	0.0956739219430747	-0.0419511258849876	0.05053199794432577	-0.1227163975965741	0.09798105924055647	-0.08887491673476555	0.05406134910243464	-0.059511991430778	0.14485536920859074	-0.13202667241878288	0.12939438935207784	-0.10862985947520826	0.10032983763562169	-0.13745680491690615	0.16873169418461112	-0.15848588943058617	0.11804892346728582	-0.10105045791950457	0.2043781334091988	-0.3680320593987867	0.2688187493397207	-0.13116206747543324	0.14680286698171044	-0.6767072513528412	0.9999999999999969	-0.540484930434095	0.13957250960784442	-0.13489817775818383
-0.27407323958952173	0.14769286378002178	-0.12494880078359184	0.054986598445828344	-0.0666127430878338	0.15451908928664793	-0.12380830936709639	0.1138400030236658	-0.0710719879852165	0.07787469245572916	-0.184074867659753	0.1608579618167198	-0.1659341157691409	0.14371855740031425	-0.13753481284753802	0.1593670044870026	-0.19637977144099938	0.18993169876165156	-0.1655693489151146	0.13933666186068458	-0.2453218427256526	0.3022082185107976	-0.5747389910314934	0.20882097053557286	-0.2393405400158624	0.30098042838988537	-0.540484930434095	0.9999999999999969	-0.24200212024097578	0.19776167313936766
0.17370075620708775	-0.11065498741004987	0.09034841430875307	-0.04166957687911874	0.049534549176499215	-0.10726630023862202	0.08798808405114764	-0.08582229975471962	0.059831145706614464	-0.06772435609191121	0.11636973219086069	-0.11756205040690801	0.12006935661423941	-0.1369363495408167	0.12313154759934847	-0.10285356497427758	0.12674597447718314	-0.14880859358928383	0.16096108173189372	-0.147482074931969	0.13982050342289387	-0.18125592501216617	0.20286359847652105	-0.3692692421712652	0.2663850365487387	-0.17902681820340158	0.13957250960784442	-0.24200212024097578	0.9999999999999971	-0.8189880306741433
-0.22540483817713142	0.12274705999771157	-0.10479843118494747	0.04766657928957857	-0.05748798785145273	0.12315839450827509	-0.09959132923589838	0.09606581901082772	-0.06565058041617969	0.07272442836755098	-0.1365488572335656	0.12818499462387953	-0.13563931887452407	0.1423341097054851	-0.14085802711679668	0.11417515468961063	-0.13683720153804618	0.1534046356593995	-0.1770291735018995	0.1519214723189955	-0.16210110942428801	0.1751367685423123	-0.21063266200971587	0.26332379719991195	-0.3478702887630315	0.16573112670690884	-0.13489817775818383	0.19776167313936766	-0.8189880306741433	0.9999999999999972
