1.0	-0.6602640025364652	0.29176225057607963	-0.13022694157922388	0.10826820204039704	-0.4205311559136435	0.24899148230758314	-0.2866075795486429	0.1938756082713555	-0.16221972817029595	0.2344559626790173	-0.25476775441851646	0.17451283034657122	-0.16766146119848313	0.12813363586162232	-0.18804571245268667	0.16794595758298664	-0.1802027973116239	0.1346775451559779	-0.12904147194101742	0.14197610671567984	-0.1301141450388064	0.13072106954396753	-0.1351419542972557	0.12386581232100596	-0.098597505927387	0.11734343850548928	-0.13242014111405484	0.1058430278572999	-0.1321545378255812	0.11232308057561996	-0.09185803016775497	0.09807082863989017	-0.09843064254649848	0.10884430301514943	-0.18176524964899773	0.09374584222711872	-0.06752391039159639	0.07107230932187893	-0.13885456382705344
-0.6602640025364652	1.0000000000000004	-0.586211851287519	0.10853827982370053	-0.09322150437839834	0.21712906294245043	-0.25933143716678975	0.2598436540279405	-0.18065935687414925	0.12489751855902047	-0.1788467170845905	0.19227092969345166	-0.1416466208041003	0.12261280684432237	-0.10073956691710768	0.12886418229742663	-0.1290911965480249	0.13247875660509617	-0.10147823158139455	0.09536931615609248	-0.10638851710866291	0.09517599455245099	-0.0969638549316491	0.09845405967379564	-0.0933825071302395	0.07168961315579632	-0.08661045945808415	0.09556062596374142	-0.07693998270735308	0.09408343975919684	-0.0822132347600622	0.06646875697166711	-0.07178209745800272	0.069547765784807	-0.07784803398120438	0.12459851925144534	-0.06717448039065153	0.04808557669283385	-0.05068296889599088	0.09580776970797969
0.29176225057607963	-0.586211851287519	1.0000000000000004	-0.16918901712146006	0.12896126277844278	-0.2126636854950414	0.2515236949530511	-0.5753688980128406	0.23852368530875276	-0.18165433903373054	0.16536868159673962	-0.23154552768169587	0.173635614872853	-0.16280952105481247	0.13180679979727442	-0.14411939208402416	0.13883130667284233	-0.17113033221850524	0.1292369852349805	-0.12880117213520462	0.1258524271736286	-0.11451936780034831	0.11996029641148366	-0.12750101573586578	0.11941816001999944	-0.08771438989858439	0.10495050152960818	-0.12074689244096332	0.09811209913657552	-0.12247981600179972	0.100584627433581	-0.08233509428068278	0.08836919476429093	-0.08895586612961977	0.09916649295234697	-0.1611109921538335	0.08451095195988531	-0.06080668645177586	0.0642246870971437	-0.1251358565757576
-0.13022694157922388	0.10853827982370053	-0.16918901712146006	1.0000000000000004	-0.7932932264931243	0.09172013081329952	-0.12189497773484491	0.16999085764610453	-0.4400008389208527	0.27797201995906223	-0.08618552272437553	0.10866109667949031	-0.10515268205008221	0.12402683368465757	-0.1839371828563016	0.07820691997412928	-0.08286818824642274	0.10181501885854399	-0.10367286559953251	0.13213010973982586	-0.08901819635813395	0.07738759431826933	-0.086620180573501	0.1023558963739591	-0.1153820378236169	0.06125655904808711	-0.07429752534792791	0.08606646504644777	-0.07581807581211603	0.0935049568293886	-0.07212354770713562	0.05817787785442741	-0.06385770059193126	0.06400871414685876	-0.07430974437918257	0.1079662330159695	-0.06120519495477482	0.043564821515240486	-0.046603066908984844	0.08830633187113758
0.10826820204039704	-0.09322150437839834	0.12896126277844278	-0.7932932264931243	1.0000000000000007	-0.08212000239397935	0.10341425516193756	-0.14402148276638874	0.27413761746659804	-0.45380872279552464	0.07682168774147291	-0.09922840276736926	0.09733395079657045	-0.12668891607901062	0.19111926023816017	-0.07367758281869138	0.07723887958705881	-0.09863533066180193	0.10206718205154953	-0.15252692987757333	0.086577918020372	-0.07634902266739567	0.08617329785222523	-0.10744213779071736	0.11704944774917875	-0.0608334603527298	0.07341746905689138	-0.08755961635752314	0.07783133133177669	-0.09869514578841115	0.07125764334840125	-0.05824779072164423	0.06349824729958085	-0.06557866834538359	0.0754429524058782	-0.11133424589332833	0.06160244723632541	-0.04413811622876037	0.047257917268525775	-0.0920706598844025
-0.4205311559136435	0.21712906294245043	-0.2126636854950414	0.09172013081329952	-0.08212000239397935	1.0000000000000004	-0.3717458105491168	0.2023333138906102	-0.1590375681991737	0.11483880234753678	-0.6867803861607785	0.272773355534691	-0.1724817780434521	0.13370733565423257	-0.10211613955228065	0.2362095773561951	-0.2349845843785074	0.15936035831957746	-0.11546610933555514	0.09807373905472787	-0.14380410279398687	0.1294069464131198	-0.12025939747034432	0.11105866118804139	-0.10295996508291945	0.09071105427338703	-0.11210874248695098	0.11464364582536626	-0.08866251756624922	0.10513127197429888	-0.10133303841383773	0.08168919650583134	-0.08800176977443813	0.07914248926413511	-0.08759521277319611	0.14061547575322897	-0.07804342116275585	0.055800709221532706	-0.05828214686083611	0.10463241366395737
0.24899148230758314	-0.25933143716678975	0.2515236949530511	-0.12189497773484491	0.10341425516193756	-0.3717458105491168	1.0	-0.4465487101021701	0.21059262626853242	-0.15033471589559966	0.2571415038312539	-0.6398614661255049	0.23128716004161573	-0.17324317787732663	0.12307320135340412	-0.19607419709204785	0.1905952218115498	-0.21340762394024027	0.14027792254244642	-0.11947626942689162	0.14062192180910216	-0.13174180443049732	0.13342833085951983	-0.13062534996421113	0.11968616650544762	-0.09471297593848071	0.11553511682032477	-0.12936212820700432	0.10128672654511094	-0.12221483548621041	0.10633254169974152	-0.08764278595918523	0.09386375688761804	-0.08895165189281998	0.09869729124056123	-0.1580170670414877	0.0857925964947978	-0.06166268404883451	0.06474811919880061	-0.12003996119123193
-0.2866075795486429	0.2598436540279405	-0.5753688980128406	0.16999085764610453	-0.14402148276638874	0.2023333138906102	-0.4465487101021701	1.0000000000000002	-0.4483192003541468	0.19188966317362013	-0.18107892967106173	0.2527611099161611	-0.23310428199859073	0.16799266846623817	-0.1456742061445141	0.1432265638234316	-0.14994635927810257	0.18199068879607402	-0.13861593411647852	0.13042171408720674	-0.13004521420914572	0.116520979610408	-0.1247146587091375	0.128535487980381	-0.12509804650970652	0.08779878472038602	-0.1070354176269258	0.12058654065387449	-0.09851344129657756	0.11943280619888198	-0.10103433055472126	0.08198906320146913	-0.0890088771825541	0.08580110567569589	-0.09697130601358517	0.14979372492602913	-0.08280544903156788	0.05919494533889698	-0.06259896549980042	0.11700761861144271
0.1938756082713555	-0.18065935687414925	0.23852368530875276	-0.4400008389208527	0.27413761746659804	-0.1590375681991737	0.21059262626853242	-0.4483192003541468	1.0000000000000007	-0.47927262860711484	0.1432698345592915	-0.2028685278080008	0.18348797238819936	-0.24382101768781517	0.2384423222787409	-0.1362373228389069	0.13974075130254435	-0.18452991017807038	0.17824455784321946	-0.22161745523655543	0.14855433590929762	-0.13320698858449292	0.1477484281743506	-0.1786280757623458	0.1772261790000815	-0.10510721925303755	0.12621625634159261	-0.15067163883825407	0.13046037332404026	-0.16620880434803462	0.12212403756753472	-0.1003917186508884	0.10859901141987353	-0.11278537118067775	0.12797477074610672	-0.19634382601264122	0.10557001420622916	-0.07593951830797294	0.0809920731061207	-0.16013346187481206
-0.16221972817029595	0.12489751855902047	-0.18165433903373054	0.27797201995906223	-0.45380872279552464	0.11483880234753678	-0.15033471589559966	0.19188966317362013	-0.47927262860711484	1.0000000000000002	-0.11122922352366224	0.13652697393148927	-0.14180430000577363	0.17746941023106688	-0.5485165496810871	0.10351537009350598	-0.11190225341546592	0.13871529108810057	-0.1560885048828541	0.24336932804405875	-0.12674290061409568	0.10944627981816135	-0.1268622767430833	0.15723069292356243	-0.20579894186482084	0.08669673265544674	-0.106295121383366	0.12426229168344456	-0.11388602941983213	0.1381355985690105	-0.10242395984295921	0.08273675688532453	-0.09152013187363087	0.0908650089847261	-0.10737111448032109	0.14779961014971463	-0.08699702430120523	0.061730873138808935	-0.06636177811628585	0.12299202614970911
0.2344559626790173	-0.1788467170845905	0.16536868159673962	-0.08618552272437553	0.07682168774147291	-0.6867803861607785	0.2571415038312539	-0.18107892967106173	0.1432698345592915	-0.11122922352366224	0.9999999999999978	-0.3750151329243214	0.17796931095039548	-0.14050964347445066	0.09987218150148208	-0.43240408068789	0.25302797766672813	-0.17742984592756064	0.11876983947713181	-0.09888311132875106	0.14669701268179344	-0.14151298240754684	0.12569754986594475	-0.11561007020703228	0.10387225867942129	-0.09500460283673264	0.1160802081586836	-0.12150467239214714	0.09193592960175757	-0.10986293253977857	0.10322474800098906	-0.08541815504085447	0.09033425007156327	-0.08217677109026487	0.08972520604995562	-0.14842103134629797	0.08010784415929074	-0.057704644336269664	0.06004546346411021	-0.1088389892647307
-0.25476775441851646	0.19227092969345166	-0.23154552768169587	0.10866109667949031	-0.09922840276736926	0.272773355534691	-0.6398614661255049	0.2527611099161611	-0.2028685278080008	0.13652697393148927	-0.3750151329243214	0.999999999999999	-0.38934228417097055	0.180800081479244	-0.12627061923774627	0.22414556990404627	-0.27712065629172544	0.23995083360323122	-0.15791833607197053	0.11913522393753424	-0.16410799819408256	0.15216930765849193	-0.1530274689415932	0.1383481894359793	-0.12810843993813875	0.10527044557911143	-0.13204732181733053	0.14014684705652133	-0.10867763999089387	0.12639701369143702	-0.11795454085619062	0.09610191602337068	-0.10407359530695812	0.09284943496942194	-0.10369701897518219	0.16081487384052098	-0.09151623891437188	0.06537854449735542	-0.06847918096913583	0.1211264097819614
0.17451283034657122	-0.1416466208041003	0.173635614872853	-0.10515268205008221	0.09733395079657045	-0.1724817780434521	0.23128716004161573	-0.23310428199859073	0.18348797238819936	-0.14180430000577363	0.17796931095039548	-0.38934228417097055	1.0000000000000002	-0.3475303679081238	0.14339031087794774	-0.18263347158682555	0.19683659917747268	-0.7024603035587446	0.24922153735339841	-0.14381401162351293	0.16977289766420667	-0.17058796024125214	0.21036477037312523	-0.18940728462639184	0.15801666077097615	-0.11700626686251629	0.1476229803408937	-0.18903826429584836	0.13903480631013493	-0.1597146972341846	0.1283987277041663	-0.11096422923496473	0.1185186596335852	-0.10814314713136934	0.11964143807626652	-0.18214246575015244	0.10336409540659594	-0.07481815331462725	0.07850263154533849	-0.1391203813382837
-0.16766146119848313	0.12261280684432237	-0.16280952105481247	0.12402683368465757	-0.12668891607901062	0.13370733565423257	-0.17324317787732663	0.16799266846623817	-0.24382101768781517	0.17746941023106688	-0.14050964347445066	0.180800081479244	-0.3475303679081238	0.9999999999999966	-0.23837657773808799	0.13831874793936122	-0.1583965710852203	0.2704183212431294	-0.7347149671657841	0.2019823529141279	-0.1791532406683187	0.1569398152690211	-0.2033110761388556	0.24991425412947108	-0.2383450451395292	0.11885249214443767	-0.15123972424882492	0.1792260137094645	-0.1699174861686963	0.17978201892986187	-0.1386790625188067	0.11333977257390922	-0.12685584701076333	0.1168035130217567	-0.13835769209913282	0.17981126712711523	-0.11380427800310261	0.08042933380044917	-0.08643028748836551	0.14741892600198347
0.12813363586162232	-0.10073956691710768	0.13180679979727442	-0.1839371828563016	0.19111926023816017	-0.10211613955228065	0.12307320135340412	-0.1456742061445141	0.2384423222787409	-0.5485165496810871	0.09987218150148208	-0.12627061923774627	0.14339031087794774	-0.23837657773808799	0.9999999999999968	-0.1036490682699541	0.11096777508015811	-0.15253740166003105	0.18777496793879592	-0.6088135613224611	0.1355336514226683	-0.12291865999818025	0.14769554635883084	-0.21803769388445707	0.26246455174824934	-0.09654883595133111	0.11857018560321722	-0.15107681544065868	0.14246532322964314	-0.1843709369589234	0.11138867956271184	-0.09405250730598277	0.1023478237868697	-0.10676553208959273	0.12299822202292508	-0.1705986180893779	0.09764227408697373	-0.07052387187344462	0.07597152429088556	-0.14613388852758277
-0.18804571245268667	0.12886418229742663	-0.14411939208402416	0.07820691997412928	-0.07367758281869138	0.2362095773561951	-0.19607419709204785	0.1432265638234316	-0.1362373228389069	0.10351537009350598	-0.43240408068789	0.22414556990404627	-0.18263347158682555	0.13831874793936122	-0.1036490682699541	0.9999999999999993	-0.7436024417585023	0.18450140734422793	-0.12910358503613167	0.10114208172197524	-0.23402470054264807	0.2162175253840308	-0.16459291157491604	0.12937789493796167	-0.11589781407232995	0.1287391484244347	-0.16703843206739336	0.14757863037997254	-0.1065250490375944	0.12076617056297222	-0.13414290152650582	0.10916776680379149	-0.11588171476212068	0.0927530278445051	-0.09988920783962398	0.16492108625416724	-0.09375860385212084	0.06735936352963401	-0.0691143287441119	0.11540148737856663
0.16794595758298664	-0.1290911965480249	0.13883130667284233	-0.08286818824642274	0.07723887958705881	-0.2349845843785074	0.1905952218115498	-0.14994635927810257	0.13974075130254435	-0.11190225341546592	0.25302797766672813	-0.27712065629172544	0.19683659917747268	-0.1583965710852203	0.11096777508015811	-0.7436024417585023	0.9999999999999943	-0.2478989383072228	0.14370175562998658	-0.11243140252967176	0.22437776576524945	-0.33985766927867556	0.18839691867863564	-0.14987852481294586	0.1267660029823113	-0.14346472708936508	0.18400363512817988	-0.1754711392078476	0.12055514036444216	-0.13921813425300822	0.1415142545293018	-0.12523703832269023	0.12605353643405903	-0.10442792556989107	0.11035728680325196	-0.18895008141363318	0.10283997310072876	-0.07498128219149781	0.0765409730483651	-0.13056259550291593
-0.1802027973116239	0.13247875660509617	-0.17113033221850524	0.10181501885854399	-0.09863533066180193	0.15936035831957746	-0.21340762394024027	0.18199068879607402	-0.18452991017807038	0.13871529108810057	-0.17742984592756064	0.23995083360323122	-0.7024603035587446	0.2704183212431294	-0.15253740166003105	0.18450140734422793	-0.2478989383072228	0.9999999999999961	-0.3471819993769562	0.1504299949659541	-0.199662337110169	0.19494953644925547	-0.3261431066688367	0.21212264821008872	-0.1807261038647861	0.12995157046862785	-0.17266548903051096	0.20936638781103195	-0.15841812916905554	0.16779170478471503	-0.144183330232432	0.12243201242703675	-0.1348015827649086	0.1139990187353739	-0.12864680940187728	0.184533955101613	-0.11182698639518932	0.08024148166287542	-0.08431219516110353	0.1417515699480662
0.1346775451559779	-0.10147823158139455	0.1292369852349805	-0.10367286559953251	0.10206718205154953	-0.11546610933555514	0.14027792254244642	-0.13861593411647852	0.17824455784321946	-0.1560885048828541	0.11876983947713181	-0.15791833607197053	0.24922153735339841	-0.7347149671657841	0.18777496793879592	-0.12910358503613167	0.14370175562998658	-0.3471819993769562	0.9999999999999992	-0.2246732200603427	0.16254711155400187	-0.15644935441170443	0.2093789069956676	-0.38135353023296786	0.22830764425442762	-0.11302158242191075	0.14443030635707207	-0.19316983443194832	0.18024751599324948	-0.2006160074218901	0.12669988039809593	-0.10994684691059273	0.11969166464781625	-0.11492041867714425	0.13066001024475885	-0.1749125700691362	0.10642547075604161	-0.07690235076285767	0.08242011389926888	-0.14457466907899086
-0.12904147194101742	0.09536931615609248	-0.12880117213520462	0.13213010973982586	-0.15252692987757333	0.09807373905472787	-0.11947626942689162	0.13042171408720674	-0.22161745523655543	0.24336932804405875	-0.09888311132875106	0.11913522393753424	-0.14381401162351293	0.2019823529141279	-0.6088135613224611	0.10114208172197524	-0.11243140252967176	0.1504299949659541	-0.2246732200603427	0.9999999999999958	-0.14211105124238083	0.12556059204306982	-0.16401711975058483	0.2427557791084875	-0.5846244349251801	0.09724953486109879	-0.12336860940905076	0.15326878458862436	-0.15951399977344824	0.18342713224559037	-0.11347910263080711	0.09448271111548644	-0.10546019403474406	0.10342679862230364	-0.12549238713330055	0.15506642878608817	-0.09710724757898173	0.0691848083670353	-0.0751801060016138	0.13395642965262872
0.14197610671567984	-0.10638851710866291	0.1258524271736286	-0.08901819635813395	0.086577918020372	-0.14380410279398687	0.14062192180910216	-0.13004521420914572	0.14855433590929762	-0.12674290061409568	0.14669701268179344	-0.16410799819408256	0.16977289766420667	-0.1791532406683187	0.1355336514226683	-0.23402470054264807	0.22437776576524945	-0.199662337110169	0.16254711155400187	-0.14211105124238083	0.9999999999999947	-0.5396033904143436	0.25203401200036374	-0.20412359198267205	0.1659058076186155	-0.4690723054275375	0.30420029267160414	-0.2724696031574901	0.17412733417607584	-0.206217219033659	0.28654211925847844	-0.21881569041837398	0.20199977939687996	-0.17382814142798278	0.17003342466649887	-0.39739915690321537	0.17140225650824156	-0.12682277037168616	0.12535925526576747	-0.21070530012093538
-0.1301141450388064	0.09517599455245099	-0.11451936780034831	0.07738759431826933	-0.07634902266739567	0.1294069464131198	-0.13174180443049732	0.116520979610408	-0.13320698858449292	0.10944627981816135	-0.14151298240754684	0.15216930765849193	-0.17058796024125214	0.1569398152690211	-0.12291865999818025	0.2162175253840308	-0.33985766927867556	0.19494953644925547	-0.15644935441170443	0.12556059204306982	-0.5396033904143436	0.9999999999999983	-0.4261550462125717	0.19823334436251416	-0.16149616869308336	0.24868622041190153	-0.48805223725496133	0.2758829771010899	-0.1698463963676996	0.1768464335971439	-0.22433887906776812	0.2041243016096174	-0.20618986488569313	0.13541912989112695	-0.13829931991441227	0.24122429248818036	-0.13939067159418145	0.10244904782313276	-0.10181857779866671	0.15580818985209488
0.13072106954396753	-0.0969638549316491	0.11996029641148366	-0.086620180573501	0.08617329785222523	-0.12025939747034432	0.13342833085951983	-0.1247146587091375	0.1477484281743506	-0.1268622767430833	0.12569754986594475	-0.1530274689415932	0.21036477037312523	-0.2033110761388556	0.14769554635883084	-0.16459291157491604	0.18839691867863564	-0.3261431066688367	0.2093789069956676	-0.16401711975058483	0.25203401200036374	-0.4261550462125717	0.9999999999999905	-0.40687167312418204	0.2173802683591955	-0.18209333920153295	0.2632174147942372	-0.585527127132911	0.24667656723063158	-0.24706875902811706	0.17622614474900086	-0.18035579031946242	0.18605485780877662	-0.14465480643230955	0.15320892185116947	-0.22580255256022017	0.1357560257408279	-0.10160745078093147	0.10426301008221459	-0.1677337407642642
-0.1351419542972557	0.09845405967379564	-0.12750101573586578	0.1023558963739591	-0.10744213779071736	0.11105866118804139	-0.13062534996421113	0.128535487980381	-0.1786280757623458	0.15723069292356243	-0.11561007020703228	0.1383481894359793	-0.18940728462639184	0.24991425412947108	-0.21803769388445707	0.12937789493796167	-0.14987852481294586	0.21212264821008872	-0.38135353023296786	0.2427557791084875	-0.20412359198267205	0.19823334436251416	-0.40687167312418204	0.9999999999999911	-0.5303122083334715	0.13745125630240912	-0.19019274586735616	0.2675743490156483	-0.4132197223863141	0.28021280764318296	-0.1532119356068846	0.13591363903298123	-0.15303854534846092	0.14103393307523734	-0.1671882612751301	0.1928832137354793	-0.12886360898399177	0.0928937069359077	-0.1020401254023764	0.166338244685855
0.12386581232100596	-0.0933825071302395	0.11941816001999944	-0.1153820378236169	0.11704944774917875	-0.10295996508291945	0.11968616650544762	-0.12509804650970652	0.1772261790000815	-0.20579894186482084	0.10387225867942129	-0.12810843993813875	0.15801666077097615	-0.2383450451395292	0.26246455174824934	-0.11589781407232995	0.1267660029823113	-0.1807261038647861	0.22830764425442762	-0.5846244349251801	0.1659058076186155	-0.16149616869308336	0.2173802683591955	-0.5303122083334715	0.9999999999999919	-0.11922658701676947	0.15281093884789307	-0.21902785840043337	0.23359450247771693	-0.3138343260679119	0.13302142509227635	-0.11873452964216931	0.12899573628708724	-0.13319708446646644	0.15431632441190676	-0.19107770377010103	0.11728154171832128	-0.08563583648666649	0.09317427022226385	-0.17028805854289095
-0.098597505927387	0.07168961315579632	-0.08771438989858439	0.06125655904808711	-0.0608334603527298	0.09071105427338703	-0.09471297593848071	0.08779878472038602	-0.10510721925303755	0.08669673265544674	-0.09500460283673264	0.10527044557911143	-0.11700626686251629	0.11885249214443767	-0.09654883595133111	0.1287391484244347	-0.14346472708936508	0.12995157046862785	-0.11302158242191075	0.09724953486109879	-0.4690723054275375	0.24868622041190153	-0.18209333920153295	0.13745125630240912	-0.11922658701676947	0.9999999999999898	-0.4264148919226228	0.20018524075997252	-0.12777456189134243	0.14139585252356934	-0.6713518290536712	0.19874919491661008	-0.19002477455787203	0.12654830070509537	-0.12390389201948668	0.282855227821484	-0.13797282023040486	0.09889889960359213	-0.09644489758311453	0.14330533973052798
0.11734343850548928	-0.08661045945808415	0.10495050152960818	-0.07429752534792791	0.07341746905689138	-0.11210874248695098	0.11553511682032477	-0.1070354176269258	0.12621625634159261	-0.106295121383366	0.1160802081586836	-0.13204732181733053	0.1476229803408937	-0.15123972424882492	0.11857018560321722	-0.16703843206739336	0.18400363512817988	-0.17266548903051096	0.14443030635707207	-0.12336860940905076	0.30420029267160414	-0.48805223725496133	0.2632174147942372	-0.19019274586735616	0.15281093884789307	-0.4264148919226228	0.9999999999999888	-0.40417897150441157	0.18231885391175043	-0.19877948031234868	0.2630687953819612	-0.42439767849304777	0.266917994650381	-0.16054113362443914	0.15135199506524347	-0.2884690283271798	0.16332963145292362	-0.1258562375947728	0.11895705562075458	-0.1747538206167172
-0.13242014111405484	0.09556062596374142	-0.12074689244096332	0.08606646504644777	-0.08755961635752314	0.11464364582536626	-0.12936212820700432	0.12058654065387449	-0.15067163883825407	0.12426229168344456	-0.12150467239214714	0.14014684705652133	-0.18903826429584836	0.1792260137094645	-0.15107681544065868	0.14757863037997254	-0.1754711392078476	0.20936638781103195	-0.19316983443194832	0.15326878458862436	-0.2724696031574901	0.2758829771010899	-0.585527127132911	0.2675743490156483	-0.21902785840043337	0.20018524075997252	-0.40417897150441157	0.9999999999999905	-0.40451755055991456	0.26270715784710397	-0.20818992591759153	0.2207512540546346	-0.28066039307375634	0.16169451580989624	-0.17638594758540074	0.22789242165127618	-0.15892679155306658	0.11905643396543275	-0.12194879515999689	0.1764035270336835
0.1058430278572999	-0.07693998270735308	0.09811209913657552	-0.07581807581211603	0.07783133133177669	-0.08866251756624922	0.10128672654511094	-0.09851344129657756	0.13046037332404026	-0.11388602941983213	0.09193592960175757	-0.10867763999089387	0.13903480631013493	-0.1699174861686963	0.14246532322964314	-0.1065250490375944	0.12055514036444216	-0.15841812916905554	0.18024751599324948	-0.15951399977344824	0.17412733417607584	-0.1698463963676996	0.24667656723063158	-0.4132197223863141	0.23359450247771693	-0.12777456189134243	0.18231885391175043	-0.40451755055991456	0.9999999999999887	-0.7084852690381332	0.1391591136979426	-0.13658351282750092	0.15333937688351804	-0.1826305930686318	0.1927917101474337	-0.1774881376474444	0.13303400451612163	-0.09894054609058806	0.1153498544433843	-0.1818049488837738
-0.1321545378255812	0.09408343975919684	-0.12247981600179972	0.0935049568293886	-0.09869514578841115	0.10513127197429888	-0.12221483548621041	0.11943280619888198	-0.16620880434803462	0.1381355985690105	-0.10986293253977857	0.12639701369143702	-0.1597146972341846	0.17978201892986187	-0.1843709369589234	0.12076617056297222	-0.13921813425300822	0.16779170478471503	-0.2006160074218901	0.18342713224559037	-0.206217219033659	0.1768464335971439	-0.24706875902811706	0.28021280764318296	-0.3138343260679119	0.14139585252356934	-0.19877948031234868	0.26270715784710397	-0.7084852690381332	0.9999999999999865	-0.1658116852841535	0.14611325427278507	-0.1737995315795481	0.18524807054040418	-0.3126780670522854	0.19980211575554882	-0.15844788931290923	0.1127609533334219	-0.13248967620136742	0.219608995470476
0.11232308057561996	-0.0822132347600622	0.100584627433581	-0.07212354770713562	0.07125764334840125	-0.10133303841383773	0.10633254169974152	-0.10103433055472126	0.12212403756753472	-0.10242395984295921	0.10322474800098906	-0.11795454085619062	0.1283987277041663	-0.1386790625188067	0.11138867956271184	-0.13414290152650582	0.1415142545293018	-0.144183330232432	0.12669988039809593	-0.11347910263080711	0.28654211925847844	-0.22433887906776812	0.17622614474900086	-0.1532119356068846	0.13302142509227635	-0.6713518290536712	0.2630687953819612	-0.20818992591759153	0.1391591136979426	-0.1658116852841535	0.9999999999999873	-0.23168711304107015	0.19507972814245497	-0.1633281666205038	0.15397907495727645	-0.5251786398828326	0.17370733471104932	-0.12511377764642917	0.12042854212612351	-0.18928149581232917
-0.09185803016775497	0.06646875697166711	-0.08233509428068278	0.05817787785442741	-0.05824779072164423	0.08168919650583134	-0.08764278595918523	0.08198906320146913	-0.1003917186508884	0.08273675688532453	-0.08541815504085447	0.09610191602337068	-0.11096422923496473	0.11333977257390922	-0.09405250730598277	0.10916776680379149	-0.12523703832269023	0.12243201242703675	-0.10994684691059273	0.09448271111548644	-0.21881569041837398	0.2041243016096174	-0.18035579031946242	0.13591363903298123	-0.11873452964216931	0.19874919491661008	-0.42439767849304777	0.2207512540546346	-0.13658351282750092	0.14611325427278507	-0.23168711304107015	0.9999999999999863	-0.7654191435975873	0.17486088133204658	-0.1425998344199028	0.2242878247865608	-0.22822211884680382	0.17449433337932568	-0.15025473935868816	0.1572838361128097
0.09807082863989017	-0.07178209745800272	0.08836919476429093	-0.06385770059193126	0.06349824729958085	-0.08800176977443813	0.09386375688761804	-0.0890088771825541	0.10859901141987353	-0.09152013187363087	0.09033425007156327	-0.10407359530695812	0.1185186596335852	-0.12685584701076333	0.1023478237868697	-0.11588171476212068	0.12605353643405903	-0.1348015827649086	0.11969166464781625	-0.10546019403474406	0.20199977939687996	-0.20618986488569313	0.18605485780877662	-0.15303854534846092	0.12899573628708724	-0.19002477455787203	0.266917994650381	-0.28066039307375634	0.15333937688351804	-0.1737995315795481	0.19507972814245497	-0.7654191435975873	0.999999999999986	-0.2389284844772284	0.164088183370102	-0.2665454808289619	0.22748089318267545	-0.2553538008795987	0.17912074029000064	-0.19122073230844702
-0.09843064254649848	0.069547765784807	-0.08895586612961977	0.06400871414685876	-0.06557866834538359	0.07914248926413511	-0.08895165189281998	0.08580110567569589	-0.11278537118067775	0.0908650089847261	-0.08217677109026487	0.09284943496942194	-0.10814314713136934	0.1168035130217567	-0.10676553208959273	0.0927530278445051	-0.10442792556989107	0.1139990187353739	-0.11492041867714425	0.10342679862230364	-0.17382814142798278	0.13541912989112695	-0.14465480643230955	0.14103393307523734	-0.13319708446646644	0.12654830070509537	-0.16054113362443914	0.16169451580989624	-0.1826305930686318	0.18524807054040418	-0.1633281666205038	0.17486088133204658	-0.2389284844772284	0.9999999999999853	-0.4145803798724245	0.22223083705700872	-0.4166337367163042	0.2936535179283264	-0.6355040799835814	0.2850765409115693
0.10884430301514943	-0.07784803398120438	0.09916649295234697	-0.07430974437918257	0.0754429524058782	-0.08759521277319611	0.09869729124056123	-0.09697130601358517	0.12797477074610672	-0.10737111448032109	0.08972520604995562	-0.10369701897518219	0.11964143807626652	-0.13835769209913282	0.12299822202292508	-0.09988920783962398	0.11035728680325196	-0.12864680940187728	0.13066001024475885	-0.12549238713330055	0.17003342466649887	-0.13829931991441227	0.15320892185116947	-0.1671882612751301	0.15431632441190676	-0.12390389201948668	0.15135199506524347	-0.17638594758540074	0.1927917101474337	-0.3126780670522854	0.15397907495727645	-0.1425998344199028	0.164088183370102	-0.4145803798724245	0.9999999999999855	-0.2360380402370157	0.22375161888239592	-0.17538186247132442	0.22250118479378372	-0.7422962789822415
-0.18176524964899773	0.12459851925144534	-0.1611109921538335	0.1079662330159695	-0.11133424589332833	0.14061547575322897	-0.1580170670414877	0.14979372492602913	-0.19634382601264122	0.14779961014971463	-0.14842103134629797	0.16081487384052098	-0.18214246575015244	0.17981126712711523	-0.1705986180893779	0.16492108625416724	-0.18895008141363318	0.184533955101613	-0.1749125700691362	0.15506642878608817	-0.39739915690321537	0.24122429248818036	-0.22580255256022017	0.1928832137354793	-0.19107770377010103	0.282855227821484	-0.2884690283271798	0.22789242165127618	-0.1774881376474444	0.19980211575554882	-0.5251786398828326	0.2242878247865608	-0.2665454808289619	0.22223083705700872	-0.2360380402370157	0.9999999999999857	-0.360423243766264	0.19359274726590192	-0.19567397184751376	0.23700225328436259
0.09374584222711872	-0.06717448039065153	0.08451095195988531	-0.06120519495477482	0.06160244723632541	-0.07804342116275585	0.0857925964947978	-0.08280544903156788	0.10557001420622916	-0.08699702430120523	0.08010784415929074	-0.09151623891437188	0.10336409540659594	-0.11380427800310261	0.09764227408697373	-0.09375860385212084	0.10283997310072876	-0.11182698639518932	0.10642547075604161	-0.09710724757898173	0.17140225650824156	-0.13939067159418145	0.1357560257408279	-0.12886360898399177	0.11728154171832128	-0.13797282023040486	0.16332963145292362	-0.15892679155306658	0.13303400451612163	-0.15844788931290923	0.17370733471104932	-0.22822211884680382	0.22748089318267545	-0.4166337367163042	0.22375161888239592	-0.360423243766264	0.9999999999999855	-0.6540483933706355	0.30769833376585715	-0.30787495008961857
-0.06752391039159639	0.04808557669283385	-0.06080668645177586	0.043564821515240486	-0.04413811622876037	0.055800709221532706	-0.06166268404883451	0.05919494533889698	-0.07593951830797294	0.061730873138808935	-0.057704644336269664	0.06537854449735542	-0.07481815331462725	0.08042933380044917	-0.07052387187344462	0.06735936352963401	-0.07498128219149781	0.08024148166287542	-0.07690235076285767	0.0691848083670353	-0.12682277037168616	0.10244904782313276	-0.10160745078093147	0.0928937069359077	-0.08563583648666649	0.09889889960359213	-0.1258562375947728	0.11905643396543275	-0.09894054609058806	0.1127609533334219	-0.12511377764642917	0.17449433337932568	-0.2553538008795987	0.2936535179283264	-0.17538186247132442	0.19359274726590192	-0.6540483933706355	0.9999999999999849	-0.6008064098978687	0.1957982070000507
0.07107230932187893	-0.05068296889599088	0.0642246870971437	-0.046603066908984844	0.047257917268525775	-0.05828214686083611	0.06474811919880061	-0.06259896549980042	0.0809920731061207	-0.06636177811628585	0.06004546346411021	-0.06847918096913583	0.07850263154533849	-0.08643028748836551	0.07597152429088556	-0.0691143287441119	0.0765409730483651	-0.08431219516110353	0.08242011389926888	-0.0751801060016138	0.12535925526576747	-0.10181857779866671	0.10426301008221459	-0.1020401254023764	0.09317427022226385	-0.09644489758311453	0.11895705562075458	-0.12194879515999689	0.1153498544433843	-0.13248967620136742	0.12042854212612351	-0.15025473935868816	0.17912074029000064	-0.6355040799835814	0.22250118479378372	-0.19567397184751376	0.30769833376585715	-0.6008064098978687	0.9999999999999849	-0.28360175977839386
-0.13885456382705344	0.09580776970797969	-0.1251358565757576	0.08830633187113758	-0.0920706598844025	0.10463241366395737	-0.12003996119123193	0.11700761861144271	-0.16013346187481206	0.12299202614970911	-0.1088389892647307	0.1211264097819614	-0.1391203813382837	0.14741892600198347	-0.14613388852758277	0.11540148737856663	-0.13056259550291593	0.1417515699480662	-0.14457466907899086	0.13395642965262872	-0.21070530012093538	0.15580818985209488	-0.1677337407642642	0.166338244685855	-0.17028805854289095	0.14330533973052798	-0.1747538206167172	0.1764035270336835	-0.1818049488837738	0.219608995470476	-0.18928149581232917	0.1572838361128097	-0.19122073230844702	0.2850765409115693	-0.7422962789822415	0.23700225328436259	-0.30787495008961857	0.1957982070000507	-0.28360175977839386	0.9999999999999849
