1.0	-0.9569460271976816	0.1505991142234585	-0.13175324281535472	0.0800696045797509	-0.1219286184136921	0.1146072090813224	-0.0981508090600793	0.08498867772861808	-0.08995675085670983	0.08247910962235296	-0.07503354326440873	0.0829875516896924	-0.08814563265497379	0.05651049141472346	-0.022242102582487166	0.06377231972944906	-0.05762576299150148	0.047380807378657415	-0.051975407509605456	0.02068495285419225	-0.053005409249550876	0.04279792317921852	-0.04667171026618222	0.03278346640200588	-0.028550376522748503	0.03261406245579304	-0.036493440747011656	0.034797027080997946	-0.02915134790979657	0.032058868363261946	-0.03163942948983108	0.03628458010071438	-0.037414569225112146	0.03393269575596317	-0.0026521561119670057	0.024997362106280667	-0.030076669342899195	0.026976412551817774	-0.025758190142959363	0.0026994304731377252	-0.028843530260229018	0.03778558421878191	-0.016544215886220258	0.017953868162060984
-0.9569460271976816	0.9999999999999996	-0.18150479782720821	0.1217664073816645	-0.07739865170644415	0.10540745487799213	-0.12026551861610864	0.09339957116843324	-0.08259273093178078	0.08123245110332146	-0.08028922154981744	0.0710331258846565	-0.08033925976165848	0.08117304187877104	-0.05244878258154993	0.02089678523609483	-0.06097881368112939	0.05371853003618233	-0.04404299499115002	0.047609018663660484	-0.019580534562078873	0.04889788608108309	-0.03987922141682994	0.04291983453602708	-0.03023273214935391	0.02640725664828745	-0.030181987803116483	0.033720254031267174	-0.03212164599111354	0.026788615949269602	-0.029788068554810018	0.029167050182927	-0.03358888588830973	0.03436386968558198	-0.03127115320334232	0.0024515792932091186	-0.023035833505123317	0.027621104721581826	-0.024832659203798884	0.023661164087262272	-0.002495918315561045	0.02650702852201109	-0.034780464207466166	0.015195154601803847	-0.016507941159019802
0.1505991142234585	-0.18150479782720821	0.9999999999999996	-0.7623488574438773	0.24400619279685198	-0.12134940321381918	0.16015828498885695	-0.368220677292706	0.2742839326524109	-0.274832558397338	0.1027349573790279	-0.1159397155593895	0.20701245530902088	-0.24082807363447392	0.13666925512431022	-0.03656332860715195	0.11414953436803169	-0.11274881488832894	0.10157711978366829	-0.1226521417866559	0.03390441275955391	-0.10169490002152112	0.08441495285468932	-0.09912105742015463	0.07147702385663986	-0.05510815516991096	0.06425286008617269	-0.07248106836580537	0.07358655349333147	-0.06352486141727055	0.062236539705819695	-0.06305545731853986	0.07310488741569482	-0.07874771676368962	0.07199330749302618	-0.005262688617539494	0.05070823236103897	-0.0626712746199392	0.05667625702548456	-0.054506264213773796	0.005355143879940772	-0.05853868232105157	0.07873352840731372	-0.03475451924919256	0.03774162364728055
-0.13175324281535472	0.1217664073816645	-0.7623488574438773	0.9999999999999993	-0.3733014317887263	0.10076230669173146	-0.14280556032480576	0.2533708341588648	-0.3699350927380537	0.24602724833542652	-0.09029388221697923	0.0993849316171872	-0.19721914254305153	0.20767324322153402	-0.12486230587081072	0.031363460248347345	-0.10123406012601734	0.09734950429730523	-0.08907722521039778	0.10577034581461732	-0.029283488988766166	0.08628654366352619	-0.07321856138746605	0.0846580385198346	-0.0620434916883442	0.04698833137057101	-0.055039180297715935	0.06195973375008078	-0.06354716479014257	0.05458368326203536	-0.05352703222045878	0.05373875264834845	-0.06290607983120912	0.06715363334257098	-0.06209040597790741	0.004501550497790807	-0.04333064147928384	0.05342037030772908	-0.04867177909661643	0.046610195510629074	-0.004582630175571828	0.04975404302277743	-0.06751960676418232	0.029692099179155638	-0.032337728612257984
0.0800696045797509	-0.07739865170644415	0.24400619279685198	-0.3733014317887263	0.999999999999999	-0.10081949153921275	0.13563883028017973	-0.1915628579844945	0.212791940278309	-0.7960173817184305	0.09468573589565198	-0.10417346378954563	0.1793103779027258	-0.21241538176300354	0.20575720122344082	-0.039123979522693995	0.11838941393237988	-0.1188977516645329	0.12207828659603459	-0.17999428751301141	0.03638872483712736	-0.11244046215452616	0.09428652824034396	-0.12079729619788075	0.09401515901833943	-0.06390282736948939	0.07433429895834012	-0.08333457303235448	0.09150625631213276	-0.08359446149169521	0.0729610842023879	-0.07402878850757993	0.08631712019605194	-0.09787797943191938	0.09176234950973604	-0.006271926281652838	0.0612296447962728	-0.07840195937285388	0.07165439603182831	-0.06936256760821369	0.0063824275008327845	-0.07071574779345538	0.09902059074332237	-0.04402412164080842	0.04790074778394191
-0.1219286184136921	0.10540745487799213	-0.12134940321381918	0.10076230669173146	-0.10081949153921275	0.9999999999999986	-0.5871938656117011	0.17202514035916713	-0.1443552333713805	0.10418339664271845	-0.6728343056819261	0.2993997980621859	-0.19237027708551668	0.15507941656206523	-0.10468743560375487	0.08387395915816086	-0.2158222599773387	0.1549659136289889	-0.10885783998908763	0.09817344675465203	-0.08077907682940928	0.135001341489466	-0.10995840307862895	0.10360184080275853	-0.0685033930045855	0.07393509192961678	-0.08091347632270579	0.0891012015455458	-0.07672634015438089	0.06059458419077594	-0.08346429926454488	0.07563096730666495	-0.08667372659297501	0.0817182554424035	-0.07264717253058968	0.0064733389089859	-0.05764134466044057	0.06551758561837821	-0.05817283108552796	0.054955814573572535	-0.006598385963975461	0.06575089941654133	-0.0819493558201619	0.03536296129515298	-0.03833942784475335
0.1146072090813224	-0.12026551861610864	0.16015828498885695	-0.14280556032480576	0.13563883028017973	-0.5871938656117011	0.9999999999999981	-0.32697314505322184	0.19994934374614257	-0.14952256071589687	0.31356070601583946	-0.4798769676765432	0.24490985667324056	-0.2342221823567961	0.14433681805757412	-0.07823877002236874	0.24903695356206	-0.2228565927671666	0.14949038933498196	-0.14041649441770238	0.07108583504286009	-0.1965912821403727	0.1497209475482618	-0.14990674880570615	0.09564127369636512	-0.09522621345608341	0.11059025762864269	-0.12548133747173154	0.10729897313896751	-0.08575611514200714	0.10404587347592384	-0.10585305768874011	0.11898267644678628	-0.11684833539276172	0.10133762706118103	-0.008530569235922172	0.08024580697192833	-0.09253814445108463	0.08126781319233647	-0.07762494467901217	0.00867611103224386	-0.09300229002715554	0.11401919551864025	-0.04979623071087397	0.05368018396609361
-0.0981508090600793	0.09339957116843324	-0.368220677292706	0.2533708341588648	-0.1915628579844945	0.17202514035916713	-0.32697314505322184	0.999999999999997	-0.6226543161999428	0.19105178182023075	-0.15080007098703813	0.17655459067286888	-0.47686718856932253	0.30907472200017116	-0.14713557530474608	0.04583416940567212	-0.16135377292362746	0.15227000090349435	-0.12305427919216792	0.12690489064648242	-0.04280853814865542	0.1245506052396334	-0.10715520554105346	0.11405650669056444	-0.078705529402715	0.0646455444530732	-0.07662818187035284	0.08704705812886226	-0.08390220389585072	0.06922788607189091	-0.07313411448905772	0.07364929181104457	-0.08635243416428566	0.08835175135673248	-0.07980908822534181	0.006062334512793428	-0.05796146771683385	0.06940031436394488	-0.06272292365304188	0.05991129706192407	-0.006171800211765741	0.06637027527448175	-0.08703409037104966	0.03811440016554646	-0.04142169091680005
0.08498867772861808	-0.08259273093178078	0.2742839326524109	-0.3699350927380537	0.212791940278309	-0.1443552333713805	0.19994934374614257	-0.6226543161999428	0.9999999999999978	-0.25737386158251524	0.12315398110940846	-0.14561665293387305	0.3011088283197688	-0.5179176831111654	0.1626983837072692	-0.042243909092404094	0.13926919330050902	-0.1393541522886578	0.12495269643205748	-0.13941143097654163	0.03923649508484659	-0.11895032825690267	0.10051508642719056	-0.11725008248437643	0.08125163328554379	-0.0627995444697529	0.07413655053464403	-0.0842847484316976	0.08495770351245076	-0.07174528417604575	0.07090387855054275	-0.0721468590255491	0.084289756086062	-0.08985744318242779	0.08108239260824103	-0.005950987084234438	0.05738193500742045	-0.07003736135756279	0.06342314084126482	-0.06100247484333031	0.006056389199423324	-0.06598183841917953	0.08757350511179432	-0.038636760267724564	0.041947934921705024
-0.08995675085670983	0.08123245110332146	-0.274832558397338	0.24602724833542652	-0.7960173817184305	0.10418339664271845	-0.14952256071589687	0.19105178182023075	-0.25737386158251524	0.9999999999999973	-0.10225505622327692	0.10974403989168824	-0.20283599189203752	0.2069889700661822	-0.30278263868207683	0.03996225044548273	-0.12775752277162916	0.12299137563267148	-0.13083618905875163	0.18574066326723362	-0.03756058870527617	0.11232051810141072	-0.09767266263162992	0.12151301082729876	-0.10024470684738908	0.06408683961152532	-0.07535899847384109	0.08408635698807015	-0.09507931181186936	0.0855831322685505	-0.07448036841093664	0.07421580366358643	-0.08828032749685555	0.09806525236553143	-0.0954559803835108	0.006323296920429078	-0.06175300222570581	0.07846634652633247	-0.07347410207823439	0.07010739175460837	-0.006441184098861237	0.07036144895902678	-0.1010167184488253	0.04438318566542015	-0.04874595242664213
0.08247910962235296	-0.08028922154981744	0.1027349573790279	-0.09029388221697923	0.09468573589565198	-0.6728343056819261	0.31356070601583946	-0.15080007098703813	0.12315398110940846	-0.10225505622327692	0.9999999999999981	-0.5548547165980169	0.17929083187256356	-0.1599997197331015	0.10920075304364256	-0.11610747693024875	0.2351488907778368	-0.19087558435298574	0.12060401836890955	-0.10765878536032836	0.09663031005225328	-0.16517277652193427	0.12585661426050007	-0.1197125579761892	0.07526825746102876	-0.08648768043146057	0.09353836044597125	-0.10421181869785501	0.08566650819983136	-0.06741125269081463	0.09409274830836366	-0.08783289100864408	0.09821154235505847	-0.09303333277380817	0.0803155112580633	-0.0073335275823848385	0.06560577696678957	-0.07389679766932	0.06462042999206723	-0.06147480788457319	0.007467225624508382	-0.07556917622505557	0.0909299974529128	-0.039458338181674074	0.04252328262995461
-0.07503354326440873	0.0710331258846565	-0.1159397155593895	0.0993849316171872	-0.10417346378954563	0.2993997980621859	-0.4798769676765432	0.17655459067286888	-0.14561665293387305	0.10974403989168824	-0.5548547165980169	0.9999999999999961	-0.2588040109290037	0.18007178623194758	-0.12107603225076663	0.07984544226453302	-0.5033342204216038	0.2269514628572143	-0.14145388742346182	0.11695113440595863	-0.07496864075538166	0.17866687452152027	-0.1486789642628835	0.1297941620658529	-0.08176540086845696	0.08460273767020608	-0.10074870985498686	0.11296466355054101	-0.09358870733521729	0.07243937529673741	-0.09444320503763069	0.09260857430630169	-0.10745186034583552	0.0991799239379129	-0.08625946017919063	0.007487954951680383	-0.06946000989039998	0.07787826787906131	-0.06883148868302655	0.06523122276009617	-0.0076268919791252585	0.07895177037314714	-0.09644304996423295	0.041665525702068454	-0.0450648927500006
0.0829875516896924	-0.08033925976165848	0.20701245530902088	-0.19721914254305153	0.1793103779027258	-0.19237027708551668	0.24490985667324056	-0.47686718856932253	0.3011088283197688	-0.20283599189203752	0.17929083187256356	-0.2588040109290037	0.9999999999999988	-0.6224769181477114	0.20007075720848297	-0.06221621193689343	0.2214261218446436	-0.2734836405896824	0.1850740611359835	-0.18793866891667993	0.05746530610606542	-0.18824273041793005	0.16160391243995947	-0.17541018970286637	0.11351630743706324	-0.09359452132657588	0.11261425353542857	-0.13150175343147757	0.12305937543618665	-0.10127647555697673	0.10429893213012739	-0.10871133896293246	0.12658757595315098	-0.1314076381233228	0.11490286462465617	-0.008731086248402995	0.08443763155803782	-0.1010160579445382	0.0902938745408195	-0.08709725365107504	0.008881780927611842	-0.0972795436615101	0.12465590707945517	-0.05504152501659618	0.05949407753256486
-0.08814563265497379	0.08117304187877104	-0.24082807363447392	0.20767324322153402	-0.21241538176300354	0.15507941656206523	-0.2342221823567961	0.30907472200017116	-0.5179176831111654	0.2069889700661822	-0.1599997197331015	0.18007178623194758	-0.6224769181477114	0.9999999999999946	-0.27401052028354933	0.054433016152340516	-0.19713002056783016	0.1923711135997034	-0.1979430307591843	0.19241830406575924	-0.05136172498108547	0.153168614622279	-0.1397299670388394	0.1604028356347363	-0.11334874143370631	0.08190563530207338	-0.09840281797667992	0.1118380127570505	-0.118210252605843	0.0974579012222273	-0.0943921223739465	0.09462366886252485	-0.11396749812518168	0.11994729767727584	-0.11036879698493837	0.007839193891760353	-0.07574046642951386	0.09215586604578957	-0.08503377787978633	0.08121814939361154	-0.00798580989411891	0.08592370895811328	-0.11641445832690905	0.051083950268123755	-0.05580066262563619
0.05651049141472346	-0.05244878258154993	0.13666925512431022	-0.12486230587081072	0.20575720122344082	-0.10468743560375487	0.14433681805757412	-0.14713557530474608	0.1626983837072692	-0.30278263868207683	0.10920075304364256	-0.12107603225076663	0.20007075720848297	-0.27401052028354933	0.9999999999999947	-0.05098252615074715	0.1605342671665143	-0.181529956778471	0.24178861757013345	-0.7338956431722353	0.047511969652347344	-0.16054636792406415	0.13999948406247675	-0.23534522786585402	0.19400871720526233	-0.09044270846198987	0.10844960942180773	-0.12517254392037974	0.16150403007114203	-0.17595478263909858	0.10260077330674663	-0.10969475722069738	0.1307215143571266	-0.1717545758395994	0.1535264472550845	-0.008951686039334236	0.09098077917808539	-0.12312182214305739	0.11277189495282325	-0.11649264407900232	0.009101933555865794	-0.1051673309864861	0.1454200154038039	-0.06842864328619642	0.07328756220053242
-0.022242102582487166	0.02089678523609483	-0.03656332860715195	0.031363460248347345	-0.039123979522693995	0.08387395915816086	-0.07823877002236874	0.04583416940567212	-0.042243909092404094	0.03996225044548273	-0.11610747693024875	0.07984544226453302	-0.06221621193689343	0.054433016152340516	-0.05098252615074715	0.9999999999999948	-0.0857294455195728	0.07048462464084912	-0.054824296523336126	0.04801901454555904	-0.9394736587506098	0.08909084026537241	-0.06982404771401882	0.054205982844014136	-0.04008647365595368	0.18636511566269767	-0.09400055311976752	0.0713085150372607	-0.04655875007854494	0.03554814180997341	-0.21281743724261792	0.07534179527484841	-0.07278500667761756	0.05097637980291745	-0.04723527442514372	0.011641421338287564	-0.052589131881850104	0.0486200571577477	-0.04074763408793028	0.03668958826553843	-0.011982920925617008	0.05727574761812595	-0.061545215476657096	0.024719008282909537	-0.026687915906736366
0.06377231972944906	-0.06097881368112939	0.11414953436803169	-0.10123406012601734	0.11838941393237988	-0.2158222599773387	0.24903695356206	-0.16135377292362746	0.13926919330050902	-0.12775752277162916	0.2351488907778368	-0.5033342204216038	0.2214261218446436	-0.19713002056783016	0.1605342671665143	-0.0857294455195728	0.9999999999999915	-0.5597406781922024	0.22075163057514674	-0.16993499190219172	0.07715911351921731	-0.35175820984405254	0.2523266582202256	-0.21250925519258204	0.11885612925784313	-0.12419831840248842	0.16226150382495247	-0.19015717815774352	0.14111091742937368	-0.10689120566147235	0.13397007033803537	-0.14788749865642759	0.16793641583763833	-0.15248656734193697	0.12570433415852514	-0.010901739666622284	0.10611820842572345	-0.11595658679250198	0.10048232101366715	-0.09608528948901167	0.011084787660829227	-0.121414080075195	0.13998823415452805	-0.060761647522877986	0.06521251400944936
-0.05762576299150148	0.05371853003618233	-0.11274881488832894	0.09734950429730523	-0.1188977516645329	0.1549659136289889	-0.2228565927671666	0.15227000090349435	-0.1393541522886578	0.12299137563267148	-0.19087558435298574	0.2269514628572143	-0.2734836405896824	0.1923711135997034	-0.181529956778471	0.07048462464084912	-0.5597406781922024	0.9999999999999944	-0.4094968908224412	0.18526148581819088	-0.06701505124033037	0.27660948827860976	-0.45641067435135396	0.23745775714544118	-0.13136545048438567	0.1170563090353656	-0.16447744945819948	0.20724252042457053	-0.16180088260207928	0.1136452447759495	-0.13338569117873403	0.14474027327997988	-0.1897829556071005	0.1587123725784831	-0.1329697973136666	0.01066209800056667	-0.10592662933376408	0.11539515817324418	-0.10322234219328685	0.0978816652680128	-0.010864270351716963	0.1168589929008419	-0.1411652345299807	0.06082659547799048	-0.06590891737837253
0.047380807378657415	-0.04404299499115002	0.10157711978366829	-0.08907722521039778	0.12207828659603459	-0.10885783998908763	0.14949038933498196	-0.12305427919216792	0.12495269643205748	-0.13083618905875163	0.12060401836890955	-0.14145388742346182	0.1850740611359835	-0.1979430307591843	0.24178861757013345	-0.054824296523336126	0.22075163057514674	-0.4094968908224412	0.9999999999999919	-0.38334581747059043	0.051353033956217986	-0.2002766004427236	0.2012045008800247	-0.6502268979012034	0.18335550184833307	-0.09869124501192562	0.1273007253405699	-0.15898297703528694	0.23232572792292938	-0.16260632618372395	0.11092830432261787	-0.12489786484384577	0.15692369898939798	-0.22678164442251617	0.16001501792819903	-0.009420612648119974	0.09723828656114496	-0.12285167041148465	0.11395482470758722	-0.11640565494708345	0.009581649494876332	-0.11048532602904494	0.1433993335014842	-0.06668253559529264	0.0716109773898215
-0.051975407509605456	0.047609018663660484	-0.1226521417866559	0.10577034581461732	-0.17999428751301141	0.09817344675465203	-0.14041649441770238	0.12690489064648242	-0.13941143097654163	0.18574066326723362	-0.10765878536032836	0.11695113440595863	-0.18793866891667993	0.19241830406575924	-0.7338956431722353	0.04801901454555904	-0.16993499190219172	0.18526148581819088	-0.38334581747059043	0.9999999999999942	-0.045293746598150476	0.1507880438807578	-0.14419330348146375	0.2386634457814724	-0.28607239925439737	0.08485757074315117	-0.10492942200864418	0.12055035644261189	-0.18030648502069804	0.18942483982515007	-0.09868850294246831	0.10428663970335593	-0.13007780419511927	0.16762279975692224	-0.16767444301349888	0.008481312933164746	-0.08759626520096911	0.11741858919301797	-0.11505079648584159	0.11548546372188197	-0.00863518847293124	0.0987366497784293	-0.1431722018311827	0.06644159204515501	-0.07266066937226887
0.02068495285419225	-0.019580534562078873	0.03390441275955391	-0.029283488988766166	0.03638872483712736	-0.08077907682940928	0.07108583504286009	-0.04280853814865542	0.03923649508484659	-0.03756058870527617	0.09663031005225328	-0.07496864075538166	0.05746530610606542	-0.05136172498108547	0.047511969652347344	-0.9394736587506098	0.07715911351921731	-0.06701505124033037	0.051353033956217986	-0.045293746598150476	0.9999999999999896	-0.08790535966798839	0.06621108754272845	-0.0514835743676808	0.037493255613309046	-0.23607640177332434	0.09200401950679156	-0.06988364958299997	0.04372765543962908	-0.03343871051055631	0.1793762202238603	-0.07442885713707945	0.06882191843357406	-0.04837603498388111	0.0441470933206329	-0.010126772056511933	0.050062226638448865	-0.04606972183742271	0.03815055056730965	-0.034541034425171105	0.010367993144489695	-0.055361124258160976	0.05733873261940259	-0.02318820021780303	0.02492322225881448
-0.053005409249550876	0.04889788608108309	-0.10169490002152112	0.08628654366352619	-0.11244046215452616	0.135001341489466	-0.1965912821403727	0.1245506052396334	-0.11895032825690267	0.11232051810141072	-0.16517277652193427	0.17866687452152027	-0.18824273041793005	0.153168614622279	-0.16054636792406415	0.08909084026537241	-0.35175820984405254	0.27660948827860976	-0.2002766004427236	0.1507880438807578	-0.08790535966798839	0.9999999999999875	-0.5825461748264259	0.1826579747265152	-0.12978927746284882	0.19664059067415268	-0.4250468864899912	0.2947246590903232	-0.1601873993604472	0.1136823759896049	-0.2369159037738747	0.24310180931344333	-0.3016917512984791	0.1689897360703939	-0.15130178938292507	0.01708739079258151	-0.1676775797301573	0.14851220765527315	-0.12728245749563832	0.11373856864854245	-0.01747901242834925	0.16870331391312818	-0.1882494118052245	0.07462160579477971	-0.08112020549836285
0.04279792317921852	-0.03987922141682994	0.08441495285468932	-0.07321856138746605	0.09428652824034396	-0.10995840307862895	0.1497209475482618	-0.10715520554105346	0.10051508642719056	-0.09767266263162992	0.12585661426050007	-0.1486789642628835	0.16160391243995947	-0.1397299670388394	0.13999948406247675	-0.06982404771401882	0.2523266582202256	-0.45641067435135396	0.2012045008800247	-0.14419330348146375	0.06621108754272845	-0.5825461748264259	0.9999999999999842	-0.20143846463715287	0.11451566037644526	-0.15335965811322255	0.24693451301981725	-0.48727400075736554	0.14659662358238928	-0.1030531377612086	0.16235886015096185	-0.20976179610551943	0.25835790656785274	-0.16186705576607938	0.1285988126137594	-0.012812435447725451	0.1330742501048464	-0.12812884668482458	0.10604932896154264	-0.09890719285093473	0.013032281930911188	-0.14767174817125564	0.15003730291852962	-0.06260333862760056	0.06687329891440344
-0.04667171026618222	0.04291983453602708	-0.09912105742015463	0.0846580385198346	-0.12079729619788075	0.10360184080275853	-0.14990674880570615	0.11405650669056444	-0.11725008248437643	0.12151301082729876	-0.1197125579761892	0.1297941620658529	-0.17541018970286637	0.1604028356347363	-0.23534522786585402	0.054205982844014136	-0.21250925519258204	0.23745775714544118	-0.6502268979012034	0.2386634457814724	-0.0514835743676808	0.1826579747265152	-0.20143846463715287	0.999999999999991	-0.25082426358568366	0.09895920083236315	-0.1292137922327277	0.1544472160890507	-0.4563698150848622	0.19541637687399346	-0.11534278445127996	0.12720381706805595	-0.1733682538878735	0.25861936909390765	-0.20040839348762843	0.009774657741511298	-0.10328055254537287	0.13306048641122226	-0.13306994983041665	0.13225418624236818	-0.009955226644588228	0.11427847702843513	-0.16017489744054916	0.07421459480360738	-0.08132146632707687
0.03278346640200588	-0.03023273214935391	0.07147702385663986	-0.0620434916883442	0.09401515901833943	-0.0685033930045855	0.09564127369636512	-0.078705529402715	0.08125163328554379	-0.10024470684738908	0.07526825746102876	-0.08176540086845696	0.11351630743706324	-0.11334874143370631	0.19400871720526233	-0.04008647365595368	0.11885612925784313	-0.13136545048438567	0.18335550184833307	-0.28607239925439737	0.037493255613309046	-0.12978927746284882	0.11451566037644526	-0.25082426358568366	0.9999999999999875	-0.07757952956926964	0.09583427838870055	-0.1118201117961727	0.2200556486289927	-0.8000575754098751	0.08804270505857129	-0.10202955465437087	0.12556585584246865	-0.22327240154864625	0.2421203322645667	-0.00802160933073475	0.08894760632744592	-0.14551181998041895	0.13847775581887153	-0.17979210577127644	0.008145403415120215	-0.10255785219650237	0.14517837298248604	-0.08007218942835251	0.0829279919377937
-0.028550376522748503	0.02640725664828745	-0.05510815516991096	0.04698833137057101	-0.06390282736948939	0.07393509192961678	-0.09522621345608341	0.0646455444530732	-0.0627995444697529	0.06408683961152532	-0.08648768043146057	0.08460273767020608	-0.09359452132657588	0.08190563530207338	-0.09044270846198987	0.18636511566269767	-0.12419831840248842	0.1170563090353656	-0.09869124501192562	0.08485757074315117	-0.23607640177332434	0.19664059067415268	-0.15335965811322255	0.09895920083236315	-0.07757952956926964	0.9999999999999845	-0.3706578150241651	0.1794052274306241	-0.09347165467513975	0.0691845134416086	-0.807460273926202	0.21093965054664016	-0.18403871474383215	0.10427784457265024	-0.0963910287974914	0.03358986936949831	-0.13594964703294712	0.10758466718115918	-0.08651886546865553	0.07615391202773251	-0.03450946506856272	0.14008008256797563	-0.13378662351816006	0.0518353226235817	-0.05554546985408889
0.03261406245579304	-0.030181987803116483	0.06425286008617269	-0.055039180297715935	0.07433429895834012	-0.08091347632270579	0.11059025762864269	-0.07662818187035284	0.07413655053464403	-0.07535899847384109	0.09353836044597125	-0.10074870985498686	0.11261425353542857	-0.09840281797667992	0.10844960942180773	-0.09400055311976752	0.16226150382495247	-0.16447744945819948	0.1273007253405699	-0.10492942200864418	0.09200401950679156	-0.4250468864899912	0.24693451301981725	-0.1292137922327277	0.09583427838870055	-0.3706578150241651	0.9999999999999851	-0.41856684220820994	0.1224447482365538	-0.08708161659739246	0.2613474355879821	-0.5704364996935616	0.29429230447572274	-0.14253718462147774	0.12034375185466849	-0.018659207944941074	0.21177326643965472	-0.1477068959838444	0.10998316045544865	-0.09736488009431667	0.018928253512419852	-0.22588899664827963	0.16703796834422185	-0.06453620994010638	0.06788101935941449
-0.036493440747011656	0.033720254031267174	-0.07248106836580537	0.06195973375008078	-0.08333457303235448	0.0891012015455458	-0.12548133747173154	0.08704705812886226	-0.0842847484316976	0.08408635698807015	-0.10421181869785501	0.11296466355054101	-0.13150175343147757	0.1118380127570505	-0.12517254392037974	0.0713085150372607	-0.19015717815774352	0.20724252042457053	-0.15898297703528694	0.12055035644261189	-0.06988364958299997	0.2947246590903232	-0.48727400075736554	0.1544472160890507	-0.1118201117961727	0.1794052274306241	-0.41856684220820994	0.9999999999999872	-0.15993074634706964	0.10094214500069497	-0.20435239951543424	0.27360646261898486	-0.6120970687314764	0.17823379718740998	-0.1379622893761654	0.015083439376717207	-0.16598243873940294	0.14322856626365413	-0.1165006884354803	0.10418944853190715	-0.01538807721038115	0.16734941772869466	-0.16618666329438328	0.06627522028802406	-0.07098726532228175
0.034797027080997946	-0.03212164599111354	0.07358655349333147	-0.06354716479014257	0.09150625631213276	-0.07672634015438089	0.10729897313896751	-0.08390220389585072	0.08495770351245076	-0.09507931181186936	0.08566650819983136	-0.09358870733521729	0.12305937543618665	-0.118210252605843	0.16150403007114203	-0.04655875007854494	0.14111091742937368	-0.16180088260207928	0.23232572792292938	-0.18030648502069804	0.04372765543962908	-0.1601873993604472	0.14659662358238928	-0.4563698150848622	0.2200556486289927	-0.09347165467513975	0.1224447482365538	-0.15993074634706964	0.9999999999999882	-0.28393963324720767	0.10482382116354924	-0.13391753330858328	0.1869048704378402	-0.7032553234515345	0.2348626081419935	-0.009298808236307958	0.10421712646579	-0.1459383456826987	0.14190549534792266	-0.16150311370188297	0.009444696392260333	-0.1184999272758133	0.15477348474782127	-0.07864156093805479	0.08308000817712673
-0.02915134790979657	0.026788615949269602	-0.06352486141727055	0.05458368326203536	-0.08359446149169521	0.06059458419077594	-0.08575611514200714	0.06922788607189091	-0.07174528417604575	0.0855831322685505	-0.06741125269081463	0.07243937529673741	-0.10127647555697673	0.0974579012222273	-0.17595478263909858	0.03554814180997341	-0.10689120566147235	0.1136452447759495	-0.16260632618372395	0.18942483982515007	-0.03343871051055631	0.1136823759896049	-0.1030531377612086	0.19541637687399346	-0.8000575754098751	0.0691845134416086	-0.08708161659739246	0.10094214500069497	-0.28393963324720767	0.9999999999999903	-0.07977357973385396	0.09249222391635656	-0.11901744563468247	0.21814213894339676	-0.3649923968224041	0.007239690748105689	-0.08240358488751258	0.13350114246912778	-0.1466086288593505	0.1773968054818787	-0.007358003929955889	0.09283041636617323	-0.14010483096762938	0.07639616551104804	-0.08222294612871725
0.032058868363261946	-0.029788068554810018	0.062236539705819695	-0.05352703222045878	0.0729610842023879	-0.08346429926454488	0.10404587347592384	-0.07313411448905772	0.07090387855054275	-0.07448036841093664	0.09409274830836366	-0.09444320503763069	0.10429893213012739	-0.0943921223739465	0.10260077330674663	-0.21281743724261792	0.13397007033803537	-0.13338569117873403	0.11092830432261787	-0.09868850294246831	0.1793762202238603	-0.2369159037738747	0.16235886015096185	-0.11534278445127996	0.08804270505857129	-0.807460273926202	0.2613474355879821	-0.20435239951543424	0.10482382116354924	-0.07977357973385396	0.9999999999999882	-0.2545878458604999	0.18835434536842965	-0.12077843739938854	0.1090433587007053	-0.04472750055751878	0.14985129919457305	-0.12798660661002026	0.09870835684619432	-0.08899881809376513	0.04271786931189721	-0.1773279188887762	0.15055780435886565	-0.06055356018241151	0.06381612369005077
-0.03163942948983108	0.029167050182927	-0.06305545731853986	0.05373875264834845	-0.07402878850757993	0.07563096730666495	-0.10585305768874011	0.07364929181104457	-0.0721468590255491	0.07421580366358643	-0.08783289100864408	0.09260857430630169	-0.10871133896293246	0.09462366886252485	-0.10969475722069738	0.07534179527484841	-0.14788749865642759	0.14474027327997988	-0.12489786484384577	0.10428663970335593	-0.07442885713707945	0.24310180931344333	-0.20976179610551943	0.12720381706805595	-0.10202955465437087	0.21093965054664016	-0.5704364996935616	0.27360646261898486	-0.13391753330858328	0.09249222391635656	-0.2545878458604999	0.9999999999999849	-0.47232910344299484	0.1557542040300605	-0.13525446315422948	0.019334260098958972	-0.43755928710418696	0.17336856136314993	-0.1295651736265729	0.10848359408183014	-0.01970972989322656	0.26269319623942233	-0.20438347786231256	0.07290570978721315	-0.07720006762093562
0.03628458010071438	-0.03358888588830973	0.07310488741569482	-0.06290607983120912	0.08631712019605194	-0.08667372659297501	0.11898267644678628	-0.08635243416428566	0.084289756086062	-0.08828032749685555	0.09821154235505847	-0.10745186034583552	0.12658757595315098	-0.11396749812518168	0.1307215143571266	-0.07278500667761756	0.16793641583763833	-0.1897829556071005	0.15692369898939798	-0.13007780419511927	0.06882191843357406	-0.3016917512984791	0.25835790656785274	-0.1733682538878735	0.12556585584246865	-0.18403871474383215	0.29429230447572274	-0.6120970687314764	0.1869048704378402	-0.11901744563468247	0.18835434536842965	-0.47232910344299484	0.9999999999999873	-0.28782594641866927	0.16462486115321176	-0.016319097294596394	0.21097541255083177	-0.19865020716483503	0.14215759518459578	-0.13113596558267385	0.01652250993098681	-0.23744379169659396	0.195611532438196	-0.08030976974507172	0.0838209391750504
-0.037414569225112146	0.03436386968558198	-0.07874771676368962	0.06715363334257098	-0.09787797943191938	0.0817182554424035	-0.11684833539276172	0.08835175135673248	-0.08985744318242779	0.09806525236553143	-0.09303333277380817	0.0991799239379129	-0.1314076381233228	0.11994729767727584	-0.1717545758395994	0.05097637980291745	-0.15248656734193697	0.1587123725784831	-0.22678164442251617	0.16762279975692224	-0.04837603498388111	0.1689897360703939	-0.16186705576607938	0.25861936909390765	-0.22327240154864625	0.10427784457265024	-0.14253718462147774	0.17823379718740998	-0.7032553234515345	0.21814213894339676	-0.12077843739938854	0.1557542040300605	-0.28782594641866927	0.9999999999999863	-0.38005365233279714	0.010598309915628072	-0.12433448468967119	0.16906361589339186	-0.18835008918775217	0.1938194299224551	-0.01078150574253153	0.13448361748784943	-0.18885553200318952	0.09348581516813761	-0.1022954001733785
0.03393269575596317	-0.03127115320334232	0.07199330749302618	-0.06209040597790741	0.09176234950973604	-0.07264717253058968	0.10133762706118103	-0.07980908822534181	0.08108239260824103	-0.0954559803835108	0.0803155112580633	-0.08625946017919063	0.11490286462465617	-0.11036879698493837	0.1535264472550845	-0.04723527442514372	0.12570433415852514	-0.1329697973136666	0.16001501792819903	-0.16767444301349888	0.0441470933206329	-0.15130178938292507	0.1285988126137594	-0.20040839348762843	0.2421203322645667	-0.0963910287974914	0.12034375185466849	-0.1379622893761654	0.2348626081419935	-0.3649923968224041	0.1090433587007053	-0.13525446315422948	0.16462486115321176	-0.38005365233279714	0.9999999999999872	-0.010468289838412565	0.1272556057424152	-0.2644749536299337	0.2723184174903027	-0.6026817645120087	0.010614124472005975	-0.14633388409786352	0.21438208662066288	-0.14469426842996908	0.14473930752263434
-0.0026521561119670057	0.0024515792932091186	-0.005262688617539494	0.004501550497790807	-0.006271926281652838	0.0064733389089859	-0.008530569235922172	0.006062334512793428	-0.005950987084234438	0.006323296920429078	-0.0073335275823848385	0.007487954951680383	-0.008731086248402995	0.007839193891760353	-0.008951686039334236	0.011641421338287564	-0.010901739666622284	0.01066209800056667	-0.009420612648119974	0.008481312933164746	-0.010126772056511933	0.01708739079258151	-0.012812435447725451	0.009774657741511298	-0.00802160933073475	0.03358986936949831	-0.018659207944941074	0.015083439376717207	-0.009298808236307958	0.007239690748105689	-0.04472750055751878	0.019334260098958972	-0.016319097294596394	0.010598309915628072	-0.010468289838412565	0.9999999999999871	-0.02189366971752317	0.013888170109767225	-0.010289070824793913	0.008796047605160012	-0.9975988270254226	0.026679821818227062	-0.01833504588393111	0.00634229913943896	-0.006662440891315851
0.024997362106280667	-0.023035833505123317	0.05070823236103897	-0.04333064147928384	0.0612296447962728	-0.05764134466044057	0.08024580697192833	-0.05796146771683385	0.05738193500742045	-0.06175300222570581	0.06560577696678957	-0.06946000989039998	0.08443763155803782	-0.07574046642951386	0.09098077917808539	-0.052589131881850104	0.10611820842572345	-0.10592662933376408	0.09723828656114496	-0.08759626520096911	0.050062226638448865	-0.1676775797301573	0.1330742501048464	-0.10328055254537287	0.08894760632744592	-0.13594964703294712	0.21177326643965472	-0.16598243873940294	0.10421712646579	-0.08240358488751258	0.14985129919457305	-0.43755928710418696	0.21097541255083177	-0.12433448468967119	0.1272556057424152	-0.02189366971752317	0.9999999999999857	-0.28201651363409536	0.15044221230777552	-0.11972662448305528	0.021945016188934394	-0.753323218829994	0.2508258315646477	-0.0836135705441139	0.0839199692265112
-0.030076669342899195	0.027621104721581826	-0.0626712746199392	0.05342037030772908	-0.07840195937285388	0.06551758561837821	-0.09253814445108463	0.06940031436394488	-0.07003736135756279	0.07846634652633247	-0.07389679766932	0.07787826787906131	-0.1010160579445382	0.09215586604578957	-0.12312182214305739	0.0486200571577477	-0.11595658679250198	0.11539515817324418	-0.12285167041148465	0.11741858919301797	-0.04606972183742271	0.14851220765527315	-0.12812884668482458	0.13306048641122226	-0.14551181998041895	0.10758466718115918	-0.1477068959838444	0.14322856626365413	-0.1459383456826987	0.13350114246912778	-0.12798660661002026	0.17336856136314993	-0.19865020716483503	0.16906361589339186	-0.2644749536299337	0.013888170109767225	-0.28201651363409536	0.9999999999999849	-0.5725789952215201	0.2593876308735777	-0.014102600413059102	0.23936340766864006	-0.5679058711266576	0.1679208313358172	-0.1743839594672691
0.026976412551817774	-0.024832659203798884	0.05667625702548456	-0.04867177909661643	0.07165439603182831	-0.05817283108552796	0.08126781319233647	-0.06272292365304188	0.06342314084126482	-0.07347410207823439	0.06462042999206723	-0.06883148868302655	0.0902938745408195	-0.08503377787978633	0.11277189495282325	-0.04074763408793028	0.10048232101366715	-0.10322234219328685	0.11395482470758722	-0.11505079648584159	0.03815055056730965	-0.12728245749563832	0.10604932896154264	-0.13306994983041665	0.13847775581887153	-0.08651886546865553	0.10998316045544865	-0.1165006884354803	0.14190549534792266	-0.1466086288593505	0.09870835684619432	-0.1295651736265729	0.14215759518459578	-0.18835008918775217	0.2723184174903027	-0.010289070824793913	0.15044221230777552	-0.5725789952215201	0.9999999999999836	-0.6026238155008322	0.010418012331761033	-0.1661878676609623	0.26478134770726824	-0.220364580986962	0.18634444517484514
-0.025758190142959363	0.023661164087262272	-0.054506264213773796	0.046610195510629074	-0.06936256760821369	0.054955814573572535	-0.07762494467901217	0.05991129706192407	-0.06100247484333031	0.07010739175460837	-0.06147480788457319	0.06523122276009617	-0.08709725365107504	0.08121814939361154	-0.11649264407900232	0.03668958826553843	-0.09608528948901167	0.0978816652680128	-0.11640565494708345	0.11548546372188197	-0.034541034425171105	0.11373856864854245	-0.09890719285093473	0.13225418624236818	-0.17979210577127644	0.07615391202773251	-0.09736488009431667	0.10418944853190715	-0.16150311370188297	0.1773968054818787	-0.08899881809376513	0.10848359408183014	-0.13113596558267385	0.1938194299224551	-0.6026817645120087	0.008796047605160012	-0.11972662448305528	0.2593876308735777	-0.6026238155008322	0.9999999999999825	-0.008931604525758398	0.12874520126417194	-0.23969462810858985	0.17434630842394075	-0.21035322086093594
0.0026994304731377252	-0.002495918315561045	0.005355143879940772	-0.004582630175571828	0.0063824275008327845	-0.006598385963975461	0.00867611103224386	-0.006171800211765741	0.006056389199423324	-0.006441184098861237	0.007467225624508382	-0.0076268919791252585	0.008881780927611842	-0.00798580989411891	0.009101933555865794	-0.011982920925617008	0.011084787660829227	-0.010864270351716963	0.009581649494876332	-0.00863518847293124	0.010367993144489695	-0.01747901242834925	0.013032281930911188	-0.009955226644588228	0.008145403415120215	-0.03450946506856272	0.018928253512419852	-0.01538807721038115	0.009444696392260333	-0.007358003929955889	0.04271786931189721	-0.01970972989322656	0.01652250993098681	-0.01078150574253153	0.010614124472005975	-0.9975988270254226	0.021945016188934394	-0.014102600413059102	0.010418012331761033	-0.008931604525758398	0.9999999999999825	-0.02765517019598425	0.01846759190891272	-0.00642973156786162	0.0067447568858817405
-0.028843530260229018	0.02650702852201109	-0.05853868232105157	0.04975404302277743	-0.07071574779345538	0.06575089941654133	-0.09300229002715554	0.06637027527448175	-0.06598183841917953	0.07036144895902678	-0.07556917622505557	0.07895177037314714	-0.0972795436615101	0.08592370895811328	-0.1051673309864861	0.05727574761812595	-0.121414080075195	0.1168589929008419	-0.11048532602904494	0.0987366497784293	-0.055361124258160976	0.16870331391312818	-0.14767174817125564	0.11427847702843513	-0.10255785219650237	0.14008008256797563	-0.22588899664827963	0.16734941772869466	-0.1184999272758133	0.09283041636617323	-0.1773279188887762	0.26269319623942233	-0.23744379169659396	0.13448361748784943	-0.14633388409786352	0.026679821818227062	-0.753323218829994	0.23936340766864006	-0.1661878676609623	0.12874520126417194	-0.02765517019598425	0.9999999999999825	-0.4074602693806071	0.0999839690431153	-0.10360745642222258
0.03778558421878191	-0.034780464207466166	0.07873352840731372	-0.06751960676418232	0.09902059074332237	-0.0819493558201619	0.11401919551864025	-0.08703409037104966	0.08757350511179432	-0.1010167184488253	0.0909299974529128	-0.09644304996423295	0.12465590707945517	-0.11641445832690905	0.1454200154038039	-0.061545215476657096	0.13998823415452805	-0.1411652345299807	0.1433993335014842	-0.1431722018311827	0.05733873261940259	-0.1882494118052245	0.15003730291852962	-0.16017489744054916	0.14517837298248604	-0.13378662351816006	0.16703796834422185	-0.16618666329438328	0.15477348474782127	-0.14010483096762938	0.15055780435886565	-0.20438347786231256	0.195611532438196	-0.18885553200318952	0.21438208662066288	-0.01833504588393111	0.2508258315646477	-0.5679058711266576	0.26478134770726824	-0.23969462810858985	0.01846759190891272	-0.4074602693806071	0.999999999999982	-0.2347339617037098	0.1900654969532316
