1.0000000000000002	-0.5293099683277348	0.18569287712992766	-0.15040923988823268	0.18549328165168996	-0.5948938352410276	0.31332011125831594	-0.17549397055660543	0.17829341101183224	-0.18834501031484097	0.2182249617537249	-0.24045301866322732	0.1640255588180389	-0.1724977183164145	0.13909069236342458	-0.2143009740133877	0.19602514831517068	-0.21489470500498464	0.110252087323506	-0.11258632337844883	0.07688964637247384	-0.09996708942203432	0.11733909766828987	-0.08436984440555888	0.07090151758930138	-0.09377561408309362	0.09459659573803123	-0.09992691645550528	0.08155695804581876	-0.06379652911350372	0.09288058983839846	-0.07750456242629439	0.10524850581809345	-0.07123994066988215	0.06720845731148474	-0.06476184330452532	0.08756106737465867	-0.0748481545441624	0.07066826474087859	-0.059268265090628464	0.09006844145209209	-0.0739055742036491	0.08956744798513998	-0.063674795652685	0.06951075238241393
-0.5293099683277348	1.0	-0.31185364736276056	0.17932397312498066	-0.23179100554407686	0.3118273156834429	-0.5964882358440967	0.2048327329131196	-0.21825241987157704	0.1700485633116104	-0.20972657940790596	0.218722209563202	-0.15890078239046068	0.1512691230695853	-0.13349169814167644	0.1676446091605377	-0.199103508708752	0.17755760247976585	-0.10067188905676756	0.09820643307067486	-0.0629194290972939	0.08044561327887537	-0.09928549675482083	0.0696347474027533	-0.05963213285253376	0.07465270718971674	-0.07847009802195405	0.08194416623955451	-0.06811224033213843	0.052854133330413736	-0.07652774513870995	0.0637260305218622	-0.08777103423861926	0.05862926296760705	-0.05573028274996965	0.05310518643507516	-0.0725395358605372	0.06169395117220497	-0.0583924585293092	0.04868790907775618	-0.07439652037000653	0.060416823975478776	-0.07405665022131137	0.05174727933501801	-0.0570849597331953
0.18569287712992766	-0.31185364736276056	1.0	-0.497937764379925	0.2725537483976633	-0.1450782001257374	0.16470436478778583	-0.649008765819254	0.3147922786669558	-0.2337999896847435	0.10847388192209574	-0.1289414557996746	0.1770952081134367	-0.18354002908920458	0.14874975183166508	-0.10505752826044894	0.11649379313917493	-0.19781005257795897	0.10850010952305575	-0.11263016990750052	0.04823656992272825	-0.0642119553698412	0.0877371042160932	-0.06285441478197833	0.05209769310636318	-0.05944635574919554	0.06180940775805433	-0.07217574172127465	0.0586117889696022	-0.04683000757223019	0.05949926835077367	-0.05093982141316561	0.07080615258230336	-0.04843653415661339	0.045366661866966286	-0.0416945444846774	0.05733045381581557	-0.04976455412042465	0.047091627484467526	-0.039807337849578676	0.057474736747427674	-0.04843659333516084	0.058220597865498	-0.04203826520232823	0.045416671113045586
-0.15040923988823268	0.17932397312498066	-0.497937764379925	1.0000000000000004	-0.649489015800959	0.1089548484008567	-0.11812089441795647	0.2821199328678005	-0.451774599297575	0.23568646264271317	-0.08662926458856866	0.10051146036763701	-0.1410624934284195	0.1561443647246995	-0.14603495793084548	0.08533985727651512	-0.09527463444467527	0.159863281868315	-0.098248891724283	0.10207638416707568	-0.04159233058426613	0.05538569060943143	-0.07581760526696235	0.054374518680197235	-0.045803487477565144	0.051588188817726865	-0.05420551313449779	0.06249268113054901	-0.05118840774003175	0.04097847752216349	-0.05215677291003107	0.044611906519828576	-0.06224357932435812	0.042488967683793455	-0.03992624083821307	0.03659937619680916	-0.050507787944369546	0.04372889301254787	-0.041450700984266876	0.034984602628003535	-0.05058660990750388	0.04258426176201215	-0.05138363712884871	0.03697081956095567	-0.04007408922650425
0.18549328165168996	-0.23179100554407686	0.2725537483976633	-0.649489015800959	1.0000000000000002	-0.14595893388465567	0.1411910220524434	-0.2647384837953692	0.29552908222205143	-0.42795697316092746	0.11716449680081685	-0.13941292059871704	0.18689438067389896	-0.23744946226666214	0.21533547043670762	-0.12306663279450425	0.13206186028125805	-0.24617192616536784	0.14637751180051356	-0.1622471911596854	0.06302762744509673	-0.08486351374575542	0.11469241151942837	-0.0837802352596854	0.06998887401395397	-0.07939548552991506	0.08234283672408507	-0.09638992337539642	0.0781775722407879	-0.06319025434886316	0.07933964341769811	-0.06810793357303954	0.09459854500471224	-0.06514211453539887	0.06093016209349357	-0.055856425053750346	0.07686095159305423	-0.06682756594629632	0.06328963384099794	-0.05363355839144339	0.07688913754684736	-0.06526775341351697	0.07823342136380317	-0.05689330831492517	0.061269960786861595
-0.5948938352410276	0.3118273156834429	-0.1450782001257374	0.1089548484008567	-0.14595893388465567	1.0000000000000004	-0.6150153701124559	0.1304476288773979	-0.1405816688951593	0.12372586794844916	-0.3184890191477369	0.24355938924291778	-0.12921232715429384	0.1199531130431368	-0.10023452232173832	0.19054886516882755	-0.20087525109967638	0.1479322007675956	-0.07879172532195153	0.07650438089670408	-0.056203510079985725	0.07035333576977128	-0.08179045989884039	0.05730174268767009	-0.048565823121877495	0.06441277024887745	-0.0653334831259376	0.06757753165935705	-0.05579507409902016	0.043202213936290826	-0.06411484879340518	0.05303363001447601	-0.07188870114531776	0.048066941151539755	-0.04552455279840388	0.04416730538518729	-0.059495082717930074	0.05064159246465573	-0.04775536709154483	0.03986893875167615	-0.061622830443861056	0.04969502956873014	-0.06052222119932788	0.04240515315910242	-0.0465701744953497
0.31332011125831594	-0.5964882358440967	0.16470436478778583	-0.11812089441795647	0.1411910220524434	-0.6150153701124559	1.0000000000000004	-0.1615161034833148	0.14375550036999965	-0.12482411821229998	0.22526897982521435	-0.3272201003922637	0.13169837747974153	-0.1222892197080883	0.0981231163969972	-0.1742635928171622	0.18634642302329207	-0.14832972021043325	0.07708097517792734	-0.07549451309007375	0.05040664781224439	-0.06379263450957377	0.07522065417574676	-0.052905252676024146	0.044254520858936344	-0.05795065853151635	0.05799103504752545	-0.061895103044349115	0.05068578916544187	-0.03953286763280917	0.056759438802309235	-0.04725788285945338	0.06396350647013034	-0.04305375419683427	0.0405667576115466	-0.0391202188452359	0.05259539536725137	-0.0450464565126501	0.0424350109691218	-0.03557427297485555	0.05425074035464054	-0.044120034750721716	0.05334299238943932	-0.03773692596078517	0.04115282279951207
-0.17549397055660543	0.2048327329131196	-0.649008765819254	0.2821199328678005	-0.2647384837953692	0.1304476288773979	-0.1615161034833148	1.0000000000000002	-0.5808066007149659	0.21759602615403967	-0.10531939876614126	0.12377066038826967	-0.24002359328439407	0.18556819920809567	-0.15489634694622995	0.09857415359817251	-0.11422197748464451	0.1911419968086692	-0.11068458341279072	0.10858543902812666	-0.045411448127016876	0.06010624715100515	-0.08509445145077497	0.05964801747560052	-0.04982752205976391	0.05540308039066792	-0.058442811377162666	0.06815682889109326	-0.055895768537242665	0.044384462153133464	-0.0560313148108518	0.04800383262738394	-0.06722990227006395	0.0456971575084196	-0.042942726816120734	0.03919791390429879	-0.054168618410501745	0.04694287362636296	-0.04447880304050934	0.037506501249422744	-0.05414197691211539	0.04550322485893067	-0.054942226826996975	0.03941099036784633	-0.042751552048692604
0.17829341101183224	-0.21825241987157704	0.3147922786669558	-0.451774599297575	0.29552908222205143	-0.1405816688951593	0.14375550036999965	-0.5808066007149659	0.9999999999999988	-0.4119399649098588	0.11372824637450243	-0.1366428718747938	0.20691439414772553	-0.25132872300473574	0.2127565251419719	-0.1152848615815624	0.12711213153179213	-0.2376843198246525	0.14347584973564775	-0.1534502566893154	0.056472810684421754	-0.07567922595315442	0.10523684575900456	-0.07591250569483109	0.06334746864362727	-0.07016172156430693	0.0731898304736654	-0.08667544338018567	0.07051026860369117	-0.056905698659465834	0.07025467360019944	-0.060436666553718835	0.08430564817591377	-0.057891601727907145	0.05416997777979069	-0.04933909065185364	0.06804979492852692	-0.059227344063924554	0.05610265743591806	-0.047519610129190405	0.06788918826471384	-0.05757470035518875	0.06908014469223694	-0.05009875319917946	0.054002358341168566
-0.18834501031484097	0.1700485633116104	-0.2337999896847435	0.23568646264271317	-0.42795697316092746	0.12372586794844916	-0.12482411821229998	0.21759602615403967	-0.4119399649098588	0.9999999999999984	-0.11194101643967108	0.1274267657474192	-0.21630283066885975	0.26202272370272855	-0.6072979379793642	0.11014987217227495	-0.1298073007987589	0.22070126470392237	-0.21966998740129903	0.2147901531501638	-0.0597366417684202	0.07894516452923027	-0.11501069601309435	0.08153443510586382	-0.07301529664205715	0.07363574976683727	-0.08085102974511184	0.09203218287115822	-0.07822420989994514	0.06342306426645462	-0.07701909414905929	0.06608659838871561	-0.0942499808707882	0.06367071518856535	-0.060522140570437664	0.05406320765346679	-0.07593114557332184	0.0653945658832302	-0.062397263465505566	0.05239807618743354	-0.075226492238988	0.06315181455881763	-0.07727125302486167	0.05475258013828588	-0.06006081274616493
0.2182249617537249	-0.20972657940790596	0.10847388192209574	-0.08662926458856866	0.11716449680081685	-0.3184890191477369	0.22526897982521435	-0.10531939876614126	0.11372824637450243	-0.11194101643967108	1.0	-0.632701065306425	0.1574900988273077	-0.1346708515075201	0.09912567556943667	-0.5741698506148409	0.3189209594421416	-0.17782872214278547	0.08304528404819025	-0.0785991097704822	0.07521307234342052	-0.08736884091177904	0.08565706293107711	-0.059506557429454925	0.04843159692842345	-0.07593130900643823	0.0669065789625818	-0.06954371776534526	0.05606496356869401	-0.0434744957005877	0.06663050073263273	-0.05437650689510565	0.06988313605730961	-0.04699158184974799	0.04379818716626376	-0.04464029271973333	0.05732196524507434	-0.049248134665274876	0.04581584889326121	-0.03852944341006098	0.06094046809161912	-0.04827420146397277	0.05717758333849174	-0.040599771928570796	0.04368343866274897
-0.24045301866322732	0.218722209563202	-0.1289414557996746	0.10051146036763701	-0.13941292059871704	0.24355938924291778	-0.3272201003922637	0.12377066038826967	-0.1366428718747938	0.1274267657474192	-0.632701065306425	0.9999999999999971	-0.24230205653616435	0.15973960363116518	-0.12040345965535117	0.31396442587762463	-0.51533644480259	0.2057654178411427	-0.10046366543871296	0.09147408080963942	-0.07106614840563148	0.08681331631902434	-0.09656089427706445	0.06580647657300823	-0.054065250329483214	0.07466495331998044	-0.07170173786823965	0.07631089338895734	-0.062227284727955585	0.04813142038767771	-0.07041078043859368	0.05802105755298399	-0.07677857918623995	0.05145057577321184	-0.04818874668633173	0.04756777845571178	-0.06249649014214172	0.053697129834029585	-0.050235276901157165	0.04216838441743324	-0.06545371292787605	0.052335860614690664	-0.06256412252832479	0.04425755288746481	-0.0479027266253041
0.1640255588180389	-0.15890078239046068	0.1770952081134367	-0.1410624934284195	0.18689438067389896	-0.12921232715429384	0.13169837747974153	-0.24002359328439407	0.20691439414772553	-0.21630283066885975	0.1574900988273077	-0.24230205653616435	0.9999999999999986	-0.5894963183417646	0.23254096145261305	-0.14980648260302892	0.1849037188845257	-0.6017925307984376	0.20866549643187474	-0.18624663762204655	0.06582968174222126	-0.08862602903671579	0.14794315411654582	-0.09983107170574304	0.07668205377285349	-0.0781254491499064	0.08176445771331209	-0.11008063547381422	0.08690661692707996	-0.06875223744965143	0.07694515438941135	-0.06768556994372356	0.09590308524644545	-0.06573599782661778	0.060763897472087	-0.053633088009523294	0.07436916552972182	-0.06588505443661782	0.06211820626329087	-0.05286854904826952	0.07287954991213103	-0.06258396075230321	0.07432072884117182	-0.054257916169156796	0.0579191446157221
-0.1724977183164145	0.1512691230695853	-0.18354002908920458	0.1561443647246995	-0.23744946226666214	0.1199531130431368	-0.1222892197080883	0.18556819920809567	-0.25132872300473574	0.26202272370272855	-0.1346708515075201	0.15973960363116518	-0.5894963183417646	0.9999999999999971	-0.47076684278638947	0.1246264923123753	-0.15782295903211152	0.300362136875164	-0.366216641399915	0.25320610237663177	-0.06277819465128223	0.08293647493885442	-0.13281999210913512	0.0902856849090778	-0.07853092779755165	0.0754695447014664	-0.08237217929264443	0.09960745130806356	-0.08424653596383251	0.06807606953246907	-0.07771115976766096	0.06743766166810058	-0.09675522220665042	0.06546979473404171	-0.06180622493619757	0.05430010550042846	-0.07628275449856554	0.06637115831034907	-0.06321277673903433	0.05331376485086675	-0.07489723582815497	0.06343016025763734	-0.07692017181641322	0.054978596287915564	-0.059791235386884134
0.13909069236342458	-0.13349169814167644	0.14874975183166508	-0.14603495793084548	0.21533547043670762	-0.10023452232173832	0.0981231163969972	-0.15489634694622995	0.2127565251419719	-0.6072979379793642	0.09912567556943667	-0.12040345965535117	0.23254096145261305	-0.47076684278638947	0.9999999999999974	-0.10209340230811358	0.1183737591331719	-0.26592645248442565	0.27292315481815876	-0.4270380289291312	0.05338540974395997	-0.0719228939247885	0.10947534416822875	-0.08098229144537528	0.07213676300029752	-0.06573658324586891	0.06980173662591785	-0.08794448450259186	0.07330703170965981	-0.06365316282269554	0.06609147412182677	-0.057771466663551464	0.08194857495681705	-0.056949628182183354	0.053256566535741026	-0.04641682054776726	0.06477169398132962	-0.0569489389086896	0.05423143554105462	-0.04628133182011175	0.06351690886875345	-0.054596434004740124	0.0653107295031042	-0.04773844495475191	0.051235152840207215
-0.2143009740133877	0.1676446091605377	-0.10505752826044894	0.08533985727651512	-0.12306663279450425	0.19054886516882755	-0.1742635928171622	0.09857415359817251	-0.1152848615815624	0.11014987217227495	-0.5741698506148409	0.31396442587762463	-0.14980648260302892	0.1246264923123753	-0.10209340230811358	0.9999999999999977	-0.6836312397930892	0.17979976338687606	-0.08609386542622914	0.07894496079750209	-0.11550115327780819	0.11524810225607827	-0.09918802864060584	0.06720937152604127	-0.05531874204989953	0.09741151902764937	-0.08322284044506155	0.07943322239136551	-0.06456790950614805	0.04930711551160958	-0.08435264126352769	0.06649291000541768	-0.08255405081487632	0.05468432994495619	-0.05105684161333931	0.05490902982891231	-0.0683154642427618	0.05809929633053917	-0.05362534851289175	0.04485093353222593	-0.07523553089015758	0.05714060354760036	-0.06749556067519298	0.04714297524681612	-0.050828432106531644
0.19602514831517068	-0.199103508708752	0.11649379313917493	-0.09527463444467527	0.13206186028125805	-0.20087525109967638	0.18634642302329207	-0.11422197748464451	0.12711213153179213	-0.1298073007987589	0.3189209594421416	-0.51533644480259	0.1849037188845257	-0.15782295903211152	0.1183737591331719	-0.6836312397930892	0.9999999999999976	-0.272561677512447	0.10371299380105851	-0.09692454886730148	0.10116426524173257	-0.12611196384007659	0.11286439941568176	-0.07753047510763034	0.06147547311852044	-0.09974623506889191	0.08620647951292518	-0.09017677933547259	0.07170284285945076	-0.0554345398550868	0.08563673332362928	-0.0698356567588459	0.08789715820045159	-0.05920208539784169	0.054771232102741006	-0.056810925151697354	0.07168368372481133	-0.06187595090590502	0.05721694367622583	-0.0482591381101373	0.07692788736484416	-0.06054032804685144	0.07088775528678583	-0.05059656754337604	0.0539799744496112
-0.21489470500498464	0.17755760247976585	-0.19781005257795897	0.159863281868315	-0.24617192616536784	0.1479322007675956	-0.14832972021043325	0.1911419968086692	-0.2376843198246525	0.22070126470392237	-0.17782872214278547	0.2057654178411427	-0.6017925307984376	0.300362136875164	-0.26592645248442565	0.17979976338687606	-0.272561677512447	0.9999999999999987	-0.2936263259286367	0.20678278714257792	-0.09617122188141873	0.12801172421066967	-0.2911024440933995	0.15177495042687913	-0.11803744873797253	0.11152913279649769	-0.12372864210966085	0.1658679154222213	-0.13692861207299456	0.10226072159021506	-0.11419159724453938	0.10116680432815138	-0.14881489461206077	0.09877414857084095	-0.09232844714332213	0.07936994590167426	-0.11252265347516913	0.09914145867892583	-0.09389092104432761	0.07908932943329566	-0.10839583280487475	0.09292240140295996	-0.1119327444932641	0.08016443687645881	-0.08656271294744819
0.110252087323506	-0.10067188905676756	0.10850010952305575	-0.098248891724283	0.14637751180051356	-0.07879172532195153	0.07708097517792734	-0.11068458341279072	0.14347584973564775	-0.21966998740129903	0.08304528404819025	-0.10046366543871296	0.20866549643187474	-0.366216641399915	0.27292315481815876	-0.08609386542622914	0.10371299380105851	-0.2936263259286367	0.9999999999999969	-0.80303934703516	0.04668393758282853	-0.06328806195374333	0.10512930481630464	-0.08242176439928012	0.07782445942830837	-0.05694742481814388	0.06100831250294081	-0.08199821988500428	0.07121052880363944	-0.06746198698324707	0.05711314695061312	-0.0506816599888761	0.07286549406270024	-0.05167557027883647	0.048293517203796425	-0.04010805857410044	0.05643309491157292	-0.050202031123535815	0.04816786257028824	-0.04156267945251957	0.05451016037315742	-0.047518182775425404	0.05652056621452929	-0.041879206571277805	0.04464447822193953
-0.11258632337844883	0.09820643307067486	-0.11263016990750052	0.10207638416707568	-0.1622471911596854	0.07650438089670408	-0.07549451309007375	0.10858543902812666	-0.1534502566893154	0.2147901531501638	-0.0785991097704822	0.09147408080963942	-0.18624663762204655	0.25320610237663177	-0.4270380289291312	0.07894496079750209	-0.09692454886730148	0.20678278714257792	-0.80303934703516	0.9999999999999962	-0.04482106313576994	0.06007888340515683	-0.09870955513989654	0.07740757974441084	-0.08599537998099571	0.054738183583803425	-0.06003200783665474	0.07698179202985875	-0.07003043342872527	0.06860848038036255	-0.05617601098898827	0.04956240657431752	-0.07193307069527237	0.05078229421127894	-0.04815240370825975	0.039465685353264474	-0.05599272024718299	0.049383790889222054	-0.04774779564894575	0.04104828794544732	-0.054029679316808576	0.04675970177131214	-0.05626745962893229	0.0412311949495551	-0.044415428473046845
0.07688964637247384	-0.0629194290972939	0.04823656992272825	-0.04159233058426613	0.06302762744509673	-0.056203510079985725	0.05040664781224439	-0.045411448127016876	0.056472810684421754	-0.0597366417684202	0.07521307234342052	-0.07106614840563148	0.06582968174222126	-0.06277819465128223	0.05338540974395997	-0.11550115327780819	0.10116426524173257	-0.09617122188141873	0.04668393758282853	-0.04482106313576994	0.9999999999999959	-0.7083872651880211	0.14936439702408416	-0.09971041019918776	0.07438551723294846	-0.581317918017322	0.19500598001765274	-0.12640485087110478	0.09364582141175253	-0.06886501984271547	0.224077569394117	-0.1564311135257504	0.13233025932414977	-0.08518749232568228	0.07540510789437882	-0.12643713585324062	0.11599902654306195	-0.0970242156914211	0.08172372369720966	-0.06856032166601131	0.15580623552393677	-0.09914688369479127	0.10471990364712258	-0.0715425374027557	0.07266757059504382
-0.09996708942203432	0.08044561327887537	-0.0642119553698412	0.05538569060943143	-0.08486351374575542	0.07035333576977128	-0.06379263450957377	0.06010624715100515	-0.07567922595315442	0.07894516452923027	-0.08736884091177904	0.08681331631902434	-0.08862602903671579	0.08293647493885442	-0.0719228939247885	0.11524810225607827	-0.12611196384007659	0.12801172421066967	-0.06328806195374333	0.06007888340515683	-0.7083872651880211	0.9999999999999948	-0.2560082137914718	0.14197996962262846	-0.10952727700177257	0.31153184058753886	-0.3291433182847922	0.17858989824970226	-0.1382743824927251	0.09838302213078409	-0.2949960350366657	0.21061402699027407	-0.193739000744783	0.12018942071067822	-0.10838529165998712	0.16269519348083106	-0.16545194003105965	0.13630654475289974	-0.11668021795721949	0.09658793203092537	-0.22336781197625807	0.1365513900872341	-0.14968296602303907	0.09949076389314097	-0.10308545121450978
0.11733909766828987	-0.09928549675482083	0.0877371042160932	-0.07581760526696235	0.11469241151942837	-0.08179045989884039	0.07522065417574676	-0.08509445145077497	0.10523684575900456	-0.11501069601309435	0.08565706293107711	-0.09656089427706445	0.14794315411654582	-0.13281999210913512	0.10947534416822875	-0.09918802864060584	0.11286439941568176	-0.2911024440933995	0.10512930481630464	-0.09870955513989654	0.14936439702408416	-0.2560082137914718	0.999999999999996	-0.5441675395081896	0.21789226454567998	-0.172338127437079	0.18021413135610756	-0.5351001707057569	0.29583970331998327	-0.2124121770521823	0.1557391646107686	-0.15781523023998825	0.23547195440171217	-0.16842791518918013	0.14127783753827683	-0.10913253832927015	0.15373491606511383	-0.15370548978899928	0.1390314002577341	-0.12335761244105752	0.13786187435487954	-0.13308303310810132	0.14566568947166852	-0.11675303058907457	0.1156346651279937
-0.08436984440555888	0.0696347474027533	-0.06285441478197833	0.054374518680197235	-0.0837802352596854	0.05730174268767009	-0.052905252676024146	0.05964801747560052	-0.07591250569483109	0.08153443510586382	-0.059506557429454925	0.06580647657300823	-0.09983107170574304	0.0902856849090778	-0.08098229144537528	0.06720937152604127	-0.07753047510763034	0.15177495042687913	-0.08242176439928012	0.07740757974441084	-0.09971041019918776	0.14197996962262846	-0.5441675395081896	0.9999999999999938	-0.4345576025832318	0.11563675921433186	-0.13717938345265374	0.2912194633391144	-0.5802958675697302	0.28133678560752706	-0.1159028343769874	0.1168056511670548	-0.19274637722147425	0.15617216507088286	-0.1419731908869614	0.0819397832421007	-0.12432322708510321	0.12107863970885034	-0.1257031963182729	0.11085572743317786	-0.10511912468679233	0.10329371450668304	-0.11797068831000912	0.09660932445072419	-0.09919143476730301
0.07090151758930138	-0.05963213285253376	0.05209769310636318	-0.045803487477565144	0.06998887401395397	-0.048565823121877495	0.044254520858936344	-0.04982752205976391	0.06334746864362727	-0.07301529664205715	0.04843159692842345	-0.054065250329483214	0.07668205377285349	-0.07853092779755165	0.07213676300029752	-0.05531874204989953	0.06147547311852044	-0.11803744873797253	0.07782445942830837	-0.08599537998099571	0.07438551723294846	-0.10952727700177257	0.21789226454567998	-0.4345576025832318	0.9999999999999954	-0.09675841951117381	0.10752311951335275	-0.2266887532235177	0.2957176987112824	-0.7845534641453951	0.09351596555454204	-0.09602498354102101	0.15162926424641637	-0.15286626952092297	0.14833676784273003	-0.06836783097070168	0.1039809610699717	-0.10482881666413962	0.11422892451420727	-0.11761763780647362	0.08642059445002409	-0.09025134433719184	0.10025494894346162	-0.0923565518431586	0.09119526300000459
-0.09377561408309362	0.07465270718971674	-0.05944635574919554	0.051588188817726865	-0.07939548552991506	0.06441277024887745	-0.05795065853151635	0.05540308039066792	-0.07016172156430693	0.07363574976683727	-0.07593130900643823	0.07466495331998044	-0.0781254491499064	0.0754695447014664	-0.06573658324586891	0.09741151902764937	-0.09974623506889191	0.11152913279649769	-0.05694742481814388	0.054738183583803425	-0.581317918017322	0.31153184058753886	-0.172338127437079	0.11563675921433186	-0.09675841951117381	0.9999999999999958	-0.3002675634375812	0.15587077335775085	-0.12115759503441126	0.0878761501078153	-0.5161346582788341	0.22770387234509337	-0.193858948922432	0.11974204811259863	-0.10784420335613785	0.22087657941260375	-0.18209757330398652	0.1439989242531393	-0.11927279669984488	0.09798475282851658	-0.291388659685624	0.151189018007262	-0.1609779574261958	0.10298182193552462	-0.10612497782455542
0.09459659573803123	-0.07847009802195405	0.06180940775805433	-0.05420551313449779	0.08234283672408507	-0.0653334831259376	0.05799103504752545	-0.058442811377162666	0.0731898304736654	-0.08085102974511184	0.0669065789625818	-0.07170173786823965	0.08176445771331209	-0.08237217929264443	0.06980173662591785	-0.08322284044506155	0.08620647951292518	-0.12372864210966085	0.06100831250294081	-0.06003200783665474	0.19500598001765274	-0.3291433182847922	0.18021413135610756	-0.13717938345265374	0.10752311951335275	-0.3002675634375812	0.9999999999999971	-0.23530721107464225	0.14267245697761707	-0.1049763534834492	0.2681015381501598	-0.7344990602574013	0.24877081995951686	-0.15352553520009085	0.1242638717455852	-0.17470978873834092	0.19999001170146588	-0.1808264288024046	0.13746803370169794	-0.11791402348589923	0.18755703900153906	-0.17154290240119718	0.1653748815564322	-0.1212490202814201	0.11609789863352418
-0.09992691645550528	0.08194416623955451	-0.07217574172127465	0.06249268113054901	-0.09638992337539642	0.06757753165935705	-0.061895103044349115	0.06815682889109326	-0.08667544338018567	0.09203218287115822	-0.06954371776534526	0.07631089338895734	-0.11008063547381422	0.09960745130806356	-0.08794448450259186	0.07943322239136551	-0.09017677933547259	0.1658679154222213	-0.08199821988500428	0.07698179202985875	-0.12640485087110478	0.17858989824970226	-0.5351001707057569	0.2912194633391144	-0.2266887532235177	0.15587077335775085	-0.23530721107464225	0.9999999999999963	-0.48187259124220044	0.20916130704237065	-0.1647567620171106	0.19192705098496732	-0.4566949313559789	0.2034217641876319	-0.17311577094522718	0.11695492168706047	-0.19292949647358715	0.19408225000938167	-0.17136193293928506	0.1419935572222721	-0.14609498168808413	0.15058661831000925	-0.17413326989553	0.12850033225299284	-0.1306265726063178
0.08155695804581876	-0.06811224033213843	0.0586117889696022	-0.05118840774003175	0.0781775722407879	-0.05579507409902016	0.05068578916544187	-0.055895768537242665	0.07051026860369117	-0.07822420989994514	0.05606496356869401	-0.062227284727955585	0.08690661692707996	-0.08424653596383251	0.07330703170965981	-0.06456790950614805	0.07170284285945076	-0.13692861207299456	0.07121052880363944	-0.07003043342872527	0.09364582141175253	-0.1382743824927251	0.29583970331998327	-0.5802958675697302	0.2957176987112824	-0.12115759503441126	0.14267245697761707	-0.48187259124220044	0.9999999999999936	-0.4562181827227474	0.11822980344656178	-0.12897082299645046	0.21703302763911606	-0.2222940035229657	0.16720375560805587	-0.0863904844772997	0.13371493267917992	-0.1393775441153202	0.14524748496412276	-0.1329519789389066	0.10776985596430126	-0.11422938113825741	0.12627900085136418	-0.11052802110922674	0.10934155686596059
-0.06379652911350372	0.052854133330413736	-0.04683000757223019	0.04097847752216349	-0.06319025434886316	0.043202213936290826	-0.03953286763280917	0.044384462153133464	-0.056905698659465834	0.06342306426645462	-0.0434744957005877	0.04813142038767771	-0.06875223744965143	0.06807606953246907	-0.06365316282269554	0.04930711551160958	-0.0554345398550868	0.10226072159021506	-0.06746198698324707	0.06860848038036255	-0.06886501984271547	0.09838302213078409	-0.2124121770521823	0.28133678560752706	-0.7845534641453951	0.0878761501078153	-0.1049763534834492	0.20916130704237065	-0.4562181827227474	0.9999999999999966	-0.08904530065097259	0.09201180995162812	-0.15599403543859036	0.1583314822973322	-0.18883797096553154	0.06497086483681656	-0.10326662486161738	0.1029219999779946	-0.1204404808925861	0.1211187296717902	-0.08262724201789035	0.0864206417536536	-0.09884045583436377	0.09004717791067955	-0.0925577169331121
0.09288058983839846	-0.07652774513870995	0.05949926835077367	-0.05215677291003107	0.07933964341769811	-0.06411484879340518	0.056759438802309235	-0.0560313148108518	0.07025467360019944	-0.07701909414905929	0.06663050073263273	-0.07041078043859368	0.07694515438941135	-0.07771115976766096	0.06609147412182677	-0.08435264126352769	0.08563673332362928	-0.11419159724453938	0.05711314695061312	-0.05617601098898827	0.224077569394117	-0.2949960350366657	0.1557391646107686	-0.1159028343769874	0.09351596555454204	-0.5161346582788341	0.2681015381501598	-0.1647567620171106	0.11822980344656178	-0.08904530065097259	0.999999999999997	-0.3928642917502612	0.2016791720090584	-0.13057360755005315	0.11075231957005739	-0.5001168299260981	0.20429083928738218	-0.16717148081744618	0.12550220033781243	-0.10621598589218036	0.29792971058091694	-0.18257963673965177	0.16703072908896233	-0.11378059347131926	0.1099938272134185
-0.07750456242629439	0.0637260305218622	-0.05093982141316561	0.044611906519828576	-0.06810793357303954	0.05303363001447601	-0.04725788285945338	0.04800383262738394	-0.060436666553718835	0.06608659838871561	-0.05437650689510565	0.05802105755298399	-0.06768556994372356	0.06743766166810058	-0.057771466663551464	0.06649291000541768	-0.0698356567588459	0.10116680432815138	-0.0506816599888761	0.04956240657431752	-0.1564311135257504	0.21061402699027407	-0.15781523023998825	0.1168056511670548	-0.09602498354102101	0.22770387234509337	-0.7344990602574013	0.19192705098496732	-0.12897082299645046	0.09201180995162812	-0.3928642917502612	0.9999999999999997	-0.34391788528461975	0.14961511180922915	-0.12297063134170796	0.18457407483371496	-0.24766413089068373	0.19051748237333457	-0.1388075129874448	0.1131550590660908	-0.20214376743106932	0.1672936383977285	-0.16752596456385596	0.11202411536386998	-0.10926648810310544
0.10524850581809345	-0.08777103423861926	0.07080615258230336	-0.06224357932435812	0.09459854500471224	-0.07188870114531776	0.06396350647013034	-0.06722990227006395	0.08430564817591377	-0.0942499808707882	0.06988313605730961	-0.07677857918623995	0.09590308524644545	-0.09675522220665042	0.08194857495681705	-0.08255405081487632	0.08789715820045159	-0.14881489461206077	0.07286549406270024	-0.07193307069527237	0.13233025932414977	-0.193739000744783	0.23547195440171217	-0.19274637722147425	0.15162926424641637	-0.193858948922432	0.24877081995951686	-0.4566949313559789	0.21703302763911606	-0.15599403543859036	0.2016791720090584	-0.34391788528461975	0.999999999999996	-0.37510544401993406	0.22044576007227326	-0.1564906231150786	0.26884455673758684	-0.44472199462586776	0.24358416189307505	-0.2070182908863416	0.17762634856006668	-0.22683442817732674	0.2322215795451898	-0.1828144720495324	0.16900709953258392
-0.07123994066988215	0.05862926296760705	-0.04843653415661339	0.042488967683793455	-0.06514211453539887	0.048066941151539755	-0.04305375419683427	0.0456971575084196	-0.057891601727907145	0.06367071518856535	-0.04699158184974799	0.05145057577321184	-0.06573599782661778	0.06546979473404171	-0.056949628182183354	0.05468432994495619	-0.05920208539784169	0.09877414857084095	-0.05167557027883647	0.05078229421127894	-0.08518749232568228	0.12018942071067822	-0.16842791518918013	0.15617216507088286	-0.15286626952092297	0.11974204811259863	-0.15352553520009085	0.2034217641876319	-0.2222940035229657	0.1583314822973322	-0.13057360755005315	0.14961511180922915	-0.37510544401993406	0.9999999999999968	-0.6318327647815549	0.10213941364048848	-0.19904546445133423	0.22439575985547947	-0.4833984535216847	0.3095812541374016	-0.12483804548328725	0.1557023393397695	-0.18337076264509755	0.19704850746764258	-0.2109642975360721
0.06720845731148474	-0.05573028274996965	0.045366661866966286	-0.03992624083821307	0.06093016209349357	-0.04552455279840388	0.0405667576115466	-0.042942726816120734	0.05416997777979069	-0.060522140570437664	0.04379818716626376	-0.04818874668633173	0.060763897472087	-0.06180622493619757	0.053256566535741026	-0.05105684161333931	0.054771232102741006	-0.09232844714332213	0.048293517203796425	-0.04815240370825975	0.07540510789437882	-0.10838529165998712	0.14127783753827683	-0.1419731908869614	0.14833676784273003	-0.10784420335613785	0.1242638717455852	-0.17311577094522718	0.16720375560805587	-0.18883797096553154	0.11075231957005739	-0.12297063134170796	0.22044576007227326	-0.6318327647815549	0.9999999999999949	-0.08800835999074592	0.15774465048889372	-0.18390562671071872	0.30907645064825273	-0.5926902706390543	0.10716508977074193	-0.13749879068393075	0.1524458442713576	-0.20980821854711104	0.20230715069958777
-0.06476184330452532	0.05310518643507516	-0.0416945444846774	0.03659937619680916	-0.055856425053750346	0.04416730538518729	-0.0391202188452359	0.03919791390429879	-0.04933909065185364	0.05406320765346679	-0.04464029271973333	0.04756777845571178	-0.053633088009523294	0.05430010550042846	-0.04641682054776726	0.05490902982891231	-0.056810925151697354	0.07936994590167426	-0.04010805857410044	0.039465685353264474	-0.12643713585324062	0.16269519348083106	-0.10913253832927015	0.0819397832421007	-0.06836783097070168	0.22087657941260375	-0.17470978873834092	0.11695492168706047	-0.0863904844772997	0.06497086483681656	-0.5001168299260981	0.18457407483371496	-0.1564906231150786	0.10213941364048848	-0.08800835999074592	0.9999999999999951	-0.2551788676715951	0.15540172983916564	-0.1060546180316403	0.08657532397860998	-0.7462110553650996	0.18528822036150924	-0.16126015700960164	0.09313097413530541	-0.08965931323390564
0.08756106737465867	-0.0725395358605372	0.05733045381581557	-0.050507787944369546	0.07686095159305423	-0.059495082717930074	0.05259539536725137	-0.054168618410501745	0.06804979492852692	-0.07593114557332184	0.05732196524507434	-0.06249649014214172	0.07436916552972182	-0.07628275449856554	0.06477169398132962	-0.0683154642427618	0.07168368372481133	-0.11252265347516913	0.05643309491157292	-0.05599272024718299	0.11599902654306195	-0.16545194003105965	0.15373491606511383	-0.12432322708510321	0.1039809610699717	-0.18209757330398652	0.19999001170146588	-0.19292949647358715	0.13371493267917992	-0.10326662486161738	0.20429083928738218	-0.24766413089068373	0.26884455673758684	-0.19904546445133423	0.15774465048889372	-0.2551788676715951	0.9999999999999949	-0.6065246392248399	0.2169842270192565	-0.1785736135670318	0.22551256760110566	-0.49697566571363505	0.308518084086043	-0.1785911738706158	0.15736708319148662
-0.0748481545441624	0.06169395117220497	-0.04976455412042465	0.04372889301254787	-0.06682756594629632	0.05064159246465573	-0.0450464565126501	0.04694287362636296	-0.059227344063924554	0.0653945658832302	-0.049248134665274876	0.053697129834029585	-0.06588505443661782	0.06637115831034907	-0.0569489389086896	0.05809929633053917	-0.06187595090590502	0.09914145867892583	-0.050202031123535815	0.049383790889222054	-0.0970242156914211	0.13630654475289974	-0.15370548978899928	0.12107863970885034	-0.10482881666413962	0.1439989242531393	-0.1808264288024046	0.19408225000938167	-0.1393775441153202	0.1029219999779946	-0.16717148081744618	0.19051748237333457	-0.44472199462586776	0.22439575985547947	-0.18390562671071872	0.15540172983916564	-0.6065246392248399	0.9999999999999953	-0.35908556745710457	0.19938510976189178	-0.17641539625387512	0.28443808388289726	-0.4042790009791913	0.18011875796457977	-0.1674580518240075
0.07066826474087859	-0.0583924585293092	0.047091627484467526	-0.041450700984266876	0.06328963384099794	-0.04775536709154483	0.0424350109691218	-0.04447880304050934	0.05610265743591806	-0.062397263465505566	0.04581584889326121	-0.050235276901157165	0.06211820626329087	-0.06321277673903433	0.05423143554105462	-0.05362534851289175	0.05721694367622583	-0.09389092104432761	0.04816786257028824	-0.04774779564894575	0.08172372369720966	-0.11668021795721949	0.1390314002577341	-0.1257031963182729	0.11422892451420727	-0.11927279669984488	0.13746803370169794	-0.17136193293928506	0.14524748496412276	-0.1204404808925861	0.12550220033781243	-0.1388075129874448	0.24358416189307505	-0.4833984535216847	0.30907645064825273	-0.1060546180316403	0.2169842270192565	-0.35908556745710457	0.9999999999999957	-0.5931214435221075	0.1257132099305822	-0.18281467256831388	0.2025852557174845	-0.3338355836341853	0.2541119421142901
-0.059268265090628464	0.04868790907775618	-0.039807337849578676	0.034984602628003535	-0.05363355839144339	0.03986893875167615	-0.03557427297485555	0.037506501249422744	-0.047519610129190405	0.05239807618743354	-0.03852944341006098	0.04216838441743324	-0.05286854904826952	0.05331376485086675	-0.04628133182011175	0.04485093353222593	-0.0482591381101373	0.07908932943329566	-0.04156267945251957	0.04104828794544732	-0.06856032166601131	0.09658793203092537	-0.12335761244105752	0.11085572743317786	-0.11761763780647362	0.09798475282851658	-0.11791402348589923	0.1419935572222721	-0.1329519789389066	0.1211187296717902	-0.10621598589218036	0.1131550590660908	-0.2070182908863416	0.3095812541374016	-0.5926902706390543	0.08657532397860998	-0.1785736135670318	0.19938510976189178	-0.5931214435221075	0.999999999999995	-0.10647651022600546	0.14157567240455837	-0.17087332615759937	0.24870473872687893	-0.34594815969398174
0.09006844145209209	-0.07439652037000653	0.057474736747427674	-0.05058660990750388	0.07688913754684736	-0.061622830443861056	0.05425074035464054	-0.05414197691211539	0.06788918826471384	-0.075226492238988	0.06094046809161912	-0.06545371292787605	0.07287954991213103	-0.07489723582815497	0.06351690886875345	-0.07523553089015758	0.07692788736484416	-0.10839583280487475	0.05451016037315742	-0.054029679316808576	0.15580623552393677	-0.22336781197625807	0.13786187435487954	-0.10511912468679233	0.08642059445002409	-0.291388659685624	0.18755703900153906	-0.14609498168808413	0.10776985596430126	-0.08262724201789035	0.29792971058091694	-0.20214376743106932	0.17762634856006668	-0.12483804548328725	0.10716508977074193	-0.7462110553650996	0.22551256760110566	-0.17641539625387512	0.1257132099305822	-0.10647651022600546	0.9999999999999961	-0.26767484150894505	0.19395656271726408	-0.11952986440478983	0.11279148331545064
-0.0739055742036491	0.060416823975478776	-0.04843659333516084	0.04258426176201215	-0.06526775341351697	0.04969502956873014	-0.044120034750721716	0.04550322485893067	-0.05757470035518875	0.06315181455881763	-0.04827420146397277	0.052335860614690664	-0.06258396075230321	0.06343016025763734	-0.054596434004740124	0.05714060354760036	-0.06054032804685144	0.09292240140295996	-0.047518182775425404	0.04675970177131214	-0.09914688369479127	0.1365513900872341	-0.13308303310810132	0.10329371450668304	-0.09025134433719184	0.151189018007262	-0.17154290240119718	0.15058661831000925	-0.11422938113825741	0.0864206417536536	-0.18257963673965177	0.1672936383977285	-0.22683442817732674	0.1557023393397695	-0.13749879068393075	0.18528822036150924	-0.49697566571363505	0.28443808388289726	-0.18281467256831388	0.14157567240455837	-0.26767484150894505	0.9999999999999961	-0.7109637091303276	0.17242486808337698	-0.16688375956481705
0.08956744798513998	-0.07405665022131137	0.058220597865498	-0.05138363712884871	0.07823342136380317	-0.06052222119932788	0.05334299238943932	-0.054942226826996975	0.06908014469223694	-0.07727125302486167	0.05717758333849174	-0.06256412252832479	0.07432072884117182	-0.07692017181641322	0.0653107295031042	-0.06749556067519298	0.07088775528678583	-0.1119327444932641	0.05652056621452929	-0.05626745962893229	0.10471990364712258	-0.14968296602303907	0.14566568947166852	-0.11797068831000912	0.10025494894346162	-0.1609779574261958	0.1653748815564322	-0.17413326989553	0.12627900085136418	-0.09884045583436377	0.16703072908896233	-0.16752596456385596	0.2322215795451898	-0.18337076264509755	0.1524458442713576	-0.16126015700960164	0.308518084086043	-0.4042790009791913	0.2025852557174845	-0.17087332615759937	0.19395656271726408	-0.7109637091303276	0.9999999999999956	-0.25297188937094767	0.1910709717148541
