1.0	-0.35294847612544555	0.25157791714252764	-0.09964533756948024	0.09313070094059887	-0.32514222926914377	0.23648210499342592	-0.22720801645239075	0.13145131738359533	-0.14830233794378012	0.2363126878728056	-0.1446206101425704	0.1333248412384524	-0.11244336886643667	0.0954211356403047	-0.09268860797265385	0.10787093521175202	-0.14165703992954407	0.09747002896500255	-0.08981098716658387	0.11029797621106228	-0.07134515172699522	0.0658392777699275	-0.06266461246627102	0.06088880794007396	-0.04914839833591008	0.05679487893399356	-0.054060007139746326	0.05224280939384376	-0.050688109991216534	0.046769314279843516	-0.0503711543425752	0.05180946922017923	-0.05647152517673874	0.06853569281524416
-0.35294847612544555	1.0000000000000004	-0.8499088594866511	0.10541321630583256	-0.10475239345820915	0.13597931109598127	-0.26295983921255883	0.19278752786532116	-0.09646585083203608	0.10011925541771098	-0.12142326462685828	0.08522473110614369	-0.08390074860727675	0.07449112192294394	-0.06306536139436472	0.04822764269671463	-0.05973015689930541	0.07813818645649531	-0.06076781736295292	0.05547825254744432	-0.05750936061195601	0.03776593797006487	-0.03515751162544749	0.03426448405743775	-0.0334575004188016	0.02422738578509776	-0.0296899994528675	0.02839001386049206	-0.027847679279522492	0.02711905468901495	-0.02316248509305066	0.025942127908363352	-0.026877706681687683	0.02961529296627496	-0.03613319453831061
0.25157791714252764	-0.8499088594866511	1.0000000000000002	-0.14553348290670898	0.12030784472924831	-0.1421543161194759	0.21867795479939953	-0.2463312144836252	0.1124181670227554	-0.1211619133005791	0.1268681735637615	-0.09831453961294626	0.09623992350162495	-0.08838533752617474	0.07421229576140281	-0.05622429073925052	0.06892173829167751	-0.0919127418754616	0.07108382230268133	-0.06576398876198533	0.06658352435011872	-0.044215967061506586	0.041080880560894255	-0.04027293222247729	0.039240344119037866	-0.028574656307630612	0.034785634626698696	-0.033330836559130966	0.032690688781916145	-0.031880875738361035	0.027246693751938233	-0.030514718715254158	0.03154585745750135	-0.03485376877756807	0.042373915881025244
-0.09964533756948024	0.10541321630583256	-0.14553348290670898	1.0000000000000009	-0.9513257116220659	0.060408675027077016	-0.10156637913174996	0.0983794550641765	-0.13466450327760401	0.15074263910575322	-0.06464325060244268	0.055280489903535734	-0.05838037424502422	0.08418578887829764	-0.09010806509470488	0.03366389355284577	-0.041900734925495696	0.05418713679646539	-0.07572297364985361	0.06489540836225798	-0.0414614170932118	0.02999524044654397	-0.028763851090423856	0.03235363893271108	-0.03240869655481923	0.018617005824078624	-0.024510809596138675	0.02388652312202461	-0.025010302110686423	0.02492922062450976	-0.017920263039509533	0.021415600453011222	-0.022540912227936284	0.025925462335438874	-0.032704701633418626
0.09313070094059887	-0.10475239345820915	0.12030784472924831	-0.9513257116220659	1.0	-0.05865499025273875	0.09485914516127886	-0.09855155017990178	0.12414266334554308	-0.1838616974884295	0.06179495985144445	-0.05490898706087454	0.05723055690015887	-0.08493582367286909	0.08894643551304383	-0.0332108493183392	0.0411391423682565	-0.05406705068091005	0.0727976042452098	-0.06591708935578532	0.04042422379140761	-0.029509567529315505	0.028160730803432562	-0.03175026058034558	0.031620280598795375	-0.01832432299582085	0.023981605851314987	-0.023438271525976696	0.02445035147464206	-0.02442338712892099	0.01755681444962024	-0.021036645934080896	0.022046531663357596	-0.025451229538446245	0.0317614308523947
-0.32514222926914377	0.13597931109598127	-0.1421543161194759	0.060408675027077016	-0.05865499025273875	1.0	-0.36790553842695745	0.22270696556013886	-0.12329973747252979	0.12437959783637897	-0.789863704189856	0.1904082101042036	-0.17335303165335966	0.10619902909729986	-0.08722666727805677	0.09153999206878202	-0.12272765245938841	0.13963897172844522	-0.08823242004666024	0.07838068087713702	-0.11063760880828229	0.06565684409628991	-0.06104243357951166	0.05417412950575343	-0.05287790830974195	0.03962313937646738	-0.05001341136620507	0.046938700436813814	-0.044873318787737024	0.04288211882078918	-0.038347509789813536	0.042394254325871725	-0.04424986418817583	0.04723680334290604	-0.05781798604850666
0.23648210499342592	-0.26295983921255883	0.21867795479939953	-0.10156637913174996	0.09485914516127886	-0.36790553842695745	1.000000000000001	-0.6971083678896286	0.22505834895471175	-0.23958176406178272	0.25086695544375226	-0.218529614506405	0.20493401843569903	-0.18224974317567044	0.1422142637295655	-0.10406693047367246	0.13429833147137155	-0.1823536422213773	0.1327562549230341	-0.12613769440095732	0.11960348505764622	-0.08039475274191117	0.07444735631024978	-0.07246116231992025	0.0701818913336284	-0.048288505630546034	0.061471498610792444	-0.05911368371231804	0.05784496897596883	-0.056345427764066126	0.045987528862370675	-0.05325126857403288	0.05507430537347904	-0.061155208076209555	0.07360679937431264
-0.22720801645239075	0.19278752786532116	-0.2463312144836252	0.0983794550641765	-0.09855155017990178	0.22270696556013886	-0.6971083678896286	1.0	-0.37952686266824265	0.23145347912631725	-0.2489187400939487	0.2086915316210394	-0.28583073567176137	0.20110658906915593	-0.16226680545321515	0.10309621549498317	-0.1412232936536176	0.1764709312567527	-0.1516764661006759	0.13116217382056475	-0.1267403766396207	0.08150639678398226	-0.0772343876909878	0.07521825053241649	-0.07413677173432548	0.048192712453363366	-0.06335269977143727	0.0603714815232454	-0.059985799220227246	0.05827825963687349	-0.0467219494569439	0.053908262461708906	-0.056638168109581236	0.062327857265854596	-0.07723052593083864
0.13145131738359533	-0.09646585083203608	0.1124181670227554	-0.13466450327760401	0.12414266334554308	-0.12329973747252979	0.22505834895471175	-0.37952686266824265	1.0000000000000004	-0.6224168235014267	0.13419684881177235	-0.16227828769379096	0.18063546602619218	-0.5245676052707196	0.2902018106928593	-0.08277520633437982	0.1085436145907095	-0.14829131999658177	0.22396816113465715	-0.2202944687057418	0.0982299733499941	-0.07582686110535722	0.0725869343507592	-0.08729962665077094	0.08539767220472316	-0.04346912989056699	0.06024818720302281	-0.05987536351794032	0.06364994780533689	-0.06431206607091	0.04145867370369237	-0.052535238707248084	0.0550339545421728	-0.06539226458590738	0.0798659683212059
-0.14830233794378012	0.10011925541771098	-0.1211619133005791	0.15074263910575322	-0.1838616974884295	0.12437959783637897	-0.23958176406178272	0.23145347912631725	-0.6224168235014267	1.0000000000000004	-0.14531906175382567	0.14363238323093483	-0.16536695004038296	0.31681803163928524	-0.5183050687762357	0.0850624046518342	-0.10974846721428155	0.1397867904141924	-0.29265124717966856	0.24088657353838272	-0.10639104103364035	0.08262602873883663	-0.0812768007333272	0.10090021289587826	-0.10342041848306142	0.04835460637178113	-0.06849560981820618	0.06772348638238913	-0.07453009844703799	0.07520039878929481	-0.046772909872401194	0.05925607334470356	-0.06322354728560763	0.0749578114043459	-0.09660564013954223
0.2363126878728056	-0.12142326462685828	0.1268681735637615	-0.06464325060244268	0.06179495985144445	-0.789863704189856	0.25086695544375226	-0.2489187400939487	0.13419684881177235	-0.14531906175382567	1.0000000000000018	-0.2980109549347017	0.19622576746871073	-0.1237776516752615	0.0987128521132973	-0.11322870309637677	0.14450268648894585	-0.17588967680126003	0.09933967883226683	-0.09083608634615331	0.1243811312901001	-0.07749186274993149	0.07064990842569892	-0.0627185818731235	0.060460000001643706	-0.04618650897738309	0.05768781154450964	-0.05457736850233039	0.05169252177671297	-0.04941250562647775	0.04408312632929372	-0.049321656718267354	0.05095054285883803	-0.05480873144961218	0.06581540723121183
-0.1446206101425704	0.08522473110614369	-0.09831453961294626	0.055280489903535734	-0.05490898706087454	0.1904082101042036	-0.218529614506405	0.2086915316210394	-0.16227828769379096	0.14363238323093483	-0.2980109549347017	1.0000000000000009	-0.7194613060715676	0.1704187538920177	-0.13460988606254926	0.1827841162677751	-0.39508120332220603	0.29609306043801414	-0.13766660770138023	0.11231676951054155	-0.2162374731483297	0.12191346074530307	-0.11311952612730057	0.08625073654454389	-0.0839418396252991	0.061591864045190944	-0.0854820449920749	0.07811444018309667	-0.07199171767165809	0.06664613177991449	-0.06039800127220797	0.06792012662807687	-0.07178684444806453	0.07347777257165689	-0.08993056432571189
0.1333248412384524	-0.08390074860727675	0.09623992350162495	-0.05838037424502422	0.05723055690015887	-0.17335303165335966	0.20493401843569903	-0.28583073567176137	0.18063546602619218	-0.16536695004038296	0.19622576746871073	-0.7194613060715676	1.0000000000000016	-0.2488479811364876	0.1500510535429194	-0.16065819192194022	0.25848403489511645	-0.4358034403493286	0.14659181666418059	-0.12612127524093178	0.1751154589241006	-0.11209321166341302	0.10394111057905225	-0.08445007502208553	0.08072227942824958	-0.056141764269067106	0.07783711082282047	-0.07345687283014068	0.06820721149150587	-0.06401430853606532	0.05425008584032183	-0.06342185058005281	0.0662905339714287	-0.07003782990166921	0.08412898965836467
-0.11244336886643667	0.07449112192294394	-0.08838533752617474	0.08418578887829764	-0.08493582367286909	0.10619902909729986	-0.18224974317567044	0.20110658906915593	-0.5245676052707196	0.31681803163928524	-0.1237776516752615	0.1704187538920177	-0.2488479811364876	1.000000000000002	-0.5752162035268609	0.08442070738987925	-0.11567420810560246	0.15365768393135082	-0.41479698009347565	0.28031050194915547	-0.10201849067490265	0.0825426087776409	-0.08154073909646681	0.10709966770497242	-0.10554784461469958	0.045524187227769776	-0.06660196706960593	0.06678774928392538	-0.07463105370399852	0.07491808341492398	-0.043657902408547444	0.057296512215650755	-0.06089976169902887	0.07362320008493434	-0.09207446852134846
0.0954211356403047	-0.06306536139436472	0.07421229576140281	-0.09010806509470488	0.08894643551304383	-0.08722666727805677	0.1422142637295655	-0.16226680545321515	0.2902018106928593	-0.5183050687762357	0.0987128521132973	-0.13460988606254926	0.1500510535429194	-0.5752162035268609	1.000000000000001	-0.0717164770621293	0.09340934445705568	-0.12844028222335585	0.30136086507704385	-0.49608946036408075	0.08544870697755322	-0.07478723769448312	0.07315086330672717	-0.10274309185947639	0.10454608111317043	-0.04131817778537473	0.06062573219364824	-0.0619536767625332	0.0699030549418133	-0.07398165905645306	0.03925350348790839	-0.05313651144810198	0.056041504362529374	-0.07008392052234236	0.08583649163455292
-0.09268860797265385	0.04822764269671463	-0.05622429073925052	0.03366389355284577	-0.0332108493183392	0.09153999206878202	-0.10406693047367246	0.10309621549498317	-0.08277520633437982	0.0850624046518342	-0.11322870309637677	0.1827841162677751	-0.16065819192194022	0.08442070738987925	-0.0717164770621293	1.000000000000001	-0.5002063504995146	0.2717675159036243	-0.08918270914311927	0.07614577801021354	-0.7677860747341291	0.17630649582461458	-0.15127986137700172	0.09571615150564822	-0.09156032905306671	0.0990277522260629	-0.11490003432221123	0.10008497378732292	-0.08540140399291048	0.07542536399793794	-0.09666352238741556	0.08916044500916603	-0.0927111609564672	0.08757117594007609	-0.10386098096517837
0.10787093521175202	-0.05973015689930541	0.06892173829167751	-0.041900734925495696	0.0411391423682565	-0.12272765245938841	0.13429833147137155	-0.1412232936536176	0.1085436145907095	-0.10974846721428155	0.14450268648894585	-0.39508120332220603	0.25848403489511645	-0.11567420810560246	0.09340934445705568	-0.5002063504995146	1.0000000000000029	-0.6232841631814044	0.11120213055863312	-0.09547056820815783	0.3006479494823245	-0.2238689286041184	0.16525078899483278	-0.10519403761905459	0.0970284235196725	-0.08103858824378636	0.11694193511289168	-0.10688281367241932	0.08942284780519794	-0.07953278083330412	0.07667982548809367	-0.0902288935604053	0.09227171695992512	-0.09162497243661416	0.10534800179459905
-0.14165703992954407	0.07813818645649531	-0.0919127418754616	0.05418713679646539	-0.05406705068091005	0.13963897172844522	-0.1823536422213773	0.1764709312567527	-0.14829131999658177	0.1397867904141924	-0.17588967680126003	0.29609306043801414	-0.4358034403493286	0.15365768393135082	-0.12844028222335585	0.2717675159036243	-0.6232841631814044	1.000000000000002	-0.1597393350023227	0.12585149510015312	-0.37594251602145995	0.2019499200502237	-0.2141859664162774	0.13057376495312203	-0.126863395000424	0.09740530444163623	-0.14160144677164638	0.12786210861546898	-0.11303168283152604	0.10099497449825849	-0.0976335819568483	0.10802711921110021	-0.11628044429259636	0.11310215560650935	-0.13953421517593909
0.09747002896500255	-0.06076781736295292	0.07108382230268133	-0.07572297364985361	0.0727976042452098	-0.08823242004666024	0.1327562549230341	-0.1516764661006759	0.22396816113465715	-0.29265124717966856	0.09933967883226683	-0.13766660770138023	0.14659181666418059	-0.41479698009347565	0.30136086507704385	-0.08918270914311927	0.11120213055863312	-0.1597393350023227	1.0000000000000007	-0.7370948026896407	0.1052084589480121	-0.11554986933312934	0.11504530980413677	-0.2231724952450107	0.17599897469136863	-0.05976129215356213	0.09321375176119275	-0.10034758706946972	0.11974371645848828	-0.12394094460860162	0.05580199732717441	-0.08308410665499112	0.08707992868220155	-0.11720252614714521	0.13419121688015512
-0.08981098716658387	0.05547825254744432	-0.06576398876198533	0.06489540836225798	-0.06591708935578532	0.07838068087713702	-0.12613769440095732	0.13116217382056475	-0.2202944687057418	0.24088657353838272	-0.09083608634615331	0.11231676951054155	-0.12612127524093178	0.28031050194915547	-0.49608946036408075	0.07614577801021354	-0.09547056820815783	0.12585149510015312	-0.7370948026896407	1.0000000000000016	-0.09364687696486992	0.0979383922900003	-0.10114158028388508	0.16720601544951424	-0.19780478761578904	0.05240474978596451	-0.08346786850182064	0.08736047741116869	-0.10840070947577653	0.1163348945982633	-0.04986379075223551	0.07276308801972765	-0.07841058722184799	0.10240498638724146	-0.13219979092366
0.11029797621106228	-0.05750936061195601	0.06658352435011872	-0.0414614170932118	0.04042422379140761	-0.11063760880828229	0.11960348505764622	-0.1267403766396207	0.0982299733499941	-0.10639104103364035	0.1243811312901001	-0.2162374731483297	0.1751154589241006	-0.10201849067490265	0.08544870697755322	-0.7677860747341291	0.3006479494823245	-0.37594251602145995	0.1052084589480121	-0.09364687696486992	1.0000000000000024	-0.25031369813558724	0.17237949152746065	-0.1174187961709956	0.1061222808668961	-0.1429268204926586	0.1348995302103117	-0.12363704323273597	0.10171929541382722	-0.0905602297405182	0.11859352316883326	-0.11214658019852158	0.1096171293251721	-0.10814634071590627	0.11868803402782283
-0.07134515172699522	0.03776593797006487	-0.044215967061506586	0.02999524044654397	-0.029509567529315505	0.06565684409628991	-0.08039475274191117	0.08150639678398226	-0.07582686110535722	0.08262602873883663	-0.07749186274993149	0.12191346074530307	-0.11209321166341302	0.0825426087776409	-0.07478723769448312	0.17630649582461458	-0.2238689286041184	0.2019499200502237	-0.11554986933312934	0.0979383922900003	-0.25031369813558724	1.0000000000000018	-0.7306770499963084	0.2246047148891172	-0.20757728081123583	0.11926474697022127	-0.384832093758457	0.27116441815065534	-0.2015244965133435	0.15764430967391255	-0.11599904598303264	0.19581443603799364	-0.20991510133527738	0.1830354711159144	-0.20853616074505113
0.0658392777699275	-0.03515751162544749	0.041080880560894255	-0.028763851090423856	0.028160730803432562	-0.06104243357951166	0.07444735631024978	-0.0772343876909878	0.0725869343507592	-0.0812768007333272	0.07064990842569892	-0.11311952612730057	0.10394111057905225	-0.08154073909646681	0.07315086330672717	-0.15127986137700172	0.16525078899483278	-0.2141859664162774	0.11504530980413677	-0.10114158028388508	0.17237949152746065	-0.7306770499963084	1.000000000000002	-0.34153782037444047	0.2061801345323091	-0.11169498294342985	0.2664192864201132	-0.38727515838853327	0.2139713123309018	-0.16920540835351322	0.10264181619884605	-0.192350631092761	0.19296521837179453	-0.19803532736177382	0.19093141093799013
-0.06266461246627102	0.03426448405743775	-0.04027293222247729	0.03235363893271108	-0.03175026058034558	0.05417412950575343	-0.07246116231992025	0.07521825053241649	-0.08729962665077094	0.10090021289587826	-0.0627185818731235	0.08625073654454389	-0.08445007502208553	0.10709966770497242	-0.10274309185947639	0.09571615150564822	-0.10519403761905459	0.13057376495312203	-0.2231724952450107	0.16720601544951424	-0.1174187961709956	0.2246047148891172	-0.34153782037444047	1.000000000000002	-0.6479507438787799	0.09514721889586938	-0.1994793797439839	0.22596111428955984	-0.4336124334685556	0.290981037325532	-0.09031621783579405	0.15972514469810045	-0.18395712003780892	0.2541913479505792	-0.3214316916371517
0.06088880794007396	-0.0334575004188016	0.039240344119037866	-0.03240869655481923	0.031620280598795375	-0.05287790830974195	0.0701818913336284	-0.07413677173432548	0.08539767220472316	-0.10342041848306142	0.060460000001643706	-0.0839418396252991	0.08072227942824958	-0.10554784461469958	0.10454608111317043	-0.09156032905306671	0.0970284235196725	-0.126863395000424	0.17599897469136863	-0.19780478761578904	0.1061222808668961	-0.20757728081123583	0.2061801345323091	-0.6479507438787799	1.0000000000000018	-0.09323378033786237	0.16577942549371555	-0.2014333242430378	0.2764472657222419	-0.5450021904192482	0.08406836106828178	-0.15514832233798606	0.16088154985828457	-0.26531778531288286	0.28611736450502334
-0.04914839833591008	0.02422738578509776	-0.028574656307630612	0.018617005824078624	-0.01832432299582085	0.03962313937646738	-0.048288505630546034	0.048192712453363366	-0.04346912989056699	0.04835460637178113	-0.04618650897738309	0.061591864045190944	-0.056141764269067106	0.045524187227769776	-0.04131817778537473	0.0990277522260629	-0.08103858824378636	0.09740530444163623	-0.05976129215356213	0.05240474978596451	-0.1429268204926586	0.11926474697022127	-0.11169498294342985	0.09514721889586938	-0.09323378033786237	1.000000000000001	-0.1988664670036102	0.13624420461898878	-0.10864271302252557	0.08733160302936291	-0.9159269804242481	0.20718410490410555	-0.1886678032824115	0.12099709531367986	-0.12854051810562592
0.05679487893399356	-0.0296899994528675	0.034785634626698696	-0.024510809596138675	0.023981605851314987	-0.05001341136620507	0.061471498610792444	-0.06335269977143727	0.06024818720302281	-0.06849560981820618	0.05768781154450964	-0.0854820449920749	0.07783711082282047	-0.06660196706960593	0.06062573219364824	-0.11490003432221123	0.11694193511289168	-0.14160144677164638	0.09321375176119275	-0.08346786850182064	0.1348995302103117	-0.384832093758457	0.2664192864201132	-0.1994793797439839	0.16577942549371555	-0.1988664670036102	1.0000000000000009	-0.6014254969591573	0.23134983802190712	-0.1675516256310131	0.16958508576206807	-0.5077509607955972	0.3004228994695164	-0.25048526435510104	0.1963021232239071
-0.054060007139746326	0.02839001386049206	-0.033330836559130966	0.02388652312202461	-0.023438271525976696	0.046938700436813814	-0.05911368371231804	0.0603714815232454	-0.05987536351794032	0.06772348638238913	-0.05457736850233039	0.07811444018309667	-0.07345687283014068	0.06678774928392538	-0.0619536767625332	0.10008497378732292	-0.10688281367241932	0.12786210861546898	-0.10034758706946972	0.08736047741116869	-0.12363704323273597	0.27116441815065534	-0.38727515838853327	0.22596111428955984	-0.2014333242430378	0.13624420461898878	-0.6014254969591573	1.0	-0.4077777554433805	0.19202910209621696	-0.13322019485493958	0.2843903767909811	-0.4101905610350315	0.2664144442266517	-0.2367738198947331
0.05224280939384376	-0.027847679279522492	0.032690688781916145	-0.025010302110686423	0.02445035147464206	-0.044873318787737024	0.05784496897596883	-0.059985799220227246	0.06364994780533689	-0.07453009844703799	0.05169252177671297	-0.07199171767165809	0.06820721149150587	-0.07463105370399852	0.0699030549418133	-0.08540140399291048	0.08942284780519794	-0.11303168283152604	0.11974371645848828	-0.10840070947577653	0.10171929541382722	-0.2015244965133435	0.2139713123309018	-0.4336124334685556	0.2764472657222419	-0.10864271302252557	0.23134983802190712	-0.4077777554433805	0.9999999999999998	-0.40252986687856396	0.09992581813953492	-0.21123605234735437	0.24164102123433456	-0.5851359313116044	0.3046789099678055
-0.050688109991216534	0.02711905468901495	-0.031880875738361035	0.02492922062450976	-0.02442338712892099	0.04288211882078918	-0.056345427764066126	0.05827825963687349	-0.06431206607091	0.07520039878929481	-0.04941250562647775	0.06664613177991449	-0.06401430853606532	0.07491808341492398	-0.07398165905645306	0.07542536399793794	-0.07953278083330412	0.10099497449825849	-0.12394094460860162	0.1163348945982633	-0.0905602297405182	0.15764430967391255	-0.16920540835351322	0.290981037325532	-0.5450021904192482	0.08733160302936291	-0.1675516256310131	0.19202910209621696	-0.40252986687856396	1.0000000000000002	-0.08126843359499311	0.14913804995782728	-0.17105968712800307	0.27837934237991213	-0.6337606266552781
0.046769314279843516	-0.02316248509305066	0.027246693751938233	-0.017920263039509533	0.01755681444962024	-0.038347509789813536	0.045987528862370675	-0.0467219494569439	0.04145867370369237	-0.046772909872401194	0.04408312632929372	-0.06039800127220797	0.05425008584032183	-0.043657902408547444	0.03925350348790839	-0.09666352238741556	0.07667982548809367	-0.0976335819568483	0.05580199732717441	-0.04986379075223551	0.11859352316883326	-0.11599904598303264	0.10264181619884605	-0.09031621783579405	0.08406836106828178	-0.9159269804242481	0.16958508576206807	-0.13322019485493958	0.09992581813953492	-0.08126843359499311	0.9999999999999989	-0.26902294189168874	0.1698187316548979	-0.11918401320125087	0.1116968865502862
-0.0503711543425752	0.025942127908363352	-0.030514718715254158	0.021415600453011222	-0.021036645934080896	0.042394254325871725	-0.05325126857403288	0.053908262461708906	-0.052535238707248084	0.05925607334470356	-0.049321656718267354	0.06792012662807687	-0.06342185058005281	0.057296512215650755	-0.05313651144810198	0.08916044500916603	-0.0902288935604053	0.10802711921110021	-0.08308410665499112	0.07276308801972765	-0.11214658019852158	0.19581443603799364	-0.192350631092761	0.15972514469810045	-0.15514832233798606	0.20718410490410555	-0.5077509607955972	0.2843903767909811	-0.21123605234735437	0.14913804995782728	-0.26902294189168874	0.9999999999999988	-0.6808326515055818	0.239141031501785	-0.21876821407739905
0.05180946922017923	-0.026877706681687683	0.03154585745750135	-0.022540912227936284	0.022046531663357596	-0.04424986418817583	0.05507430537347904	-0.056638168109581236	0.0550339545421728	-0.06322354728560763	0.05095054285883803	-0.07178684444806453	0.0662905339714287	-0.06089976169902887	0.056041504362529374	-0.0927111609564672	0.09227171695992512	-0.11628044429259636	0.08707992868220155	-0.07841058722184799	0.1096171293251721	-0.20991510133527738	0.19296521837179453	-0.18395712003780892	0.16088154985828457	-0.1886678032824115	0.3004228994695164	-0.4101905610350315	0.24164102123433456	-0.17105968712800307	0.1698187316548979	-0.6808326515055818	0.9999999999999983	-0.4202707245052941	0.21902806354358756
-0.05647152517673874	0.02961529296627496	-0.03485376877756807	0.025925462335438874	-0.025451229538446245	0.04723680334290604	-0.061155208076209555	0.062327857265854596	-0.06539226458590738	0.0749578114043459	-0.05480873144961218	0.07347777257165689	-0.07003782990166921	0.07362320008493434	-0.07008392052234236	0.08757117594007609	-0.09162497243661416	0.11310215560650935	-0.11720252614714521	0.10240498638724146	-0.10814634071590627	0.1830354711159144	-0.19803532736177382	0.2541913479505792	-0.26531778531288286	0.12099709531367986	-0.25048526435510104	0.2664144442266517	-0.5851359313116044	0.27837934237991213	-0.11918401320125087	0.239141031501785	-0.4202707245052941	0.9999999999999984	-0.5063490993073997
0.06853569281524416	-0.03613319453831061	0.042373915881025244	-0.032704701633418626	0.0317614308523947	-0.05781798604850666	0.07360679937431264	-0.07723052593083864	0.0798659683212059	-0.09660564013954223	0.06581540723121183	-0.08993056432571189	0.08412898965836467	-0.09207446852134846	0.08583649163455292	-0.10386098096517837	0.10534800179459905	-0.13953421517593909	0.13419121688015512	-0.13219979092366	0.11868803402782283	-0.20853616074505113	0.19093141093799013	-0.3214316916371517	0.28611736450502334	-0.12854051810562592	0.1963021232239071	-0.2367738198947331	0.3046789099678055	-0.6337606266552781	0.1116968865502862	-0.21876821407739905	0.21902806354358756	-0.5063490993073997	0.9999999999999987
