1.0	-0.3525054793725429	0.19349082073246848	-0.19753696683757266	0.16514554418967964	-0.4890830436750334	0.25384620004886127	-0.2189163254739295	0.18289037781696124	-0.15751916873935437	0.2672377940649126	-0.26737446537002774	0.21719335444806626	-0.20682945675130127	0.21583003517050145	-0.31057052534744906	0.2404887603986778	-0.19748450060101091	0.18845287955215967	-0.21218020789405184	0.19792353682895683	-0.32407317771546373	0.22274116015458392	-0.22059911512519245	0.2501593809626851	-0.24459702444468265	0.22064043729269517	-0.19666446573461704	0.1770066851194728	-0.1778479301477906	0.11537724510050665	-0.10411552900171325	0.13659727056733656	-0.20460550235805103	0.1525006523771672	-0.13323625736815992	0.10704742605588602	-0.13652344965004787	0.16080228079345255	-0.3131092376874167
-0.3525054793725429	1.0	-0.29200971742521886	0.19164787484355048	-0.14461022186624667	0.24596281926595678	-0.7932655658279603	0.21530790612591172	-0.18129346712094638	0.12664232641965137	-0.1866053222724998	0.17876127036128847	-0.15337520916007674	0.13657756014542588	-0.1438139945694607	0.14032348308336426	-0.1622001374570172	0.12010213207869201	-0.11711496557116544	0.12189784121098318	-0.09307298812185663	0.13606922655541834	-0.12803120784776278	0.1201866954772813	-0.13797406882567542	0.10359262783172389	-0.10249988339403562	0.08934611661126135	-0.08370982135362459	0.07730999135738159	-0.048502803507065574	0.043930019379875236	-0.057838141064076934	0.08379188973875283	-0.0670392888139607	0.05302948339967499	-0.04579146047771359	0.05555232747286186	-0.06613450846844415	0.11735667168395422
0.19349082073246848	-0.29200971742521886	0.9999999999999997	-0.775546769871428	0.2337624689112358	-0.17841109873791117	0.20510403882526845	-0.3561206050888044	0.24194442947708258	-0.22286048760839022	0.12626361819380308	-0.13179355472016885	0.1536990765406097	-0.15881829529014563	0.16434356327102725	-0.12173423964429463	0.12591639996859533	-0.11633002315124197	0.12062619743901633	-0.14328325729137492	0.08120025193163442	-0.12800852428713075	0.12175789880561363	-0.12461157000871859	0.1355599642238405	-0.09405700876885933	0.0937095160341938	-0.08696641125278938	0.08069870600191727	-0.07699752359380779	0.04463977412021747	-0.041458224059197774	0.05594063524630764	-0.08275703741562787	0.06568935495867233	-0.049289648415974475	0.04303644231567881	-0.054184928902958014	0.06449186439410495	-0.11663609174889845
-0.19753696683757266	0.19164787484355048	-0.775546769871428	1.0	-0.3786611214141601	0.1537491802910684	-0.18111165684174363	0.2545206593449473	-0.29271746826568024	0.23331359024930345	-0.1179171413197592	0.12016195343196505	-0.15477206222181702	0.1568896104705389	-0.17940815144650543	0.11225247271617987	-0.12135115453671284	0.11249086180729131	-0.12094614404161892	0.14054365539085512	-0.0761500639374477	0.11908256769579369	-0.12008382396813086	0.1197365227008895	-0.13780708091837193	0.08734318825884183	-0.0890775109933944	0.08264184581603494	-0.07769899819902923	0.07351310606643445	-0.042128853266351525	0.03916739156225321	-0.053082229469717364	0.07799855082159703	-0.06304505168064692	0.046169242472797925	-0.04080362467431157	0.05104970500358229	-0.060999320417011886	0.10857321596359007
0.16514554418967964	-0.14461022186624667	0.2337624689112358	-0.3786611214141601	0.9999999999999999	-0.15136846296249176	0.13248129823542815	-0.26725551701006756	0.25463561669537244	-0.7698591870452283	0.11249917330704776	-0.12026866418168862	0.1555489674188338	-0.18008079007942412	0.22986116258870806	-0.12017919219325102	0.12078873682879807	-0.1211775978619419	0.13246808991471493	-0.2004220759858409	0.08116304649912308	-0.1327187541493018	0.12681152303502996	-0.13743107365542326	0.15111915459671377	-0.09555092139889622	0.09625596823723306	-0.09340728790245749	0.08626799746104394	-0.0857100017383529	0.046278047266944775	-0.04384541250237332	0.060436208389701374	-0.09102640515832668	0.07198898215464584	-0.05139010803434414	0.04540195280216096	-0.05897384026925839	0.07024307187503288	-0.1292203623912549
-0.4890830436750334	0.24596281926595678	-0.17841109873791117	0.1537491802910684	-0.15136846296249176	1.0000000000000002	-0.3479442543992487	0.18511822253400004	-0.16881124919035695	0.13342872666855013	-0.5941984486354467	0.28229295622253125	-0.21473178715252933	0.17683056144939535	-0.19690722586003842	0.23597529041979295	-0.2694925361064128	0.17783831909991024	-0.16657959416230153	0.1671817326436552	-0.15880207403497973	0.20503612151513773	-0.19381642124188947	0.1722651839928838	-0.21238120016721354	0.1631640653878661	-0.16427777935557974	0.13337466895833472	-0.12682701814941125	0.11327198483336116	-0.07563692251721214	0.06704013853893537	-0.08629694639697909	0.1219497876822452	-0.09960867438799635	0.08058737048478107	-0.07038634798011029	0.08160899987017169	-0.09738089269250404	0.16626586071053026
0.25384620004886127	-0.7932655658279603	0.20510403882526845	-0.18111165684174363	0.13248129823542815	-0.3479442543992487	0.9999999999999993	-0.28179177165362995	0.17890144858191068	-0.12402766944917143	0.1970151476611107	-0.22645562579580977	0.15190112661231678	-0.1381059411261004	0.13570325603249206	-0.14489543733270147	0.1633500782235118	-0.1212302916423911	0.1148118041087148	-0.11819342422455714	0.09301296123291744	-0.1350894605453547	0.12475326717556905	-0.11919837364929456	0.12966826832783612	-0.10360270754181912	0.10031068329405186	-0.08691059728675549	0.08082253499684779	-0.07404283923460338	0.04685611300433791	-0.042396106747589535	0.05545967892253287	-0.08040274247709353	0.06400394055538683	-0.05127434003068286	0.04408192855355462	-0.05328079041344037	0.06325100878951534	-0.11211517377838358
-0.2189163254739295	0.21530790612591172	-0.3561206050888044	0.2545206593449473	-0.26725551701006756	0.18511822253400004	-0.28179177165362995	0.9999999999999988	-0.7061686216818326	0.23796935791428722	-0.14870303642677202	0.1576252864397746	-0.2744758634581501	0.2424841284126447	-0.21575230670903933	0.13796521288141358	-0.16059769862783643	0.160681433202501	-0.17288642140849805	0.16729094472458803	-0.09361736903153624	0.14542439805758942	-0.16272019891316505	0.1588713917984141	-0.16414488886678089	0.10579732944779063	-0.10922927791545581	0.10165954582568881	-0.09590768821179921	0.08703712225308904	-0.05000989093115199	0.0466047606384928	-0.06301386043128672	0.09195893172106552	-0.07476744709971042	0.0544683777335584	-0.04855784117306466	0.06014258153000786	-0.07183296371104146	0.12554200681688657
0.18289037781696124	-0.18129346712094638	0.24194442947708258	-0.29271746826568024	0.25463561669537244	-0.16881124919035695	0.17890144858191068	-0.7061686216818326	0.9999999999999973	-0.3727379806299269	0.12969177587303185	-0.14348371517646802	0.2269096690243247	-0.3480765071477433	0.21308747494347002	-0.13024736466241382	0.1432508761463184	-0.15437149604633632	0.17271758616983923	-0.17500541971533753	0.08756670038521588	-0.1399757316580384	0.15083335137807014	-0.163118421748855	0.15308633752922682	-0.10059606903369771	0.10257566669828153	-0.09769720246499025	0.0910869296724151	-0.08387383388719084	0.04717719991533778	-0.04428144794391805	0.06016303675813568	-0.08877095422057579	0.0713358789072458	-0.051724071214392306	0.04597103985100259	-0.05778189360193142	0.06882602048252243	-0.12191849370628667
-0.15751916873935437	0.12664232641965137	-0.22286048760839022	0.23331359024930345	-0.7698591870452283	0.13342872666855013	-0.12402766944917143	0.23796935791428722	-0.3727379806299269	0.9999999999999971	-0.10418064220232308	0.11078527242943395	-0.15958695700474995	0.1829124949523422	-0.3315723825130676	0.10807936018350678	-0.11483879710005573	0.11641761795749318	-0.13290120746518333	0.19065563190586982	-0.07371433548249177	0.11894221495757974	-0.1222150521094814	0.12884832814362246	-0.1499967808482819	0.08565968234267518	-0.08797232149778533	0.08507149909098301	-0.0796668180093676	0.07797212314770441	-0.04163205350734903	0.03945157581467611	-0.054513019044344885	0.08140426153861116	-0.06588965680866529	0.045852545443962625	-0.04098156884685741	0.05270717058606087	-0.06302235396651346	0.11357466828166798
0.2672377940649126	-0.1866053222724998	0.12626361819380308	-0.1179171413197592	0.11249917330704776	-0.5941984486354467	0.1970151476611107	-0.14870303642677202	0.12969177587303185	-0.10418064220232308	0.9999999999999981	-0.5647918005867909	0.19355013466318302	-0.16208645391034185	0.1539158236552495	-0.34822656230546606	0.28000320413961294	-0.17824396821747363	0.14895622799487065	-0.1408291948205376	0.17429312397959223	-0.21007668665200735	0.17476162010654012	-0.1606948266420525	0.1642931208353768	-0.18101180864866717	0.1568604096351351	-0.12064453770953606	0.11092312903781536	-0.09515670052733685	0.06811914850296995	-0.05959020904607429	0.07348393945736947	-0.10373005531439837	0.0827634704919306	-0.07307484004766099	0.06169666549992303	-0.06957149510639268	0.08175492559957911	-0.1387487107096817
-0.26737446537002774	0.17876127036128847	-0.13179355472016885	0.12016195343196505	-0.12026866418168862	0.28229295622253125	-0.22645562579580977	0.1576252864397746	-0.14348371517646802	0.11078527242943395	-0.5647918005867909	0.9999999999999984	-0.2921852457739972	0.1910102922458398	-0.17112278565407596	0.25197006959682877	-0.5878232801055328	0.23406233361192025	-0.18419141307580286	0.151671463034898	-0.15534851840497862	0.1931308981404647	-0.2122525702277461	0.17955677553348476	-0.17330276886785975	0.15405670749546393	-0.14978965603665798	0.12270748438641997	-0.11472802035026286	0.09590130698616743	-0.06409143463108735	0.05728266303093585	-0.07294264791243661	0.10294438930062648	-0.08354324444750544	0.06806975324600911	-0.059692128556534926	0.06851921150932014	-0.08114248724661813	0.1358139469789967
0.21719335444806626	-0.15337520916007674	0.1536990765406097	-0.15477206222181702	0.1555489674188338	-0.21473178715252933	0.15190112661231678	-0.2744758634581501	0.2269096690243247	-0.15958695700474995	0.19355013466318302	-0.2921852457739972	0.9999999999999925	-0.5924448713062407	0.23740734099984237	-0.207330353537949	0.2577876837331513	-0.4823589990008278	0.2910349799115755	-0.22811518590249386	0.1345401372020825	-0.21895597434424943	0.26737678674006105	-0.2892743212065458	0.20237539828803866	-0.15203051563666198	0.1543386388976196	-0.15105335018545823	0.13647928459666128	-0.11636136595767108	0.06668044947634219	-0.06281741538144012	0.08438830990470862	-0.12355796532596391	0.09865996139945683	-0.0725301633008988	0.06494973485925305	-0.08025204725741097	0.09492182495899659	-0.1635332002611516
-0.20682945675130127	0.13657756014542588	-0.15881829529014563	0.1568896104705389	-0.18008079007942412	0.17683056144939535	-0.1381059411261004	0.2424841284126447	-0.3480765071477433	0.1829124949523422	-0.16208645391034185	0.1910102922458398	-0.5924448713062407	0.9999999999999979	-0.3608275525531226	0.1667885048216973	-0.21544848542067635	0.27363363582650996	-0.4541048902343412	0.24158085019305703	-0.1145888997943069	0.18304653988657568	-0.25677907371838493	0.2638094459464143	-0.21288878854704496	0.12835982204313848	-0.1375422435462334	0.13452313649627437	-0.12849739217682463	0.1091466871860948	-0.0595901536281389	0.056639166504031904	-0.07767792213514432	0.11316871405795653	-0.0932247545503823	0.0644179721704916	-0.058945606333616604	0.07329134800192472	-0.08760398442127504	0.14905159609367974
0.21583003517050145	-0.1438139945694607	0.16434356327102725	-0.17940815144650543	0.22986116258870806	-0.19690722586003842	0.13570325603249206	-0.21575230670903933	0.21308747494347002	-0.3315723825130676	0.1539158236552495	-0.17112278565407596	0.23740734099984237	-0.3608275525531226	0.9999999999999926	-0.17871582609538122	0.17831207054608234	-0.19864248415884878	0.23958459613610306	-0.6553292726144809	0.12228644115460907	-0.20641769239723382	0.20309664868814328	-0.2405821531473455	0.2805399131344151	-0.14566223065618708	0.14935957854044402	-0.1537707728612508	0.1417637298250587	-0.15034473776833313	0.07210545984931663	-0.0701981633252562	0.09964906762901263	-0.15370422270780718	0.12260531371826873	-0.08029913461730395	0.07250081458446492	-0.0978395664657665	0.11679010377158168	-0.2178317308449077
-0.31057052534744906	0.14032348308336426	-0.12173423964429463	0.11225247271617987	-0.12017919219325102	0.23597529041979295	-0.14489543733270147	0.13796521288141358	-0.13024736466241382	0.10807936018350678	-0.34822656230546606	0.25197006959682877	-0.207330353537949	0.1667885048216973	-0.17871582609538122	0.9999999999999943	-0.40926117087318936	0.2006276712585581	-0.173521419323455	0.15682749140093438	-0.5866062702465098	0.27069078361821286	-0.22603324611807793	0.17996667880873668	-0.20650621533958796	0.2844410053241768	-0.2702127717873954	0.1560278544156807	-0.14884246955095168	0.11487029939196554	-0.10006221000591925	0.08304505503854406	-0.09404700293318147	0.12491884739236302	-0.10237270233928976	0.09847297191361014	-0.08695100549345679	0.08618069298617881	-0.10074837488994098	0.15764061871041726
0.2404887603986778	-0.1622001374570172	0.12591639996859533	-0.12135115453671284	0.12078873682879807	-0.2694925361064128	0.1633500782235118	-0.16059769862783643	0.1432508761463184	-0.11483879710005573	0.28000320413961294	-0.5878232801055328	0.2577876837331513	-0.21544848542067635	0.17831207054608234	-0.40926117087318936	0.9999999999999939	-0.4300974722481302	0.21517174025550256	-0.172859986850196	0.19739009073753436	-0.2523511468469751	0.24818135233989758	-0.22827770234009595	0.18545268689406297	-0.2038172153164468	0.180249184237171	-0.1475617003347473	0.1327179622298072	-0.10905842309305307	0.07502581478847485	-0.06680955631900272	0.08330839682980273	-0.11802531399976701	0.0940730362994809	-0.08026462195027079	0.06895257097065058	-0.07845485663307165	0.0919541629923927	-0.15378354551758497
-0.19748450060101091	0.12010213207869201	-0.11633002315124197	0.11249086180729131	-0.1211775978619419	0.17783831909991024	-0.1212302916423911	0.160681433202501	-0.15437149604633632	0.11641761795749318	-0.17824396821747363	0.23406233361192025	-0.4823589990008278	0.27363363582650996	-0.19864248415884878	0.2006276712585581	-0.4300974722481302	0.9999999999999941	-0.43271691541533785	0.18875698006167596	-0.13479322636940455	0.21337991882410043	-0.513285477622367	0.2955411508025382	-0.19023013553499335	0.14340408934668042	-0.1560149417898817	0.1542821464998927	-0.1415534258814569	0.10599289688621479	-0.061844611534253545	0.0585310418881885	-0.07854316038703502	0.11172479698136943	-0.09126319383946939	0.06598008574186075	-0.06076027588888927	0.07282985713510337	-0.08634899162967723	0.14101422048834478
0.18845287955215967	-0.11711496557116544	0.12062619743901633	-0.12094614404161892	0.13246808991471493	-0.16657959416230153	0.1148118041087148	-0.17288642140849805	0.17271758616983923	-0.13290120746518333	0.14895622799487065	-0.18419141307580286	0.2910349799115755	-0.4541048902343412	0.23958459613610306	-0.173521419323455	0.21517174025550256	-0.43271691541533785	0.9999999999999927	-0.30235643066660156	0.11778050534558514	-0.19818925476478774	0.2963851756258785	-0.6082305849387912	0.218259765956288	-0.13354048059092996	0.14345768238326617	-0.15199114884266074	0.1440820031686339	-0.11472612741775365	0.06036227185159532	-0.05809694180551032	0.08040266657515091	-0.11801711235940113	0.09664003308050217	-0.0652344076117759	0.06021736427017502	-0.07547101982299846	0.08983464332827765	-0.15042972945677116
-0.21218020789405184	0.12189784121098318	-0.14328325729137492	0.14054365539085512	-0.2004220759858409	0.1671817326436552	-0.11819342422455714	0.16729094472458803	-0.17500541971533753	0.19065563190586982	-0.1408291948205376	0.151671463034898	-0.22811518590249386	0.24158085019305703	-0.6553292726144809	0.15682749140093438	-0.172859986850196	0.18875698006167596	-0.30235643066660156	0.9999999999999912	-0.11059159377926274	0.18131458922178165	-0.2077067436624903	0.22829675519473475	-0.5130202606970832	0.12898602667898842	-0.13939444367310305	0.14412900670139625	-0.1408610795517862	0.1560645282727636	-0.06582457004551492	0.06462774335931384	-0.09419299960611505	0.14291870864855652	-0.1298573181377488	0.07194919352245968	-0.06739166994858659	0.08996499765717147	-0.10952413695375308	0.19228113303733252
0.19792353682895683	-0.09307298812185663	0.08120025193163442	-0.0761500639374477	0.08116304649912308	-0.15880207403497973	0.09301296123291744	-0.09361736903153624	0.08756670038521588	-0.07371433548249177	0.17429312397959223	-0.15534851840497862	0.1345401372020825	-0.1145888997943069	0.12228644115460907	-0.5866062702465098	0.19739009073753436	-0.13479322636940455	0.11778050534558514	-0.11059159377926274	0.9999999999999885	-0.36423486327039	0.16487788730766034	-0.13326044831308465	0.1470226273171856	-0.619495797292809	0.2742543094891025	-0.13574807639225728	0.12119316246645298	-0.08920479286454368	0.09581679495485577	-0.07602507415111566	0.0762854267714916	-0.0991665320836724	0.0791050155547132	-0.09583917166173454	0.07642783839034933	-0.06989068071229174	0.07919313192882832	-0.12118221252350865
-0.32407317771546373	0.13606922655541834	-0.12800852428713075	0.11908256769579369	-0.1327187541493018	0.20503612151513773	-0.1350894605453547	0.14542439805758942	-0.1399757316580384	0.11894221495757974	-0.21007668665200735	0.1931308981404647	-0.21895597434424943	0.18304653988657568	-0.20641769239723382	0.27069078361821286	-0.2523511468469751	0.21337991882410043	-0.19818925476478774	0.18131458922178165	-0.36423486327039	0.9999999999999898	-0.37281053349545484	0.22484406168691165	-0.2567110740614386	0.2996316833018873	-0.5783929775598923	0.22900422803093473	-0.21847673121202324	0.14777545020785515	-0.12040513481569333	0.11736198137789489	-0.1261672666557442	0.16121832349835372	-0.13322211144978824	0.11897302858966896	-0.12265625681128989	0.11269961835228834	-0.13059248631409476	0.19190021355588682
0.22274116015458392	-0.12803120784776278	0.12175789880561363	-0.12008382396813086	0.12681152303502996	-0.19381642124188947	0.12475326717556905	-0.16272019891316505	0.15083335137807014	-0.1222150521094814	0.17476162010654012	-0.2122525702277461	0.26737678674006105	-0.25677907371838493	0.20309664868814328	-0.22603324611807793	0.24818135233989758	-0.513285477622367	0.2963851756258785	-0.2077067436624903	0.16487788730766034	-0.37281053349545484	0.999999999999989	-0.5324771837185918	0.2232965598030929	-0.18625319446243507	0.21509255750944922	-0.2739077999625476	0.2037345814518081	-0.14111817915736793	0.07920313808223352	-0.07760636395288188	0.10557177801879275	-0.15055375107202038	0.11975176902558421	-0.08470867229921222	0.07977995450267059	-0.09731572990925483	0.11359159499954588	-0.18192337504290276
-0.22059911512519245	0.1201866954772813	-0.12461157000871859	0.1197365227008895	-0.13743107365542326	0.1722651839928838	-0.11919837364929456	0.1588713917984141	-0.163118421748855	0.12884832814362246	-0.1606948266420525	0.17955677553348476	-0.2892743212065458	0.2638094459464143	-0.2405821531473455	0.17996667880873668	-0.22827770234009595	0.2955411508025382	-0.6082305849387912	0.22829675519473475	-0.13326044831308465	0.22484406168691165	-0.5324771837185918	0.9999999999999897	-0.2784471725396155	0.14868452148561404	-0.1772415497525852	0.19472542393102613	-0.2150019482954995	0.13764533329190903	-0.0700765495428632	0.06866993930324626	-0.09756293043365269	0.13978226351582937	-0.11858330269130317	0.07448798318067133	-0.07172576631109226	0.08892344113775143	-0.10716165362597996	0.1687147547186837
0.2501593809626851	-0.13797406882567542	0.1355599642238405	-0.13780708091837193	0.15111915459671377	-0.21238120016721354	0.12966826832783612	-0.16414488886678089	0.15308633752922682	-0.1499967808482819	0.1642931208353768	-0.17330276886785975	0.20237539828803866	-0.21288878854704496	0.2805399131344151	-0.20650621533958796	0.18545268689406297	-0.19023013553499335	0.218259765956288	-0.5130202606970832	0.1470226273171856	-0.2567110740614386	0.2232965598030929	-0.2784471725396155	0.9999999999999857	-0.182347800914941	0.19303887401749922	-0.23136160485362645	0.2160288732804853	-0.3690599606126038	0.10129748055851565	-0.10566703490282121	0.16417327798353998	-0.2750539212173063	0.2376890569378354	-0.11405998994308986	0.10876931947893669	-0.16406102229291455	0.19852974010944985	-0.38533801379944815
-0.24459702444468265	0.10359262783172389	-0.09405700876885933	0.08734318825884183	-0.09555092139889622	0.1631640653878661	-0.10360270754181912	0.10579732944779063	-0.10059606903369771	0.08565968234267518	-0.18101180864866717	0.15405670749546393	-0.15203051563666198	0.12835982204313848	-0.14566223065618708	0.2844410053241768	-0.2038172153164468	0.14340408934668042	-0.13354048059092996	0.12898602667898842	-0.619495797292809	0.2996316833018873	-0.18625319446243507	0.14868452148561404	-0.182347800914941	0.9999999999999869	-0.5515600373307488	0.1782709122578971	-0.16527393340150306	0.11108144691694012	-0.15374236137415576	0.10935496064910766	-0.10072565953145332	0.12437494946838444	-0.10024842458347455	0.13267399608879296	-0.1104560787283374	0.09019084493181415	-0.10108135140127536	0.14658276769334008
0.22064043729269517	-0.10249988339403562	0.0937095160341938	-0.0890775109933944	0.09625596823723306	-0.16427777935557974	0.10031068329405186	-0.10922927791545581	0.10257566669828153	-0.08797232149778533	0.1568604096351351	-0.14978965603665798	0.1543386388976196	-0.1375422435462334	0.14935957854044402	-0.2702127717873954	0.180249184237171	-0.1560149417898817	0.14345768238326617	-0.13939444367310305	0.2742543094891025	-0.5783929775598923	0.21509255750944922	-0.1772415497525852	0.19303887401749922	-0.5515600373307488	0.9999999999999853	-0.33283021157070886	0.215338439024293	-0.14043828875948192	0.12984768049322326	-0.15538006520432263	0.12622297506416172	-0.1604019414180904	0.12205056538918459	-0.1345489235988917	0.13476368504923547	-0.11485422497639193	0.1231813018407869	-0.1798890931625372
-0.19666446573461704	0.08934611661126135	-0.08696641125278938	0.08264184581603494	-0.09340728790245749	0.13337466895833472	-0.08691059728675549	0.10165954582568881	-0.09769720246499025	0.08507149909098301	-0.12064453770953606	0.12270748438641997	-0.15105335018545823	0.13452313649627437	-0.1537707728612508	0.1560278544156807	-0.1475617003347473	0.1542821464998927	-0.15199114884266074	0.14412900670139625	-0.13574807639225728	0.22900422803093473	-0.2739077999625476	0.19472542393102613	-0.23136160485362645	0.1782709122578971	-0.33283021157070886	0.9999999999999863	-0.7619238026249442	0.20602481669142367	-0.08729619211517826	0.10047339380490312	-0.18785545584784896	0.2202442824964873	-0.1900589317897202	0.08982957456498439	-0.10391505392133943	0.14091849860742153	-0.16664682530101643	0.1949570102888476
0.1770066851194728	-0.08370982135362459	0.08069870600191727	-0.07769899819902923	0.08626799746104394	-0.12682701814941125	0.08082253499684779	-0.09590768821179921	0.0910869296724151	-0.0796668180093676	0.11092312903781536	-0.11472802035026286	0.13647928459666128	-0.12849739217682463	0.1417637298250587	-0.14884246955095168	0.1327179622298072	-0.1415534258814569	0.1440820031686339	-0.1408610795517862	0.12119316246645298	-0.21847673121202324	0.2037345814518081	-0.2150019482954995	0.2160288732804853	-0.16527393340150306	0.215338439024293	-0.7619238026249442	0.9999999999999861	-0.31474678067204764	0.08140782891094046	-0.0947897327020098	0.17087690501264768	-0.3126144470897499	0.21583149205594965	-0.08675934993720731	0.09627465931872199	-0.14670437970487785	0.17360294512208047	-0.22155399318824703
-0.1778479301477906	0.07730999135738159	-0.07699752359380779	0.07351310606643445	-0.0857100017383529	0.11327198483336116	-0.07404283923460338	0.08703712225308904	-0.08387383388719084	0.07797212314770441	-0.09515670052733685	0.09590130698616743	-0.11636136595767108	0.1091466871860948	-0.15034473776833313	0.11487029939196554	-0.10905842309305307	0.10599289688621479	-0.11472612741775365	0.1560645282727636	-0.08920479286454368	0.14777545020785515	-0.14111817915736793	0.13764533329190903	-0.3690599606126038	0.11108144691694012	-0.14043828875948192	0.20602481669142367	-0.31474678067204764	0.9999999999999861	-0.07131105761610634	0.08204913830301665	-0.16330633416215443	0.261041941897996	-0.7583625110058522	0.07495508471495128	-0.08804372033214689	0.1354547349684873	-0.1928491068798921	0.24545224058322207
0.11537724510050665	-0.048502803507065574	0.04463977412021747	-0.042128853266351525	0.046278047266944775	-0.07563692251721214	0.04685611300433791	-0.05000989093115199	0.04717719991533778	-0.04163205350734903	0.06811914850296995	-0.06409143463108735	0.06668044947634219	-0.0595901536281389	0.07210545984931663	-0.10006221000591925	0.07502581478847485	-0.061844611534253545	0.06036227185159532	-0.06582457004551492	0.09581679495485577	-0.12040513481569333	0.07920313808223352	-0.0700765495428632	0.10129748055851565	-0.15374236137415576	0.12984768049322326	-0.08729619211517826	0.08140782891094046	-0.07131105761610634	0.9999999999999872	-0.32521859401300507	0.11504030764282479	-0.10254044846105617	0.06802642738732476	-0.8817724045896697	0.23967532462075197	-0.1082271299811798	0.09071727744712665	-0.11374041910535529
-0.10411552900171325	0.043930019379875236	-0.041458224059197774	0.03916739156225321	-0.04384541250237332	0.06704013853893537	-0.042396106747589535	0.0466047606384928	-0.04428144794391805	0.03945157581467611	-0.05959020904607429	0.05728266303093585	-0.06281741538144012	0.056639166504031904	-0.0701981633252562	0.08304505503854406	-0.06680955631900272	0.0585310418881885	-0.05809694180551032	0.06462774335931384	-0.07602507415111566	0.11736198137789489	-0.07760636395288188	0.06866993930324626	-0.10566703490282121	0.10935496064910766	-0.15538006520432263	0.10047339380490312	-0.0947897327020098	0.08204913830301665	-0.32521859401300507	0.9999999999999869	-0.2541278008977266	0.1409889462870027	-0.08384716956474243	0.24254056947200198	-0.842503426658375	0.19462546204076062	-0.13602916973091916	0.13241947914622385
0.13659727056733656	-0.057838141064076934	0.05594063524630764	-0.053082229469717364	0.060436208389701374	-0.08629694639697909	0.05545967892253287	-0.06301386043128672	0.06016303675813568	-0.054513019044344885	0.07348393945736947	-0.07294264791243661	0.08438830990470862	-0.07767792213514432	0.09964906762901263	-0.09404700293318147	0.08330839682980273	-0.07854316038703502	0.08040266657515091	-0.09419299960611505	0.0762854267714916	-0.1261672666557442	0.10557177801879275	-0.09756293043365269	0.16417327798353998	-0.10072565953145332	0.12622297506416172	-0.18785545584784896	0.17087690501264768	-0.16330633416215443	0.11504030764282479	-0.2541278008977266	0.999999999999986	-0.45139579398946894	0.17379211549717918	-0.12370081633952074	0.20951284598554853	-0.7199367269778938	0.2977903215279718	-0.2721684330870481
-0.20460550235805103	0.08379188973875283	-0.08275703741562787	0.07799855082159703	-0.09102640515832668	0.1219497876822452	-0.08040274247709353	0.09195893172106552	-0.08877095422057579	0.08140426153861116	-0.10373005531439837	0.10294438930062648	-0.12355796532596391	0.11316871405795653	-0.15370422270780718	0.12491884739236302	-0.11802531399976701	0.11172479698136943	-0.11801711235940113	0.14291870864855652	-0.0991665320836724	0.16121832349835372	-0.15055375107202038	0.13978226351582937	-0.2750539212173063	0.12437494946838444	-0.1604019414180904	0.2202442824964873	-0.3126144470897499	0.261041941897996	-0.10254044846105617	0.1409889462870027	-0.45139579398946894	0.999999999999986	-0.41654198117690844	0.1051075524469135	-0.15330271923617553	0.2821178264395963	-0.5072741838376602	0.30578808508901756
0.1525006523771672	-0.0670392888139607	0.06568935495867233	-0.06304505168064692	0.07198898215464584	-0.09960867438799635	0.06400394055538683	-0.07476744709971042	0.0713358789072458	-0.06588965680866529	0.0827634704919306	-0.08354324444750544	0.09865996139945683	-0.0932247545503823	0.12260531371826873	-0.10237270233928976	0.0940730362994809	-0.09126319383946939	0.09664003308050217	-0.1298573181377488	0.0791050155547132	-0.13322211144978824	0.11975176902558421	-0.11858330269130317	0.2376890569378354	-0.10024842458347455	0.12205056538918459	-0.1900589317897202	0.21583149205594965	-0.7583625110058522	0.06802642738732476	-0.08384716956474243	0.17379211549717918	-0.41654198117690844	0.9999999999999865	-0.07266516692539396	0.08805814910852464	-0.15460696269066995	0.21325881983094602	-0.33907612164348355
-0.13323625736815992	0.05302948339967499	-0.049289648415974475	0.046169242472797925	-0.05139010803434414	0.08058737048478107	-0.05127434003068286	0.0544683777335584	-0.051724071214392306	0.045852545443962625	-0.07307484004766099	0.06806975324600911	-0.0725301633008988	0.0644179721704916	-0.08029913461730395	0.09847297191361014	-0.08026462195027079	0.06598008574186075	-0.0652344076117759	0.07194919352245968	-0.09583917166173454	0.11897302858966896	-0.08470867229921222	0.07448798318067133	-0.11405998994308986	0.13267399608879296	-0.1345489235988917	0.08982957456498439	-0.08675934993720731	0.07495508471495128	-0.8817724045896697	0.24254056947200198	-0.12370081633952074	0.1051075524469135	-0.07266516692539396	0.9999999999999871	-0.31495225689149253	0.11193907810873358	-0.09838508236520141	0.11620555215225124
0.10704742605588602	-0.04579146047771359	0.04303644231567881	-0.04080362467431157	0.04540195280216096	-0.07038634798011029	0.04408192855355462	-0.04855784117306466	0.04597103985100259	-0.04098156884685741	0.06169666549992303	-0.059692128556534926	0.06494973485925305	-0.058945606333616604	0.07250081458446492	-0.08695100549345679	0.06895257097065058	-0.06076027588888927	0.06021736427017502	-0.06739166994858659	0.07642783839034933	-0.12265625681128989	0.07977995450267059	-0.07172576631109226	0.10876931947893669	-0.1104560787283374	0.13476368504923547	-0.10391505392133943	0.09627465931872199	-0.08804372033214689	0.23967532462075197	-0.842503426658375	0.20951284598554853	-0.15330271923617553	0.08805814910852464	-0.31495225689149253	0.9999999999999871	-0.25162465654565397	0.14370365985824435	-0.15137992236058254
-0.13652344965004787	0.05555232747286186	-0.054184928902958014	0.05104970500358229	-0.05897384026925839	0.08160899987017169	-0.05328079041344037	0.06014258153000786	-0.05778189360193142	0.05270717058606087	-0.06957149510639268	0.06851921150932014	-0.08025204725741097	0.07329134800192472	-0.0978395664657665	0.08618069298617881	-0.07845485663307165	0.07282985713510337	-0.07547101982299846	0.08996499765717147	-0.06989068071229174	0.11269961835228834	-0.09731572990925483	0.08892344113775143	-0.16406102229291455	0.09019084493181415	-0.11485422497639193	0.14091849860742153	-0.14670437970487785	0.1354547349684873	-0.1082271299811798	0.19462546204076062	-0.7199367269778938	0.2821178264395963	-0.15460696269066995	0.11193907810873358	-0.25162465654565397	0.9999999999999869	-0.5026428114252924	0.24348183580941718
0.16080228079345255	-0.06613450846844415	0.06449186439410495	-0.060999320417011886	0.07024307187503288	-0.09738089269250404	0.06325100878951534	-0.07183296371104146	0.06882602048252243	-0.06302235396651346	0.08175492559957911	-0.08114248724661813	0.09492182495899659	-0.08760398442127504	0.11679010377158168	-0.10074837488994098	0.0919541629923927	-0.08634899162967723	0.08983464332827765	-0.10952413695375308	0.07919313192882832	-0.13059248631409476	0.11359159499954588	-0.10716165362597996	0.19852974010944985	-0.10108135140127536	0.1231813018407869	-0.16664682530101643	0.17360294512208047	-0.1928491068798921	0.09071727744712665	-0.13602916973091916	0.2977903215279718	-0.5072741838376602	0.21325881983094602	-0.09838508236520141	0.14370365985824435	-0.5026428114252924	0.999999999999987	-0.5690379960442886
-0.3131092376874167	0.11735667168395422	-0.11663609174889845	0.10857321596359007	-0.1292203623912549	0.16626586071053026	-0.11211517377838358	0.12554200681688657	-0.12191849370628667	0.11357466828166798	-0.1387487107096817	0.1358139469789967	-0.1635332002611516	0.14905159609367974	-0.2178317308449077	0.15764061871041726	-0.15378354551758497	0.14101422048834478	-0.15042972945677116	0.19228113303733252	-0.12118221252350865	0.19190021355588682	-0.18192337504290276	0.1687147547186837	-0.38533801379944815	0.14658276769334008	-0.1798890931625372	0.1949570102888476	-0.22155399318824703	0.24545224058322207	-0.11374041910535529	0.13241947914622385	-0.2721684330870481	0.30578808508901756	-0.33907612164348355	0.11620555215225124	-0.15137992236058254	0.24348183580941718	-0.5690379960442886	0.9999999999999869
