1.0000000000000004	-0.9984707257238554	0.0164446343380679	-0.011119095350121646	0.012873365561603643	-0.037581246065001	0.03305520518148872	-0.01597874444206845	0.010482556959221807	-0.00972460535716637	0.013657315511254223	-0.009712799165720513	0.009788472506610359	-0.00835913637873369	0.007897056467525526	-0.008074777286679002	0.008835783917698159	-0.007298689011117878	0.006717372143064852	-0.00676370927189	0.00678137399258177	-0.006442591985180017	0.00616761602575951	-0.006664539590029435	0.005836506386237377	-0.0054834275188841	0.003446138627739504	-0.003429092380643834	0.004390023459092712	-0.0033327451476365903	0.00515912715015671	-0.00335876509992222	0.0032798297878512237	-0.0035330429075945326	0.004256647789500311	-0.002660671333003965	0.0028998255711395627	-0.0026768721949904212	0.0031329788083415736	-0.002372667812139794	0.002042205679760195	-0.0023465246928034795	0.0030235211718613146	-0.003691649503613209	0.0025287968024840304
-0.9984707257238554	1.0000000000000004	-0.016823185377787833	0.011238518656962846	-0.013117768330486477	0.03626178036249163	-0.034100042089742884	0.016145800157475867	-0.010634744612094857	0.009817383461738332	-0.013735086259076889	0.009721097882757454	-0.00987078228002505	0.008427465440558592	-0.007982589089911611	0.0080847193214992	-0.008896334333765115	0.007339557347176614	-0.006776278927293122	0.006814899468994453	-0.006817296028086688	0.006472631937837384	-0.0062071522743552396	0.006699965625244669	-0.00587973144023723	0.00550035856639526	-0.0034613390804607083	0.003443246155415323	-0.004412999258811455	0.00335486402316914	-0.005184417935525788	0.0033729151059413527	-0.003294798255404564	0.0035491666208498428	-0.004287031699736239	0.0026718241293765413	-0.002912815397828717	0.0026883897558826245	-0.003147376566585008	0.0023844452614810176	-0.0020512432200673284	0.0023561754938905164	-0.0030373386826804518	0.0037065565530200566	-0.002542168693783934
0.0164446343380679	-0.016823185377787833	1.0	-0.4598116909991632	0.2720134556867138	-0.26111193964141244	0.21999722138182862	-0.6872973883981959	0.2437610856324073	-0.2554640429556603	0.130932446107035	-0.11248148362308569	0.13163080487062886	-0.17570417435336888	0.15279719838192973	-0.09395042334376962	0.11233115248082949	-0.10574150398764003	0.1178442826189522	-0.1260573305120611	0.0812704019291029	-0.08634877741879327	0.08498582949610828	-0.10195061603660091	0.08916925344173075	-0.06979803033448127	0.04497252659375964	-0.04582509039584678	0.0609697690776574	-0.050119462648789845	0.06569069577372529	-0.04436507720011411	0.04368925485979922	-0.049166967748446984	0.061906722860253886	-0.034861755362982666	0.038028213558193476	-0.03581674499245303	0.042964661146948774	-0.033427116524688015	0.026668950137037597	-0.03097556074540237	0.04019005248567875	-0.05117552912713433	0.03525171892252162
-0.011119095350121646	0.011238518656962846	-0.4598116909991632	1.0000000000000004	-0.7805285062952831	0.14603299453033228	-0.1418187466649942	0.23632113259275198	-0.21120169078834652	0.2103257184750364	-0.11599152045595586	0.09351859285586599	-0.11854669752615123	0.14175133268112486	-0.14762375640268852	0.0820032137220603	-0.10602219038537876	0.09348874157600993	-0.10780356002096413	0.11024208788310594	-0.07535552197901685	0.07792827847213249	-0.0785731203326108	0.09262980501436323	-0.08467524396805505	0.06359788064653979	-0.04198027760733088	0.042481783276131724	-0.05740374078042331	0.047346778610761184	-0.06217958789127301	0.041336827383457175	-0.040923884624127514	0.045745137637821176	-0.059896478287220646	0.03259321889438195	-0.035743993474918	0.03351668363321023	-0.0403405061045205	0.03158632633659335	-0.025063922230383784	0.028925995811658528	-0.03787097885343473	0.047520394060015646	-0.03364765796114928
0.012873365561603643	-0.013117768330486477	0.2720134556867138	-0.7805285062952831	1.0000000000000009	-0.18125420204006884	0.14913116226284856	-0.26152638222136154	0.21943506423604897	-0.32714086303114615	0.1324513898579512	-0.11125679623890511	0.1346092981346307	-0.1769015908672158	0.1723107224655535	-0.09996471141971759	0.12396917042716736	-0.11257653516177304	0.12710036348772874	-0.13961378568971183	0.0900071730428341	-0.09457229311590867	0.09347972571794473	-0.1163249993817744	0.101791960472136	-0.07895902460216478	0.051760506375102676	-0.05282181470864854	0.07082254922848107	-0.05777532667528576	0.07596429189257839	-0.05130219959204177	0.05063777349382206	-0.05715868776890349	0.07177110682860309	-0.040457036239478654	0.044210622559801134	-0.041742963762296866	0.05028657077466761	-0.039332913558143716	0.031007890732927524	-0.036018674840892356	0.0469472983147433	-0.05997263662944956	0.04155924478454246
-0.037581246065001	0.03626178036249163	-0.26111193964141244	0.14603299453033228	-0.18125420204006884	1.0	-0.8488276682047122	0.24365123212372827	-0.1570114693997541	0.13160191958537526	-0.24507131782424807	0.14179673260065204	-0.1353576511486633	0.1118476940749797	-0.10637839255220419	0.11231334021397095	-0.11740005914087362	0.09713985850402322	-0.08953005547671009	0.08847056336470079	-0.0910768287863535	0.08490866918376755	-0.08121807308913911	0.08495787852457239	-0.0745054033585555	0.07091454219674966	-0.044062808114705324	0.043665839617030744	-0.05547668910766288	0.04220355557322799	-0.06592206416739833	0.04273131829306483	-0.04164106519742209	0.04462738410897345	-0.05368271766873334	0.033781156769481804	-0.03677636479170412	0.03382812143690327	-0.03940279574342172	0.02966415970122073	-0.025906123530713684	0.02973012029934078	-0.03816456135216412	0.0463688395721082	-0.031566024860685514
0.03305520518148872	-0.034100042089742884	0.21999722138182862	-0.1418187466649942	0.14913116226284856	-0.8488276682047122	1.0000000000000004	-0.36349455333045844	0.15061004438118955	-0.13498483903716244	0.168974491950873	-0.13075541465132343	0.1174236424711964	-0.11004713955666501	0.09876050394672466	-0.10117434949142078	0.10272023547914251	-0.08897396065369104	0.0828715670493705	-0.0839707621066861	0.07915865681011817	-0.07709369537747658	0.0727825931400873	-0.07908473465957863	0.06800997079186358	-0.064928588490165	0.0400181170600462	-0.04003123098572921	0.05075220567165138	-0.03873055627939076	0.059226233038103114	-0.0390369179651841	0.037980023475753626	-0.04111653296648349	0.04876185384607487	-0.030826765370033614	0.03346753914756077	-0.030998305876893575	0.03621966938141331	-0.027361659975710054	0.023566209490319734	-0.027207062893334147	0.03483291666040525	-0.04296325218630698	0.028980501292108246
-0.01597874444206845	0.016145800157475867	-0.6872973883981959	0.23632113259275198	-0.26152638222136154	0.24365123212372827	-0.36349455333045844	1.0000000000000002	-0.40730162626447947	0.2361726570100312	-0.13170431658183876	0.10992841635050929	-0.1420142419207671	0.17160434567936658	-0.1577492290506537	0.08794794679016558	-0.10914865450028463	0.1027762509885817	-0.11940687597651432	0.11867536563696544	-0.07715543691567965	0.08183748359486101	-0.08225896740747693	0.09413854748323953	-0.08500183251669878	0.0641935203351335	-0.0415433297577612	0.042144160468138604	-0.05641834167342516	0.0470165045064576	-0.060893051030398535	0.040788879699009614	-0.04025816252820169	0.04511375726016562	-0.05855832651280125	0.032008350795977226	-0.034988259252978764	0.03283210175869186	-0.03939000108391978	0.03068320780896387	-0.024526186673543546	0.028385428485839297	-0.036919237580462616	0.04657502865096251	-0.03248450174176795
0.010482556959221807	-0.010634744612094857	0.2437610856324073	-0.21120169078834652	0.21943506423604897	-0.1570114693997541	0.15061004438118955	-0.40730162626447947	1.0000000000000013	-0.6803748700060858	0.118339996125082	-0.1077363690747309	0.1409983912735883	-0.39737169872725114	0.269156317717576	-0.08981078684727162	0.12036517551599439	-0.12542427339747675	0.1889535744006769	-0.19710720947648488	0.08104212979553758	-0.09353794655549383	0.09716715300613962	-0.12332424112476166	0.112040791351537	-0.06939895824106501	0.04599409644883822	-0.047631437009448975	0.06645611285603527	-0.060643779314744295	0.06577873070182857	-0.04552125465741315	0.04534950201285204	-0.05305026862368167	0.07256734816867615	-0.03532259340047468	0.03867883547981714	-0.03693528899568297	0.04537277289808769	-0.03622178263971938	0.02698193027383418	-0.031497500393170216	0.041260511907409404	-0.05400604600402471	0.037930856106108905
-0.00972460535716637	0.009817383461738332	-0.2554640429556603	0.2103257184750364	-0.32714086303114615	0.13160191958537526	-0.13498483903716244	0.2361726570100312	-0.6803748700060858	1.0000000000000007	-0.12082315470093288	0.10618673665175833	-0.14416183945389965	0.27617705779501384	-0.45271858838203294	0.09085192267618877	-0.12666998558543416	0.125602792720278	-0.19839079234362736	0.20451790765058175	-0.08386701150499307	0.0954576670508354	-0.10122970216893046	0.12586801625801827	-0.12241139908974871	0.07101764646945032	-0.047527801499695224	0.04906430050266753	-0.06927757320826206	0.06467286409962543	-0.0682470641807641	0.04695769779628149	-0.04692729681392274	0.05478014212887617	-0.07876914561401957	0.03645272939106439	-0.0400171591145822	0.038161672720645703	-0.04705929765393999	0.03795873123040876	-0.027900891095973	0.032486350670290653	-0.04275440466718523	0.05561828152723386	-0.03997897324217879
0.013657315511254223	-0.013735086259076889	0.130932446107035	-0.11599152045595586	0.1324513898579512	-0.24507131782424807	0.168974491950873	-0.13170431658183876	0.118339996125082	-0.12082315470093288	1.0000000000000018	-0.6130528672947585	0.2867404308365449	-0.14809688811874475	0.13015335855928664	-0.42919172499170083	0.26564380694804496	-0.2159312817239874	0.13787546113712906	-0.13517315792474405	0.23579097590835194	-0.20374955947562426	0.17381191446430908	-0.16635379477018375	0.1328439236123703	-0.18128381866128482	0.10162132939612215	-0.09949532020694477	0.11556257330763611	-0.07794057089961412	0.15078668911739926	-0.09756080630479906	0.09269768168770366	-0.09530887407223308	0.0990576360764263	-0.07717412037544216	0.08277801020277907	-0.0751151001924711	0.08410013860955631	-0.06030808804021073	0.05860716307189795	-0.06747638124635136	0.0839891514307582	-0.09999540891698322	0.06373723764423016
-0.009712799165720513	0.009721097882757454	-0.11248148362308569	0.09351859285586599	-0.11125679623890511	0.14179673260065204	-0.13075541465132343	0.10992841635050929	-0.1077363690747309	0.10618673665175833	-0.6130528672947585	1.0000000000000013	-0.5838100909755579	0.14380733726228676	-0.12542006068055198	0.22872183335219382	-0.3494086180845833	0.23876319818703198	-0.1408439025004335	0.12760097534267886	-0.18617125492656203	0.1952964758492676	-0.18830082768882886	0.14517990594549235	-0.12078137714899731	0.13169595590840014	-0.0796295796064811	0.0780284621340538	-0.09505622462432074	0.06820177257932801	-0.11870393330407439	0.07586248162107573	-0.07345958333552738	0.07641411427736605	-0.08716693752408414	0.05965935823991585	-0.0647394771991117	0.05874828551721229	-0.06691400356616836	0.048739540083221636	-0.04566440174110306	0.0521668071449513	-0.0661254787724844	0.07834343194372863	-0.05177594634073257
0.009788472506610359	-0.00987078228002505	0.13163080487062886	-0.11854669752615123	0.1346092981346307	-0.1353576511486633	0.1174236424711964	-0.1420142419207671	0.1409983912735883	-0.14416183945389965	0.2867404308365449	-0.5838100909755579	1.0000000000000036	-0.23329212704150531	0.17059046215210819	-0.2288246583825043	0.2911937997390813	-0.4819781968519208	0.20308651719203855	-0.18770462319447312	0.18446653226781454	-0.2508108629991571	0.23824306420862856	-0.1980269926110462	0.15580014607702458	-0.1535345441322437	0.09341575663866045	-0.09516188763116416	0.11794826290638281	-0.08851314702565494	0.13406231098252835	-0.09077047841724492	0.0882602549667256	-0.09595605282731046	0.10999851617563396	-0.07084900452870306	0.07659892442355845	-0.07136627978210927	0.08306831381174505	-0.06199179481109925	0.053829287510817926	-0.06261430456952162	0.07949501320576774	-0.09907284208329442	0.06516672520116579
-0.00835913637873369	0.008427465440558592	-0.17570417435336888	0.14175133268112486	-0.1769015908672158	0.1118476940749797	-0.11004713955666501	0.17160434567936658	-0.39737169872725114	0.27617705779501384	-0.14809688811874475	0.14380733726228676	-0.23329212704150531	1.0000000000000009	-0.5551585402427899	0.11634932527355861	-0.17963183844035194	0.20286891387821643	-0.5353745805450048	0.3062661316032961	-0.10860395054679964	0.13458307478717885	-0.15344262976371562	0.1742854981052501	-0.17186866610054627	0.09013282217667867	-0.06068053813385057	0.06310086612395618	-0.09086312217604914	0.08778550697579547	-0.08570451877904274	0.059717298909082735	-0.060025645181657504	0.07092316085985649	-0.10590836937729801	0.04592605774056879	-0.05047805887561517	0.0483555497448973	-0.060117030251140145	0.048755455462555164	-0.035089891475738516	0.04094635755931104	-0.05399385433994976	0.0707650168830474	-0.05121447023595019
0.007897056467525526	-0.007982589089911611	0.15279719838192973	-0.14762375640268852	0.1723107224655535	-0.10637839255220419	0.09876050394672466	-0.1577492290506537	0.269156317717576	-0.45271858838203294	0.13015335855928664	-0.12542006068055198	0.17059046215210819	-0.5551585402427899	1.0000000000000036	-0.10811764384510615	0.15320628116250998	-0.1734888306310713	0.29939528851364805	-0.5266019697426957	0.09996291351986726	-0.12383126329450315	0.13186398104660382	-0.19329594218657417	0.18142578839399334	-0.0877438472944923	0.059625909968708035	-0.06314928875938668	0.09220935555327689	-0.09626060434798062	0.08295810793432025	-0.059553284799828514	0.059917787964208866	-0.07368153635964521	0.10666362837532761	-0.0455882683723671	0.05000289738692972	-0.04867388608324227	0.06135619227154093	-0.050519713737961956	0.03468910352914342	-0.04087298057450282	0.053935172630955874	-0.07360198164207887	0.05203210441409792
-0.008074777286679002	0.0080847193214992	-0.09395042334376962	0.0820032137220603	-0.09996471141971759	0.11231334021397095	-0.10117434949142078	0.08794794679016558	-0.08981078684727162	0.09085192267618877	-0.42919172499170083	0.22872183335219382	-0.2288246583825043	0.11634932527355861	-0.10811764384510615	1.0000000000000009	-0.35913413899990704	0.1902026797683132	-0.11975528487172102	0.11311793729528538	-0.6773029242190397	0.23479068790156354	-0.19362019711279765	0.15041050454021881	-0.12501733132844783	0.23822313771879564	-0.13318016723418738	0.11495491513585113	-0.12420134598087522	0.07267467507444687	-0.2167069947398683	0.1181215930369766	-0.11081860121378606	0.10000884870485106	-0.09456937918048294	0.09419238519799478	-0.10215610704805078	0.08543746030032047	-0.08874142711468867	0.05763517338432583	-0.07296812732385398	0.07954413067331463	-0.09796531224014604	0.1001385280375377	-0.06177460577717666
0.008835783917698159	-0.008896334333765115	0.11233115248082949	-0.10602219038537876	0.12396917042716736	-0.11740005914087362	0.10272023547914251	-0.10914865450028463	0.12036517551599439	-0.12666998558543416	0.26564380694804496	-0.3494086180845833	0.2911937997390813	-0.17963183844035194	0.15320628116250998	-0.35913413899990704	1.0000000000000013	-0.4373335178538532	0.18834339730345595	-0.18024987685060287	0.25624813377528427	-0.5157057217607576	0.30013839999400876	-0.22212326701168528	0.1677734150140006	-0.1928039904935414	0.11241211719062709	-0.1127726050945882	0.13467976875010632	-0.09562523057791021	0.16114013337977803	-0.10756791924279868	0.10365858553347575	-0.10985705705172018	0.11988064384021084	-0.08361684921602809	0.0901019806533352	-0.08290312348858421	0.09469961938013029	-0.06866689930667502	0.06340962623166758	-0.0734412787895778	0.09223987098296765	-0.11246509809681454	0.0722710950771406
-0.007298689011117878	0.007339557347176614	-0.10574150398764003	0.09348874157600993	-0.11257653516177304	0.09713985850402322	-0.08897396065369104	0.1027762509885817	-0.12542427339747675	0.125602792720278	-0.2159312817239874	0.23876319818703198	-0.4819781968519208	0.20286891387821643	-0.1734888306310713	0.1902026797683132	-0.4373335178538532	1.000000000000001	-0.3348709484488429	0.20471083674695417	-0.18162760382832724	0.29230254548515683	-0.5365861399670185	0.20512159324867366	-0.17395587151297276	0.13233478307204455	-0.08610056851157884	0.08844682115860074	-0.11396637447432924	0.09083070985630047	-0.12018906063984426	0.08143270704053723	-0.0814784870648097	0.08853579110958158	-0.11484712004402163	0.06223918588193648	-0.06816635483820405	0.06352925176344848	-0.07528826961842684	0.05673413497578958	-0.04753183836784132	0.05491036704878409	-0.07103207658120032	0.0875173828142799	-0.06009806317115634
0.006717372143064852	-0.006776278927293122	0.1178442826189522	-0.10780356002096413	0.12710036348772874	-0.08953005547671009	0.0828715670493705	-0.11940687597651432	0.1889535744006769	-0.19839079234362736	0.13787546113712906	-0.1408439025004335	0.20308651719203855	-0.5353745805450048	0.29939528851364805	-0.11975528487172102	0.18834339730345595	-0.3348709484488429	1.0000000000000007	-0.6219585277567413	0.11168579478315419	-0.15619909378686492	0.18020398862537323	-0.23620607007987907	0.20417496578583968	-0.09471134326320232	0.06439005294938058	-0.06852174785280993	0.10139856779656024	-0.10423716283714664	0.08844061598909343	-0.06378714081313308	0.06449297488716214	-0.0795315344218647	0.11624084906617606	-0.04838488620343138	0.053149545775431184	-0.0516986158604442	0.06521499184665289	-0.053072533601433707	0.03678720984114103	-0.0433148962958948	0.05717792627623167	-0.07754283277250557	0.05482918197222621
-0.00676370927189	0.006814899468994453	-0.1260573305120611	0.11024208788310594	-0.13961378568971183	0.08847056336470079	-0.0839707621066861	0.11867536563696544	-0.19710720947648488	0.20451790765058175	-0.13517315792474405	0.12760097534267886	-0.18770462319447312	0.3062661316032961	-0.5266019697426957	0.11311793729528538	-0.18024987685060287	0.20471083674695417	-0.6219585277567413	0.999999999999999	-0.10823350837633304	0.13755437926177383	-0.16272351007759642	0.226993964665846	-0.32999915443968303	0.09234980428536638	-0.06434062398502308	0.06844728995115736	-0.10575206076253121	0.13019009180340566	-0.08845050050187397	0.0639866328948919	-0.06521744343091436	0.08158454086099205	-0.14675074501419322	0.04851217378123917	-0.053522147026206245	0.052380304180694205	-0.06747002334690119	0.0581503433485434	-0.0369573643734549	0.043505924209195815	-0.05808015709355192	0.07952627326895292	-0.06030456569432632
0.00678137399258177	-0.006817296028086688	0.0812704019291029	-0.07535552197901685	0.0900071730428341	-0.0910768287863535	0.07915865681011817	-0.07715543691567965	0.08104212979553758	-0.08386701150499307	0.23579097590835194	-0.18617125492656203	0.18446653226781454	-0.10860395054679964	0.09996291351986726	-0.6773029242190397	0.25624813377528427	-0.18162760382832724	0.11168579478315419	-0.10823350837633304	1.0000000000000042	-0.3247095143077327	0.19403714266263336	-0.1558350250418669	0.12183391051814389	-0.43405333119794826	0.15273451682137315	-0.13481828923484948	0.1278714740112112	-0.07196157377218355	0.22250227518595647	-0.13442937367848284	0.11968322960698465	-0.10705349194295555	0.09241466425704495	-0.10306911105421064	0.10793705939116165	-0.09156219026553368	0.09279740152244208	-0.059177376512681235	0.07687334917449187	-0.08670141839272409	0.10150256267139751	-0.10718848249076737	0.06264144501578432
-0.006442591985180017	0.006472631937837384	-0.08634877741879327	0.07792827847213249	-0.09457229311590867	0.08490866918376755	-0.07709369537747658	0.08183748359486101	-0.09353794655549383	0.0954576670508354	-0.20374955947562426	0.1952964758492676	-0.2508108629991571	0.13458307478717885	-0.12383126329450315	0.23479068790156354	-0.5157057217607576	0.29230254548515683	-0.15619909378686492	0.13755437926177383	-0.3247095143077327	1.000000000000001	-0.6523632216310644	0.19464222687563462	-0.15723791801814146	0.16393005952343503	-0.10112785319495869	0.09884748809070203	-0.1187921832562008	0.08403051409102402	-0.14184841748723928	0.09163384461540408	-0.0903746107563715	0.09184546465401192	-0.1091414774984082	0.0697748768409759	-0.07623229446061228	0.06890863106468981	-0.07859189493573888	0.056230834565650034	-0.053344043122399626	0.060745183035924286	-0.07735129815865155	0.08995375984538552	-0.05995141072171377
0.00616761602575951	-0.0062071522743552396	0.08498582949610828	-0.0785731203326108	0.09347972571794473	-0.08121807308913911	0.0727825931400873	-0.08225896740747693	0.09716715300613962	-0.10122970216893046	0.17381191446430908	-0.18830082768882886	0.23824306420862856	-0.15344262976371562	0.13186398104660382	-0.19362019711279765	0.30013839999400876	-0.5365861399670185	0.18020398862537323	-0.16272351007759642	0.19403714266263336	-0.6523632216310644	1.0000000000000009	-0.27901925022725216	0.17134284609475334	-0.14300280805428991	0.09291977717313542	-0.10199626248673573	0.12165147671416876	-0.09036293153840286	0.12162706073776011	-0.08635509693347261	0.08730584455385473	-0.09450971653031194	0.11300723488446572	-0.06410352438579237	0.07014683870052443	-0.06600215817569838	0.07771493114582187	-0.05688703223588153	0.04860541065960786	-0.05666894250697136	0.07293991225181008	-0.09043201099081066	0.05992383112024119
-0.006664539590029435	0.006699965625244669	-0.10195061603660091	0.09262980501436323	-0.1163249993817744	0.08495787852457239	-0.07908473465957863	0.09413854748323953	-0.12332424112476166	0.12586801625801827	-0.16635379477018375	0.14517990594549235	-0.1980269926110462	0.1742854981052501	-0.19329594218657417	0.15041050454021881	-0.22212326701168528	0.20512159324867366	-0.23620607007987907	0.226993964665846	-0.1558350250418669	0.19464222687563462	-0.27901925022725216	1.0000000000000009	-0.6453667194049081	0.14560584870109583	-0.11657415469626506	0.13050202096532218	-0.322318880591142	0.24347325420302068	-0.1471267361735262	0.11727193717886147	-0.12803803116188656	0.1835594937524677	-0.32340057222272817	0.08472095146594129	-0.09584137070915548	0.09843046087011122	-0.14171368885837302	0.11464754479441998	-0.0645088973466113	0.07704589447896902	-0.10846134976619543	0.15548252420458797	-0.12264058252998657
0.005836506386237377	-0.00587973144023723	0.08916925344173075	-0.08467524396805505	0.101791960472136	-0.0745054033585555	0.06800997079186358	-0.08500183251669878	0.112040791351537	-0.12241139908974871	0.1328439236123703	-0.12078137714899731	0.15580014607702458	-0.17186866610054627	0.18142578839399334	-0.12501733132844783	0.1677734150140006	-0.17395587151297276	0.20417496578583968	-0.32999915443968303	0.12183391051814389	-0.15723791801814146	0.17134284609475334	-0.6453667194049081	1.0000000000000009	-0.1217887414478469	0.09222435211007045	-0.10590724267775241	0.187042840665476	-0.45138014221392714	0.11688148353920652	-0.09610147828428321	0.10040236887464718	-0.14894915331078568	0.28376098560871377	-0.07005601694171222	0.07754998053235641	-0.0810456899901507	0.11226492812918291	-0.10725810113487892	0.05266922745416801	-0.06410959998560582	0.08736960690653285	-0.1371047360157749	0.10332053896807307
-0.0054834275188841	0.00550035856639526	-0.06979803033448127	0.06359788064653979	-0.07895902460216478	0.07091454219674966	-0.064928588490165	0.0641935203351335	-0.06939895824106501	0.07101764646945032	-0.18128381866128482	0.13169595590840014	-0.1535345441322437	0.09013282217667867	-0.0877438472944923	0.23822313771879564	-0.1928039904935414	0.13233478307204455	-0.09471134326320232	0.09234980428536638	-0.43405333119794826	0.16393005952343503	-0.14300280805428991	0.14560584870109583	-0.1217887414478469	1.0000000000000013	-0.38955679843787244	0.23004127756049736	-0.18874422424242218	0.07544753395875106	-0.5990463318760381	0.25274287989926925	-0.21968635657903068	0.15557018887584093	-0.09904080261617505	0.19234895791016027	-0.2048318999726912	0.15192110988513077	-0.1364336866477192	0.07223979225235813	-0.14689344991334094	0.15225510933813635	-0.17367696388839537	0.14637022083788132	-0.07752546554291168
0.003446138627739504	-0.0034613390804607083	0.04497252659375964	-0.04198027760733088	0.051760506375102676	-0.044062808114705324	0.0400181170600462	-0.0415433297577612	0.04599409644883822	-0.047527801499695224	0.10162132939612215	-0.0796295796064811	0.09341575663866045	-0.06068053813385057	0.059625909968708035	-0.13318016723418738	0.11241211719062709	-0.08610056851157884	0.06439005294938058	-0.06434062398502308	0.15273451682137315	-0.10112785319495869	0.09291977717313542	-0.11657415469626506	0.09222435211007045	-0.38955679843787244	1.0000000000000007	-0.628929004056045	0.19047400119864422	-0.059924943578439194	0.26178737504210475	-0.5218746020886933	0.30189279890494713	-0.1804216583980853	0.07691879350974372	-0.16478638129619586	0.19426979267244668	-0.1634958045370346	0.1330614392526819	-0.06274264788422694	0.1163404446495861	-0.14963245149132287	0.16025077439825747	-0.1449282231538729	0.06533536383043517
-0.003429092380643834	0.003443246155415323	-0.04582509039584678	0.042481783276131724	-0.05282181470864854	0.043665839617030744	-0.04003123098572921	0.042144160468138604	-0.047631437009448975	0.04906430050266753	-0.09949532020694477	0.0780284621340538	-0.09516188763116416	0.06310086612395618	-0.06314928875938668	0.11495491513585113	-0.1127726050945882	0.08844682115860074	-0.06852174785280993	0.06844728995115736	-0.13481828923484948	0.09884748809070203	-0.10199626248673573	0.13050202096532218	-0.10590724267775241	0.23004127756049736	-0.628929004056045	1.0000000000000007	-0.28995136023481016	0.06937218457241688	-0.2454243058268592	0.3112444392863903	-0.5583192266008774	0.2245612478134786	-0.08952090533747599	0.1446708775670639	-0.18542630940841076	0.18271795694457152	-0.16325656196331537	0.07089967228176157	-0.10897708871121645	0.13250534019622195	-0.19409513146247737	0.16202545135007831	-0.07467129694910252
0.004390023459092712	-0.004412999258811455	0.0609697690776574	-0.05740374078042331	0.07082254922848107	-0.05547668910766288	0.05075220567165138	-0.05641834167342516	0.06645611285603527	-0.06927757320826206	0.11556257330763611	-0.09505622462432074	0.11794826290638281	-0.09086312217604914	0.09220935555327689	-0.12420134598087522	0.13467976875010632	-0.11396637447432924	0.10139856779656024	-0.10575206076253121	0.1278714740112112	-0.1187921832562008	0.12165147671416876	-0.322318880591142	0.187042840665476	-0.18874422424242218	0.19047400119864422	-0.28995136023481016	0.9999999999999993	-0.1410232539171858	0.18266495591752563	-0.21618049806396353	0.2511969781712344	-0.6932001851331883	0.15523433044729565	-0.1293841891814496	0.14741447515374015	-0.17512426417481694	0.262542885446399	-0.12248613933800288	0.0943747691837264	-0.12225454715708699	0.17323035492563021	-0.32093494448779014	0.11856977375687855
-0.0033327451476365903	0.00335486402316914	-0.050119462648789845	0.047346778610761184	-0.05777532667528576	0.04220355557322799	-0.03873055627939076	0.0470165045064576	-0.060643779314744295	0.06467286409962543	-0.07794057089961412	0.06820177257932801	-0.08851314702565494	0.08778550697579547	-0.09626060434798062	0.07267467507444687	-0.09562523057791021	0.09083070985630047	-0.10423716283714664	0.13019009180340566	-0.07196157377218355	0.08403051409102402	-0.09036293153840286	0.24347325420302068	-0.45138014221392714	0.07544753395875106	-0.059924943578439194	0.06937218457241688	-0.1410232539171858	1.000000000000004	-0.07441237238977193	0.0628494857035467	-0.06728754338588143	0.10295402333430302	-0.8164147116874919	0.04553103206061867	-0.05095630399440663	0.05481356561949171	-0.08339642142629046	0.11739309500989287	-0.03428725279967172	0.041928392712233545	-0.05932404723552816	0.09653754323997281	-0.11855733752989152
0.00515912715015671	-0.005184417935525788	0.06569069577372529	-0.06217958789127301	0.07596429189257839	-0.06592206416739833	0.059226233038103114	-0.060893051030398535	0.06577873070182857	-0.0682470641807641	0.15078668911739926	-0.11870393330407439	0.13406231098252835	-0.08570451877904274	0.08295810793432025	-0.2167069947398683	0.16114013337977803	-0.12018906063984426	0.08844061598909343	-0.08845050050187397	0.22250227518595647	-0.14184841748723928	0.12162706073776011	-0.1471267361735262	0.11688148353920652	-0.5990463318760381	0.26178737504210475	-0.2454243058268592	0.18266495591752563	-0.07441237238977193	1.0000000000000002	-0.37908869799824585	0.22671793353021044	-0.1735090566023221	0.09599257717281803	-0.37762772847971143	0.25104483961125584	-0.1818585184059051	0.14653028815812363	-0.07751898964551687	0.19888185338275	-0.22942960250149375	0.18366790851438866	-0.17183592030656608	0.08078456995488298
-0.00335876509992222	0.0033729151059413527	-0.04436507720011411	0.041336827383457175	-0.05130219959204177	0.04273131829306483	-0.0390369179651841	0.040788879699009614	-0.04552125465741315	0.04695769779628149	-0.09756080630479906	0.07586248162107573	-0.09077047841724492	0.059717298909082735	-0.059553284799828514	0.1181215930369766	-0.10756791924279868	0.08143270704053723	-0.06378714081313308	0.0639866328948919	-0.13442937367848284	0.09163384461540408	-0.08635509693347261	0.11727193717886147	-0.09610147828428321	0.25274287989926925	-0.5218746020886933	0.3112444392863903	-0.21618049806396353	0.0628494857035467	-0.37908869799824585	0.9999999999999972	-0.533963805951572	0.2004329471242692	-0.08171922168737628	0.2093311649080458	-0.359548632426625	0.20723802598162266	-0.1577621510338516	0.06819978646985592	-0.15462503156942323	0.18942055450747625	-0.2106862103219873	0.15858594793258293	-0.07192098404335673
0.0032798297878512237	-0.003294798255404564	0.04368925485979922	-0.040923884624127514	0.05063777349382206	-0.04164106519742209	0.037980023475753626	-0.04025816252820169	0.04534950201285204	-0.04692729681392274	0.09269768168770366	-0.07345958333552738	0.0882602549667256	-0.060025645181657504	0.059917787964208866	-0.11081860121378606	0.10365858553347575	-0.0814784870648097	0.06449297488716214	-0.06521744343091436	0.11968322960698465	-0.0903746107563715	0.08730584455385473	-0.12803803116188656	0.10040236887464718	-0.21968635657903068	0.30189279890494713	-0.5583192266008774	0.2511969781712344	-0.06728754338588143	0.22671793353021044	-0.533963805951572	1.0000000000000004	-0.3654424327690424	0.08586540667939005	-0.1672424622523307	0.21138079273168595	-0.29164866800327116	0.18792933545022206	-0.0763408030254033	0.1190666784367447	-0.15833886246330733	0.2185415478248584	-0.19335976454885204	0.07820496731505121
-0.0035330429075945326	0.0035491666208498428	-0.049166967748446984	0.045745137637821176	-0.05715868776890349	0.04462738410897345	-0.04111653296648349	0.04511375726016562	-0.05305026862368167	0.05478014212887617	-0.09530887407223308	0.07641411427736605	-0.09595605282731046	0.07092316085985649	-0.07368153635964521	0.10000884870485106	-0.10985705705172018	0.08853579110958158	-0.0795315344218647	0.08158454086099205	-0.10705349194295555	0.09184546465401192	-0.09450971653031194	0.1835594937524677	-0.14894915331078568	0.15557018887584093	-0.1804216583980853	0.2245612478134786	-0.6932001851331883	0.10295402333430302	-0.1735090566023221	0.2004329471242692	-0.3654424327690424	0.9999999999999989	-0.1318842359857593	0.11626023149803907	-0.14435452284424988	0.17472339090842398	-0.43302877982613436	0.11179792155192741	-0.0875443627292026	0.10962664328187323	-0.1819731389782256	0.27062509530180284	-0.114479560492518
0.004256647789500311	-0.004287031699736239	0.061906722860253886	-0.059896478287220646	0.07177110682860309	-0.05368271766873334	0.04876185384607487	-0.05855832651280125	0.07256734816867615	-0.07876914561401957	0.0990576360764263	-0.08716693752408414	0.10999851617563396	-0.10590836937729801	0.10666362837532761	-0.09456937918048294	0.11988064384021084	-0.11484712004402163	0.11624084906617606	-0.14675074501419322	0.09241466425704495	-0.1091414774984082	0.11300723488446572	-0.32340057222272817	0.28376098560871377	-0.09904080261617505	0.07691879350974372	-0.08952090533747599	0.15523433044729565	-0.8164147116874919	0.09599257717281803	-0.08171922168737628	0.08586540667939005	-0.1318842359857593	1.0000000000000018	-0.05962188682122494	0.0661258630064871	-0.07155363756817767	0.10692054469854001	-0.17902210700318918	0.04468612736919676	-0.0550302943606272	0.07676285115818818	-0.12971621962147278	0.14474760756603877
-0.002660671333003965	0.0026718241293765413	-0.034861755362982666	0.03259321889438195	-0.040457036239478654	0.033781156769481804	-0.030826765370033614	0.032008350795977226	-0.03532259340047468	0.03645272939106439	-0.07717412037544216	0.05965935823991585	-0.07084900452870306	0.04592605774056879	-0.0455882683723671	0.09419238519799478	-0.08361684921602809	0.06223918588193648	-0.04838488620343138	0.04851217378123917	-0.10306911105421064	0.0697748768409759	-0.06410352438579237	0.08472095146594129	-0.07005601694171222	0.19234895791016027	-0.16478638129619586	0.1446708775670639	-0.1293841891814496	0.04553103206061867	-0.37762772847971143	0.2093311649080458	-0.1672424622523307	0.11626023149803907	-0.05962188682122494	1.0000000000000016	-0.5250286899951208	0.18566270987707895	-0.11560225322718186	0.05235396334157977	-0.6186103367680957	0.3242813144474908	-0.21057217883468837	0.12310937684618826	-0.05586466797207576
0.0028998255711395627	-0.002912815397828717	0.038028213558193476	-0.035743993474918	0.044210622559801134	-0.03677636479170412	0.03346753914756077	-0.034988259252978764	0.03867883547981714	-0.0400171591145822	0.08277801020277907	-0.0647394771991117	0.07659892442355845	-0.05047805887561517	0.05000289738692972	-0.10215610704805078	0.0901019806533352	-0.06816635483820405	0.053149545775431184	-0.053522147026206245	0.10793705939116165	-0.07623229446061228	0.07014683870052443	-0.09584137070915548	0.07754998053235641	-0.2048318999726912	0.19426979267244668	-0.18542630940841076	0.14741447515374015	-0.05095630399440663	0.25104483961125584	-0.359548632426625	0.21138079273168595	-0.14435452284424988	0.0661258630064871	-0.5250286899951208	0.9999999999999997	-0.342317487723717	0.13885859235405093	-0.06098915029212456	0.29611767025666647	-0.5388875804103783	0.24597163133991992	-0.15375979307433318	0.06374800522595342
-0.0026768721949904212	0.0026883897558826245	-0.03581674499245303	0.03351668363321023	-0.041742963762296866	0.03382812143690327	-0.030998305876893575	0.03283210175869186	-0.03693528899568297	0.038161672720645703	-0.0751151001924711	0.05874828551721229	-0.07136627978210927	0.0483555497448973	-0.04867388608324227	0.08543746030032047	-0.08290312348858421	0.06352925176344848	-0.0516986158604442	0.052380304180694205	-0.09156219026553368	0.06890863106468981	-0.06600215817569838	0.09843046087011122	-0.0810456899901507	0.15192110988513077	-0.1634958045370346	0.18271795694457152	-0.17512426417481694	0.05481356561949171	-0.1818585184059051	0.20723802598162266	-0.29164866800327116	0.17472339090842398	-0.07155363756817767	0.18566270987707895	-0.342317487723717	1.000000000000001	-0.24917296954835116	0.07825603446148562	-0.14323027775193448	0.19275430667743398	-0.7875900217392791	0.2257587642882159	-0.08255627145344502
0.0031329788083415736	-0.003147376566585008	0.042964661146948774	-0.0403405061045205	0.05028657077466761	-0.03940279574342172	0.03621966938141331	-0.03939000108391978	0.04537277289808769	-0.04705929765393999	0.08410013860955631	-0.06691400356616836	0.08306831381174505	-0.060117030251140145	0.06135619227154093	-0.08874142711468867	0.09469961938013029	-0.07528826961842684	0.06521499184665289	-0.06747002334690119	0.09279740152244208	-0.07859189493573888	0.07771493114582187	-0.14171368885837302	0.11226492812918291	-0.1364336866477192	0.1330614392526819	-0.16325656196331537	0.262542885446399	-0.08339642142629046	0.14653028815812363	-0.1577621510338516	0.18792933545022206	-0.43302877982613436	0.10692054469854001	-0.11560225322718186	0.13885859235405093	-0.24917296954835116	1.0000000000000016	-0.20613076797236732	0.08558695341120176	-0.11301977352711974	0.2221376995115922	-0.7478338488243435	0.1754139708390094
-0.002372667812139794	0.0023844452614810176	-0.033427116524688015	0.03158632633659335	-0.039332913558143716	0.02966415970122073	-0.027361659975710054	0.03068320780896387	-0.03622178263971938	0.03795873123040876	-0.06030808804021073	0.048739540083221636	-0.06199179481109925	0.048755455462555164	-0.050519713737961956	0.05763517338432583	-0.06866689930667502	0.05673413497578958	-0.053072533601433707	0.0581503433485434	-0.059177376512681235	0.056230834565650034	-0.05688703223588153	0.11464754479441998	-0.10725810113487892	0.07223979225235813	-0.06274264788422694	0.07089967228176157	-0.12248613933800288	0.11739309500989287	-0.07751898964551687	0.06819978646985592	-0.0763408030254033	0.11179792155192741	-0.17902210700318918	0.05235396334157977	-0.06098915029212456	0.07825603446148562	-0.20613076797236732	1.0000000000000007	-0.03977643966585971	0.04965029844008595	-0.08701328681954759	0.18169762936928374	-0.9239565224330238
0.002042205679760195	-0.0020512432200673284	0.026668950137037597	-0.025063922230383784	0.031007890732927524	-0.025906123530713684	0.023566209490319734	-0.024526186673543546	0.02698193027383418	-0.027900891095973	0.05860716307189795	-0.04566440174110306	0.053829287510817926	-0.035089891475738516	0.03468910352914342	-0.07296812732385398	0.06340962623166758	-0.04753183836784132	0.03678720984114103	-0.0369573643734549	0.07687334917449187	-0.053344043122399626	0.04860541065960786	-0.0645088973466113	0.05266922745416801	-0.14689344991334094	0.1163404446495861	-0.10897708871121645	0.0943747691837264	-0.03428725279967172	0.19888185338275	-0.15462503156942323	0.1190666784367447	-0.0875443627292026	0.04468612736919676	-0.6186103367680957	0.29611767025666647	-0.14323027775193448	0.08558695341120176	-0.03977643966585971	1.0000000000000009	-0.6836708594092774	0.1503794180662385	-0.09576804118680113	0.04199451302098695
-0.0023465246928034795	0.0023561754938905164	-0.03097556074540237	0.028925995811658528	-0.036018674840892356	0.02973012029934078	-0.027207062893334147	0.028385428485839297	-0.031497500393170216	0.032486350670290653	-0.06747638124635136	0.0521668071449513	-0.06261430456952162	0.04094635755931104	-0.04087298057450282	0.07954413067331463	-0.0734412787895778	0.05491036704878409	-0.0433148962958948	0.043505924209195815	-0.08670141839272409	0.060745183035924286	-0.05666894250697136	0.07704589447896902	-0.06410959998560582	0.15225510933813635	-0.14963245149132287	0.13250534019622195	-0.12225454715708699	0.041928392712233545	-0.22942960250149375	0.18942055450747625	-0.15833886246330733	0.10962664328187323	-0.0550302943606272	0.3242813144474908	-0.5388875804103783	0.19275430667743398	-0.11301977352711974	0.04965029844008595	-0.6836708594092774	1.000000000000001	-0.23419047873629287	0.11999271687595783	-0.05313376501265066
0.0030235211718613146	-0.0030373386826804518	0.04019005248567875	-0.03787097885343473	0.0469472983147433	-0.03816456135216412	0.03483291666040525	-0.036919237580462616	0.041260511907409404	-0.04275440466718523	0.0839891514307582	-0.0661254787724844	0.07949501320576774	-0.05399385433994976	0.053935172630955874	-0.09796531224014604	0.09223987098296765	-0.07103207658120032	0.05717792627623167	-0.05808015709355192	0.10150256267139751	-0.07735129815865155	0.07293991225181008	-0.10846134976619543	0.08736960690653285	-0.17367696388839537	0.16025077439825747	-0.19409513146247737	0.17323035492563021	-0.05932404723552816	0.18366790851438866	-0.2106862103219873	0.2185415478248584	-0.1819731389782256	0.07676285115818818	-0.21057217883468837	0.24597163133991992	-0.7875900217392791	0.2221376995115922	-0.08701328681954759	0.1503794180662385	-0.23419047873629287	1.0000000000000013	-0.32276788130421363	0.08951398292373432
