1.0	-0.6806637474930339	0.27351139303807703	-0.11991801263256945	0.1209600351173756	-0.5643986646299738	0.25785134159216805	-0.2572388487751903	0.14886218829465417	-0.10615428004033212	0.16666209044623792	-0.06688247845063235	0.07460315785941812	-0.0722958826563317	0.11252591826984816	-0.16093369206260763	0.07183081114075823	-0.06868389908593098	0.07541796284241532	-0.0579029023608375	0.09124951181195223	-0.08992903146845678	0.06725741799993115	-0.06440139514199857	0.057696689134672026	-0.08097949243061858	0.07004103452394916	-0.0598092779127437	0.053113987719071346	-0.052183611315326325	0.04930062325955978	-0.0504786446467852	0.05348118978463438	-0.04811746617943989	0.048352872638323635
-0.6806637474930339	1.0000000000000002	-0.4877386326998948	0.14446408091362625	-0.1516316979831892	0.3024203599642808	-0.3654638167353595	0.2510853273122825	-0.16598429395354886	0.11284344536904564	-0.13662650184300384	0.06403736996351225	-0.0737556136684747	0.07479499828582814	-0.12021383637626305	0.121350950194002	-0.06881354696089885	0.06510136899201643	-0.07868156938479222	0.05867117204378814	-0.080178854411271	0.0782641885501095	-0.06583089645051389	0.0630247323479791	-0.0588958053988198	0.0707961492619816	-0.06403978906217736	0.056495209342139474	-0.052184469403942974	0.05087449349944541	-0.045588961609641536	0.04611059035892986	-0.051231082367375884	0.04633585788978191	-0.04728851677096151
0.27351139303807703	-0.4877386326998948	1.0000000000000004	-0.3835269707175101	0.2581924389558279	-0.36065418895113605	0.24783648722354565	-0.34691623705468966	0.23215383933372566	-0.18662116926727892	0.16573917189838833	-0.09113161756952352	0.10239866048186166	-0.11282314271879464	0.18405640885089153	-0.17638088763197865	0.10097028253835423	-0.09869417255692227	0.1163097014127547	-0.09150486697829482	0.11552410701717536	-0.11914496502661588	0.09927722489434952	-0.09707916627490025	0.09038020180476088	-0.10923013206599434	0.09655593671060177	-0.08715533200033454	0.08005694504774102	-0.0792599410663367	0.06933279528736641	-0.07142391066549018	0.07820360167694618	-0.07189662855090553	0.07261301727934749
-0.11991801263256945	0.14446408091362625	-0.3835269707175101	1.0000000000000002	-0.8443030752008713	0.14203224261980402	-0.10789164539235721	0.14296725796178614	-0.2229589070383285	0.17122655373103116	-0.07695615765860579	0.049816988290592605	-0.05751996517768951	0.08298317419718598	-0.1450790161786845	0.07887663072399967	-0.05779874632179231	0.05670708642532309	-0.08335821892017285	0.062506739090315	-0.05923668899027297	0.06148917897880885	-0.06017727593297534	0.060279648385106126	-0.06122047211032271	0.05648273780710653	-0.052436116016905066	0.05015518143099951	-0.04934287628660549	0.04851582797729871	-0.03814069213933899	0.038935821295756456	-0.04567883080117224	0.04273817392555912	-0.04399984241026235
0.1209600351173756	-0.1516316979831892	0.2581924389558279	-0.8443030752008713	1.0000000000000004	-0.16601882078938204	0.11693037988139378	-0.16482946861617517	0.20963596419910827	-0.2307452690727432	0.08927070945632083	-0.05789245632367358	0.06617418978414437	-0.09235035532458719	0.16502688578379557	-0.09432971341202895	0.06728345414894409	-0.06647942389215128	0.09185576870895594	-0.07318175774993715	0.06990582156819086	-0.07322293500751684	0.0699875497031425	-0.07037706225012487	0.0707923467907567	-0.0675529582477016	0.06204349810014546	-0.05927275723601752	0.0576438651766354	-0.057171187787306336	0.04519224883785162	-0.046385707847685684	0.05371657856419661	-0.050434559366652226	0.05162206227649175
-0.5643986646299738	0.3024203599642808	-0.36065418895113605	0.14203224261980402	-0.16601882078938204	1.0000000000000009	-0.4314573885826219	0.2734717886874774	-0.21280181235040774	0.1381251482496566	-0.3547012583021643	0.09231667985555263	-0.10596471885478688	0.09899414575178908	-0.15762406041806484	0.21655933582744785	-0.10054632551532211	0.09271447267861045	-0.10593916593095687	0.07863769261805394	-0.1323115670801103	0.11967157399947462	-0.09306335539407082	0.08721646685127402	-0.07978027484669376	0.10718886498098414	-0.09634449228047048	0.08071632957985815	-0.07268687905685434	0.07030798018528535	-0.0675818100320287	0.06752260270047307	-0.0733561886948012	0.06495005585549657	-0.06628659189434188
0.25785134159216805	-0.3654638167353595	0.24783648722354565	-0.10789164539235721	0.11693037988139378	-0.4314573885826219	1.0	-0.7430414218587293	0.18201864291093545	-0.12117486529962487	0.14217494388757873	-0.08061488433732696	0.08945668511010911	-0.07996166767600298	0.11795137398210566	-0.1271568001931982	0.0726724955252233	-0.06896524331784358	0.08075258025407318	-0.059154962936844656	0.08063479040637003	-0.07971089975157754	0.06679765583747944	-0.0643466162569565	0.05857088407189261	-0.07105714909691122	0.06420231255866242	-0.057012790724192075	0.05247147935414484	-0.051350499823509504	0.04533568016516878	-0.04601174556784223	0.05124341013275557	-0.04663498460444854	0.04722336584225275
-0.2572388487751903	0.2510853273122825	-0.34691623705468966	0.14296725796178614	-0.16482946861617517	0.2734717886874774	-0.7430414218587293	1.0000000000000004	-0.31068078728512055	0.16461735592046442	-0.15108159117374823	0.0987035578172881	-0.12298843732890016	0.11115211369244035	-0.1668960547932034	0.12666810790527475	-0.09298892512921918	0.0872757339725068	-0.11422447778068597	0.07937118795980129	-0.0948010882542454	0.0931136588975778	-0.0874338935843631	0.08404294684366548	-0.07944004641279026	0.08333371899924173	-0.0786753458898717	0.07198971057911702	-0.06877487534470192	0.06662602615134167	-0.056117223378662734	0.05628666736203202	-0.06560695481355583	0.05988558406396721	-0.0615580696704418
0.14886218829465417	-0.16598429395354886	0.23215383933372566	-0.2229589070383285	0.20963596419910827	-0.21280181235040774	0.18201864291093545	-0.31068078728512055	0.9999999999999991	-0.6026489596601888	0.12706288268416396	-0.10665403621032493	0.12150648025454339	-0.30113458456338643	0.30934290197813913	-0.1313216254212217	0.1203180563373992	-0.12383659328576654	0.21761983453113234	-0.1480696511192321	0.11018645708950434	-0.11892797172050741	0.13034275631530762	-0.14017448888970047	0.13476264753922093	-0.10869764893299141	0.10351222435050147	-0.10635238637556127	0.10883533705317627	-0.10909401860890505	0.07566424964612777	-0.07807369784204302	0.0956149674520906	-0.09312244395611717	0.09445798799690833
-0.10615428004033212	0.11284344536904564	-0.18662116926727892	0.17122655373103116	-0.2307452690727432	0.1381251482496566	-0.12117486529962487	0.16461735592046442	-0.6026489596601888	1.0000000000000002	-0.0936227565549998	0.08338091161698227	-0.09901643640655967	0.2003961901861155	-0.632553104122972	0.09369205477159717	-0.10216738693879374	0.1018325097023932	-0.19629003209409515	0.16323334249739319	-0.08736521269898005	0.0932412049478273	-0.117461804547921	0.12313275961925847	-0.15839884351210193	0.08549678635045789	-0.08521298810454032	0.09011000230654406	-0.09989949479798182	0.0975362871675471	-0.06289077812864091	0.06375374560388425	-0.08372464273288119	0.08101654583763641	-0.0863392089934458
0.16666209044623792	-0.13662650184300384	0.16573917189838833	-0.07695615765860579	0.08927070945632083	-0.3547012583021643	0.14217494388757873	-0.15108159117374823	0.12706288268416396	-0.0936227565549998	1.0000000000000002	-0.12581313176308173	0.11922815916784127	-0.08297664260356402	0.11066945002368117	-0.7967819201172485	0.12488218070875116	-0.11694277774360155	0.08714401949434633	-0.07142056194988151	0.2300470642203922	-0.21254811279028513	0.10168603783460473	-0.0939254907001751	0.0706638580876255	-0.18343046730213433	0.13927563938301685	-0.10100489956406943	0.07685694143619133	-0.07587492820925827	0.09206986512443907	-0.0955980334050627	0.08684832034447626	-0.07418468511249533	0.07124263207836291
-0.06688247845063235	0.06403736996351225	-0.09113161756952352	0.049816988290592605	-0.05789245632367358	0.09231667985555263	-0.08061488433732696	0.0987035578172881	-0.10665403621032493	0.08338091161698227	-0.12581313176308173	1.0	-0.864794929384905	0.12560982014311844	-0.10246716592692895	0.10855690241533118	-0.3536382421058479	0.2128674056382739	-0.12701391956630395	0.07778332029082755	-0.1146042839569893	0.13925370800043954	-0.13733276882202028	0.11587784486435597	-0.07641331598502833	0.09770305265981685	-0.10429672929714714	0.0982483239752242	-0.08540982176845685	0.08223079128195411	-0.06524249473675817	0.06629606880620276	-0.08230104885371549	0.07579151099494344	-0.07258188974960435
0.07460315785941812	-0.0737556136684747	0.10239866048186166	-0.05751996517768951	0.06617418978414437	-0.10596471885478688	0.08945668511010911	-0.12298843732890016	0.12150648025454339	-0.09901643640655967	0.11922815916784127	-0.864794929384905	1.0000000000000004	-0.16628528112705693	0.11702841001135947	-0.11729553088220278	0.24632695940904922	-0.25423298253927973	0.14195699338096732	-0.09295368465284418	0.11660656741631992	-0.15011811985986231	0.14740146516182367	-0.1385118419550453	0.08817407850479615	-0.10939366274411372	0.11048087112142466	-0.1137831723065043	0.09805370951494437	-0.09831192958520489	0.07185890843088469	-0.07495286007545993	0.09224589950814477	-0.08933104686311535	0.08308179895568166
-0.0722958826563317	0.07479499828582814	-0.11282314271879464	0.08298317419718598	-0.09235035532458719	0.09899414575178908	-0.07996166767600298	0.11115211369244035	-0.30113458456338643	0.2003961901861155	-0.08297664260356402	0.12560982014311844	-0.16628528112705693	0.9999999999999981	-0.2766155863736869	0.08267458631357383	-0.13940213947774693	0.1436183093646137	-0.8308892324680347	0.15194596548958547	-0.09077549520871533	0.1011914762531531	-0.16053466224567053	0.17873614453654574	-0.14447807210073774	0.0884261260412275	-0.09337883421449134	0.10564423855720442	-0.12773249396706504	0.11161091070379214	-0.06691073832607382	0.06784588327190338	-0.09674783573415478	0.09378341221324069	-0.09717197654700212
0.11252591826984816	-0.12021383637626305	0.18405640885089153	-0.1450790161786845	0.16502688578379557	-0.15762406041806484	0.11795137398210566	-0.1668960547932034	0.30934290197813913	-0.632553104122972	0.11066945002368117	-0.10246716592692895	0.11702841001135947	-0.2766155863736869	0.9999999999999999	-0.11559358275336788	0.1253052921778214	-0.13131119384176196	0.21606056351058814	-0.3094688617542156	0.10871226857510574	-0.11973587083752255	0.1473505744936254	-0.16708934651953358	0.21071915077163103	-0.11082323233220973	0.10816242310873171	-0.11838296066105558	0.1298390872645462	-0.13561491213141655	0.08021756567898507	-0.08315823387948527	0.10704288597127201	-0.10840726043822696	0.11180095430357913
-0.16093369206260763	0.121350950194002	-0.17638088763197865	0.07887663072399967	-0.09432971341202895	0.21655933582744785	-0.1271568001931982	0.12666810790527475	-0.1313216254212217	0.09369205477159717	-0.7967819201172485	0.10855690241533118	-0.11729553088220278	0.08267458631357383	-0.11559358275336788	0.9999999999999991	-0.130870172917827	0.11311301988676373	-0.08935987905143845	0.07126049068982669	-0.37730725324915143	0.2066808222627882	-0.10457837924141238	0.09275031315388435	-0.0721907335661595	0.17906106563903407	-0.15089944150465393	0.10113134090199444	-0.07806447576655332	0.0751228175859055	-0.09756899676390143	0.09457351325071611	-0.08985110360040302	0.07402179448026741	-0.0730505669444208
0.07183081114075823	-0.06881354696089885	0.10097028253835423	-0.05779874632179231	0.06728345414894409	-0.10054632551532211	0.0726724955252233	-0.09298892512921918	0.1203180563373992	-0.10216738693879374	0.12488218070875116	-0.3536382421058479	0.24632695940904922	-0.13940213947774693	0.1253052921778214	-0.130870172917827	1.0000000000000038	-0.7097308026395713	0.14411566230343012	-0.11689858338166073	0.1885960348819121	-0.33558990752261436	0.24701198820896236	-0.20912137725631502	0.11240476059522182	-0.16195574398438786	0.17984138389254997	-0.1764336846263119	0.1386021449452047	-0.1368444224586513	0.10411163179609041	-0.1080499116014671	0.13513224354841888	-0.12739143369241956	0.11555812977124472
-0.06868389908593098	0.06510136899201643	-0.09869417255692227	0.05670708642532309	-0.06647942389215128	0.09271447267861045	-0.06896524331784358	0.0872757339725068	-0.12383659328576654	0.1018325097023932	-0.11694277774360155	0.2128674056382739	-0.25423298253927973	0.1436183093646137	-0.13131119384176196	0.11311301988676373	-0.7097308026395713	1.000000000000002	-0.17550697290652362	0.11828168594337009	-0.17445047454682674	0.21047977023772063	-0.45403828495408677	0.22246221683254416	-0.12281421120888858	0.14453028539440022	-0.17534814342083851	0.1805838681706259	-0.156733722700046	0.13766240390981238	-0.10367301715817953	0.10372338023391131	-0.147782884906406	0.12848520826662718	-0.12365720124309729
0.07541796284241532	-0.07868156938479222	0.1163097014127547	-0.08335821892017285	0.09185576870895594	-0.10593916593095687	0.08075258025407318	-0.11422447778068597	0.21761983453113234	-0.19629003209409515	0.08714401949434633	-0.12701391956630395	0.14195699338096732	-0.8308892324680347	0.21606056351058814	-0.08935987905143845	0.14411566230343012	-0.17550697290652362	1.000000000000002	-0.18635590025694168	0.09636434700500257	-0.11085793259104922	0.17447704746049172	-0.25090442791114526	0.1559359082879136	-0.09714427325241833	0.10041325492320431	-0.11921206688044696	0.1421315210601171	-0.13127593847245803	0.07208178030589488	-0.07463493535797282	0.10486875063869137	-0.10708345124514244	0.10633253808602994
-0.0579029023608375	0.05867117204378814	-0.09150486697829482	0.062506739090315	-0.07318175774993715	0.07863769261805394	-0.059154962936844656	0.07937118795980129	-0.1480696511192321	0.16323334249739319	-0.07142056194988151	0.07778332029082755	-0.09295368465284418	0.15194596548958547	-0.3094688617542156	0.07126049068982669	-0.11689858338166073	0.11828168594337009	-0.18635590025694168	0.9999999999999981	-0.085692815921353	0.09411998077230808	-0.18065719456406895	0.20762280327184782	-0.8412237715893846	0.08781088935494467	-0.09538200371618827	0.11847116357281048	-0.17697557084960858	0.174638335658851	-0.07212367274801279	0.07275514855200602	-0.11585732839132587	0.11985196577465605	-0.14509613296853588
0.09124951181195223	-0.080178854411271	0.11552410701717536	-0.05923668899027297	0.06990582156819086	-0.1323115670801103	0.08063479040637003	-0.0948010882542454	0.11018645708950434	-0.08736521269898005	0.2300470642203922	-0.1146042839569893	0.11660656741631992	-0.09077549520871533	0.10871226857510574	-0.37730725324915143	0.1885960348819121	-0.17445047454682674	0.09636434700500257	-0.085692815921353	0.999999999999999	-0.627910891474601	0.14483980010333464	-0.12837867556612884	0.08459339648137562	-0.49018641517446687	0.2886214018964383	-0.16561371889231746	0.10665633031489834	-0.1040050133061146	0.17147488055427115	-0.17370873918193744	0.1382125333175066	-0.1087880412482432	0.10157537307563888
-0.08992903146845678	0.0782641885501095	-0.11914496502661588	0.06148917897880885	-0.07322293500751684	0.11967157399947462	-0.07971089975157754	0.0931136588975778	-0.11892797172050741	0.0932412049478273	-0.21254811279028513	0.13925370800043954	-0.15011811985986231	0.1011914762531531	-0.11973587083752255	0.2066808222627882	-0.33558990752261436	0.21047977023772063	-0.11085793259104922	0.09411998077230808	-0.627910891474601	0.9999999999999986	-0.18639886261402383	0.14585987590213886	-0.0957501949979708	0.29976073253143154	-0.48412246594488884	0.19221433340233582	-0.12532911031407218	0.11581243083117472	-0.17499584510591745	0.16632842112273352	-0.1652208366294014	0.12199956395165065	-0.11872032387769572
0.06725741799993115	-0.06583089645051389	0.09927722489434952	-0.06017727593297534	0.0699875497031425	-0.09306335539407082	0.06679765583747944	-0.0874338935843631	0.13034275631530762	-0.117461804547921	0.10168603783460473	-0.13733276882202028	0.14740146516182367	-0.16053466224567053	0.1473505744936254	-0.10457837924141238	0.24701198820896236	-0.45403828495408677	0.17447704746049172	-0.18065719456406895	0.14483980010333464	-0.18639886261402383	0.9999999999999976	-0.591182267621863	0.17720204163178327	-0.15992417599609862	0.1809673463458036	-0.3715298156727552	0.24833909330505333	-0.23143168828516078	0.12146353080693624	-0.13023416834883755	0.21866421878062597	-0.2096981351583371	0.1814154363894013
-0.06440139514199857	0.0630247323479791	-0.09707916627490025	0.060279648385106126	-0.07037706225012487	0.08721646685127402	-0.0643466162569565	0.08404294684366548	-0.14017448888970047	0.12313275961925847	-0.0939254907001751	0.11587784486435597	-0.1385118419550453	0.17873614453654574	-0.16708934651953358	0.09275031315388435	-0.20912137725631502	0.22246221683254416	-0.25090442791114526	0.20762280327184782	-0.12837867556612884	0.14585987590213886	-0.591182267621863	0.9999999999999993	-0.2858839069510907	0.13310748368551334	-0.1542653936437239	0.2218146530766552	-0.49722829088260995	0.25564659058355216	-0.11217318157445924	0.11381240642162602	-0.2068810482903376	0.20683514704955663	-0.21248418360310256
0.057696689134672026	-0.0588958053988198	0.09038020180476088	-0.06122047211032271	0.0707923467907567	-0.07978027484669376	0.05857088407189261	-0.07944004641279026	0.13476264753922093	-0.15839884351210193	0.0706638580876255	-0.07641331598502833	0.08817407850479615	-0.14447807210073774	0.21071915077163103	-0.0721907335661595	0.11240476059522182	-0.12281421120888858	0.1559359082879136	-0.8412237715893846	0.08459339648137562	-0.0957501949979708	0.17720204163178327	-0.2858839069510907	0.9999999999999996	-0.08988776659189043	0.09497864055711018	-0.12486778648950826	0.18711964197906011	-0.23396866113070458	0.07150271877311169	-0.07434126398381141	0.11532702188987402	-0.13098293816592313	0.14741745671702328
-0.08097949243061858	0.0707961492619816	-0.10923013206599434	0.05648273780710653	-0.0675529582477016	0.10718886498098414	-0.07105714909691122	0.08333371899924173	-0.10869764893299141	0.08549678635045789	-0.18343046730213433	0.09770305265981685	-0.10939366274411372	0.0884261260412275	-0.11082323233220973	0.17906106563903407	-0.16195574398438786	0.14453028539440022	-0.09714427325241833	0.08781088935494467	-0.49018641517446687	0.29976073253143154	-0.15992417599609862	0.13310748368551334	-0.08988776659189043	0.9999999999999994	-0.6052182377718816	0.21469820660797947	-0.1266717531411474	0.11637108404668325	-0.3880974127575834	0.25729129471238754	-0.20165013764778889	0.1329568904746608	-0.13057061138333925
0.07004103452394916	-0.06403978906217736	0.09655593671060177	-0.052436116016905066	0.06204349810014546	-0.09634449228047048	0.06420231255866242	-0.0786753458898717	0.10351222435050147	-0.08521298810454032	0.13927563938301685	-0.10429672929714714	0.11048087112142466	-0.09337883421449134	0.10816242310873171	-0.15089944150465393	0.17984138389254997	-0.17534814342083851	0.10041325492320431	-0.09538200371618827	0.2886214018964383	-0.48412246594488884	0.1809673463458036	-0.1542653936437239	0.09497864055711018	-0.6052182377718816	0.9999999999999988	-0.36745497874976185	0.1369879520522941	-0.13062113417292404	0.2434149012312946	-0.3046416509916464	0.2225116410363256	-0.15372433859499043	0.13684825015225474
-0.0598092779127437	0.056495209342139474	-0.08715533200033454	0.05015518143099951	-0.05927275723601752	0.08071632957985815	-0.057012790724192075	0.07198971057911702	-0.10635238637556127	0.09011000230654406	-0.10100489956406943	0.0982483239752242	-0.1137831723065043	0.10564423855720442	-0.11838296066105558	0.10113134090199444	-0.1764336846263119	0.1805838681706259	-0.11921206688044696	0.11847116357281048	-0.16561371889231746	0.19221433340233582	-0.3715298156727552	0.2218146530766552	-0.12486778648950826	0.21469820660797947	-0.36745497874976185	0.9999999999999991	-0.23711650071893953	0.1923111250449747	-0.20278172540305375	0.20710838127449216	-0.6639257954828595	0.25676501912374916	-0.24746111338875293
0.053113987719071346	-0.052184469403942974	0.08005694504774102	-0.04934287628660549	0.0576438651766354	-0.07268687905685434	0.05247147935414484	-0.06877487534470192	0.10883533705317627	-0.09989949479798182	0.07685694143619133	-0.08540982176845685	0.09805370951494437	-0.12773249396706504	0.1298390872645462	-0.07806447576655332	0.1386021449452047	-0.156733722700046	0.1421315210601171	-0.17697557084960858	0.10665633031489834	-0.12532911031407218	0.24833909330505333	-0.49722829088260995	0.18711964197906011	-0.1266717531411474	0.1369879520522941	-0.23711650071893953	0.9999999999999983	-0.6207542009425092	0.10473721489197335	-0.11505689527906249	0.20993041186297895	-0.38326697750497885	0.2913186381998778
-0.052183611315326325	0.05087449349944541	-0.0792599410663367	0.04851582797729871	-0.057171187787306336	0.07030798018528535	-0.051350499823509504	0.06662602615134167	-0.10909401860890505	0.0975362871675471	-0.07587492820925827	0.08223079128195411	-0.09831192958520489	0.11161091070379214	-0.13561491213141655	0.0751228175859055	-0.1368444224586513	0.13766240390981238	-0.13127593847245803	0.174638335658851	-0.1040050133061146	0.11581243083117472	-0.23143168828516078	0.25564659058355216	-0.23396866113070458	0.11637108404668325	-0.13062113417292404	0.1923111250449747	-0.6207542009425092	0.999999999999999	-0.1042054054713655	0.10807178927066287	-0.20999785257817102	0.29125434741820466	-0.5727244282247923
0.04930062325955978	-0.045588961609641536	0.06933279528736641	-0.03814069213933899	0.04519224883785162	-0.0675818100320287	0.04533568016516878	-0.056117223378662734	0.07566424964612777	-0.06289077812864091	0.09206986512443907	-0.06524249473675817	0.07185890843088469	-0.06691073832607382	0.08021756567898507	-0.09756899676390143	0.10411163179609041	-0.10367301715817953	0.07208178030589488	-0.07212367274801279	0.17147488055427115	-0.17499584510591745	0.12146353080693624	-0.11217318157445924	0.07150271877311169	-0.3880974127575834	0.2434149012312946	-0.20278172540305375	0.10473721489197335	-0.1042054054713655	0.999999999999999	-0.8292473490680417	0.2003461983851177	-0.13433845269530753	0.11076678227510872
-0.0504786446467852	0.04611059035892986	-0.07142391066549018	0.038935821295756456	-0.046385707847685684	0.06752260270047307	-0.04601174556784223	0.05628666736203202	-0.07807369784204302	0.06375374560388425	-0.0955980334050627	0.06629606880620276	-0.07495286007545993	0.06784588327190338	-0.08315823387948527	0.09457351325071611	-0.1080499116014671	0.10372338023391131	-0.07463493535797282	0.07275514855200602	-0.17370873918193744	0.16632842112273352	-0.13023416834883755	0.11381240642162602	-0.07434126398381141	0.25729129471238754	-0.3046416509916464	0.20710838127449216	-0.11505689527906249	0.10807178927066287	-0.8292473490680417	0.9999999999999994	-0.29386617823002054	0.14447668769353944	-0.128841665995514
0.05348118978463438	-0.051231082367375884	0.07820360167694618	-0.04567883080117224	0.05371657856419661	-0.0733561886948012	0.05124341013275557	-0.06560695481355583	0.0956149674520906	-0.08372464273288119	0.08684832034447626	-0.08230104885371549	0.09224589950814477	-0.09674783573415478	0.10704288597127201	-0.08985110360040302	0.13513224354841888	-0.147782884906406	0.10486875063869137	-0.11585732839132587	0.1382125333175066	-0.1652208366294014	0.21866421878062597	-0.2068810482903376	0.11532702188987402	-0.20165013764778889	0.2225116410363256	-0.6639257954828595	0.20993041186297895	-0.20999785257817102	0.2003461983851177	-0.29386617823002054	0.9999999999999991	-0.47641018180719386	0.2432252925269629
-0.04811746617943989	0.04633585788978191	-0.07189662855090553	0.04273817392555912	-0.050434559366652226	0.06495005585549657	-0.04663498460444854	0.05988558406396721	-0.09312244395611717	0.08101654583763641	-0.07418468511249533	0.07579151099494344	-0.08933104686311535	0.09378341221324069	-0.10840726043822696	0.07402179448026741	-0.12739143369241956	0.12848520826662718	-0.10708345124514244	0.11985196577465605	-0.1087880412482432	0.12199956395165065	-0.2096981351583371	0.20683514704955663	-0.13098293816592313	0.1329568904746608	-0.15372433859499043	0.25676501912374916	-0.38326697750497885	0.29125434741820466	-0.13433845269530753	0.14447668769353944	-0.47641018180719386	0.9999999999999993	-0.6508292583038516
0.048352872638323635	-0.04728851677096151	0.07261301727934749	-0.04399984241026235	0.05162206227649175	-0.06628659189434188	0.04722336584225275	-0.0615580696704418	0.09445798799690833	-0.0863392089934458	0.07124263207836291	-0.07258188974960435	0.08308179895568166	-0.09717197654700212	0.11180095430357913	-0.0730505669444208	0.11555812977124472	-0.12365720124309729	0.10633253808602994	-0.14509613296853588	0.10157537307563888	-0.11872032387769572	0.1814154363894013	-0.21248418360310256	0.14741745671702328	-0.13057061138333925	0.13684825015225474	-0.24746111338875293	0.2913186381998778	-0.5727244282247923	0.11076678227510872	-0.128841665995514	0.2432252925269629	-0.6508292583038516	0.9999999999999993
