1.0	-0.4865732125407046	0.2832241224546247	-0.15118365296942482	0.12777637365542924	-0.38582977397432294	0.30399253680604943	-0.3499822116892749	0.19558660533392364	-0.23569435302238315	0.2522061476274358	-0.415760655256937	0.23856291183283795	-0.18473170577559972	0.15212046094999188	-0.17601107576770378	0.18250604303351015	-0.21080649350949948	0.19922098392826154	-0.16086628928465818	0.19311307561224958	-0.172820161587955	0.1564551864465893	-0.17610168174611743	0.1876171987903642	-0.1650831664465438	0.13078351070286554	-0.19011217952337178	0.13628730875878475	-0.15064953367895467	0.12653243400299988	-0.13825521155458836	0.1337330149040475	-0.16047005449510782	0.11441804414466739	-0.12980057523542812	0.1128840694274106	-0.19333224329525095	0.11390056071675606	-0.10685635447717874
-0.4865732125407046	0.9999999999999996	-0.5337149815215949	0.12091981780719183	-0.11056211009722748	0.24319461854367153	-0.5764601609913548	0.3086245102033699	-0.1456247277964505	0.14945750244844574	-0.19569152144223365	0.2487729132816586	-0.16891490436183332	0.12044358000954594	-0.0972860888285073	0.1074090810420204	-0.11736151701190498	0.12792913435956146	-0.1315865741109699	0.0951582711501201	-0.12135070702336316	0.10087014174648894	-0.09494561517332585	0.1018322897058697	-0.11407587475192356	0.08496267386561868	-0.06848051010116239	0.09506328072556444	-0.0776974250695937	0.08352372019384974	-0.0658205631585264	0.0695686269557732	-0.06758605944381159	0.07858972566625706	-0.05852188188676487	0.06372549099638383	-0.05667193128352542	0.09272405320696972	-0.056629215958721904	0.05278615021857187
0.2832241224546247	-0.5337149815215949	0.9999999999999991	-0.22272949505042083	0.1642388330715705	-0.22402930075523658	0.2939672115172176	-0.6483336321409277	0.19510547518527088	-0.21645390290618913	0.16631409912409306	-0.2482664367142615	0.18560889251518722	-0.14928146666200867	0.11523790490538247	-0.11067837585782322	0.12076160636684698	-0.14545418978664607	0.1510714454976543	-0.11418269138211416	0.12370122255115192	-0.1102001398161562	0.10329589257898542	-0.11466687538911331	0.1252063060505789	-0.09218447667733742	0.07416549642373618	-0.10487426162302256	0.08602828051166043	-0.09345219672925385	0.07114100779607578	-0.07599969700116098	0.07406403071033267	-0.08656063701452307	0.06399802571736453	-0.0697769945133262	0.06178758690522525	-0.102143478835144	0.06209331345267727	-0.05802752168134234
-0.15118365296942482	0.12091981780719183	-0.22272949505042083	0.9999999999999988	-0.8970244356157511	0.08709067002107294	-0.10117455873392944	0.15850261061025403	-0.20515577515741756	0.22405342910565426	-0.07217633352417718	0.10324471752221397	-0.11569371012710461	0.11647910258132338	-0.10194683549505612	0.06199024032588758	-0.0724129809908351	0.08736880999215668	-0.12805589095218897	0.08822409208239228	-0.07525491188008401	0.067893385613108	-0.06662017397464703	0.07875717619999845	-0.09384605162983886	0.054711064478707126	-0.045172397823950584	0.06345079596021085	-0.05922300684867508	0.06339973010020475	-0.043092799642506875	0.045592591137037355	-0.04509848763073176	0.05193018807343358	-0.039770151832932636	0.04134949029022038	-0.03716700481450701	0.06026153732046518	-0.037624925332103334	0.03520413103914831
0.12777637365542924	-0.11056211009722748	0.1642388330715705	-0.8970244356157511	0.9999999999999986	-0.08119083557956693	0.09109444577018412	-0.15304976381393992	0.18182174919541574	-0.31108416721060905	0.06601123416884401	-0.0969286266524992	0.1034897759368237	-0.10931602967753463	0.09462503274093938	-0.056800065997723845	0.06549432034131798	-0.08035523805743053	0.11269678530202708	-0.08527041823002549	0.06794399424677279	-0.06236291172348413	0.060487257522466795	-0.07214236115931266	0.08384871802572548	-0.050791112781124435	0.041717618566297805	-0.059133839331204224	0.0538427105611492	-0.058315314007756025	0.03981933682883646	-0.04239667310813563	0.04186814069487693	-0.04848717328568832	0.03676325992333532	-0.03859435591681577	0.034523622688660216	-0.05646680382746435	0.03499085606676648	-0.032781828517250484
-0.38582977397432294	0.24319461854367153	-0.22402930075523658	0.08709067002107294	-0.08119083557956693	0.9999999999999983	-0.4497754419503333	0.22094704563234327	-0.12956919146151566	0.1295847551764603	-0.6759095205486653	0.3222760182164157	-0.18654281968575875	0.11927295297505461	-0.09682735511460282	0.1592895937087423	-0.15772455273637093	0.1423207690108886	-0.13595238065510348	0.09409018276934127	-0.16309804322760604	0.11719692138812896	-0.10799309441335404	0.10818867543202458	-0.12107197358818299	0.09414027491677501	-0.07521692406897733	0.0997146456805399	-0.08262584233402577	0.08730462580543251	-0.07210821363835104	0.07424513062425768	-0.07134423468225516	0.08141724877651992	-0.06137432108971276	0.06703889156961299	-0.06017257867005433	0.09546517005491947	-0.05906903573240549	0.054647243708042505
0.30399253680604943	-0.5764601609913548	0.2939672115172176	-0.10117455873392944	0.09109444577018412	-0.4497754419503333	0.9999999999999993	-0.43346492328237807	0.14421231517076039	-0.14490420088348224	0.25590145715419066	-0.40392558439152926	0.1759311818228817	-0.12147593911409113	0.09362970776432952	-0.11742111483608614	0.12279923777205734	-0.1329100052941318	0.12837905902403787	-0.0919251160103931	0.12362743663053469	-0.10222688954979707	0.09503202689454987	-0.09997570234158251	0.10952803440522045	-0.08303614396090837	0.06648872609133899	-0.09160060253356521	0.07537602558568497	-0.08074155677609919	0.06373993415718428	-0.06709063634140454	0.06498832871619076	-0.07517179030782054	0.05599049295840706	-0.06114927572815761	0.05443359113592274	-0.08845934096784992	0.054161275167262435	-0.050384039753022594
-0.3499822116892749	0.3086245102033699	-0.6483336321409277	0.15850261061025403	-0.15304976381393992	0.22094704563234327	-0.43346492328237807	0.999999999999998	-0.2964680656255903	0.22061019099147205	-0.186208457623131	0.24155785195184665	-0.2554507569726761	0.17910247958798073	-0.13401732442082873	0.12166455563378711	-0.1394118501669372	0.1658666046653687	-0.1844394306829817	0.12570953537299676	-0.14129101690281232	0.12223588221158366	-0.1184975732010641	0.1281627547502637	-0.14353331198323638	0.09761018200714154	-0.0794353961452363	0.11014512858320526	-0.09602057472396099	0.10243193121498292	-0.07600837779174789	0.0800211178969092	-0.07827227996040355	0.09019373176593731	-0.06811328284694887	0.07271512971607405	-0.06509106446729437	0.10542425494676205	-0.06519997492433274	0.06076377163857219
0.19558660533392364	-0.1456247277964505	0.19510547518527088	-0.20515577515741756	0.18182174919541574	-0.12956919146151566	0.14421231517076039	-0.2964680656255903	0.9999999999999987	-0.7074747890425125	0.10931081766226534	-0.16198301857069072	0.21599582210852167	-0.45089461937171216	0.20412395808385206	-0.1052743451661729	0.12311219157870502	-0.16774760602479208	0.25544746413126884	-0.19044496882221476	0.12452516467401174	-0.12251607927440282	0.11939572141971441	-0.15129761523116997	0.16044741874487467	-0.09420995282700945	0.07757019302814903	-0.11147737837963526	0.10632606560404147	-0.1161791459269785	0.07356754102818687	-0.07874101076270892	0.0782291435103002	-0.09031841322665196	0.06850058781243198	-0.07125329284333243	0.0637646174891906	-0.10437858240934048	0.06495127903374753	-0.060985551887746584
-0.23569435302238315	0.14945750244844574	-0.21645390290618913	0.22405342910565426	-0.31108416721060905	0.1295847551764603	-0.14490420088348224	0.22061019099147205	-0.7074747890425125	0.999999999999997	-0.11325291840020235	0.1598803377020985	-0.229506487452588	0.2736847679976165	-0.26925625124304126	0.11036061530313748	-0.1330234234395129	0.16660454495886107	-0.29255066299128335	0.19696132238703318	-0.1366712792229939	0.1269186245985226	-0.12766206549874748	0.15659277355595322	-0.18896413310322213	0.09805601140569907	-0.08184714804382025	0.11517319553598673	-0.11608332526569656	0.12329119154219623	-0.0776272306308603	0.08194928828671193	-0.08179609126638294	0.09337232797171148	-0.07262795476458533	0.07370670728750214	-0.06668855261773526	0.10720086559975331	-0.06785668012919466	0.06356716558680478
0.2522061476274358	-0.19569152144223365	0.16631409912409306	-0.07217633352417718	0.06601123416884401	-0.6759095205486653	0.25590145715419066	-0.186208457623131	0.10931081766226534	-0.11325291840020235	0.9999999999999972	-0.585052665911539	0.17706898837068819	-0.10970706248253585	0.08543980409382336	-0.21988168403900005	0.16423161973808523	-0.14498858282777216	0.12176073573807474	-0.08471680148250875	0.16260980549222462	-0.11843181193107215	0.10411408360852097	-0.10177134119566257	0.10863353394375441	-0.09185252330556343	0.07149355584175973	-0.09442951132396883	0.07645765389854181	-0.08074877263801462	0.06829585229410536	-0.07043781228409972	0.06706790924625917	-0.07637429909893786	0.05690307836769274	-0.06337844076971658	0.056569669299041905	-0.08963945730762568	0.05516185245443709	-0.05090237906079759
-0.415760655256937	0.2487729132816586	-0.2482664367142615	0.10324471752221397	-0.0969286266524992	0.3222760182164157	-0.40392558439152926	0.24155785195184665	-0.16198301857069072	0.1598803377020985	-0.585052665911539	0.9999999999999986	-0.32306812898012577	0.16246031445628412	-0.1266710889120447	0.18658450598841952	-0.2105761941696115	0.20014987677526075	-0.18232110203596016	0.12179521253061365	-0.19770738811537059	0.15245839839588538	-0.14411416682525321	0.1412411535520067	-0.15716992253553358	0.11696095619558117	-0.09407924133104059	0.12537215827349998	-0.1069297627198551	0.11221828421111578	-0.08999348941735395	0.09275770313738353	-0.08959991131823762	0.10188441603800134	-0.07724847013493132	0.08352385542871435	-0.07516361419104257	0.11896027207120544	-0.07399990698506491	0.06846042965247363
0.23856291183283795	-0.16891490436183332	0.18560889251518722	-0.11569371012710461	0.1034897759368237	-0.18654281968575875	0.1759311818228817	-0.2554507569726761	0.21599582210852167	-0.229506487452588	0.17706898837068819	-0.32306812898012577	0.999999999999996	-0.3966923874003834	0.18395333731308303	-0.2038018121338219	0.24053745896525222	-0.601817596497225	0.2820980583810117	-0.18970047127090633	0.20898698565955523	-0.23758168069266217	0.22883106136414288	-0.22480374861973362	0.20541145540522276	-0.15465577542691605	0.12332772516817567	-0.17762013550864478	0.1526565099658276	-0.16272043557562862	0.11644657165972024	-0.12518930241855522	0.1225898406051432	-0.14106187308497684	0.10347815202536241	-0.11301906656716695	0.10002567635613745	-0.16415915922857016	0.10041193449228433	-0.09341208590046973
-0.18473170577559972	0.12044358000954594	-0.14928146666200867	0.11647910258132338	-0.10931602967753463	0.11927295297505461	-0.12147593911409113	0.17910247958798073	-0.45089461937171216	0.2736847679976165	-0.10970706248253585	0.16246031445628412	-0.3966923874003834	0.9999999999999963	-0.33001409090943407	0.12376296867120497	-0.15299447636848282	0.22904878108162566	-0.6117213378052442	0.23515183470325912	-0.1475958530786597	0.15170580655303548	-0.15747861946914785	0.2039031006905305	-0.20373837925366972	0.10778249574138524	-0.08978870132143424	0.12912234311119902	-0.13870975971494828	0.1427149227775599	-0.08427940751831157	0.08988598539562216	-0.09031801043146512	0.10264348593121336	-0.07888441634306935	0.08034476043031538	-0.07240721360874867	0.11714646469192436	-0.07397351045928392	0.06934683928078224
0.15212046094999188	-0.0972860888285073	0.11523790490538247	-0.10194683549505612	0.09462503274093938	-0.09682735511460282	0.09362970776432952	-0.13401732442082873	0.20412395808385206	-0.26925625124304126	0.08543980409382336	-0.1266710889120447	0.18395333731308303	-0.33001409090943407	0.9999999999999973	-0.10001910068882336	0.11724827264169942	-0.15590358936356952	0.2420928485353982	-0.8114247657751125	0.12196667292471514	-0.12670089736953688	0.12256906789831959	-0.1746440562479894	0.22644185795465122	-0.10049727377292969	0.083676043836569	-0.12392543399068912	0.12549296985316213	-0.1551395682649058	0.07901889016776877	-0.08585120102533962	0.08643307447010283	-0.10082040715309251	0.07729253309679039	-0.07771051438771748	0.06945939002862785	-0.11547728476148206	0.07222496025932598	-0.06891365780554809
-0.17601107576770378	0.1074090810420204	-0.11067837585782322	0.06199024032588758	-0.056800065997723845	0.1592895937087423	-0.11742111483608614	0.12166455563378711	-0.1052743451661729	0.11036061530313748	-0.21988168403900005	0.18658450598841952	-0.2038018121338219	0.12376296867120497	-0.10001910068882336	0.9999999999999983	-0.6281437364044269	0.22742203296439634	-0.15599048393965673	0.1000601606541924	-0.6089984543856639	0.2404036388129739	-0.18942858218333333	0.1493836097866455	-0.15078217295425178	0.17074817975702983	-0.12600913005192546	0.1416328329386016	-0.11212185852724167	0.11282048151623424	-0.11889862812601346	0.11279343043559209	-0.10197759374887357	0.10981595091101778	-0.08251227847980622	0.09718305688173125	-0.08821384617676181	0.1277203789087635	-0.08028703535764271	0.07220606127289497
0.18250604303351015	-0.11736151701190498	0.12076160636684698	-0.0724129809908351	0.06549432034131798	-0.15772455273637093	0.12279923777205734	-0.1394118501669372	0.12311219157870502	-0.1330234234395129	0.16423161973808523	-0.2105761941696115	0.24053745896525222	-0.15299447636848282	0.11724827264169942	-0.6281437364044269	0.9999999999999974	-0.42324834349716833	0.18561331847740742	-0.12109295257843182	0.30748926121085346	-0.4069278243338878	0.24920255371778402	-0.19446672013719293	0.17435564662962058	-0.17231100877181188	0.12765849044390878	-0.16862002619970826	0.1354337110814507	-0.1385594249120127	0.11974455379577127	-0.12429985652363322	0.11692049394251895	-0.1305752563909493	0.09540158872453489	-0.1098024435820272	0.09713411104101168	-0.1521358347263154	0.09343534773443626	-0.08539140245434046
-0.21080649350949948	0.12792913435956146	-0.14545418978664607	0.08736880999215668	-0.08035523805743053	0.1423207690108886	-0.1329100052941318	0.1658666046653687	-0.16774760602479208	0.16660454495886107	-0.14498858282777216	0.20014987677526075	-0.601817596497225	0.22904878108162566	-0.15590358936356952	0.22742203296439634	-0.42324834349716833	0.9999999999999979	-0.3118021523908251	0.15221332072913835	-0.2563405597421168	0.27622226133747474	-0.4030278307359108	0.2255149230659323	-0.20935746781186754	0.1444056536944624	-0.11850027396195499	0.16003219709960362	-0.15675653065757422	0.15221752625447246	-0.11031869545881759	0.11364015622629685	-0.11248883661174244	0.12297262288775392	-0.09425865483599347	0.0996014112054078	-0.09053886848313146	0.14035038986106885	-0.08931106876428266	0.082051568714508
0.19922098392826154	-0.1315865741109699	0.1510714454976543	-0.12805589095218897	0.11269678530202708	-0.13595238065510348	0.12837905902403787	-0.1844394306829817	0.25544746413126884	-0.29255066299128335	0.12176073573807474	-0.18232110203596016	0.2820980583810117	-0.6117213378052442	0.2420928485353982	-0.15599048393965673	0.18561331847740742	-0.3118021523908251	0.999999999999997	-0.28494217107569236	0.18121279225822554	-0.21027298176390177	0.20973624690734444	-0.38395004063530525	0.24850391921521808	-0.14408800532931618	0.1197756891682277	-0.1796589286352955	0.19547205660772324	-0.20863022487280117	0.11181980477232538	-0.12153707257401547	0.12286410190926235	-0.14088347011820546	0.10631613136744426	-0.10857655397925596	0.09715689453981055	-0.16002019940044476	0.1002462128150135	-0.0945048821659982
-0.16086628928465818	0.0951582711501201	-0.11418269138211416	0.08822409208239228	-0.08527041823002549	0.09409018276934127	-0.0919251160103931	0.12570953537299676	-0.19044496882221476	0.19696132238703318	-0.08471680148250875	0.12179521253061365	-0.18970047127090633	0.23515183470325912	-0.8114247657751125	0.1000601606541924	-0.12109295257843182	0.15221332072913835	-0.28494217107569236	0.9999999999999939	-0.12668291903270654	0.12640988088619218	-0.12785588851467158	0.18096125973223434	-0.3428694209270155	0.09807670815928961	-0.08335104278291426	0.12121889526396733	-0.1381644897515116	0.16331158995300676	-0.07830284820086209	0.08386959718552599	-0.08548429487455675	0.09788352850659657	-0.07793304449997504	0.07500268406994992	-0.06802668226226931	0.11054209708566452	-0.07102838553183002	0.06762548945921945
0.19311307561224958	-0.12135070702336316	0.12370122255115192	-0.07525491188008401	0.06794399424677279	-0.16309804322760604	0.12362743663053469	-0.14129101690281232	0.12452516467401174	-0.1366712792229939	0.16260980549222462	-0.19770738811537059	0.20898698565955523	-0.1475958530786597	0.12196667292471514	-0.6089984543856639	0.30748926121085346	-0.2563405597421168	0.18121279225822554	-0.12668291903270654	0.999999999999995	-0.36559709824658493	0.22605742021385766	-0.2022976659945531	0.1909846741200971	-0.3521561748429742	0.19605178429698533	-0.22540729516418948	0.15094593803435521	-0.15628315434377563	0.18488929354772998	-0.18329805952456366	0.15770053465342418	-0.17261576486415423	0.1232825420205369	-0.15835115213577924	0.13723010427802348	-0.20405424989237597	0.12363416153376948	-0.11090111331158857
-0.172820161587955	0.10087014174648894	-0.1102001398161562	0.067893385613108	-0.06236291172348413	0.11719692138812896	-0.10222688954979707	0.12223588221158366	-0.12251607927440282	0.1269186245985226	-0.11843181193107215	0.15245839839588538	-0.23758168069266217	0.15170580655303548	-0.12670089736953688	0.2404036388129739	-0.4069278243338878	0.27622226133747474	-0.21027298176390177	0.12640988088619218	-0.36559709824658493	0.9999999999999941	-0.6866961980748779	0.24557307020042157	-0.22577244731320434	0.15811447348321117	-0.13351659892210468	0.1685859253754322	-0.17686247892895923	0.15722516252421684	-0.11909046327683291	0.11986855868637572	-0.11903834272922097	0.12367656819687668	-0.09673068403044548	0.10145677338668452	-0.09381214799201297	0.13893359991265244	-0.09082948507068092	0.08223825069970081
0.1564551864465893	-0.09494561517332585	0.10329589257898542	-0.06662017397464703	0.060487257522466795	-0.10799309441335404	0.09503202689454987	-0.1184975732010641	0.11939572141971441	-0.12766206549874748	0.10411408360852097	-0.14411416682525321	0.22883106136414288	-0.15747861946914785	0.12256906789831959	-0.18942858218333333	0.24920255371778402	-0.4030278307359108	0.20973624690734444	-0.12785588851467158	0.22605742021385766	-0.6866961980748779	0.9999999999999928	-0.40848930198634664	0.21541660248832822	-0.14517228019525932	0.12299441802149898	-0.19043835304072437	0.1905708768724865	-0.1761022319523414	0.10940952400509407	-0.11703274743243927	0.12135763048158059	-0.1274216850198697	0.09630640081316617	-0.09927250092408152	0.09044559999633177	-0.14126209273793539	0.09107949096354617	-0.08324605950006497
-0.17610168174611743	0.1018322897058697	-0.11466687538911331	0.07875717619999845	-0.07214236115931266	0.10818867543202458	-0.09997570234158251	0.1281627547502637	-0.15129761523116997	0.15659277355595322	-0.10177134119566257	0.1412411535520067	-0.22480374861973362	0.2039031006905305	-0.1746440562479894	0.1493836097866455	-0.19446672013719293	0.2255149230659323	-0.38395004063530525	0.18096125973223434	-0.2022976659945531	0.24557307020042157	-0.40848930198634664	0.9999999999999939	-0.44917508282088564	0.14448102882265967	-0.13343944464915933	0.20094941144202952	-0.5211811953565477	0.2959055103890348	-0.11801749433121536	0.12578238368601727	-0.13927569448730373	0.14493877775675224	-0.12054966063821271	0.10627438976621587	-0.09961785491437461	0.15438599607440295	-0.10600696020612087	0.09904221575625807
0.1876171987903642	-0.11407587475192356	0.1252063060505789	-0.09384605162983886	0.08384871802572548	-0.12107197358818299	0.10952803440522045	-0.14353331198323638	0.16044741874487467	-0.18896413310322213	0.10863353394375441	-0.15716992253553358	0.20541145540522276	-0.20373837925366972	0.22644185795465122	-0.15078217295425178	0.17435564662962058	-0.20935746781186754	0.24850391921521808	-0.3428694209270155	0.1909846741200971	-0.22577244731320434	0.21541660248832822	-0.44917508282088564	0.9999999999999949	-0.17873899514865357	0.15329486263342101	-0.2437801884731388	0.30366132015795605	-0.5501909899154857	0.14201291964036059	-0.15849281647451033	0.1652309867524194	-0.1943431098134621	0.15419650372704788	-0.14133946287972549	0.12679791327053455	-0.21499336968830693	0.13754509971010864	-0.13689979545571074
-0.1650831664465438	0.08496267386561868	-0.09218447667733742	0.054711064478707126	-0.050791112781124435	0.09414027491677501	-0.08303614396090837	0.09761018200714154	-0.09420995282700945	0.09805601140569907	-0.09185252330556343	0.11696095619558117	-0.15465577542691605	0.10778249574138524	-0.10049727377292969	0.17074817975702983	-0.17231100877181188	0.1444056536944624	-0.14408800532931618	0.09807670815928961	-0.3521561748429742	0.15811447348321117	-0.14517228019525932	0.14448102882265967	-0.17873899514865357	0.9999999999999919	-0.5815665642199694	0.25167967309208156	-0.13739091896960048	0.13113367897130632	-0.5203737226737988	0.30552879078092454	-0.21176622142784932	0.17764165279300426	-0.14181677679094445	0.21990693527178634	-0.21574361115394639	0.20465682964485515	-0.14093395046723595	0.11377139550139795
0.13078351070286554	-0.06848051010116239	0.07416549642373618	-0.045172397823950584	0.041717618566297805	-0.07521692406897733	0.06648872609133899	-0.0794353961452363	0.07757019302814903	-0.08184714804382025	0.07149355584175973	-0.09407924133104059	0.12332772516817567	-0.08978870132143424	0.083676043836569	-0.12600913005192546	0.12765849044390878	-0.11850027396195499	0.1197756891682277	-0.08335104278291426	0.19605178429698533	-0.13351659892210468	0.12299441802149898	-0.13343944464915933	0.15329486263342101	-0.5815665642199694	0.9999999999999921	-0.43427427595493073	0.13681637198134106	-0.12977298018472816	0.2964714516452234	-0.5456029751369856	0.25716806952792	-0.20178099310654485	0.1407348650655465	-0.2013059342233709	0.18934650607049364	-0.21454744991507538	0.14400553258323542	-0.11585292547363615
-0.19011217952337178	0.09506328072556444	-0.10487426162302256	0.06345079596021085	-0.059133839331204224	0.0997146456805399	-0.09160060253356521	0.11014512858320526	-0.11147737837963526	0.11517319553598673	-0.09442951132396883	0.12537215827349998	-0.17762013550864478	0.12912234311119902	-0.12392543399068912	0.1416328329386016	-0.16862002619970826	0.16003219709960362	-0.1796589286352955	0.12121889526396733	-0.22540729516418948	0.1685859253754322	-0.19043835304072437	0.20094941144202952	-0.2437801884731388	0.25167967309208156	-0.43427427595493073	0.9999999999999941	-0.2795552502680559	0.20092080763069875	-0.24397525120377012	0.2830230508465361	-0.5870470165812748	0.2672099692543754	-0.212616608781038	0.17718138811515333	-0.1909243206895138	0.24781469182541865	-0.20510225243454652	0.15628272682416447
0.13628730875878475	-0.0776974250695937	0.08602828051166043	-0.05922300684867508	0.0538427105611492	-0.08262584233402577	0.07537602558568497	-0.09602057472396099	0.10632606560404147	-0.11608332526569656	0.07645765389854181	-0.1069297627198551	0.1526565099658276	-0.13870975971494828	0.12549296985316213	-0.11212185852724167	0.1354337110814507	-0.15675653065757422	0.19547205660772324	-0.1381644897515116	0.15094593803435521	-0.17686247892895923	0.1905708768724865	-0.5211811953565477	0.30366132015795605	-0.13739091896960048	0.13681637198134106	-0.2795552502680559	0.999999999999992	-0.6815763891170304	0.1144501817225865	-0.12943793617055452	0.15589408912405547	-0.16167835887188195	0.13233961464906085	-0.10315062168702431	0.09809077078824806	-0.15513934888270137	0.11147672077642135	-0.1073141003392296
-0.15064953367895467	0.08352372019384974	-0.09345219672925385	0.06339973010020475	-0.058315314007756025	0.08730462580543251	-0.08074155677609919	0.10243193121498292	-0.1161791459269785	0.12329119154219623	-0.08074877263801462	0.11221828421111578	-0.16272043557562862	0.1427149227775599	-0.1551395682649058	0.11282048151623424	-0.1385594249120127	0.15221752625447246	-0.20863022487280117	0.16331158995300676	-0.15628315434377563	0.15722516252421684	-0.1761022319523414	0.2959055103890348	-0.5501909899154857	0.13113367897130632	-0.12977298018472816	0.20092080763069875	-0.6815763891170304	0.9999999999999919	-0.11311112183767956	0.12215250301174348	-0.1450278318183817	0.15313657833879524	-0.16552129753178382	0.10157877497653911	-0.09786609169688346	0.15256763201280177	-0.11543130747219901	0.11816492553516794
0.12653243400299988	-0.0658205631585264	0.07114100779607578	-0.043092799642506875	0.03981933682883646	-0.07210821363835104	0.06373993415718428	-0.07600837779174789	0.07356754102818687	-0.0776272306308603	0.06829585229410536	-0.08999348941735395	0.11644657165972024	-0.08427940751831157	0.07901889016776877	-0.11889862812601346	0.11974455379577127	-0.11031869545881759	0.11181980477232538	-0.07830284820086209	0.18488929354772998	-0.11909046327683291	0.10940952400509407	-0.11801749433121536	0.14201291964036059	-0.5203737226737988	0.2964714516452234	-0.24397525120377012	0.1144501817225865	-0.11311112183767956	0.9999999999999922	-0.5326637090338752	0.22112780206427224	-0.19839693416356433	0.14105402050070795	-0.46875008377329463	0.2717361863920218	-0.2507996810637224	0.15074479753672512	-0.12039338006339034
-0.13825521155458836	0.0695686269557732	-0.07599969700116098	0.045592591137037355	-0.04239667310813563	0.07424513062425768	-0.06709063634140454	0.0800211178969092	-0.07874101076270892	0.08194928828671193	-0.07043781228409972	0.09275770313738353	-0.12518930241855522	0.08988598539562216	-0.08585120102533962	0.11279343043559209	-0.12429985652363322	0.11364015622629685	-0.12153707257401547	0.08386959718552599	-0.18329805952456366	0.11986855868637572	-0.11703274743243927	0.12578238368601727	-0.15849281647451033	0.30552879078092454	-0.5456029751369856	0.2830230508465361	-0.12943793617055452	0.12215250301174348	-0.5326637090338752	0.9999999999999921	-0.398891909799409	0.21682520892577622	-0.16393788457488212	0.24832130774415118	-0.2989692321432647	0.2346922857693167	-0.16975651064971492	0.12736454469645317
0.1337330149040475	-0.06758605944381159	0.07406403071033267	-0.04509848763073176	0.04186814069487693	-0.07134423468225516	0.06498832871619076	-0.07827227996040355	0.0782291435103002	-0.08179609126638294	0.06706790924625917	-0.08959991131823762	0.1225898406051432	-0.09031801043146512	0.08643307447010283	-0.10197759374887357	0.11692049394251895	-0.11248883661174244	0.12286410190926235	-0.08548429487455675	0.15770053465342418	-0.11903834272922097	0.12135763048158059	-0.13927569448730373	0.1652309867524194	-0.21176622142784932	0.25716806952792	-0.5870470165812748	0.15589408912405547	-0.1450278318183817	0.22112780206427224	-0.398891909799409	0.9999999999999922	-0.5005986154625942	0.2097342597686686	-0.1814024173429813	0.19104091100302592	-0.34168299332248675	0.2316703883651713	-0.17098590090970706
-0.16047005449510782	0.07858972566625706	-0.08656063701452307	0.05193018807343358	-0.04848717328568832	0.08141724877651992	-0.07517179030782054	0.09019373176593731	-0.09031841322665196	0.09337232797171148	-0.07637429909893786	0.10188441603800134	-0.14106187308497684	0.10264348593121336	-0.10082040715309251	0.10981595091101778	-0.1305752563909493	0.12297262288775392	-0.14088347011820546	0.09788352850659657	-0.17261576486415423	0.12367656819687668	-0.1274216850198697	0.14493877775675224	-0.1943431098134621	0.17764165279300426	-0.20178099310654485	0.2672099692543754	-0.16167835887188195	0.15313657833879524	-0.19839693416356433	0.21682520892577622	-0.5005986154625942	0.9999999999999922	-0.44506887049786414	0.1653141707429413	-0.18933428564726415	0.2961472441996795	-0.512125819449174	0.2784944199586919
0.11441804414466739	-0.05852188188676487	0.06399802571736453	-0.039770151832932636	0.03676325992333532	-0.06137432108971276	0.05599049295840706	-0.06811328284694887	0.06850058781243198	-0.07262795476458533	0.05690307836769274	-0.07724847013493132	0.10347815202536241	-0.07888441634306935	0.07729253309679039	-0.08251227847980622	0.09540158872453489	-0.09425865483599347	0.10631613136744426	-0.07793304449997504	0.1232825420205369	-0.09673068403044548	0.09630640081316617	-0.12054966063821271	0.15419650372704788	-0.14181677679094445	0.1407348650655465	-0.212616608781038	0.13233961464906085	-0.16552129753178382	0.14105402050070795	-0.16393788457488212	0.2097342597686686	-0.44506887049786414	0.9999999999999925	-0.147748864771036	0.14898889283320754	-0.3031718690192594	0.31502372883795715	-0.7323157394500507
-0.12980057523542812	0.06372549099638383	-0.0697769945133262	0.04134949029022038	-0.03859435591681577	0.06703889156961299	-0.06114927572815761	0.07271512971607405	-0.07125329284333243	0.07370670728750214	-0.06337844076971658	0.08352385542871435	-0.11301906656716695	0.08034476043031538	-0.07771051438771748	0.09718305688173125	-0.1098024435820272	0.0996014112054078	-0.10857655397925596	0.07500268406994992	-0.15835115213577924	0.10145677338668452	-0.09927250092408152	0.10627438976621587	-0.14133946287972549	0.21990693527178634	-0.2013059342233709	0.17718138811515333	-0.10315062168702431	0.10157877497653911	-0.46875008377329463	0.24832130774415118	-0.1814024173429813	0.1653141707429413	-0.147748864771036	0.9999999999999932	-0.7392797090553351	0.2565241881667769	-0.16456242061056559	0.11747528391648947
0.1128840694274106	-0.05667193128352542	0.06178758690522525	-0.03716700481450701	0.034523622688660216	-0.06017257867005433	0.05443359113592274	-0.06509106446729437	0.0637646174891906	-0.06668855261773526	0.056569669299041905	-0.07516361419104257	0.10002567635613745	-0.07240721360874867	0.06945939002862785	-0.08821384617676181	0.09713411104101168	-0.09053886848313146	0.09715689453981055	-0.06802668226226931	0.13723010427802348	-0.09381214799201297	0.09044559999633177	-0.09961785491437461	0.12679791327053455	-0.21574361115394639	0.18934650607049364	-0.1909243206895138	0.09809077078824806	-0.09786609169688346	0.2717361863920218	-0.2989692321432647	0.19104091100302592	-0.18933428564726415	0.14898889283320754	-0.7392797090553351	0.9999999999999929	-0.443283276886805	0.18087126392248315	-0.133315482451634
-0.19333224329525095	0.09272405320696972	-0.102143478835144	0.06026153732046518	-0.05646680382746435	0.09546517005491947	-0.08845934096784992	0.10542425494676205	-0.10437858240934048	0.10720086559975331	-0.08963945730762568	0.11896027207120544	-0.16415915922857016	0.11714646469192436	-0.11547728476148206	0.1277203789087635	-0.1521358347263154	0.14035038986106885	-0.16002019940044476	0.11054209708566452	-0.20405424989237597	0.13893359991265244	-0.14126209273793539	0.15438599607440295	-0.21499336968830693	0.20465682964485515	-0.21454744991507538	0.24781469182541865	-0.15513934888270137	0.15256763201280177	-0.2507996810637224	0.2346922857693167	-0.34168299332248675	0.2961472441996795	-0.3031718690192594	0.2565241881667769	-0.443283276886805	0.9999999999999939	-0.5090815739005718	0.24271034258880347
0.11390056071675606	-0.056629215958721904	0.06209331345267727	-0.037624925332103334	0.03499085606676648	-0.05906903573240549	0.054161275167262435	-0.06519997492433274	0.06495127903374753	-0.06785668012919466	0.05516185245443709	-0.07399990698506491	0.10041193449228433	-0.07397351045928392	0.07222496025932598	-0.08028703535764271	0.09343534773443626	-0.08931106876428266	0.1002462128150135	-0.07102838553183002	0.12363416153376948	-0.09082948507068092	0.09107949096354617	-0.10600696020612087	0.13754509971010864	-0.14093395046723595	0.14400553258323542	-0.20510225243454652	0.11147672077642135	-0.11543130747219901	0.15074479753672512	-0.16975651064971492	0.2316703883651713	-0.512125819449174	0.31502372883795715	-0.16456242061056559	0.18087126392248315	-0.5090815739005718	0.9999999999999942	-0.5488187462372938
-0.10685635447717874	0.05278615021857187	-0.05802752168134234	0.03520413103914831	-0.032781828517250484	0.054647243708042505	-0.050384039753022594	0.06076377163857219	-0.060985551887746584	0.06356716558680478	-0.05090237906079759	0.06846042965247363	-0.09341208590046973	0.06934683928078224	-0.06891365780554809	0.07220606127289497	-0.08539140245434046	0.082051568714508	-0.0945048821659982	0.06762548945921945	-0.11090111331158857	0.08223825069970081	-0.08324605950006497	0.09904221575625807	-0.13689979545571074	0.11377139550139795	-0.11585292547363615	0.15628272682416447	-0.1073141003392296	0.11816492553516794	-0.12039338006339034	0.12736454469645317	-0.17098590090970706	0.2784944199586919	-0.7323157394500507	0.11747528391648947	-0.133315482451634	0.24271034258880347	-0.5488187462372938	0.999999999999994
