1.0	-0.990634895106272	0.07407958688487948	-0.054842580742016804	0.04020110875612937	-0.055768944323659406	0.05228439112139119	-0.052818565615734614	0.034821568149947316	-0.0318269086187943	0.01972075603929558	-0.020514290882890033	0.03232058014598322	-0.038506259551995825	0.025445825263804813	-0.020342472550317015	0.020115993877100277	-0.03002745099350267	0.02852849319411596	-0.028137563504949187	0.016985027534980525	-0.016906066552034915	0.025770363657826475	-0.02300051565044447	0.020113242287166905	-0.017151947183392344	0.01841184596728094	-0.02468189063006087	0.01839878741704979	-0.0162863394801525	0.019460242643711167	-0.019148125252277007	0.014309733691931378	-0.015509187679576401	0.011963069326872473	-0.00970563262881461	0.008414592938874397	-0.015724163592046883	0.01070121069967604	-0.010512617994303891
-0.990634895106272	1.0000000000000004	-0.08048605948660828	0.05321497716274688	-0.04007553651315942	0.05274620974814492	-0.05420903123757401	0.05012853254197145	-0.03414179934336207	0.030797174269776392	-0.019046786278958453	0.019665696778210433	-0.031245220329287567	0.03672009308797402	-0.0245834237680427	0.019425809968663017	-0.01934562230367341	0.02862078059073771	-0.027485407138130073	0.026849121975494977	-0.016316595208880003	0.016198403368428642	-0.02478690885620654	0.021968164268454517	-0.019319456581905207	0.016389293331193922	-0.01764447867902625	0.023435502457621778	-0.0176016945779056	0.0155484261566986	-0.01869268588645548	0.018237500566516657	-0.013621382687825964	0.014740720611815819	-0.011414525897317979	0.009243283841112292	-0.008021894681495964	0.014928660273461392	-0.010187427012109515	0.010002480897129795
0.07407958688487948	-0.08048605948660828	1.0	-0.7547424600779089	0.27598225891539757	-0.08172145067609812	0.07313657457395562	-0.35385548680510276	0.2562078759439371	-0.241624670061656	0.09904045128413883	-0.10719597248908383	0.18968086902940198	-0.27812146013821415	0.16933924686637047	-0.11074111532986268	0.11117749798620606	-0.1837092864737249	0.17574887155348684	-0.1899524093958091	0.09209189697883839	-0.09506276652367779	0.14899088879563827	-0.1390396001629641	0.1151826693645143	-0.09541385779565417	0.10255633378636975	-0.14521704776701416	0.10756099959587563	-0.09526919010883571	0.10640390930690659	-0.10840391849055872	0.0826710729220195	-0.09031119204205455	0.06884306765615486	-0.05498743442629143	0.04758929844222899	-0.09140970401382763	0.06190118308789115	-0.060919467619930216
-0.054842580742016804	0.05321497716274688	-0.7547424600779089	1.0	-0.4336509252232976	0.05453125618037019	-0.049991922683599976	0.21742945595189767	-0.3587194872219841	0.2443506903450035	-0.07558060974451829	0.07936627575019559	-0.14618015473097032	0.22685981897751323	-0.15671362568065256	0.08155300403913676	-0.08495473718999222	0.1352789030655979	-0.14628712078670814	0.15366923460992873	-0.06957630853160321	0.0716254627141189	-0.11583760697479684	0.10602255519296899	-0.0896486940865909	0.07070039713390777	-0.07719258896647538	0.10598395709376386	-0.08225097638065189	0.07188928039675457	-0.08055826792468276	0.07943731659234698	-0.06089234265342727	0.06621626654686795	-0.05143763794546215	0.04028490156261272	-0.035033911100177395	0.06649011889074743	-0.04570096068016889	0.04488904835236588
0.04020110875612937	-0.04007553651315942	0.27598225891539757	-0.4336509252232976	1.0	-0.07504757195960049	0.06627638008332705	-0.29357350520767034	0.31264973175206545	-0.6258809942371852	0.10203949410015038	-0.11090092376204497	0.18854059029518044	-0.33044373116558995	0.24577010233553265	-0.11939777652426195	0.12050666504978334	-0.20089549045384983	0.20800167321928298	-0.27220226726443475	0.09935784212043455	-0.10399676985252916	0.1643012234574328	-0.16017807174376059	0.1300023813287048	-0.10439200507310595	0.11247376478660509	-0.16382558553066565	0.12192312873250054	-0.10820225214489361	0.11625158388717916	-0.11998719542415191	0.09268376062308348	-0.10177006572779859	0.0773678866267674	-0.06095493936570147	0.05273233123970599	-0.102690124138189	0.06957367617238895	-0.0685698482787028
-0.055768944323659406	0.05274620974814492	-0.08172145067609812	0.05453125618037019	-0.07504757195960049	1.0000000000000002	-0.9642735282686624	0.15526140914408282	-0.0660187332174028	0.05157728948699099	-0.08826270484440252	0.07742687550087612	-0.11010546162091436	0.0659858620638916	-0.04922112851922385	0.05659436442399534	-0.05502707361806671	0.07120199955276969	-0.06596112583755677	0.04955963883216621	-0.04759215230979861	0.04310874437338053	-0.06588599664005328	0.04978576202351231	-0.045947820043349887	0.041802871694016176	-0.04558767495137047	0.04981184744180081	-0.04048001512176744	0.034622952075430584	-0.0487056351829457	0.042161982827465375	-0.029986973742889066	0.03133285910054232	-0.02539304440748281	0.02114442962117834	-0.018601827572191504	0.03159976265993446	-0.022167100925807467	0.021499848904396497
0.05228439112139119	-0.05420903123757401	0.07313657457395562	-0.049991922683599976	0.06627638008332705	-0.9642735282686624	1.0000000000000007	-0.18591559468053695	0.05991917798124557	-0.04702251344297816	0.07704827764409566	-0.0745928978405985	0.10120330741821595	-0.06115881284743077	0.04448155329624045	-0.05226634378813442	0.0495488204036418	-0.06668489991537471	0.05940249132356943	-0.04534765472043433	0.04286214850173809	-0.039119051281282013	0.059201143308968786	-0.0452529815292806	0.04115974196157626	-0.03799108178137448	0.04107788140064004	-0.04543993667758244	0.03654193636433088	-0.03132033274788056	0.04359457358945495	-0.03829150263204707	0.027210399679622462	-0.028487038934406014	0.022939731461335034	-0.019180957465780035	0.016845610160669426	-0.028780349054334055	0.020098687329167593	-0.019506394638648915
-0.052818565615734614	0.05012853254197145	-0.35385548680510276	0.21742945595189767	-0.29357350520767034	0.15526140914408282	-0.18591559468053695	1.0000000000000002	-0.28961621664531784	0.20265835210088565	-0.21220685194024871	0.2023391742239236	-0.6069874871938075	0.2584227703769372	-0.1914000928662621	0.16656548797435772	-0.18597339541852728	0.2770788928633146	-0.2575354235719197	0.18746495605502747	-0.15030645197083445	0.14648456744804036	-0.2509846334690651	0.18390348360176217	-0.1651135851199067	0.13664485599297763	-0.15364082429473855	0.1756889960625074	-0.14646669359027342	0.12403716293355127	-0.16207329707802212	0.14225129472517659	-0.1045656804239381	0.10989607216045044	-0.08933814026640441	0.07149684632861737	-0.06300977765658017	0.10989311161708339	-0.07764700891560304	0.07538329390592444
0.034821568149947316	-0.03414179934336207	0.2562078759439371	-0.3587194872219841	0.31264973175206545	-0.0660187332174028	0.05991917798124557	-0.28961621664531784	1.0000000000000002	-0.5518118254809494	0.09505310030795663	-0.10197773505342086	0.19370397837792988	-0.5716421426327027	0.24962925271476513	-0.10215502913595195	0.10722640622387307	-0.18355987860290796	0.21064752739843112	-0.23461588138408393	0.08683394564484448	-0.09098872299541592	0.15048274309432963	-0.1439676067852258	0.11490895748873586	-0.0882524217334188	0.09674178398115524	-0.13523573210928078	0.10694021703264331	-0.09288573333003838	0.09973457208014058	-0.09893123260335872	0.07685197241393524	-0.08377895644477976	0.06504325936917736	-0.05010838755583278	0.04363968536161021	-0.08366389173748082	0.05770477300715521	-0.05666911052711689
-0.0318269086187943	0.030797174269776392	-0.241624670061656	0.2443506903450035	-0.6258809942371852	0.05157728948699099	-0.04702251344297816	0.20265835210088565	-0.5518118254809494	0.999999999999999	-0.08008075373007917	0.08403458991746825	-0.1546543184083303	0.29039719412872383	-0.37335859497910234	0.08773471334257632	-0.09383467364528568	0.15199084715362599	-0.19246860385675377	0.23660803109742165	-0.07566549938893727	0.0791913432061539	-0.13250040873366187	0.1249108039566054	-0.10434530541862126	0.07689926671427158	-0.08496014611911794	0.11756970102548024	-0.09528631574626649	0.0823150649503611	-0.0882020652781158	0.08642052701002653	-0.06745510475261907	0.07347416510348659	-0.05770866865360983	0.04384221247952104	-0.03824838757305282	0.07307590036218992	-0.05082802405183514	0.04991591734342758
0.01972075603929558	-0.019046786278958453	0.09904045128413883	-0.07558060974451829	0.10203949410015038	-0.08826270484440252	0.07704827764409566	-0.21220685194024871	0.09505310030795663	-0.08008075373007917	0.9999999999999984	-0.8294968607244106	0.2169151318795483	-0.12331929662334593	0.08322500816552421	-0.35905169857041047	0.17753145298827933	-0.16883243075083457	0.12128904982982337	-0.09243509204076565	0.1862310524219127	-0.13579672035954898	0.13713193411080424	-0.10631127153012974	0.09418459299001215	-0.1385933411844721	0.13186260887812942	-0.1178182984653525	0.08690830372386793	-0.07463437649216076	0.13354960481660463	-0.11554394007785307	0.07133248764534428	-0.07180225581693535	0.05619165098999977	-0.0563020260494638	0.04921798645488408	-0.07545020058520135	0.0507125213695117	-0.048619946223533786
-0.020514290882890033	0.019665696778210433	-0.10719597248908383	0.07936627575019559	-0.11090092376204497	0.07742687550087612	-0.0745928978405985	0.2023391742239236	-0.10197773505342086	0.08403458991746825	-0.8294968607244106	0.9999999999999987	-0.3254551338346417	0.12709539248794724	-0.08888409959341143	0.23500964208993674	-0.2087390920910844	0.17576885751736304	-0.1321828853103293	0.09545635772605682	-0.19232788489076547	0.14137262153888244	-0.1514341647606349	0.11125072296878995	-0.1008385306741562	0.13468999914322657	-0.1410259210333739	0.11988738775659125	-0.09174786573249472	0.07787328494825771	-0.14413619418491852	0.11747384402651145	-0.07340981755008037	0.07344721264096349	-0.05848530298417844	0.057569248255402945	-0.050794161154294984	0.07667182146144913	-0.05224271936271384	0.049983452340405285
0.03232058014598322	-0.031245220329287567	0.18968086902940198	-0.14618015473097032	0.18854059029518044	-0.11010546162091436	0.10120330741821595	-0.6069874871938075	0.19370397837792988	-0.1546543184083303	0.2169151318795483	-0.3254551338346417	0.999999999999997	-0.2896150351062638	0.16218650111111194	-0.17140564588358415	0.17284800249822677	-0.5065506795886591	0.23806256760181607	-0.1775171500262939	0.13762819584641295	-0.14238002743765943	0.23482042690278856	-0.1815583553327981	0.1407503338992078	-0.12758686228300845	0.13805850034700515	-0.1684196471102383	0.13272465097737476	-0.11300813768683074	0.1381240515684696	-0.1306311438699679	0.09577447656033103	-0.10118970187619308	0.07931627474654362	-0.06495224133735676	0.05688017334793244	-0.10209619851896129	0.07039408075349164	-0.06839408790458867
-0.038506259551995825	0.03672009308797402	-0.27812146013821415	0.22685981897751323	-0.33044373116558995	0.0659858620638916	-0.06115881284743077	0.2584227703769372	-0.5716421426327027	0.29039719412872383	-0.12331929662334593	0.12709539248794724	-0.2896150351062638	1.0000000000000007	-0.4181632272989114	0.12350697056087233	-0.13807428003023026	0.2304128027287507	-0.3733991818005701	0.27780034994741076	-0.10892957722143712	0.11459831738255757	-0.2037733036764913	0.18790024119290535	-0.1529820222782998	0.10721104473252828	-0.12078061510631508	0.1607099395227397	-0.1404650427034283	0.11707437748411978	-0.12437453917194442	0.11772354438797406	-0.09268230806170362	0.10020082309771036	-0.08040392607445958	0.059532718578697685	-0.052291008322216614	0.09852158759891716	-0.06987113354388609	0.06832305811174423
0.025445825263804813	-0.0245834237680427	0.16933924686637047	-0.15671362568065256	0.24577010233553265	-0.04922112851922385	0.04448155329624045	-0.1914000928662621	0.24962925271476513	-0.37335859497910234	0.08322500816552421	-0.08888409959341143	0.16218650111111194	-0.4181632272989114	0.9999999999999992	-0.09384264844732557	0.10188381095261391	-0.18529563565207022	0.2589056831745551	-0.7255098417312251	0.08072455523477229	-0.08744664743702249	0.15150477586243924	-0.15873235665157678	0.1192697447924541	-0.0828472064125944	0.09213023084809233	-0.1341394470121079	0.11103767986470797	-0.09634681264811926	0.09376169576959904	-0.09345387543451265	0.07509302672453678	-0.08254287753649885	0.06440058431234236	-0.04737482758540555	0.041408335846916305	-0.08125254714399587	0.05670260616026845	-0.05579129954274327
-0.020342472550317015	0.019425809968663017	-0.11074111532986268	0.08155300403913676	-0.11939777652426195	0.05659436442399534	-0.05226634378813442	0.16656548797435772	-0.10215502913595195	0.08773471334257632	-0.35905169857041047	0.23500964208993674	-0.17140564588358415	0.12350697056087233	-0.09384264844732557	0.9999999999999988	-0.3907530022068424	0.16979007380040084	-0.1443421322542025	0.10249656205757246	-0.6507808234973314	0.2541158409954448	-0.19316026185058716	0.1393008453264409	-0.1379767337217957	0.2785098211305973	-0.26962452094222056	0.16977297709593261	-0.12427761716861294	0.10504761566639456	-0.27902099946914843	0.19989319166981329	-0.10991736549844948	0.10411914632197863	-0.08324778230888076	0.09727931398976965	-0.08652838753152918	0.11258356119765972	-0.07538116751165137	0.07091458626819583
0.020115993877100277	-0.01934562230367341	0.11117749798620606	-0.08495473718999222	0.12050666504978334	-0.05502707361806671	0.0495488204036418	-0.18597339541852728	0.10722640622387307	-0.09383467364528568	0.17753145298827933	-0.2087390920910844	0.17284800249822677	-0.13807428003023026	0.10188381095261391	-0.3907530022068424	0.9999999999999966	-0.24579920428627122	0.16549137780459783	-0.11738707497407508	0.263662378876954	-0.7002774688089336	0.24163269738483392	-0.17858917045240585	0.14758645375963514	-0.2685064710076044	0.28227267508063886	-0.2137675367603259	0.14327651804053765	-0.12267039888889307	0.21523016746883997	-0.24834730074063463	0.1284875226838479	-0.12390870802551061	0.09383223548898477	-0.11035689684613406	0.09470028815620628	-0.13547232467644266	0.08742116330452168	-0.08264769203450689
-0.03002745099350267	0.02862078059073771	-0.1837092864737249	0.1352789030655979	-0.20089549045384983	0.07120199955276969	-0.06668489991537471	0.2770788928633146	-0.18355987860290796	0.15199084715362599	-0.16883243075083457	0.17576885751736304	-0.5065506795886591	0.2304128027287507	-0.18529563565207022	0.16979007380040084	-0.24579920428627122	0.9999999999999964	-0.45542153309410593	0.2019920856662183	-0.15126961250231208	0.19078075379071205	-0.506479369564256	0.2622943467284176	-0.18647303597573522	0.14472677818614424	-0.17011110202419458	0.20846475271972797	-0.18207673787817	0.14578266173540852	-0.1580907976527507	0.1519686472306465	-0.1171813206844249	0.12285497976653133	-0.09817279851277834	0.07511132779063107	-0.06631046102680827	0.1216725108658874	-0.08592847143533093	0.08307819814577913
0.02852849319411596	-0.027485407138130073	0.17574887155348684	-0.14628712078670814	0.20800167321928298	-0.06596112583755677	0.05940249132356943	-0.2575354235719197	0.21064752739843112	-0.19246860385675377	0.12128904982982337	-0.1321828853103293	0.23806256760181607	-0.3733991818005701	0.2589056831745551	-0.1443421322542025	0.16549137780459783	-0.45542153309410593	1.0000000000000007	-0.44559361658682883	0.12451760754132044	-0.14770455822194076	0.2854746696084162	-0.45538843568206394	0.19995965483277778	-0.12955769520871813	0.14681657218039576	-0.2343703834845952	0.2104386379866491	-0.1742046924761876	0.1431656244120777	-0.1464934773039972	0.12410948655970584	-0.1383968610599321	0.10636016541177087	-0.07391254537372965	0.0649203006367118	-0.1328639769587785	0.09365847945420541	-0.09192927399318472
-0.028137563504949187	0.026849121975494977	-0.1899524093958091	0.15366923460992873	-0.27220226726443475	0.04955963883216621	-0.04534765472043433	0.18746495605502747	-0.23461588138408393	0.23660803109742165	-0.09243509204076565	0.09545635772605682	-0.1775171500262939	0.27780034994741076	-0.7255098417312251	0.10249656205757246	-0.11738707497407508	0.2019920856662183	-0.44559361658682883	0.9999999999999981	-0.09092620856929287	0.09909958230750192	-0.18372057587073456	0.1856740709676393	-0.14847829053152237	0.09163448183227273	-0.10431338428364066	0.14631666704892746	-0.134111391156707	0.11165103949244376	-0.10617569336488039	0.10227560591469517	-0.08337828256701545	0.09114489056753047	-0.0733771651795297	0.05183754589017101	-0.04560396294844133	0.08843518772875325	-0.06334724939522021	0.06216534872173653
0.016985027534980525	-0.016316595208880003	0.09209189697883839	-0.06957630853160321	0.09935784212043455	-0.04759215230979861	0.04286214850173809	-0.15030645197083445	0.08683394564484448	-0.07566549938893727	0.1862310524219127	-0.19232788489076547	0.13762819584641295	-0.10892957722143712	0.08072455523477229	-0.6507808234973314	0.263662378876954	-0.15126961250231208	0.12451760754132044	-0.09092620856929287	0.9999999999999953	-0.3112150117632061	0.17029394953571428	-0.12917734116158827	0.12138954759407013	-0.5338949924988489	0.26230815932832674	-0.1688379890595052	0.11377051540595388	-0.09720825466399723	0.2473177452277143	-0.2142026810113737	0.10746009392056252	-0.10117159459271756	0.07784942518853886	-0.10045510051276751	0.08644163377937428	-0.11231150732742429	0.07245424323300244	-0.0680143747375201
-0.016906066552034915	0.016198403368428642	-0.09506276652367779	0.0716254627141189	-0.10399676985252916	0.04310874437338053	-0.039119051281282013	0.14648456744804036	-0.09098872299541592	0.0791913432061539	-0.13579672035954898	0.14137262153888244	-0.14238002743765943	0.11459831738255757	-0.08744664743702249	0.2541158409954448	-0.7002774688089336	0.19078075379071205	-0.14770455822194076	0.09909958230750192	-0.3112150117632061	0.9999999999999977	-0.312882246876913	0.16555667742025967	-0.13699350091880774	0.2458712134328675	-0.45287211277943384	0.19055158923341453	-0.13428109031373406	0.10978950000822287	-0.20686523331320356	0.21648069398033273	-0.115299763272118	0.10699224797905083	-0.08317016716664752	0.09488902326942926	-0.08479510937819845	0.11627548214753052	-0.07663235462121137	0.07170332553344795
0.025770363657826475	-0.02478690885620654	0.14899088879563827	-0.11583760697479684	0.1643012234574328	-0.06588599664005328	0.059201143308968786	-0.2509846334690651	0.15048274309432963	-0.13250040873366187	0.13713193411080424	-0.1514341647606349	0.23482042690278856	-0.2037733036764913	0.15150477586243924	-0.19316026185058716	0.24163269738483392	-0.506479369564256	0.2854746696084162	-0.18372057587073456	0.17029394953571428	-0.312882246876913	0.9999999999999964	-0.5156194568098199	0.22684861821272162	-0.18045061025190087	0.21096433756281877	-0.34048656208875544	0.2486218240478381	-0.20447349648547306	0.1830111807803885	-0.1972151756264298	0.1622544337685762	-0.17128927359357435	0.12864010243302224	-0.09648663068351764	0.08488232326691673	-0.17128391756157602	0.1162958438922503	-0.11237287498361502
-0.02300051565044447	0.021968164268454517	-0.1390396001629641	0.10602255519296899	-0.16017807174376059	0.04978576202351231	-0.0452529815292806	0.18390348360176217	-0.1439676067852258	0.1249108039566054	-0.10631127153012974	0.11125072296878995	-0.1815583553327981	0.18790024119290535	-0.15873235665157678	0.1393008453264409	-0.17858917045240585	0.2622943467284176	-0.45538843568206394	0.1856740709676393	-0.12917734116158827	0.16555667742025967	-0.5156194568098199	0.9999999999999972	-0.34683486111738543	0.13395255165881337	-0.16458631161032067	0.27435503298430935	-0.48479573546014976	0.25209649122738703	-0.15293932050303347	0.15288192256107894	-0.1477141068508518	0.1659407188829036	-0.13653634901922332	0.07744101544556323	-0.0692840858346818	0.14804434423678745	-0.11457710955463038	0.11080329593361585
0.020113242287166905	-0.019319456581905207	0.1151826693645143	-0.0896486940865909	0.1300023813287048	-0.045947820043349887	0.04115974196157626	-0.1651135851199067	0.11490895748873586	-0.10434530541862126	0.09418459299001215	-0.1008385306741562	0.1407503338992078	-0.1529820222782998	0.1192697447924541	-0.1379767337217957	0.14758645375963514	-0.18647303597573522	0.19995965483277778	-0.14847829053152237	0.12138954759407013	-0.13699350091880774	0.22684861821272162	-0.34683486111738543	1.0000000000000002	-0.1398148318743076	0.16123165295060393	-0.3527106539589465	0.3167528413479764	-0.7068992922136913	0.161405716361881	-0.17907028445535222	0.1849410457943331	-0.2407179410049985	0.20253441913684148	-0.09437635529316012	0.08338012006505773	-0.20848971975256247	0.1575334173214077	-0.18210423229920353
-0.017151947183392344	0.016389293331193922	-0.09541385779565417	0.07070039713390777	-0.10439200507310595	0.041802871694016176	-0.03799108178137448	0.13664485599297763	-0.0882524217334188	0.07689926671427158	-0.1385933411844721	0.13468999914322657	-0.12758686228300845	0.10721104473252828	-0.0828472064125944	0.2785098211305973	-0.2685064710076044	0.14472677818614424	-0.12955769520871813	0.09163448183227273	-0.5338949924988489	0.2458712134328675	-0.18045061025190087	0.13395255165881337	-0.1398148318743076	0.9999999999999969	-0.5060523360102853	0.1885355119392924	-0.12881078905176563	0.10737332095673445	-0.5030572453388947	0.2754969838856305	-0.12935515836442593	0.1138909841053439	-0.08985257844850596	0.13325008221423107	-0.1186472771273033	0.1293593963376672	-0.08377615661928121	0.07706601398952143
0.01841184596728094	-0.01764447867902625	0.10255633378636975	-0.07719258896647538	0.11247376478660509	-0.04558767495137047	0.04107788140064004	-0.15364082429473855	0.09674178398115524	-0.08496014611911794	0.13186260887812942	-0.1410259210333739	0.13805850034700515	-0.12078061510631508	0.09213023084809233	-0.26962452094222056	0.28227267508063886	-0.17011110202419458	0.14681657218039576	-0.10431338428364066	0.26230815932832674	-0.45287211277943384	0.21096433756281877	-0.16458631161032067	0.16123165295060393	-0.5060523360102853	0.9999999999999978	-0.2945693658126577	0.15971561518468413	-0.13123168980473832	0.3020554098091727	-0.48380608145576753	0.17119964326387052	-0.14267638658087556	0.10825371520501566	-0.16378748087466902	0.1448389526471868	-0.16805455367470098	0.10405435725847358	-0.09450646050423461
-0.02468189063006087	0.023435502457621778	-0.14521704776701416	0.10598395709376386	-0.16382558553066565	0.04981184744180081	-0.04543993667758244	0.1756889960625074	-0.13523573210928078	0.11756970102548024	-0.1178182984653525	0.11988738775659125	-0.1684196471102383	0.1607099395227397	-0.1341394470121079	0.16977297709593261	-0.2137675367603259	0.20846475271972797	-0.2343703834845952	0.14631666704892746	-0.1688379890595052	0.19055158923341453	-0.34048656208875544	0.27435503298430935	-0.3527106539589465	0.1885355119392924	-0.2945693658126577	0.9999999999999967	-0.4945755581748584	0.25985881318473614	-0.23931680804650685	0.23133183346490596	-0.42109033848994193	0.23618290090878874	-0.20029090053451534	0.11683726842242637	-0.1103038996476683	0.2578198632260392	-0.18497006236275387	0.15695310821930836
0.01839878741704979	-0.0176016945779056	0.10756099959587563	-0.08225097638065189	0.12192312873250054	-0.04048001512176744	0.03654193636433088	-0.14646669359027342	0.10694021703264331	-0.09528631574626649	0.08690830372386793	-0.09174786573249472	0.13272465097737476	-0.1404650427034283	0.11103767986470797	-0.12427761716861294	0.14327651804053765	-0.18207673787817	0.2104386379866491	-0.134111391156707	0.11377051540595388	-0.13428109031373406	0.2486218240478381	-0.48479573546014976	0.3167528413479764	-0.12881078905176563	0.15971561518468413	-0.4945755581748584	0.9999999999999962	-0.5291852279698186	0.1513009804533919	-0.160957229580929	0.19516681341889844	-0.25995519509219805	0.18139489072303047	-0.08341500009885218	0.07547484502583864	-0.19352411982349177	0.154844692776895	-0.1485295774929957
-0.0162863394801525	0.0155484261566986	-0.09526919010883571	0.07188928039675457	-0.10820225214489361	0.034622952075430584	-0.03132033274788056	0.12403716293355127	-0.09288573333003838	0.0823150649503611	-0.07463437649216076	0.07787328494825771	-0.11300813768683074	0.11707437748411978	-0.09634681264811926	0.10504761566639456	-0.12267039888889307	0.14578266173540852	-0.1742046924761876	0.11165103949244376	-0.09720825466399723	0.10978950000822287	-0.20447349648547306	0.25209649122738703	-0.7068992922136913	0.10737332095673445	-0.13123168980473832	0.25985881318473614	-0.5291852279698186	0.9999999999999956	-0.13212401866810208	0.13374080532631857	-0.15409399068757265	0.1994269265544083	-0.2516426619814115	0.07047402756283194	-0.06375202330633245	0.15625268983809237	-0.14169150181870244	0.16227598562065493
0.019460242643711167	-0.01869268588645548	0.10640390930690659	-0.08055826792468276	0.11625158388717916	-0.0487056351829457	0.04359457358945495	-0.16207329707802212	0.09973457208014058	-0.0882020652781158	0.13354960481660463	-0.14413619418491852	0.1381240515684696	-0.12437453917194442	0.09376169576959904	-0.27902099946914843	0.21523016746883997	-0.1580907976527507	0.1431656244120777	-0.10617569336488039	0.2473177452277143	-0.20686523331320356	0.1830111807803885	-0.15293932050303347	0.161405716361881	-0.5030572453388947	0.3020554098091727	-0.23931680804650685	0.1513009804533919	-0.13212401866810208	0.9999999999999961	-0.5724841756437532	0.18999515907950348	-0.16718070322486916	0.12196206816204282	-0.30678758896776076	0.22088986750846756	-0.2069216199832498	0.12140485028928617	-0.11091210822907055
-0.019148125252277007	0.018237500566516657	-0.10840391849055872	0.07943731659234698	-0.11998719542415191	0.042161982827465375	-0.03829150263204707	0.14225129472517659	-0.09893123260335872	0.08642052701002653	-0.11554394007785307	0.11747384402651145	-0.1306311438699679	0.11772354438797406	-0.09345387543451265	0.19989319166981329	-0.24834730074063463	0.1519686472306465	-0.1464934773039972	0.10227560591469517	-0.2142026810113737	0.21648069398033273	-0.1972151756264298	0.15288192256107894	-0.17907028445535222	0.2754969838856305	-0.48380608145576753	0.23133183346490596	-0.160957229580929	0.13374080532631857	-0.5724841756437532	0.9999999999999957	-0.26655448202003834	0.16249428256277257	-0.12988078902066708	0.25001702768301476	-0.34465462859884727	0.20685801703241724	-0.12846199808045777	0.10937422149590725
0.014309733691931378	-0.013621382687825964	0.0826710729220195	-0.06089234265342727	0.09268376062308348	-0.029986973742889066	0.027210399679622462	-0.1045656804239381	0.07685197241393524	-0.06745510475261907	0.07133248764534428	-0.07340981755008037	0.09577447656033103	-0.09268230806170362	0.07509302672453678	-0.10991736549844948	0.1284875226838479	-0.1171813206844249	0.12410948655970584	-0.08337828256701545	0.10746009392056252	-0.115299763272118	0.1622544337685762	-0.1477141068508518	0.1849410457943331	-0.12935515836442593	0.17119964326387052	-0.42109033848994193	0.19516681341889844	-0.15409399068757265	0.18999515907950348	-0.26655448202003834	0.9999999999999951	-0.35688326732032816	0.1947846612166151	-0.13211177359821874	0.13052193739248763	-0.7105730381848423	0.24906077709068555	-0.18714200258883748
-0.015509187679576401	0.014740720611815819	-0.09031119204205455	0.06621626654686795	-0.10177006572779859	0.03133285910054232	-0.028487038934406014	0.10989607216045044	-0.08377895644477976	0.07347416510348659	-0.07180225581693535	0.07344721264096349	-0.10118970187619308	0.10020082309771036	-0.08254287753649885	0.10411914632197863	-0.12390870802551061	0.12285497976653133	-0.1383968610599321	0.09114489056753047	-0.10117159459271756	0.10699224797905083	-0.17128927359357435	0.1659407188829036	-0.2407179410049985	0.1138909841053439	-0.14267638658087556	0.23618290090878874	-0.25995519509219805	0.1994269265544083	-0.16718070322486916	0.16249428256277257	-0.35688326732032816	0.999999999999996	-0.4762462936084321	0.09140413070358396	-0.08875864754074411	0.28697709202190935	-0.6124772932048416	0.30431702658776194
0.011963069326872473	-0.011414525897317979	0.06884306765615486	-0.05143763794546215	0.0773678866267674	-0.02539304440748281	0.022939731461335034	-0.08933814026640441	0.06504325936917736	-0.05770866865360983	0.05619165098999977	-0.05848530298417844	0.07931627474654362	-0.08040392607445958	0.06440058431234236	-0.08324778230888076	0.09383223548898477	-0.09817279851277834	0.10636016541177087	-0.0733771651795297	0.07784942518853886	-0.08317016716664752	0.12864010243302224	-0.13653634901922332	0.20253441913684148	-0.08985257844850596	0.10825371520501566	-0.20029090053451534	0.18139489072303047	-0.2516426619814115	0.12196206816204282	-0.12988078902066708	0.1947846612166151	-0.4762462936084321	0.9999999999999953	-0.07549294037862728	0.06997267713187268	-0.24217166459017095	0.3097666226733885	-0.7271531675944559
-0.00970563262881461	0.009243283841112292	-0.05498743442629143	0.04028490156261272	-0.06095493936570147	0.02114442962117834	-0.019180957465780035	0.07149684632861737	-0.05010838755583278	0.04384221247952104	-0.0563020260494638	0.057569248255402945	-0.06495224133735676	0.059532718578697685	-0.04737482758540555	0.09727931398976965	-0.11035689684613406	0.07511132779063107	-0.07391254537372965	0.05183754589017101	-0.10045510051276751	0.09488902326942926	-0.09648663068351764	0.07744101544556323	-0.09437635529316012	0.13325008221423107	-0.16378748087466902	0.11683726842242637	-0.08341500009885218	0.07047402756283194	-0.30678758896776076	0.25001702768301476	-0.13211177359821874	0.09140413070358396	-0.07549294037862728	0.9999999999999951	-0.8832932314682901	0.13885018489244594	-0.08030756680771561	0.06384497411984515
0.008414592938874397	-0.008021894681495964	0.04758929844222899	-0.035033911100177395	0.05273233123970599	-0.018601827572191504	0.016845610160669426	-0.06300977765658017	0.04363968536161021	-0.03824838757305282	0.04921798645488408	-0.050794161154294984	0.05688017334793244	-0.052291008322216614	0.041408335846916305	-0.08652838753152918	0.09470028815620628	-0.06631046102680827	0.0649203006367118	-0.04560396294844133	0.08644163377937428	-0.08479510937819845	0.08488232326691673	-0.0692840858346818	0.08338012006505773	-0.1186472771273033	0.1448389526471868	-0.1103038996476683	0.07547484502583864	-0.06375202330633245	0.22088986750846756	-0.34465462859884727	0.13052193739248763	-0.08875864754074411	0.06997267713187268	-0.8832932314682901	0.9999999999999967	-0.161343409799624	0.07794703480549256	-0.06142189710407116
-0.015724163592046883	0.014928660273461392	-0.09140970401382763	0.06649011889074743	-0.102690124138189	0.03159976265993446	-0.028780349054334055	0.10989311161708339	-0.08366389173748082	0.07307590036218992	-0.07545020058520135	0.07667182146144913	-0.10209619851896129	0.09852158759891716	-0.08125254714399587	0.11258356119765972	-0.13547232467644266	0.1216725108658874	-0.1328639769587785	0.08843518772875325	-0.11231150732742429	0.11627548214753052	-0.17128391756157602	0.14804434423678745	-0.20848971975256247	0.1293593963376672	-0.16805455367470098	0.2578198632260392	-0.19352411982349177	0.15625268983809237	-0.2069216199832498	0.20685801703241724	-0.7105730381848423	0.28697709202190935	-0.24217166459017095	0.13885018489244594	-0.161343409799624	0.9999999999999964	-0.4197452093872149	0.2095129538529504
0.01070121069967604	-0.010187427012109515	0.06190118308789115	-0.04570096068016889	0.06957367617238895	-0.022167100925807467	0.020098687329167593	-0.07764700891560304	0.05770477300715521	-0.05082802405183514	0.0507125213695117	-0.05224271936271384	0.07039408075349164	-0.06987113354388609	0.05670260616026845	-0.07538116751165137	0.08742116330452168	-0.08592847143533093	0.09365847945420541	-0.06334724939522021	0.07245424323300244	-0.07663235462121137	0.1162958438922503	-0.11457710955463038	0.1575334173214077	-0.08377615661928121	0.10405435725847358	-0.18497006236275387	0.154844692776895	-0.14169150181870244	0.12140485028928617	-0.12846199808045777	0.24906077709068555	-0.6124772932048416	0.3097666226733885	-0.08030756680771561	0.07794703480549256	-0.4197452093872149	0.9999999999999962	-0.5462897014858535
-0.010512617994303891	0.010002480897129795	-0.060919467619930216	0.04488904835236588	-0.0685698482787028	0.021499848904396497	-0.019506394638648915	0.07538329390592444	-0.05666911052711689	0.04991591734342758	-0.048619946223533786	0.049983452340405285	-0.06839408790458867	0.06832305811174423	-0.05579129954274327	0.07091458626819583	-0.08264769203450689	0.08307819814577913	-0.09192927399318472	0.06216534872173653	-0.0680143747375201	0.07170332553344795	-0.11237287498361502	0.11080329593361585	-0.18210423229920353	0.07706601398952143	-0.09450646050423461	0.15695310821930836	-0.1485295774929957	0.16227598562065493	-0.11091210822907055	0.10937422149590725	-0.18714200258883748	0.30431702658776194	-0.7271531675944559	0.06384497411984515	-0.06142189710407116	0.2095129538529504	-0.5462897014858535	0.9999999999999962
