1.0000000000000002	-0.952646295533894	0.17288924672474387	-0.07452933807677416	0.05977417395949615	-0.1197847398931002	0.10137767478438027	-0.09826552495459631	0.0727145222362598	-0.0748807854335035	0.08852392013664927	-0.09530743165934985	0.08542149990230553	-0.08477324804634719	0.05873290577256158	-0.08129218987604549	0.06545791344743082	-0.07073375242634372	0.06163719519177706	-0.07573758012174817	0.04972554148446238	-0.06839715246923646	0.06137617967339549	-0.05296060683909576	0.04343180129917269	-0.05880616189594094	0.06404756305730602	-0.08193347576367582	0.060587612254808375	-0.055649466935097744
-0.952646295533894	1.0	-0.2134614667265054	0.06903867824342073	-0.055793592121055835	0.10189847832585647	-0.10100556510923868	0.09151742574124659	-0.0677632387755811	0.06658384918915151	-0.0832030724054663	0.08572172134064268	-0.0813107437653948	0.07571419344262406	-0.05258163081068665	0.07137038615371914	-0.058945623355487156	0.06269909628917479	-0.054996573835475134	0.06642705355010448	-0.04422949915164538	0.060509261767798424	-0.05464309759260353	0.046902573772180677	-0.0383109148402768	0.051602232643308786	-0.05730741808950703	0.07155979738327654	-0.05400375766406613	0.04865774193437919
0.17288924672474387	-0.2134614667265054	0.9999999999999997	-0.35684707729611326	0.23758608643161017	-0.16742084620580083	0.16685138545567005	-0.4551114612263959	0.28284152838012666	-0.29799290339029416	0.18707292971592948	-0.23559160342814012	0.2993054842854675	-0.3293695574647358	0.2231895362993887	-0.24289175817016806	0.1978393809553121	-0.2424009285090814	0.21482633502554271	-0.2849159741662931	0.14984112319731782	-0.21740805982448042	0.2039492858265435	-0.1839188756181666	0.1588760306936528	-0.1865188916561388	0.1995633020488315	-0.28278782858036117	0.20748101971279795	-0.2054754424902564
-0.07452933807677416	0.06903867824342073	-0.35684707729611326	0.9999999999999996	-0.6672361465983186	0.07697721549514863	-0.08327271199051155	0.2046428918996067	-0.5092138435856044	0.2771281156301345	-0.09329746560920671	0.10971855055124487	-0.200811579448078	0.26099026454339136	-0.20743479991836802	0.10619721100665372	-0.10352536814187036	0.1263632639459219	-0.13621375240612266	0.17296895287125297	-0.07032232148256569	0.10543575487119726	-0.11055107331069385	0.10419437593497531	-0.09968387221740692	0.08355239915913311	-0.10164344623125296	0.13083159246602266	-0.1256429937250137	0.1121865234197974
0.05977417395949615	-0.055793592121055835	0.23758608643161017	-0.6672361465983186	1.0	-0.07124928857182744	0.07556757790617781	-0.17186035430181715	0.2755599216037126	-0.5503754216290317	0.08804783984962847	-0.10482574028164357	0.17018841176279617	-0.28216820152059624	0.238580870906879	-0.10487264686710385	0.10143147602121022	-0.12785258695377494	0.1391503710858216	-0.20909889695495057	0.0692296407329148	-0.10519613312082239	0.11026338919021354	-0.10765740228544059	0.1096470968312207	-0.08295409676676468	0.09972925569424666	-0.13298952223527566	0.12623067917651684	-0.12685676094402112
-0.1197847398931002	0.10189847832585647	-0.16742084620580083	0.07697721549514863	-0.07124928857182744	1.0	-0.7558906748407862	0.14660777596605287	-0.09894682520815067	0.08060226883896092	-0.5060848578413052	0.29700539205046134	-0.15670985133487533	0.10117789855562512	-0.07178040393455021	0.1792528681365536	-0.14852510965081864	0.1141575714978494	-0.09543923266166636	0.08859293444942166	-0.11113215895844586	0.12970361591196014	-0.10601767822886778	0.08039503889734839	-0.055453647186507214	0.10872582044749239	-0.13005129242255548	0.11867665216679937	-0.09602481446647457	0.06673789066620216
0.10137767478438027	-0.10100556510923868	0.16685138545567005	-0.08327271199051155	0.07556757790617781	-0.7558906748407862	0.9999999999999998	-0.1951711590719827	0.10720121581535128	-0.08777797442020883	0.30154391403309394	-0.4847569077572966	0.16988403642333896	-0.11189383633938292	0.07744482448378526	-0.1818604014042726	0.1638573237362335	-0.12827840101945304	0.10215556493330068	-0.09664973897718092	0.10812876570247197	-0.14794142446374908	0.11355888522424434	-0.08681489811505945	0.059577784167044325	-0.11332680114753521	0.12747630621837003	-0.12821135563650293	0.10058937849245203	-0.07236278708275404
-0.09826552495459631	0.09151742574124659	-0.4551114612263959	0.2046428918996067	-0.17186035430181715	0.14660777596605287	-0.1951711590719827	0.9999999999999999	-0.3765906274142915	0.1833055323016539	-0.15370280094809374	0.1870245666130363	-0.7042737923378068	0.25641592745335834	-0.15643422088992245	0.14770544565632313	-0.14686410750296933	0.1764850008321413	-0.1552183995563957	0.16947245890213905	-0.09602595537559394	0.1430292907498985	-0.14302014526316884	0.12239263227059713	-0.09881257265703386	0.11140125814258424	-0.13137250753520147	0.16493940966152199	-0.14102430832024396	0.11880832116535367
0.0727145222362598	-0.0677632387755811	0.28284152838012666	-0.5092138435856044	0.2755599216037126	-0.09894682520815067	0.10720121581535128	-0.3765906274142915	0.9999999999999983	-0.32053864713990393	0.11515841590164701	-0.14014984017937016	0.263360742052162	-0.5761670405062168	0.24154676924719434	-0.1317406723646564	0.12824595542467873	-0.1632805373822031	0.17230196728450178	-0.2211555777676391	0.08651124788523601	-0.1319507059045787	0.13648165529107303	-0.13176838463224225	0.12049256335301306	-0.1029863887284322	0.12280211383709198	-0.16270245565006514	0.15022539470381613	-0.14048922777692985
-0.0748807854335035	0.06658384918915151	-0.29799290339029416	0.2771281156301345	-0.5503754216290317	0.08060226883896092	-0.08777797442020883	0.1833055323016539	-0.32053864713990393	0.9999999999999999	-0.10362715378199563	0.11810383885985196	-0.21292579782101398	0.2829330243829325	-0.5683888781591915	0.11581978212872643	-0.12203962159945562	0.1489384204489273	-0.18313739044244956	0.25582121442796435	-0.07948478176108216	0.121032584520755	-0.13503962907701514	0.1318154745006921	-0.14902872284073967	0.09295276548344185	-0.12008026051233744	0.14939472571848805	-0.16610334008642277	0.14698971166296398
0.08852392013664927	-0.0832030724054663	0.18707292971592948	-0.09329746560920671	0.08804783984962847	-0.5060848578413052	0.30154391403309394	-0.15370280094809374	0.11515841590164701	-0.10362715378199563	0.9999999999999971	-0.5766219872653423	0.1743151708758263	-0.12909359293299266	0.09342017177181657	-0.42317290244854194	0.22055517721854254	-0.16852324826150664	0.13301897699974724	-0.12070394490669964	0.19188447358806168	-0.21336137939975156	0.15584698230087435	-0.11582847304586803	0.07597021409305045	-0.19405949249844837	0.19437292920225863	-0.18107349761140315	0.13496358003009268	-0.09234082676059335
-0.09530743165934985	0.08572172134064268	-0.23559160342814012	0.10971855055124487	-0.10482574028164357	0.29700539205046134	-0.4847569077572966	0.1870245666130363	-0.14014984017937016	0.11810383885985196	-0.5766219872653423	1.0000000000000004	-0.24991048949467143	0.1491716070855875	-0.10874148584121708	0.24622481221936363	-0.37679544284663524	0.19949369624639968	-0.16123200644810415	0.13569356054702517	-0.1687442116611717	0.2294867236439737	-0.18417005454390473	0.1326947791906902	-0.08679402635714874	0.16248606228912313	-0.20993509873957406	0.1862278348774503	-0.15843969594228657	0.10296287693100759
0.08542149990230553	-0.0813107437653948	0.2993054842854675	-0.200811579448078	0.17018841176279617	-0.15670985133487533	0.16988403642333896	-0.7042737923378068	0.263360742052162	-0.21292579782101398	0.1743151708758263	-0.24991048949467143	0.9999999999999986	-0.34521822856020495	0.1848711043471979	-0.19076601574764213	0.18672670368047345	-0.27041806803551094	0.19664203964749458	-0.22003719746485687	0.1219836852870424	-0.1894940862936568	0.18419170469180765	-0.15946787308999916	0.12452378815571331	-0.14462802610887804	0.1638998887905194	-0.21990279256845005	0.175037700290836	-0.15447741812193747
-0.08477324804634719	0.07571419344262406	-0.3293695574647358	0.26099026454339136	-0.28216820152059624	0.10117789855562512	-0.11189383633938292	0.25641592745335834	-0.5761670405062168	0.2829330243829325	-0.12909359293299266	0.1491716070855875	-0.34521822856020495	1.000000000000002	-0.4534653835678189	0.14109291816191258	-0.15317824549806067	0.19268971422163444	-0.2615925677943631	0.2613303997817508	-0.09693541878470976	0.14976026732802492	-0.16871505322733124	0.16625254181282068	-0.1544120362005361	0.11260599668828095	-0.14486066881443582	0.1808710024257354	-0.19956180497428863	0.16039912834834627
0.05873290577256158	-0.05258163081068665	0.2231895362993887	-0.20743479991836802	0.238580870906879	-0.07178040393455021	0.07744482448378526	-0.15643422088992245	0.24154676924719434	-0.5683888781591915	0.09342017177181657	-0.10874148584121708	0.1848711043471979	-0.4534653835678189	0.9999999999999994	-0.10863884067102794	0.11675482741421837	-0.15629466763918093	0.20027063958249247	-0.5301886555665036	0.07452842023402526	-0.1179428680667963	0.1329232589326713	-0.14245632377128953	0.1808600042009366	-0.08759878465789245	0.11149635459907592	-0.1477897020924018	0.16417712874512425	-0.18906017095051808
-0.08129218987604549	0.07137038615371914	-0.24289175817016806	0.10619721100665372	-0.10487264686710385	0.1792528681365536	-0.1818604014042726	0.14770544565632313	-0.1317406723646564	0.11581978212872643	-0.42317290244854194	0.24622481221936363	-0.19076601574764213	0.14109291816191258	-0.10863884067102794	0.9999999999999926	-0.28142967016733117	0.18866300760204158	-0.16615213563523706	0.13656630188436691	-0.5890161793320007	0.24805111564182153	-0.20454268028280254	0.14217778747784846	-0.09107101934401261	0.29826963074729496	-0.37250212964703894	0.22268420390613247	-0.18102173631578625	0.10689550755091862
0.06545791344743082	-0.058945623355487156	0.1978393809553121	-0.10352536814187036	0.10143147602121022	-0.14852510965081864	0.1638573237362335	-0.14686410750296933	0.12824595542467873	-0.12203962159945562	0.22055517721854254	-0.37679544284663524	0.18672670368047345	-0.15317824549806067	0.11675482741421837	-0.28142967016733117	0.9999999999999984	-0.4549643343757807	0.2209557471290353	-0.16233077556783226	0.1950698450509941	-0.6339351532300135	0.2825520832990493	-0.18991479170337797	0.102003288240448	-0.1942919658490477	0.22089866122362117	-0.2448083500109175	0.19152131740409892	-0.12232114074574493
-0.07073375242634372	0.06269909628917479	-0.2424009285090814	0.1263632639459219	-0.12785258695377494	0.1141575714978494	-0.12827840101945304	0.1764850008321413	-0.1632805373822031	0.1489384204489273	-0.16852324826150664	0.19949369624639968	-0.27041806803551094	0.19268971422163444	-0.15629466763918093	0.18866300760204158	-0.4549643343757807	0.9999999999999958	-0.5218448193212504	0.21285470231034917	-0.14310806141475776	0.2883802924846417	-0.48520561669334117	0.2704383104423794	-0.13685099733735287	0.1524740562375228	-0.20657776399860062	0.2611487392905806	-0.27128238887472744	0.15283030039330844
0.06163719519177706	-0.054996573835475134	0.21482633502554271	-0.13621375240612266	0.1391503710858216	-0.09543923266166636	0.10215556493330068	-0.1552183995563957	0.17230196728450178	-0.18313739044244956	0.13301897699974724	-0.16123200644810415	0.19664203964749458	-0.2615925677943631	0.20027063958249247	-0.16615213563523706	0.2209557471290353	-0.5218448193212504	0.999999999999996	-0.3858545540478235	0.11817309446014555	-0.22639584612516134	0.28054949976216237	-0.5286605128363238	0.17960447589264047	-0.13610523329995355	0.17263463866310821	-0.2620388456093634	0.2911370509061348	-0.2081757265442139
-0.07573758012174817	0.06642705355010448	-0.2849159741662931	0.17296895287125297	-0.20909889695495057	0.08859293444942166	-0.09664973897718092	0.16947245890213905	-0.2211555777676391	0.25582121442796435	-0.12070394490669964	0.13569356054702517	-0.22003719746485687	0.2613303997817508	-0.5301886555665036	0.13656630188436691	-0.16233077556783226	0.21285470231034917	-0.3858545540478235	0.9999999999999972	-0.09749484036417373	0.15669171137970306	-0.1927765651212699	0.2129394601473306	-0.431832838729148	0.11227358292829838	-0.1524105785962844	0.1933277095362777	-0.26448931627586175	0.2707169919122834
0.04972554148446238	-0.04422949915164538	0.14984112319731782	-0.07032232148256569	0.0692296407329148	-0.11113215895844586	0.10812876570247197	-0.09602595537559394	0.08651124788523601	-0.07948478176108216	0.19188447358806168	-0.1687442116611717	0.1219836852870424	-0.09693541878470976	0.07452842023402526	-0.5890161793320007	0.1950698450509941	-0.14310806141475776	0.11817309446014555	-0.09749484036417373	0.9999999999999974	-0.28336139892713796	0.16213261821871638	-0.1070050629912657	0.06449715557618238	-0.6506770646722413	0.28293905586789964	-0.1887832536854417	0.1286754909026646	-0.07699994962589847
-0.06839715246923646	0.060509261767798424	-0.21740805982448042	0.10543575487119726	-0.10519613312082239	0.12970361591196014	-0.14794142446374908	0.1430292907498985	-0.1319507059045787	0.121032584520755	-0.21336137939975156	0.2294867236439737	-0.1894940862936568	0.14976026732802492	-0.1179428680667963	0.24805111564182153	-0.6339351532300135	0.2883802924846417	-0.22639584612516134	0.15669171137970306	-0.28336139892713796	0.9999999999999957	-0.468024664122635	0.20216458449443708	-0.10574853671854513	0.2175096164787538	-0.3042404534637777	0.2624130409361759	-0.2236706829069156	0.12290068482812398
0.06137617967339549	-0.05464309759260353	0.2039492858265435	-0.11055107331069385	0.11026338919021354	-0.10601767822886778	0.11355888522424434	-0.14302014526316884	0.13648165529107303	-0.13503962907701514	0.15584698230087435	-0.18417005454390473	0.18419170469180765	-0.16871505322733124	0.1329232589326713	-0.20454268028280254	0.2825520832990493	-0.48520561669334117	0.28054949976216237	-0.1927765651212699	0.16213261821871638	-0.468024664122635	0.9999999999999953	-0.4056453188147459	0.12830718406314648	-0.1813542252447159	0.23676847341165483	-0.4756405439150971	0.28078602927897667	-0.15434088372633395
-0.05296060683909576	0.046902573772180677	-0.1839188756181666	0.10419437593497531	-0.10765740228544059	0.08039503889734839	-0.08681489811505945	0.12239263227059713	-0.13176838463224225	0.1318154745006921	-0.11582847304586803	0.1326947791906902	-0.15946787308999916	0.16625254181282068	-0.14245632377128953	0.14217778747784846	-0.18991479170337797	0.2704383104423794	-0.5286605128363238	0.2129394601473306	-0.1070050629912657	0.20216458449443708	-0.4056453188147459	0.9999999999999953	-0.17300442206708458	0.12191080673889527	-0.16858591209336277	0.2624414851874821	-0.6296848606404076	0.1866538676760579
0.04343180129917269	-0.0383109148402768	0.1588760306936528	-0.09968387221740692	0.1096470968312207	-0.055453647186507214	0.059577784167044325	-0.09881257265703386	0.12049256335301306	-0.14902872284073967	0.07597021409305045	-0.08679402635714874	0.12452378815571331	-0.1544120362005361	0.1808600042009366	-0.09107101934401261	0.102003288240448	-0.13685099733735287	0.17960447589264047	-0.431832838729148	0.06449715557618238	-0.10574853671854513	0.12830718406314648	-0.17300442206708458	0.9999999999999938	-0.07593413389205453	0.1006194428908315	-0.1450004929687794	0.2066361636204972	-0.8131087597209181
-0.05880616189594094	0.051602232643308786	-0.1865188916561388	0.08355239915913311	-0.08295409676676468	0.10872582044749239	-0.11332680114753521	0.11140125814258424	-0.1029863887284322	0.09295276548344185	-0.19405949249844837	0.16248606228912313	-0.14462802610887804	0.11260599668828095	-0.08759878465789245	0.29826963074729496	-0.1942919658490477	0.1524740562375228	-0.13610523329995355	0.11227358292829838	-0.6506770646722413	0.2175096164787538	-0.1813542252447159	0.12191080673889527	-0.07593413389205453	0.9999999999999951	-0.5732354137708808	0.22492593561029894	-0.15783557864160197	0.089622095236103
0.06404756305730602	-0.05730741808950703	0.1995633020488315	-0.10164344623125296	0.09972925569424666	-0.13005129242255548	0.12747630621837003	-0.13137250753520147	0.12280211383709198	-0.12008026051233744	0.19437292920225863	-0.20993509873957406	0.1638998887905194	-0.14486066881443582	0.11149635459907592	-0.37250212964703894	0.22089866122362117	-0.20657776399860062	0.17263463866310821	-0.1524105785962844	0.28293905586789964	-0.3042404534637777	0.23676847341165483	-0.16858591209336277	0.1006194428908315	-0.5732354137708808	0.9999999999999951	-0.5060551221919234	0.20575980602483662	-0.12414972542291519
-0.08193347576367582	0.07155979738327654	-0.28278782858036117	0.13083159246602266	-0.13298952223527566	0.11867665216679937	-0.12821135563650293	0.16493940966152199	-0.16270245565006514	0.14939472571848805	-0.18107349761140315	0.1862278348774503	-0.21990279256845005	0.1808710024257354	-0.1477897020924018	0.22268420390613247	-0.2448083500109175	0.2611487392905806	-0.2620388456093634	0.1933277095362777	-0.1887832536854417	0.2624130409361759	-0.4756405439150971	0.2624414851874821	-0.1450004929687794	0.22492593561029894	-0.5060551221919234	0.9999999999999954	-0.43709730423971177	0.16737241359313354
0.060587612254808375	-0.05400375766406613	0.20748101971279795	-0.1256429937250137	0.12623067917651684	-0.09602481446647457	0.10058937849245203	-0.14102430832024396	0.15022539470381613	-0.16610334008642277	0.13496358003009268	-0.15843969594228657	0.175037700290836	-0.19956180497428863	0.16417712874512425	-0.18102173631578625	0.19152131740409892	-0.27128238887472744	0.2911370509061348	-0.26448931627586175	0.1286754909026646	-0.2236706829069156	0.28078602927897667	-0.6296848606404076	0.2066361636204972	-0.15783557864160197	0.20575980602483662	-0.43709730423971177	0.999999999999996	-0.3179257684698404
-0.055649466935097744	0.04865774193437919	-0.2054754424902564	0.1121865234197974	-0.12685676094402112	0.06673789066620216	-0.07236278708275404	0.11880832116535367	-0.14048922777692985	0.14698971166296398	-0.09234082676059335	0.10296287693100759	-0.15447741812193747	0.16039912834834627	-0.18906017095051808	0.10689550755091862	-0.12232114074574493	0.15283030039330844	-0.2081757265442139	0.2707169919122834	-0.07699994962589847	0.12290068482812398	-0.15434088372633395	0.1866538676760579	-0.8131087597209181	0.089622095236103	-0.12414972542291519	0.16737241359313354	-0.3179257684698404	0.999999999999996
