1.0	-0.3135369218837668	0.14367223358701947	-0.19171428233742277	0.1089201123169916	-0.8205444215635435	0.25115398070188366	-0.11096415501636371	0.09612673511469527	-0.08884158434288907	0.25652352752620966	-0.28368117900968776	0.1061384893722498	-0.1212766866949917	0.05592052343914763	-0.1264064624372296	0.09095374987098731	-0.06431597048201777	0.06951133417076973	-0.045845712917699594	0.0893468167790739	-0.06392003252487867	0.061945561672753516	-0.05210456788239572	0.05491373271235627	-0.050548227685491144	0.05411607118919878	-0.05391366287887449	0.06902036718349501	-0.04528984143472506	0.03860594810081413	-0.045361512188839076	0.05270393722946489	-0.04358493811643866	0.0488957970086255
-0.3135369218837668	0.9999999999999996	-0.4941238379770914	0.2937489471890412	-0.17622014835052416	0.21485248465579093	-0.6286955456738632	0.1764040135275847	-0.16028858342993113	0.13086982749448048	-0.24721508046719717	0.23519182643768524	-0.16952331121353892	0.1572226882245004	-0.07617198772169496	0.11894541884104538	-0.10378574527176684	0.07554974758205817	-0.09037934208429259	0.06097930654165422	-0.10490947298643333	0.07298366509266338	-0.07475731692286862	0.06648386378128761	-0.07193507230917204	0.059266025566455244	-0.06551579244351202	0.06574552443710978	-0.08914120978494708	0.05818275517626335	-0.04634275863041153	0.05425449935357127	-0.06580838207175052	0.05475938593874741	-0.06270850198335703
0.14367223358701947	-0.4941238379770914	0.9999999999999998	-0.7748020416513535	0.14892858646115822	-0.11080490547333885	0.24212562393443504	-0.1901544329361976	0.1641443040527869	-0.12987111926635664	0.12921810520506488	-0.13312456516335278	0.14480441341722816	-0.14198558977546324	0.0612362797942256	-0.07360245235999598	0.06440737464557293	-0.052524384594210057	0.06844758625807636	-0.049091146203904534	0.06617678926529408	-0.047563694999253996	0.051032565805904546	-0.05009137443663511	0.05446621796550581	-0.040759591281301424	0.04506021661701285	-0.04682833130586256	0.06588477084929016	-0.04396297046520886	0.0317111491384159	-0.0379034029358794	0.04697158525755931	-0.040221422052060446	0.04614596373729971
-0.19171428233742277	0.2937489471890412	-0.7748020416513535	0.9999999999999993	-0.2217891166554778	0.13716291402030262	-0.3142747465007863	0.19945295625534087	-0.2469381246744656	0.16714028773651762	-0.17658129445004575	0.16141311347534817	-0.1874237500638116	0.17346261489873024	-0.08233325125221015	0.09785968902840836	-0.08803987291602947	0.07034087436763119	-0.09171603445763936	0.06516953146438652	-0.09079813785375714	0.06447138712642778	-0.06914300980601838	0.06687478029018908	-0.07347810436794923	0.05484993656947841	-0.06107534953175263	0.06299971078670698	-0.08906693277589679	0.05893870494273342	-0.04294807118065638	0.051038124468017525	-0.06357512388814825	0.05406488449983366	-0.062394481167312305
0.1089201123169916	-0.17622014835052416	0.14892858646115822	-0.2217891166554778	0.9999999999999993	-0.09009399818482491	0.16423026073502617	-0.2846900298041352	0.29318601463026683	-0.6399858629616079	0.12055888559655766	-0.12969171962144915	0.24546134863564972	-0.3900588463825693	0.17108838578067434	-0.111490837522005	0.10208435885990326	-0.10738203348836654	0.16440959270638755	-0.14405798992062044	0.11012969347933373	-0.08550112422450022	0.10130474124597753	-0.12220451911364423	0.13628776707374016	-0.0849019821606847	0.093461721409188	-0.10474465201728907	0.1559400426531616	-0.11173908471874147	0.06525215903926779	-0.08175696891964061	0.10561616692003908	-0.09637365401989594	0.11020167654397373
-0.8205444215635435	0.21485248465579093	-0.11080490547333885	0.13716291402030262	-0.09009399818482491	1.0000000000000007	-0.29623445175721624	0.09256863302999342	-0.07915664502446607	0.07145181015460232	-0.38558070445195486	0.24818447296591165	-0.09057398014625156	0.09663426300562444	-0.04667472274530294	0.11849494027958735	-0.08886563723977271	0.05724448990811468	-0.05923615979656888	0.038243040672659774	-0.08596311816356832	0.05930397506490891	-0.056181575297704844	0.04442748663795637	-0.04653833937085053	0.044766007560699414	-0.048380945626570075	0.047037720735574155	-0.059087107150338096	0.03841878762414551	-0.03448595157585083	0.039903035854437156	-0.04594642561992538	0.03736691665200276	-0.04187655745297168
0.25115398070188366	-0.6286955456738632	0.24212562393443504	-0.3142747465007863	0.16423026073502617	-0.29623445175721624	0.9999999999999998	-0.23159054331372686	0.16270084524793668	-0.14079829247488085	0.26635822715417923	-0.4567582490825993	0.17592068749079803	-0.17953983842213347	0.07779143063007318	-0.13252370502920074	0.1067982619392336	-0.07901676796168604	0.09254388529427691	-0.06320393211723449	0.10597090740314641	-0.07569174447866524	0.0764765647627691	-0.06857522357175136	0.07305303366752375	-0.061455859399768345	0.06685785538145257	-0.06769291733651812	0.09031840304606686	-0.05968545263878311	0.047395101867515665	-0.05599448066104763	0.06690363352592578	-0.05614036624021312	0.06359219186898456
-0.11096415501636371	0.1764040135275847	-0.1901544329361976	0.19945295625534087	-0.2846900298041352	0.09256863302999342	-0.23159054331372686	1.0000000000000007	-0.5590994327676216	0.25747831778801744	-0.1198428791398494	0.1317255891643378	-0.6315835821720426	0.2885642034223333	-0.11030733590255913	0.08512058369755184	-0.07847728497124414	0.07877348734304608	-0.11547573393570972	0.08570751662515788	-0.0822765969442632	0.06247113362089103	-0.07441190488407004	0.0821771322744748	-0.089837987559303	0.056998475980906994	-0.06399885206157778	0.06989547857977003	-0.10539154400282628	0.07132522265052334	-0.04433505041958959	0.05457423728827303	-0.07052675260134457	0.06263333959567255	-0.07256078873787133
0.09612673511469527	-0.16028858342993113	0.1641443040527869	-0.2469381246744656	0.29318601463026683	-0.07915664502446607	0.16270084524793668	-0.5590994327676216	1.0000000000000002	-0.5880756950136079	0.10282410547605338	-0.1112964488110724	0.28532031285404735	-0.353735439958233	0.12615931090111332	-0.08103133825134186	0.07446741988266495	-0.07661975830383747	0.11857623817927783	-0.10100982748990471	0.07894144672550704	-0.06063114941314238	0.07202957329902958	-0.08573255911904484	0.093829003722555	-0.05734168977454645	0.06387645472315193	-0.07100427830614366	0.1069535595836088	-0.07553435587634603	0.04432967193357502	-0.05515541042301371	0.0712880127539322	-0.06472626771863535	0.0742812613185282
-0.08884158434288907	0.13086982749448048	-0.12987111926635664	0.16714028773651762	-0.6399858629616079	0.07145181015460232	-0.14079829247488085	0.25747831778801744	-0.5880756950136079	1.0	-0.09685432066671575	0.1000706624101471	-0.26021462116497596	0.2578122732136131	-0.19068013237400763	0.08243800988244998	-0.07736695453296323	0.08116061755682856	-0.13072647070084847	0.13116735711565325	-0.08302004113666588	0.06415756460739276	-0.0773691076421723	0.09475024327136253	-0.11271361376724623	0.062228717030249646	-0.06983099253495735	0.07842043724517597	-0.12105164715725426	0.08853526969584019	-0.04829420697471659	0.060461873600836255	-0.07975145519315915	0.07345005831919528	-0.08544512907369722
0.25652352752620966	-0.24721508046719717	0.12921810520506488	-0.17658129445004575	0.12055888559655766	-0.38558070445195486	0.26635822715417923	-0.1198428791398494	0.10282410547605338	-0.09685432066671575	1.0000000000000007	-0.7250055564707575	0.1224794129771637	-0.13927016325545669	0.06892327805249589	-0.30218975140549986	0.16778332780840094	-0.09995738258535065	0.09175732583953568	-0.057297517611821	0.15632097550074495	-0.10935468846158657	0.09667153423331931	-0.06980204158593102	0.07127681250476917	-0.07714841692712691	0.08189429647457078	-0.07787973796535111	0.09208121381701449	-0.05968924166192349	0.05860454525657713	-0.06739993217742414	0.07449992285607882	-0.05950971760504781	0.06559853933913173
-0.28368117900968776	0.23519182643768524	-0.13312456516335278	0.16141311347534817	-0.12969171962144915	0.24818447296591165	-0.4567582490825993	0.1317255891643378	-0.1112964488110724	0.1000706624101471	-0.7250055564707575	1.0000000000000004	-0.14545578672483564	0.1393697952988986	-0.07154089444785044	0.19814578072160197	-0.17093494526813457	0.09768176513644793	-0.09469755441448299	0.0587847551920599	-0.1593230139279349	0.10639099516406898	-0.09824185773461437	0.07117948706048798	-0.07366949552211999	0.07590384330276133	-0.08314761305437213	0.07817182158468708	-0.09523374049471756	0.061041434053719534	-0.059266871167676066	0.06709800667157678	-0.07628607960554858	0.060500246458049856	-0.06760300028566438
0.1061384893722498	-0.16952331121353892	0.14480441341722816	-0.1874237500638116	0.24546134863564972	-0.09057398014625156	0.17592068749079803	-0.6315835821720426	0.28532031285404735	-0.26021462116497596	0.1224794129771637	-0.14545578672483564	0.9999999999999999	-0.5776830552081452	0.12854924622371003	-0.10025587057888838	0.09238666377454487	-0.10414999297546942	0.14876658121208336	-0.10500219340358222	0.09697690564723602	-0.0758583674710367	0.09301995175802044	-0.10686283367384512	0.10914871568484727	-0.07033085349943445	0.0782010583815025	-0.0870396405808942	0.12957466710661317	-0.08845681033576282	0.05415035255435291	-0.06745544625929724	0.08630380146392871	-0.07769857239724837	0.08845397244781189
-0.1212766866949917	0.1572226882245004	-0.14198558977546324	0.17346261489873024	-0.3900588463825693	0.09663426300562444	-0.17953983842213347	0.2885642034223333	-0.353735439958233	0.2578122732136131	-0.13927016325545669	0.1393697952988986	-0.5776830552081452	0.9999999999999998	-0.22420620781708486	0.1303216601722869	-0.12861655843324477	0.14423338532794847	-0.2943728245021382	0.16535745569589935	-0.13836828436106396	0.10842851853206331	-0.13871545048003125	0.17907876237239465	-0.18753679811872528	0.10325578694943811	-0.1196382504656919	0.13485373200792827	-0.226914659442427	0.14365595860679817	-0.08121820095478843	0.10159169650275451	-0.1379413558204027	0.12413227860184797	-0.1468157024401308
0.05592052343914763	-0.07617198772169496	0.0612362797942256	-0.08233325125221015	0.17108838578067434	-0.04667472274530294	0.07779143063007318	-0.11030733590255913	0.12615931090111332	-0.19068013237400763	0.06892327805249589	-0.07154089444785044	0.12854924622371003	-0.22420620781708486	0.9999999999999993	-0.09189703153367665	0.08727305074649283	-0.11472448145831628	0.20382157365319917	-0.8273703665815386	0.09530313307340882	-0.08043447828766977	0.10120379075785368	-0.1734537545334001	0.24159751936253746	-0.08959101220424287	0.09578951637724636	-0.12060864320153217	0.1750074526187993	-0.21091299774004646	0.06666246139941659	-0.08954040282711512	0.11556649154689208	-0.13076367585423854	0.13950951293681302
-0.1264064624372296	0.11894541884104538	-0.07360245235999598	0.09785968902840836	-0.111490837522005	0.11849494027958735	-0.13252370502920074	0.08512058369755184	-0.08103133825134186	0.08243800988244998	-0.30218975140549986	0.19814578072160197	-0.10025587057888838	0.1303216601722869	-0.09189703153367665	0.9999999999999999	-0.6347746432803237	0.2208258299461117	-0.14911944937963745	0.07944240415905007	-0.5229673996222162	0.29697832532922125	-0.23136547467454	0.11637051011457912	-0.11010933920271075	0.16632389554250013	-0.1815248356539814	0.15227648294448526	-0.15333512773565752	0.09527789089652662	-0.12925302805513425	0.13848090784685335	-0.14134316549465217	0.10299859454071394	-0.11003493994808049
0.09095374987098731	-0.10378574527176684	0.06440737464557293	-0.08803987291602947	0.10208435885990326	-0.08886563723977271	0.1067982619392336	-0.07847728497124414	0.07446741988266495	-0.07736695453296323	0.16778332780840094	-0.17093494526813457	0.09238666377454487	-0.12861655843324477	0.08727305074649283	-0.6347746432803237	0.9999999999999992	-0.35067505709394325	0.15090533542141113	-0.0781611672558412	0.3197427641313065	-0.5234616768165121	0.26052933345576873	-0.12208691110630433	0.1052051844915871	-0.16354851718309188	0.180323047809402	-0.16310534034604104	0.146247293131199	-0.09360140588510278	0.11646245750806364	-0.14470688762958636	0.1347495995347019	-0.10158409215111262	0.10362143506715149
-0.06431597048201777	0.07554974758205817	-0.052524384594210057	0.07034087436763119	-0.10738203348836654	0.05724448990811468	-0.07901676796168604	0.07877348734304608	-0.07661975830383747	0.08116061755682856	-0.09995738258535065	0.09768176513644793	-0.10414999297546942	0.14423338532794847	-0.11472448145831628	0.2208258299461117	-0.35067505709394325	0.9999999999999982	-0.3066110268610701	0.1060217612571163	-0.27636958031661235	0.2738260849372294	-0.7519729062537885	0.19214434541570094	-0.14156968865334452	0.14595292658926132	-0.1830707838094505	0.18957152823692686	-0.2040089719877996	0.12119083526645041	-0.11290757468120757	0.13769490202729348	-0.16190755021170686	0.12275340373063698	-0.12857948252518048
0.06951133417076973	-0.09037934208429259	0.06844758625807636	-0.09171603445763936	0.16440959270638755	-0.05923615979656888	0.09254388529427691	-0.11547573393570972	0.11857623817927783	-0.13072647070084847	0.09175732583953568	-0.09469755441448299	0.14876658121208336	-0.2943728245021382	0.20382157365319917	-0.14911944937963745	0.15090533542141113	-0.3066110268610701	0.9999999999999978	-0.25246145862210917	0.15541488171627837	-0.14334370736911317	0.20990924002930889	-0.665521758803953	0.23967100776663156	-0.13692938635557872	0.14976417680894716	-0.19717369032026066	0.2986207717345952	-0.21234801711482204	0.10083347255472977	-0.13547866791991514	0.16693760482925535	-0.1726307514390416	0.17125504052914053
-0.045845712917699594	0.06097930654165422	-0.049091146203904534	0.06516953146438652	-0.14405798992062044	0.038243040672659774	-0.06320393211723449	0.08570751662515788	-0.10100982748990471	0.13116735711565325	-0.057297517611821	0.0587847551920599	-0.10500219340358222	0.16535745569589935	-0.8273703665815386	0.07944240415905007	-0.0781611672558412	0.1060217612571163	-0.25246145862210917	0.9999999999999972	-0.08499745338475949	0.07234665232782721	-0.0956963854367327	0.1771439586717477	-0.35947610542786623	0.07856746085637833	-0.08696291567074431	0.10992348630423508	-0.17797883941126116	0.19824561469288626	-0.059404417844470314	0.07966622619232566	-0.10808373026431624	0.11986332059083338	-0.14016347999887474
0.0893468167790739	-0.10490947298643333	0.06617678926529408	-0.09079813785375714	0.11012969347933373	-0.08596311816356832	0.10597090740314641	-0.0822765969442632	0.07894144672550704	-0.08302004113666588	0.15632097550074495	-0.1593230139279349	0.09697690564723602	-0.13836828436106396	0.09530313307340882	-0.5229673996222162	0.3197427641313065	-0.27636958031661235	0.15541488171627837	-0.08499745338475949	0.9999999999999992	-0.5924232420646838	0.24862819460688063	-0.1295972589058198	0.11669414559230691	-0.2956850662039937	0.22310139120220593	-0.1923070190470806	0.16273411940936813	-0.10542916588759435	0.17245974117112492	-0.19495445035971373	0.16174162283256693	-0.11908660158671161	0.11946954774792962
-0.06392003252487867	0.07298366509266338	-0.047563694999253996	0.06447138712642778	-0.08550112422450022	0.05930397506490891	-0.07569174447866524	0.06247113362089103	-0.06063114941314238	0.06415756460739276	-0.10935468846158657	0.10639099516406898	-0.0758583674710367	0.10842851853206331	-0.08043447828766977	0.29697832532922125	-0.5234616768165121	0.2738260849372294	-0.14334370736911317	0.07234665232782721	-0.5924232420646838	1.000000000000002	-0.420293224218381	0.11873362635991011	-0.10154309851744617	0.18493956624974514	-0.27725279360273475	0.1828830585159945	-0.14745431436058726	0.09106667973633234	-0.1371049313504952	0.16460745421368503	-0.1474334988299704	0.10306281207353386	-0.10417444662583739
0.061945561672753516	-0.07475731692286862	0.051032565805904546	-0.06914300980601838	0.10130474124597753	-0.056181575297704844	0.0764765647627691	-0.07441190488407004	0.07202957329902958	-0.0773691076421723	0.09667153423331931	-0.09824185773461437	0.09301995175802044	-0.13871545048003125	0.10120379075785368	-0.23136547467454	0.26052933345576873	-0.7519729062537885	0.20990924002930889	-0.0956963854367327	0.24862819460688063	-0.420293224218381	0.9999999999999986	-0.19259397778184612	0.1281969523517498	-0.1549810229822931	0.187266337039163	-0.23440617115215215	0.18331388990001427	-0.11525798065282912	0.11280894602914901	-0.14693147064856696	0.15927528194193563	-0.12175965060652531	0.12068843529094243
-0.05210456788239572	0.06648386378128761	-0.05009137443663511	0.06687478029018908	-0.12220451911364423	0.04442748663795637	-0.06857522357175136	0.0821771322744748	-0.08573255911904484	0.09475024327136253	-0.06980204158593102	0.07117948706048798	-0.10686283367384512	0.17907876237239465	-0.1734537545334001	0.11637051011457912	-0.12208691110630433	0.19214434541570094	-0.665521758803953	0.1771439586717477	-0.1295972589058198	0.11873362635991011	-0.19259397778184612	0.9999999999999973	-0.32812433561352855	0.11579477288065866	-0.1375657532287671	0.1849309833417352	-0.5351107366106206	0.2214981290357428	-0.08778437956634902	0.11881014478239967	-0.16147110458382327	0.1689012193628984	-0.1774124771632225
0.05491373271235627	-0.07193507230917204	0.05446621796550581	-0.07347810436794923	0.13628776707374016	-0.04653833937085053	0.07305303366752375	-0.089837987559303	0.093829003722555	-0.11271361376724623	0.07127681250476917	-0.07366949552211999	0.10914871568484727	-0.18753679811872528	0.24159751936253746	-0.11010933920271075	0.1052051844915871	-0.14156968865334452	0.23967100776663156	-0.35947610542786623	0.11669414559230691	-0.10154309851744617	0.1281969523517498	-0.32812433561352855	0.9999999999999997	-0.12248166207440303	0.13086838743285448	-0.17763838351733202	0.2683858043938925	-0.6764562878957873	0.09059594748168497	-0.12703661964249607	0.1706302241247779	-0.2329868743755959	0.25239573280104494
-0.050548227685491144	0.059266025566455244	-0.040759591281301424	0.05484993656947841	-0.0849019821606847	0.044766007560699414	-0.061455859399768345	0.056998475980906994	-0.05734168977454645	0.062228717030249646	-0.07714841692712691	0.07590384330276133	-0.07033085349943445	0.10325578694943811	-0.08959101220424287	0.16632389554250013	-0.16354851718309188	0.14595292658926132	-0.13692938635557872	0.07856746085637833	-0.2956850662039937	0.18493956624974514	-0.1549810229822931	0.11579477288065866	-0.12248166207440303	0.9999999999999998	-0.4033255808325658	0.22176189769911692	-0.1797696827539051	0.11179885813549133	-0.7183248694683854	0.3151679599446709	-0.24933185103951624	0.14426096025644855	-0.15101881009735899
0.05411607118919878	-0.06551579244351202	0.04506021661701285	-0.06107534953175263	0.093461721409188	-0.048380945626570075	0.06685785538145257	-0.06399885206157778	0.06387645472315193	-0.06983099253495735	0.08189429647457078	-0.08314761305437213	0.0782010583815025	-0.1196382504656919	0.09578951637724636	-0.1815248356539814	0.180323047809402	-0.1830707838094505	0.14976417680894716	-0.08696291567074431	0.22310139120220593	-0.27725279360273475	0.187266337039163	-0.1375657532287671	0.13086838743285448	-0.4033255808325658	0.9999999999999996	-0.5342082960430461	0.2064154210666672	-0.12785659138811103	0.2686557608903423	-0.5437824659647817	0.2807020803523289	-0.17413061001444224	0.15770622175694665
-0.05391366287887449	0.06574552443710978	-0.04682833130586256	0.06299971078670698	-0.10474465201728907	0.047037720735574155	-0.06769291733651812	0.06989547857977003	-0.07100427830614366	0.07842043724517597	-0.07787973796535111	0.07817182158468708	-0.0870396405808942	0.13485373200792827	-0.12060864320153217	0.15227648294448526	-0.16310534034604104	0.18957152823692686	-0.19717369032026066	0.10992348630423508	-0.1923070190470806	0.1828830585159945	-0.23440617115215215	0.1849309833417352	-0.17763838351733202	0.22176189769911692	-0.5342082960430461	0.9999999999999994	-0.3725114603020883	0.1729652870417216	-0.18941425005809745	0.27116138151740277	-0.5587427869508749	0.24062260272901947	-0.23358826573548158
0.06902036718349501	-0.08914120978494708	0.06588477084929016	-0.08906693277589679	0.1559400426531616	-0.059087107150338096	0.09031840304606686	-0.10539154400282628	0.1069535595836088	-0.12105164715725426	0.09208121381701449	-0.09523374049471756	0.12957466710661317	-0.226914659442427	0.1750074526187993	-0.15333512773565752	0.146247293131199	-0.2040089719877996	0.2986207717345952	-0.17797883941126116	0.16273411940936813	-0.14745431436058726	0.18331388990001427	-0.5351107366106206	0.2683858043938925	-0.1797696827539051	0.2064154210666672	-0.3725114603020883	0.9999999999999992	-0.34029517978716456	0.1319251332370684	-0.18966025427277872	0.2488483178176551	-0.3104155952663019	0.248320746917712
-0.04528984143472506	0.05818275517626335	-0.04396297046520886	0.05893870494273342	-0.11173908471874147	0.03841878762414551	-0.05968545263878311	0.07132522265052334	-0.07553435587634603	0.08853526969584019	-0.05968924166192349	0.061041434053719534	-0.08845681033576282	0.14365595860679817	-0.21091299774004646	0.09527789089652662	-0.09360140588510278	0.12119083526645041	-0.21234801711482204	0.19824561469288626	-0.10542916588759435	0.09106667973633234	-0.11525798065282912	0.2214981290357428	-0.6764562878957873	0.11179885813549133	-0.12785659138811103	0.1729652870417216	-0.34029517978716456	0.9999999999999987	-0.08634439733993207	0.12055872040771339	-0.191905788373917	0.248016418339206	-0.4821640350998865
0.03860594810081413	-0.04634275863041153	0.0317111491384159	-0.04294807118065638	0.06525215903926779	-0.03448595157585083	0.047395101867515665	-0.04433505041958959	0.04432967193357502	-0.04829420697471659	0.05860454525657713	-0.059266871167676066	0.05415035255435291	-0.08121820095478843	0.06666246139941659	-0.12925302805513425	0.11646245750806364	-0.11290757468120757	0.10083347255472977	-0.059404417844470314	0.17245974117112492	-0.1371049313504952	0.11280894602914901	-0.08778437956634902	0.09059594748168497	-0.7183248694683854	0.2686557608903423	-0.18941425005809745	0.1319251332370684	-0.08634439733993207	0.9999999999999998	-0.5741827643483767	0.19701160638411044	-0.12065651086881402	0.11200673755094606
-0.045361512188839076	0.05425449935357127	-0.0379034029358794	0.051038124468017525	-0.08175696891964061	0.039903035854437156	-0.05599448066104763	0.05457423728827303	-0.05515541042301371	0.060461873600836255	-0.06739993217742414	0.06709800667157678	-0.06745544625929724	0.10159169650275451	-0.08954040282711512	0.13848090784685335	-0.14470688762958636	0.13769490202729348	-0.13547866791991514	0.07966622619232566	-0.19495445035971373	0.16460745421368503	-0.14693147064856696	0.11881014478239967	-0.12703661964249607	0.3151679599446709	-0.5437824659647817	0.27116138151740277	-0.18966025427277872	0.12055872040771339	-0.5741827643483767	1.0000000000000004	-0.3902841988519688	0.1762454802495907	-0.1707033013974807
0.05270393722946489	-0.06580838207175052	0.04697158525755931	-0.06357512388814825	0.10561616692003908	-0.04594642561992538	0.06690363352592578	-0.07052675260134457	0.0712880127539322	-0.07975145519315915	0.07449992285607882	-0.07628607960554858	0.08630380146392871	-0.1379413558204027	0.11556649154689208	-0.14134316549465217	0.1347495995347019	-0.16190755021170686	0.16693760482925535	-0.10808373026431624	0.16174162283256693	-0.1474334988299704	0.15927528194193563	-0.16147110458382327	0.1706302241247779	-0.24933185103951624	0.2807020803523289	-0.5587427869508749	0.2488483178176551	-0.191905788373917	0.19701160638411044	-0.3902841988519688	1.000000000000001	-0.5003844682381713	0.2585321611954087
-0.04358493811643866	0.05475938593874741	-0.040221422052060446	0.05406488449983366	-0.09637365401989594	0.03736691665200276	-0.05614036624021312	0.06263333959567255	-0.06472626771863535	0.07345005831919528	-0.05950971760504781	0.060500246458049856	-0.07769857239724837	0.12413227860184797	-0.13076367585423854	0.10299859454071394	-0.10158409215111262	0.12275340373063698	-0.1726307514390416	0.11986332059083338	-0.11908660158671161	0.10306281207353386	-0.12175965060652531	0.1689012193628984	-0.2329868743755959	0.14426096025644855	-0.17413061001444224	0.24062260272901947	-0.3104155952663019	0.248016418339206	-0.12065651086881402	0.1762454802495907	-0.5003844682381713	1.0000000000000009	-0.6782179163485562
0.0488957970086255	-0.06270850198335703	0.04614596373729971	-0.062394481167312305	0.11020167654397373	-0.04187655745297168	0.06359219186898456	-0.07256078873787133	0.0742812613185282	-0.08544512907369722	0.06559853933913173	-0.06760300028566438	0.08845397244781189	-0.1468157024401308	0.13950951293681302	-0.11003493994808049	0.10362143506715149	-0.12857948252518048	0.17125504052914053	-0.14016347999887474	0.11946954774792962	-0.10417444662583739	0.12068843529094243	-0.1774124771632225	0.25239573280104494	-0.15101881009735899	0.15770622175694665	-0.23358826573548158	0.248320746917712	-0.4821640350998865	0.11200673755094606	-0.1707033013974807	0.2585321611954087	-0.6782179163485562	1.000000000000001
