1.0	-0.08347041137426339	0.07137045099037004	-0.001817292744160286	0.0018061379928632486	-0.8750520449967912	0.07990042504278558	-0.07227796449253612	0.016792534531889274	-0.01826381242790613	0.2682149951442731	-0.07971010782208052	0.06265674042311434	-0.06855175170025045	0.048635345228112706	-0.3411184252595523	0.06809215274282228	-0.057732832459468704	0.050841136873552566	-0.039896244455579065	0.094079651719371	-0.0592429057762811	0.05685782308454971	-0.04901277335903061	0.0596306436104235	-0.05397970186114597	0.059941120661479316	-0.05877979318687203	0.04194394428851561	-0.022629354305685564	0.047856391570318936	-0.04725179685875096	0.06899630164960462	-0.04416563510323593	0.026420021099054062
-0.08347041137426339	1.0	-0.7377773790814751	0.007550092223613051	-0.007567274638419035	0.07119394932177889	-0.5656876898953036	0.3185283812419306	-0.029170082711596254	0.03053211010237793	-0.07400793648661831	0.14372066822900648	-0.13712963760027452	0.10406713352457997	-0.07043834571193995	0.07398302482527347	-0.08207615509672034	0.07291106230816896	-0.07066147093242728	0.054633875110250446	-0.07349950080754669	0.06048137775632877	-0.06354120624821735	0.06229685942816057	-0.07919798594525308	0.04439140108461753	-0.057455180864044934	0.05911426827106811	-0.04703887338640529	0.027969628777044907	-0.04226615223472943	0.042672078482823686	-0.06783346777595421	0.04785453890889278	-0.032862436530868344
0.07137045099037004	-0.7377773790814751	1.0	-0.009567474465907848	0.009445609309065739	-0.06338768002592024	0.3238707892440253	-0.5384717973439131	0.036699048645681846	-0.03912915143067156	0.07457292518463428	-0.18440011505563517	0.16240103179863152	-0.1318953141292418	0.0795133384245301	-0.08016606652581129	0.0936246666185641	-0.08702009651069868	0.08179008951929936	-0.06343458024477282	0.08146633212978353	-0.0701346246741971	0.07267387629213738	-0.07288681071813577	0.08821329205124509	-0.05021088302740668	0.06479982483393042	-0.06832437876844738	0.053772771003509245	-0.03150034869940546	0.04737278009534798	-0.048462388708823384	0.07609453685159992	-0.05548185214713462	0.036681667993830616
-0.001817292744160286	0.007550092223613051	-0.009567474465907848	1.0000000000000002	-0.9989415540569023	0.0014802416991464749	-0.004701962332276312	0.006109536254793707	-0.03098862787695755	0.030682703137624313	-0.002493739841733736	0.0055000065587901045	-0.005393858992436405	0.008616605612044016	-0.005532053210757545	0.0026670701711644052	-0.004171501545891922	0.0038694775312024545	-0.00503857202963134	0.004011415684736717	-0.003769038303078862	0.003150601710075358	-0.00341523908867741	0.004184193062983285	-0.005497895982007281	0.0023088279944149547	-0.0030652831178664425	0.0032385498400359387	-0.0028876475269982273	0.0018528716096830782	-0.0022369665403115255	0.0022737268020801464	-0.003735684497081787	0.002894995177394124	-0.002179417815901281
0.0018061379928632486	-0.007567274638419035	0.009445609309065739	-0.9989415540569023	1.0000000000000002	-0.00147228251615207	0.004685872822894356	-0.00610059712681849	0.03008846530058325	-0.031652450232312564	0.002475128301859765	-0.005470941341312623	0.00534827647377263	-0.008551600650369449	0.005464228317825621	-0.002649055614190502	0.004131179168058235	-0.003835408825745329	0.004982294855030817	-0.003969561670849663	0.0037331618143633637	-0.0031223834240468105	0.0033823061108930706	-0.004144476257285151	0.005432638446329029	-0.0022874133938343057	0.003036098028896112	-0.003209857419900492	0.0028593958531480403	-0.001832632889823936	0.0022157391350880245	-0.002252815986424711	0.0036995193035153353	-0.0028690507351052195	0.002154769456598817
-0.8750520449967912	0.07119394932177889	-0.06338768002592024	0.0014802416991464749	-0.00147228251615207	1.0000000000000002	-0.0810863572401079	0.0652370105272162	-0.013209545503483015	0.014270517000039853	-0.3872915224971196	0.0658638219295314	-0.052730208198107725	0.05348348557882181	-0.038168719506320545	0.245425882419802	-0.05339743271699615	0.04492818355670863	-0.03976371081448809	0.031027578720682267	-0.07192065489281718	0.04542038805674942	-0.043970058172710436	0.037787610475972504	-0.046352452748391886	0.040768743883784174	-0.04583557259811309	0.044718907434627385	-0.03211185568898006	0.01743255895167075	-0.036432086934526105	0.035824958586476455	-0.05265903623888718	0.03359567382963925	-0.020384097978647892
0.07990042504278558	-0.5656876898953036	0.3238707892440253	-0.004701962332276312	0.004685872822894356	-0.0810863572401079	1.0	-0.7164204734235602	0.03203206473375541	-0.03351736112100072	0.07051118195482876	-0.2021680652262351	0.1717970909431096	-0.11675922811527789	0.07001184741723451	-0.07039681165816827	0.08677371532955529	-0.07933111683563045	0.07259630847167486	-0.054910697191592604	0.06804496526561249	-0.06136328430530653	0.06392108479919055	-0.06214691680541079	0.07592381958344474	-0.04207530027287943	0.05483036484611005	-0.05771480530198897	0.04517855433048856	-0.026610933983490112	0.039444742777969055	-0.04054169137293596	0.06318981917145278	-0.0460491642109406	0.031041209853820077
-0.07227796449253612	0.3185283812419306	-0.5384717973439131	0.006109536254793707	-0.00610059712681849	0.0652370105272162	-0.7164204734235602	1.0000000000000009	-0.039007415273209896	0.03956365632293822	-0.0710067788609754	0.1948510643646339	-0.2518542481334258	0.13270015426440476	-0.08186230669332309	0.07092001676339739	-0.09825655913025527	0.09036495307309621	-0.08445697026451741	0.06320283796077428	-0.0764779446155161	0.06877822015909135	-0.07323555997217542	0.07087518107531167	-0.08795948809100483	0.047163056102726766	-0.06199526590134219	0.06499772269182907	-0.05148324443221903	0.03056933301463226	-0.04446700624792264	0.045602033827887536	-0.07166728989614074	0.05212152695497694	-0.03574142674381057
0.016792534531889274	-0.029170082711596254	0.036699048645681846	-0.03098862787695755	0.03008846530058325	-0.013209545503483015	0.03203206473375541	-0.039007415273209896	1.0000000000000004	-0.9741947575109275	0.026073175994289127	-0.06364231728297716	0.06945768470013809	-0.15847679254181454	0.07987129093981601	-0.027872039435813012	0.05190189810116059	-0.04921313334530982	0.07296835094319608	-0.05731628260081897	0.04395939168187264	-0.03805596256348158	0.04210175424188167	-0.05680816427734473	0.07325668753777456	-0.027198445142002092	0.03634539579524331	-0.03886609210110635	0.036515895032901056	-0.02396115568495534	0.02617497342622312	-0.02680344193724933	0.04409864315563831	-0.036086332174493564	0.02807393387334768
-0.01826381242790613	0.03053211010237793	-0.03912915143067156	0.030682703137624313	-0.031652450232312564	0.014270517000039853	-0.03351736112100072	0.03956365632293822	-0.9741947575109275	1.0000000000000009	-0.028423387552402892	0.06440039511680108	-0.072337348555371	0.13595655679429064	-0.0895254426617309	0.030158229836232776	-0.05644347227610573	0.05240629329713243	-0.07869637375212574	0.06144077280599933	-0.04859920469645974	0.041259601739848634	-0.045897390371362805	0.060462601348728384	-0.08237907977990015	0.029838190510072405	-0.039948894195983874	0.04226300424589651	-0.03994972413356949	0.0266806335987144	-0.0288547242904378	0.029381586569847767	-0.04866933707049734	0.039103376838453587	-0.03149784337141241
0.2682149951442731	-0.07400793648661831	0.07457292518463428	-0.002493739841733736	0.002475128301859765	-0.3872915224971196	0.07051118195482876	-0.0710067788609754	0.026073175994289127	-0.028423387552402892	0.9999999999999991	-0.13683000594412806	0.09921253716939855	-0.11011444444316036	0.07891358586226772	-0.8070965850558872	0.11743349537007669	-0.09751666889296824	0.08335871991578815	-0.0650235913604997	0.16554064427023477	-0.1020445600437923	0.09601016703706769	-0.0803638913732452	0.09703461602954731	-0.09427958245129955	0.10176988254302394	-0.09919506392191173	0.06931925727108333	-0.036938800276068516	0.08167336729149341	-0.0807904826567204	0.1149717226992116	-0.07312156637859922	0.04306410482826652
-0.07971010782208052	0.14372066822900648	-0.18440011505563517	0.0055000065587901045	-0.005470941341312623	0.0658638219295314	-0.2021680652262351	0.1948510643646339	-0.06364231728297716	0.06440039511680108	-0.13683000594412806	1.0000000000000007	-0.7277796807078589	0.28090158377809527	-0.2079796837038212	0.13175412438292047	-0.34737156783383966	0.23865175156134863	-0.2159918883582866	0.15324719976859438	-0.1815428779315332	0.18129110654549982	-0.1934484460300096	0.16863918436690584	-0.21943384718721107	0.11210206650184235	-0.1535533969948206	0.15650187642578364	-0.12266456973554739	0.07379867366132467	-0.10539286240115231	0.10873804936887983	-0.1692100171170448	0.12109063941362154	-0.08686060176770127
0.06265674042311434	-0.13712963760027452	0.16240103179863152	-0.005393858992436405	0.00534827647377263	-0.052730208198107725	0.1717970909431096	-0.2518542481334258	0.06945768470013809	-0.072337348555371	0.09921253716939855	-0.7277796807078589	1.0000000000000004	-0.44996739450133777	0.1778675738849023	-0.10620224334954727	0.22844925961182655	-0.2605716200672021	0.1982721405988348	-0.14151792014850795	0.14107127694469823	-0.15230725536947465	0.1618700049378642	-0.15615528877498028	0.1783468974621838	-0.090929359087908	0.12227126916335683	-0.1347036310077977	0.1039762594841448	-0.060889391331954715	0.0840061967557674	-0.08893211888187175	0.1363200623260484	-0.10494422693705413	0.07030873166266487
-0.06855175170025045	0.10406713352457997	-0.1318953141292418	0.008616605612044016	-0.008551600650369449	0.05348348557882181	-0.11675922811527789	0.13270015426440476	-0.15847679254181454	0.13595655679429064	-0.11011444444316036	0.28090158377809527	-0.44996739450133777	1.0000000000000016	-0.42630528875388135	0.11669125611597937	-0.24911006773295147	0.23507894655989894	-0.45570921792087893	0.2700104597719144	-0.1906920747219013	0.17135870866227057	-0.1965733927816988	0.2616754870925259	-0.3482819103339717	0.11813150512493943	-0.16037900834788593	0.17082797965916938	-0.16554898999878043	0.10832560987713151	-0.11350292611305175	0.11653545969489065	-0.19195067204442362	0.15765420181912468	-0.12729831130476768
0.048635345228112706	-0.07043834571193995	0.0795133384245301	-0.005532053210757545	0.005464228317825621	-0.038168719506320545	0.07001184741723451	-0.08186230669332309	0.07987129093981601	-0.0895254426617309	0.07891358586226772	-0.2079796837038212	0.1778675738849023	-0.42630528875388135	0.999999999999999	-0.08982668062125292	0.16062633916582042	-0.1769532971979194	0.28163781612298344	-0.7514507191039561	0.13380205200044704	-0.12591908923525166	0.13655318879172812	-0.25603919561858074	0.26358057410091545	-0.08728919024897791	0.1149375786052763	-0.1341341481427018	0.13330779096324985	-0.08897020919977873	0.0820330233528643	-0.08709631400809927	0.14019086821279703	-0.14238509480946213	0.09396734556742432
-0.3411184252595523	0.07398302482527347	-0.08016606652581129	0.0026670701711644052	-0.002649055614190502	0.245425882419802	-0.07039681165816827	0.07092001676339739	-0.027872039435813012	0.030158229836232776	-0.8070965850558872	0.13175412438292047	-0.10620224334954727	0.11669125611597937	-0.08982668062125292	1.0000000000000002	-0.1497733663440338	0.11350605103979002	-0.0952657325949158	0.0733185456210506	-0.24733058200698788	0.1252561536665627	-0.1188703156189526	0.09068612928239916	-0.11208255436396589	0.11902498165452836	-0.12978727637460438	0.11810372134830861	-0.08151940482419769	0.042534171513444075	-0.10641991802800563	0.09987548005254988	-0.14339180378615085	0.0842816160570119	-0.049872097165717166
0.06809215274282228	-0.08207615509672034	0.0936246666185641	-0.004171501545891922	0.004131179168058235	-0.05339743271699615	0.08677371532955529	-0.09825655913025527	0.05190189810116059	-0.05644347227610573	0.11743349537007669	-0.34737156783383966	0.22844925961182655	-0.24911006773295147	0.16062633916582042	-0.1497733663440338	1.0000000000000022	-0.62056445191254	0.2208723429168015	-0.15127182914253556	0.21999866098107665	-0.4763344519072612	0.30591796139685457	-0.1913273193468049	0.18467030276293775	-0.15679581870957957	0.21363506382266192	-0.23628984181509735	0.1373073798829999	-0.06852282663899564	0.13263758935009975	-0.1519459825196953	0.19900427255641104	-0.14426232900764102	0.07732839040213861
-0.057732832459468704	0.07291106230816896	-0.08702009651069868	0.0038694775312024545	-0.003835408825745329	0.04492818355670863	-0.07933111683563045	0.09036495307309621	-0.04921313334530982	0.05240629329713243	-0.09751666889296824	0.23865175156134863	-0.2605716200672021	0.23507894655989894	-0.1769532971979194	0.11350605103979002	-0.62056445191254	0.9999999999999996	-0.3485826518190503	0.16295018375835657	-0.2009454536959077	0.2875650894668386	-0.4978673179526964	0.20136940684350182	-0.19970418157914846	0.13408909495019392	-0.1969038261662957	0.22244060752672493	-0.14101402541862545	0.06991272315811843	-0.12084216603022256	0.13254896688457166	-0.20006072171783743	0.13815757211717458	-0.07938098390141891
0.050841136873552566	-0.07066147093242728	0.08179008951929936	-0.00503857202963134	0.004982294855030817	-0.03976371081448809	0.07259630847167486	-0.08445697026451741	0.07296835094319608	-0.07869637375212574	0.08335871991578815	-0.2159918883582866	0.1982721405988348	-0.45570921792087893	0.28163781612298344	-0.0952657325949158	0.2208723429168015	-0.3485826518190503	1.0000000000000013	-0.4212502636590352	0.15116852336299885	-0.16248184676093913	0.18883622192078534	-0.555689929915931	0.3029650000783022	-0.10066625514649105	0.1364180293816136	-0.165568317499659	0.17673746161683068	-0.09756895507439749	0.09363114059005961	-0.10113629476776775	0.1627889057940915	-0.1750670442995504	0.10579928935851812
-0.039896244455579065	0.054633875110250446	-0.06343458024477282	0.004011415684736717	-0.003969561670849663	0.031027578720682267	-0.054910697191592604	0.06320283796077428	-0.05731628260081897	0.06144077280599933	-0.0650235913604997	0.15324719976859438	-0.14151792014850795	0.2700104597719144	-0.7514507191039561	0.0733185456210506	-0.15127182914253556	0.16295018375835657	-0.4212502636590352	0.9999999999999992	-0.11691919270425986	0.11145567745387921	-0.12817573675993787	0.25121843240610847	-0.37653604937053464	0.07583274463180743	-0.10192751323308843	0.1177213239700357	-0.12808598893342651	0.09385343139463097	-0.07174363155651425	0.07595794821126944	-0.12475528532512863	0.12748191789540894	-0.10173415754585119
0.094079651719371	-0.07349950080754669	0.08146633212978353	-0.003769038303078862	0.0037331618143633637	-0.07192065489281718	0.06804496526561249	-0.0764779446155161	0.04395939168187264	-0.04859920469645974	0.16554064427023477	-0.1815428779315332	0.14107127694469823	-0.1906920747219013	0.13380205200044704	-0.24733058200698788	0.21999866098107665	-0.2009454536959077	0.15116852336299885	-0.11691919270425986	1.0000000000000018	-0.36930894311504686	0.23157355668100355	-0.1552251996736658	0.16971408274479854	-0.5501043130145438	0.29189452975108837	-0.2711142257491965	0.14730040940950132	-0.06924322850053138	0.26319744065273754	-0.2758381964815155	0.25490117562470693	-0.16454506017690373	0.07879273933496315
-0.0592429057762811	0.06048137775632877	-0.0701346246741971	0.003150601710075358	-0.0031223834240468105	0.04542038805674942	-0.06136328430530653	0.06877822015909135	-0.03805596256348158	0.041259601739848634	-0.1020445600437923	0.18129110654549982	-0.15230725536947465	0.17135870866227057	-0.12591908923525166	0.1252561536665627	-0.4763344519072612	0.2875650894668386	-0.16248184676093913	0.11145567745387921	-0.36930894311504686	1.0000000000000022	-0.571172676915968	0.1457451844515	-0.1543459631173254	0.21368265889812088	-0.4087919063709337	0.27306513664459314	-0.1355300620357069	0.06009444521179164	-0.1794545716041994	0.19912963003806977	-0.23822461186683253	0.13849714609574482	-0.06843350046398278
0.05685782308454971	-0.06354120624821735	0.07267387629213738	-0.00341523908867741	0.0033823061108930706	-0.043970058172710436	0.06392108479919055	-0.07323555997217542	0.04210175424188167	-0.045897390371362805	0.09601016703706769	-0.1934484460300096	0.1618700049378642	-0.1965733927816988	0.13655318879172812	-0.1188703156189526	0.30591796139685457	-0.4978673179526964	0.18883622192078534	-0.12817573675993787	0.23157355668100355	-0.571172676915968	1.0000000000000002	-0.17511089322758303	0.1666284692682763	-0.17397764780420422	0.25397321657333194	-0.4473099871989754	0.15293559575298474	-0.06566934283834075	0.14676438080098195	-0.17449498838828237	0.24103036485662793	-0.1576961845490315	0.07362260412574659
-0.04901277335903061	0.06229685942816057	-0.07288681071813577	0.004184193062983285	-0.004144476257285151	0.037787610475972504	-0.06214691680541079	0.07087518107531167	-0.05680816427734473	0.060462601348728384	-0.0803638913732452	0.16863918436690584	-0.15615528877498028	0.2616754870925259	-0.25603919561858074	0.09068612928239916	-0.1913273193468049	0.20136940684350182	-0.555689929915931	0.25121843240610847	-0.1552251996736658	0.1457451844515	-0.17511089322758303	1.0000000000000029	-0.5940275732018357	0.10206859643663309	-0.1399605647843398	0.1705312467783277	-0.32650285718297034	0.14557305273957022	-0.09783135747112538	0.10450659806989633	-0.1830041600705189	0.22795133058892586	-0.16180204755534278
0.0596306436104235	-0.07919798594525308	0.08821329205124509	-0.005497895982007281	0.005432638446329029	-0.046352452748391886	0.07592381958344474	-0.08795948809100483	0.07325668753777456	-0.08237907977990015	0.09703461602954731	-0.21943384718721107	0.1783468974621838	-0.3482819103339717	0.26358057410091545	-0.11208255436396589	0.18467030276293775	-0.19970418157914846	0.3029650000783022	-0.37653604937053464	0.16971408274479854	-0.1543459631173254	0.1666284692682763	-0.5940275732018357	1.0000000000000027	-0.11282562111694695	0.14771074424709998	-0.1820495011370835	0.22411954360262407	-0.2584342693856629	0.10647337692526065	-0.114568016170832	0.18996704167802622	-0.2506611582513573	0.2024872664822912
-0.05397970186114597	0.04439140108461753	-0.05021088302740668	0.0023088279944149547	-0.0022874133938343057	0.040768743883784174	-0.04207530027287943	0.047163056102726766	-0.027198445142002092	0.029838190510072405	-0.09427958245129955	0.11210206650184235	-0.090929359087908	0.11813150512493943	-0.08728919024897791	0.11902498165452836	-0.15679581870957957	0.13408909495019392	-0.10066625514649105	0.07583274463180743	-0.5501043130145438	0.21368265889812088	-0.17397764780420422	0.10206859643663309	-0.11282562111694695	1.000000000000004	-0.42707572912790964	0.21284894826511444	-0.11007109228027458	0.04679762640198165	-0.5910102899257647	0.30015553698135444	-0.23961927280231032	0.1187070818218042	-0.05342709166810363
0.059941120661479316	-0.057455180864044934	0.06479982483393042	-0.0030652831178664425	0.003036098028896112	-0.04583557259811309	0.05483036484611005	-0.06199526590134219	0.03634539579524331	-0.039948894195983874	0.10176988254302394	-0.1535533969948206	0.12227126916335683	-0.16037900834788593	0.1149375786052763	-0.12978727637460438	0.21363506382266192	-0.1969038261662957	0.1364180293816136	-0.10192751323308843	0.29189452975108837	-0.4087919063709337	0.25397321657333194	-0.1399605647843398	0.14771074424709998	-0.42707572912790964	1.000000000000002	-0.4384654548334783	0.1535631492123932	-0.0624044517523135	0.28801889076394005	-0.4958093452514447	0.2913207721175475	-0.1681764388919388	0.07031217524193366
-0.05877979318687203	0.05911426827106811	-0.06832437876844738	0.0032385498400359387	-0.003209857419900492	0.044718907434627385	-0.05771480530198897	0.06499772269182907	-0.03886609210110635	0.04226300424589651	-0.09919506392191173	0.15650187642578364	-0.1347036310077977	0.17082797965916938	-0.1341341481427018	0.11810372134830861	-0.23628984181509735	0.22244060752672493	-0.165568317499659	0.1177213239700357	-0.2711142257491965	0.27306513664459314	-0.4473099871989754	0.1705312467783277	-0.1820495011370835	0.21284894826511444	-0.4384654548334783	1.0000000000000022	-0.2833081761491987	0.08141774663958837	-0.2090728511734817	0.24410819751532511	-0.5686214160557864	0.23259142449645034	-0.09198924304874803
0.04194394428851561	-0.04703887338640529	0.053772771003509245	-0.0028876475269982273	0.0028593958531480403	-0.03211185568898006	0.04517855433048856	-0.05148324443221903	0.036515895032901056	-0.03994972413356949	0.06931925727108333	-0.12266456973554739	0.1039762594841448	-0.16554898999878043	0.13330779096324985	-0.08151940482419769	0.1373073798829999	-0.14101402541862545	0.17673746161683068	-0.12808598893342651	0.14730040940950132	-0.1355300620357069	0.15293559575298474	-0.32650285718297034	0.22411954360262407	-0.11007109228027458	0.1535631492123932	-0.2833081761491987	1.000000000000001	-0.16008459282012688	0.10537605726835855	-0.1233735790240812	0.2405606023643698	-0.8080724734747399	0.14866970505662108
-0.022629354305685564	0.027969628777044907	-0.03150034869940546	0.0018528716096830782	-0.001832632889823936	0.01743255895167075	-0.026610933983490112	0.03056933301463226	-0.02396115568495534	0.0266806335987144	-0.036938800276068516	0.07379867366132467	-0.060889391331954715	0.10832560987713151	-0.08897020919977873	0.042534171513444075	-0.06852282663899564	0.06991272315811843	-0.09756895507439749	0.09385343139463097	-0.06924322850053138	0.06009444521179164	-0.06566934283834075	0.14557305273957022	-0.2584342693856629	0.04679762640198165	-0.0624044517523135	0.08141774663958837	-0.16008459282012688	1.0000000000000013	-0.04492322978305947	0.04882285861128208	-0.0871578151265028	0.14123025216095933	-0.9276063260316231
0.047856391570318936	-0.04226615223472943	0.04737278009534798	-0.0022369665403115255	0.0022157391350880245	-0.036432086934526105	0.039444742777969055	-0.04446700624792264	0.02617497342622312	-0.0288547242904378	0.08167336729149341	-0.10539286240115231	0.0840061967557674	-0.11350292611305175	0.0820330233528643	-0.10641991802800563	0.13263758935009975	-0.12084216603022256	0.09363114059005961	-0.07174363155651425	0.26319744065273754	-0.1794545716041994	0.14676438080098195	-0.09783135747112538	0.10647337692526065	-0.5910102899257647	0.28801889076394005	-0.2090728511734817	0.10537605726835855	-0.04492322978305947	1.0000000000000009	-0.6519905690885657	0.23054526894793778	-0.12106041523818664	0.05096335968404633
-0.04725179685875096	0.042672078482823686	-0.048462388708823384	0.0022737268020801464	-0.002252815986424711	0.035824958586476455	-0.04054169137293596	0.045602033827887536	-0.02680344193724933	0.029381586569847767	-0.0807904826567204	0.10873804936887983	-0.08893211888187175	0.11653545969489065	-0.08709631400809927	0.09987548005254988	-0.1519459825196953	0.13254896688457166	-0.10113629476776775	0.07595794821126944	-0.2758381964815155	0.19912963003806977	-0.17449498838828237	0.10450659806989633	-0.114568016170832	0.30015553698135444	-0.4958093452514447	0.24410819751532511	-0.1233735790240812	0.04882285861128208	-0.6519905690885657	1.000000000000001	-0.3896549624172366	0.13686629791876284	-0.055596179300806986
0.06899630164960462	-0.06783346777595421	0.07609453685159992	-0.003735684497081787	0.0036995193035153353	-0.05265903623888718	0.06318981917145278	-0.07166728989614074	0.04409864315563831	-0.04866933707049734	0.1149717226992116	-0.1692100171170448	0.1363200623260484	-0.19195067204442362	0.14019086821279703	-0.14339180378615085	0.19900427255641104	-0.20006072171783743	0.1627889057940915	-0.12475528532512863	0.25490117562470693	-0.23822461186683253	0.24103036485662793	-0.1830041600705189	0.18996704167802622	-0.23961927280231032	0.2913207721175475	-0.5686214160557864	0.2405606023643698	-0.0871578151265028	0.23054526894793778	-0.3896549624172366	1.0000000000000007	-0.34749223160662235	0.09722392758658918
-0.04416563510323593	0.04785453890889278	-0.05548185214713462	0.002894995177394124	-0.0028690507351052195	0.03359567382963925	-0.0460491642109406	0.05212152695497694	-0.036086332174493564	0.039103376838453587	-0.07312156637859922	0.12109063941362154	-0.10494422693705413	0.15765420181912468	-0.14238509480946213	0.0842816160570119	-0.14426232900764102	0.13815757211717458	-0.1750670442995504	0.12748191789540894	-0.16454506017690373	0.13849714609574482	-0.1576961845490315	0.22795133058892586	-0.2506611582513573	0.1187070818218042	-0.1681764388919388	0.23259142449645034	-0.8080724734747399	0.14123025216095933	-0.12106041523818664	0.13686629791876284	-0.34749223160662235	1.000000000000001	-0.16574136505228135
0.026420021099054062	-0.032862436530868344	0.036681667993830616	-0.002179417815901281	0.002154769456598817	-0.020384097978647892	0.031041209853820077	-0.03574142674381057	0.02807393387334768	-0.03149784337141241	0.04306410482826652	-0.08686060176770127	0.07030873166266487	-0.12729831130476768	0.09396734556742432	-0.049872097165717166	0.07732839040213861	-0.07938098390141891	0.10579928935851812	-0.10173415754585119	0.07879273933496315	-0.06843350046398278	0.07362260412574659	-0.16180204755534278	0.2024872664822912	-0.05342709166810363	0.07031217524193366	-0.09198924304874803	0.14866970505662108	-0.9276063260316231	0.05096335968404633	-0.055596179300806986	0.09722392758658918	-0.16574136505228135	1.0000000000000009
