1.0	-0.3902844013805199	0.17154029309024268	-0.13905217534417016	0.1608404536045296	-0.8063583698564446	0.20923873968374976	-0.15113965179618336	0.08653190148811109	-0.0755883829858099	0.21444584716390616	-0.17837453364845626	0.14975517341769828	-0.08718156273048823	0.08370150232110643	-0.2328693285264209	0.08115381073895171	-0.08719505457976642	0.07376921116820002	-0.054764138510252025	0.08416031488797565	-0.0737788304108305	0.0692141433096954	-0.05932530672130265	0.050324980890233253	-0.05743496481792196	0.07266270517125055	-0.06733423336812348	0.044757354195958825	-0.0435021500036321	0.044886566924500944	-0.04530008520129337	0.052022099825444944	-0.043655097871315614	0.0622884394447246	-0.020398046218046296	0.027437571603481058	-0.023035448531268706	0.0278054037866947	-0.021635918986318295	0.02066938179591098	-0.02820476809814528	0.021357647103007433	-0.03091957492200726	0.022078611034447068
-0.3902844013805199	1.0000000000000004	-0.4714309033072525	0.23130850018278212	-0.28201983774948647	0.2440780001889755	-0.5832102929920036	0.26024646365392234	-0.13705054724306628	0.11590729823877947	-0.15003290010046172	0.2675019286715652	-0.2581536914422374	0.12871028229356196	-0.12523295435424972	0.14806302116522316	-0.07625151883624999	0.08094803063986852	-0.09440719931680411	0.07094258462654068	-0.08315772865434162	0.07576616723683001	-0.07724536079766287	0.07260819909479783	-0.06452919320900267	0.0566494833734016	-0.07812952179933348	0.07303695155591244	-0.052221398582878976	0.05059199727761837	-0.04713225802549384	0.04699090382781302	-0.05788059034046072	0.04860578889969317	-0.07153442657059489	0.021846076121649165	-0.029577727962977522	0.024943621347351667	-0.031000918945040118	0.024187259148538823	-0.022420299428128863	0.030301009523451404	-0.023276057615986185	0.03421403671725908	-0.02473670024119297
0.17154029309024268	-0.4714309033072525	1.0000000000000009	-0.5576284059114094	0.2989304767664803	-0.17584344969437005	0.2533121418762356	-0.4944388392590996	0.15424612771872942	-0.13329346031240435	0.11578730268695295	-0.24190951932401658	0.24266618961549008	-0.1399989706407055	0.12723086693959876	-0.12863417430167387	0.06933937580219833	-0.07630642283956503	0.09284930719106342	-0.07188516587978085	0.07528686551434743	-0.07159412118127038	0.07326188710715303	-0.07218015556982749	0.06370236868643654	-0.05237456556823302	0.07240576797510148	-0.07001768339757973	0.050335129415446836	-0.04922690359969566	0.04378627079572678	-0.044051007594252775	0.05478997565016217	-0.04647617975248142	0.06796137196057549	-0.02074036111672142	0.02800809408091384	-0.02375772671024113	0.029603134181653886	-0.02311801152783943	0.021316923872515017	-0.02894337505399497	0.022176253813636956	-0.03281177386488432	0.023616769742159534
-0.13905217534417016	0.23130850018278212	-0.5576284059114094	1.000000000000001	-0.6993963443009711	0.1340557948548044	-0.19975406221701236	0.25271472090607966	-0.16904071503528456	0.1538353803978064	-0.1017791569469881	0.18508088686517016	-0.2066746900846597	0.1400354305325196	-0.14694228901726716	0.11046264422339298	-0.06922545486410288	0.07533259392028485	-0.09919919948283298	0.07743642507472435	-0.0776562157361488	0.07370053319912259	-0.07749275565813779	0.07620915484625661	-0.06935774005506469	0.05386061853900174	-0.07673359395698597	0.07350007867438318	-0.05402756812246126	0.05253817840782033	-0.04604290541500792	0.0460119579029449	-0.05857829258174845	0.04950284438598052	-0.07366585272695733	0.021887169362128853	-0.029653421124490185	0.02514483992208549	-0.03162034695747518	0.024717025902480858	-0.0226091639573595	0.030528805839433844	-0.023536153248235662	0.034891289587902205	-0.0252968809254035
0.1608404536045296	-0.28201983774948647	0.2989304767664803	-0.6993963443009711	1.0000000000000009	-0.1875874219578215	0.21365357470977853	-0.3198689396724611	0.2001074668548117	-0.24839055791671877	0.13716524567211183	-0.25849434470386684	0.22473732883862085	-0.18869029590876715	0.18461743591723756	-0.16345962395642308	0.0970141162981803	-0.1093800874548469	0.13115698453315877	-0.10747401680304905	0.1078676397669854	-0.10443145098393919	0.10693063836992356	-0.1053676400178841	0.09315279692025594	-0.07624201620681309	0.10686914097154439	-0.10543739501341319	0.07553839148562612	-0.07445233436595855	0.06483826149150533	-0.06553796707260928	0.08274155748182098	-0.07067499067878592	0.10394407566619272	-0.03159080919793211	0.04258810603819885	-0.036299604164019714	0.04524947798100274	-0.035397477684104894	0.03264055487944193	-0.04443127080692925	0.033968483449172034	-0.05033898369545597	0.03620309740783455
-0.8063583698564446	0.2440780001889755	-0.17584344969437005	0.1340557948548044	-0.1875874219578215	1.0000000000000013	-0.22966387664895485	0.1487932017420895	-0.09450140500847629	0.08162334852421857	-0.3396482006310852	0.17477160930309502	-0.16741922331482306	0.09330672399466758	-0.09305983368275457	0.2250607870044693	-0.0871685409293975	0.08828145581820193	-0.08038557874091397	0.05892086303015771	-0.0923684637213571	0.07791616370785345	-0.07484287210816723	0.0636529393789859	-0.05474621280275864	0.060931767753595364	-0.0793917262767941	0.0712889807953599	-0.04824989883185526	0.046532505878789966	-0.04850051257064145	0.048186413598466954	-0.05612015631041294	0.04665685404764116	-0.06753904915351155	0.021664976868157142	-0.029284299997588772	0.024479980988664694	-0.029754885409387328	0.023149978166702275	-0.02201488365308693	0.029815597212857987	-0.022737009277372287	0.03288163077349772	-0.023661058840476642
0.20923873968374976	-0.5832102929920036	0.2533121418762356	-0.19975406221701236	0.21365357470977853	-0.22966387664895485	1.0000000000000002	-0.33539795404921846	0.13616684018872408	-0.11610084993140443	0.1592495136726511	-0.585029376986368	0.27767566627677326	-0.13745536632688288	0.12123014493216949	-0.16790321812776446	0.07795099173773087	-0.08480404234819014	0.09437487119764174	-0.07147794229577918	0.08303853808816142	-0.07709953606761112	0.07707712532578105	-0.07360540534970063	0.06402201586349734	-0.057282478742536044	0.07718306758344357	-0.0736383341471177	0.05190938104786526	-0.050658095796190836	0.04690769546038314	-0.04719610056629011	0.05734648393283767	-0.04847554850380157	0.07031589360090475	-0.02188437655196701	0.029527638797151947	-0.02496378887916826	0.03084628728635494	-0.024059585535986295	0.02238984308500663	-0.030434581326605353	0.023251037289941275	-0.034207230201162175	0.02456469709351107
-0.15113965179618336	0.26024646365392234	-0.4944388392590996	0.25271472090607966	-0.3198689396724611	0.1487932017420895	-0.33539795404921846	1.0000000000000018	-0.2911546326151585	0.1866531020987226	-0.12213573785127509	0.2842567626532407	-0.5732836070303358	0.21187806491995853	-0.19024245030945014	0.12898583702441233	-0.08124826090790535	0.08884588444621143	-0.12813275955785436	0.09642918188038464	-0.08782765982540844	0.08594736581492633	-0.0911007537620219	0.0950797252102834	-0.085733733811871	0.061015704439496436	-0.08630372531791272	0.08415782149116083	-0.06272651508175725	0.0611642382759664	-0.05165584918879632	0.051816672988453064	-0.06581126746426252	0.05587099862986895	-0.08192583414791221	0.024396050145088975	-0.03302429440271232	0.02805061377394471	-0.035407175998669195	0.02765318479470624	-0.025103844179299527	0.033980077637486325	-0.02619420387258674	0.03910481227276694	-0.02822323406632067
0.08653190148811109	-0.13705054724306628	0.15424612771872942	-0.16904071503528456	0.2001074668548117	-0.09450140500847629	0.13616684018872408	-0.2911546326151585	1.000000000000003	-0.6500310649388678	0.08328777692257225	-0.16511365302406114	0.20812430379132482	-0.5456244538638708	0.319414913852613	-0.09488887730484535	0.08214389036494658	-0.09544385139644525	0.18434401925891158	-0.1514349379925849	0.08679004058539762	-0.09895954635341486	0.10769161419509811	-0.14141688589550858	0.1214321512118228	-0.06255191076581819	0.08975875730933461	-0.09696817415995428	0.07572683849938189	-0.07604379880679413	0.053311472465873776	-0.054518837732828035	0.07144784835526458	-0.06242166407141535	0.08813820287406895	-0.025850288895213173	0.03484367708833258	-0.03005084583590447	0.03875418553691526	-0.030285014881111277	0.02652908360174988	-0.03628481514934893	0.027972268427431828	-0.043130245876204544	0.030665636631929973
-0.0755883829858099	0.11590729823877947	-0.13329346031240435	0.1538353803978064	-0.24839055791671877	0.08162334852421857	-0.11610084993140443	0.1866531020987226	-0.6500310649388678	1.0000000000000004	-0.07262631831536272	0.13412409025922686	-0.17146097128046087	0.30778495635875397	-0.6031428744981491	0.08220368663935443	-0.07361645149751589	0.08323124771853842	-0.16883138266968048	0.15340751622975174	-0.07864337231686103	0.08740571325324623	-0.09848367552707392	0.1229440988044788	-0.13108707987077092	0.056243737543011076	-0.08171304644693668	0.0865876086679935	-0.07078540086769214	0.07004389408122848	-0.04832962078955936	0.049134169468649055	-0.06518619941018557	0.05672544872666548	-0.08142008079524121	0.023281933432267272	-0.0314710095491735	0.027106632103213627	-0.03525060572629567	0.027551247583975282	-0.02393449442405073	0.032586643267913044	-0.025261404735835845	0.03900740430925927	-0.02792805684435042
0.21444584716390616	-0.15003290010046172	0.11578730268695295	-0.1017791569469881	0.13716524567211183	-0.3396482006310852	0.1592495136726511	-0.12213573785127509	0.08328777692257225	-0.07262631831536272	1.000000000000002	-0.22604919669717977	0.15136242138745193	-0.08959182218934579	0.0859812069738693	-0.827449593785556	0.1439707053605624	-0.14999011886293845	0.09046916610580334	-0.06492194214513071	0.14043986805810824	-0.11564018693518857	0.09693273276175379	-0.07552038408590367	0.0607300581931336	-0.09442672032227871	0.10360565371395725	-0.0941418639994222	0.057844897537391936	-0.056255317655567634	0.06584540404942137	-0.06724994058984464	0.07003713776850966	-0.05850839929814069	0.07983836079972005	-0.028398577137496453	0.037953862971894646	-0.031587125476458214	0.0369177739476354	-0.028595999807284413	0.028165477914466663	-0.038776247272731136	0.02896838905342676	-0.041264650439160916	0.029045564230151255
-0.17837453364845626	0.2675019286715652	-0.24190951932401658	0.18508088686517016	-0.25849434470386684	0.17477160930309502	-0.585029376986368	0.2842567626532407	-0.16511365302406114	0.13412409025922686	-0.22604919669717977	1.0000000000000013	-0.5791655119901161	0.1711355361478775	-0.15696757403444006	0.18234574316090885	-0.09221617957673425	0.09684012622300996	-0.1182217876845444	0.08652081466606995	-0.09885336789843258	0.09022767495678233	-0.09241518407494557	0.0886717830026307	-0.07885705972190445	0.06687663502210335	-0.09195265952248408	0.08605511090044071	-0.0619847210208654	0.06001178177064733	-0.05536619446899862	0.05515834938047498	-0.06783364734215142	0.05697364510679528	-0.0834652445382724	0.02548100751229635	-0.03450857358669786	0.029093276419743762	-0.03622225414443658	0.028247246757648135	-0.02610651391549016	0.03528206591378199	-0.027122363710449085	0.03995388443828303	-0.0288610313808939
0.14975517341769828	-0.2581536914422374	0.24266618961549008	-0.2066746900846597	0.22473732883862085	-0.16741922331482306	0.27767566627677326	-0.5732836070303358	0.20812430379132482	-0.17146097128046087	0.15136242138745193	-0.5791655119901161	1.0000000000000007	-0.2883351439886465	0.18353313089387616	-0.16751834639805366	0.09250900865765291	-0.10442768609794377	0.13735301695538626	-0.10279016196754308	0.0961298342547945	-0.09534092322010262	0.09796335449983101	-0.10433210933381663	0.08947468789568963	-0.06731718722809052	0.09250597590687605	-0.09181756614525897	0.06675736901815064	-0.06573237156566243	0.05584121824990367	-0.05651247720017427	0.07026402945202466	-0.0600275217553505	0.08633665053369262	-0.02643422185115762	0.03564327604027393	-0.03032572961621846	0.03793136653137291	-0.029605121289728878	0.02707886316970474	-0.03689616357042181	0.02824468712942949	-0.042133315865080574	0.03015382614567148
-0.08718156273048823	0.12871028229356196	-0.1399989706407055	0.1400354305325196	-0.18869029590876715	0.09330672399466758	-0.13745536632688288	0.21187806491995853	-0.5456244538638708	0.30778495635875397	-0.08959182218934579	0.1711355361478775	-0.2883351439886465	1.0000000000000018	-0.556361820917631	0.10001980706699454	-0.10191144710508677	0.11589371714946832	-0.36403734002841825	0.19618275428737797	-0.10392422147457135	0.12103431788232621	-0.14172523846644522	0.1922275898364754	-0.17351915250666955	0.07431939662847001	-0.1084483546987177	0.11683477089643463	-0.09681529223652871	0.09473002763447133	-0.06352666853956923	0.06468603337855898	-0.08628057541523543	0.07509138431636293	-0.10624564938511716	0.030275063466440284	-0.040936763685545365	0.03529749928233807	-0.046223232950814985	0.0360776975721926	-0.031007527712683294	0.04225096972929884	-0.03282093025530382	0.051087364515592704	-0.03647281693813084
0.08370150232110643	-0.12523295435424972	0.12723086693959876	-0.14694228901726716	0.18461743591723756	-0.09305983368275457	0.12123014493216949	-0.19024245030945014	0.319414913852613	-0.6031428744981491	0.0859812069738693	-0.15696757403444006	0.18353313089387616	-0.556361820917631	1.0000000000000016	-0.09954724459725207	0.09664674146094873	-0.11316717901992712	0.22585989555626393	-0.291504991428911	0.10242813773629078	-0.12142958078833199	0.13386641750186284	-0.18545471697633295	0.1867942605945438	-0.07461843518267829	0.10768060378744898	-0.1200254797596527	0.09746107227060799	-0.0996677247819367	0.06384038687322698	-0.06564411035700056	0.0872407918578636	-0.07714149321871447	0.10796118652911472	-0.031173521083429932	0.041988758677736646	-0.036418701145870834	0.047506895214304755	-0.0371457703382335	0.0319678105790758	-0.04383535455983341	0.033863035914861464	-0.052936700974992784	0.03749862626566787
-0.2328693285264209	0.14806302116522316	-0.12863417430167387	0.11046264422339298	-0.16345962395642308	0.2250607870044693	-0.16790321812776446	0.12898583702441233	-0.09488887730484535	0.08220368663935443	-0.827449593785556	0.18234574316090885	-0.16751834639805366	0.10001980706699454	-0.09954724459725207	0.9999999999999998	-0.2054701316314931	0.16443573910893358	-0.10599347490273159	0.07434435243009371	-0.20127482933625102	0.13648173137150546	-0.11672162407663732	0.08737584750437645	-0.07071450157184879	0.11284976444544129	-0.1281196933012154	0.1083201917816833	-0.06735754385135949	0.06476991804292004	-0.08028362810748942	0.07892302984715929	-0.0824631157567646	0.06766665407656695	-0.0934620227012967	0.03285489722127437	-0.04425190359079098	0.03645328962093545	-0.04272781402469729	0.033045393630304086	-0.03261055771213787	0.044437410485474504	-0.033458761026038425	0.04736313627096066	-0.03361740411606372
0.08115381073895171	-0.07625151883624999	0.06933937580219833	-0.06922545486410288	0.0970141162981803	-0.0871685409293975	0.07795099173773087	-0.08124826090790535	0.08214389036494658	-0.07361645149751589	0.1439707053605624	-0.09221617957673425	0.09250900865765291	-0.10191144710508677	0.09664674146094873	-0.2054701316314931	1.0	-0.8473177401739509	0.16855757946912048	-0.10711201223787228	0.17212709830380665	-0.33255683978245404	0.20994926880968684	-0.1462008648057034	0.10092237093099823	-0.11913085236961642	0.16406180617360086	-0.15423207546944942	0.0919412566909588	-0.08904561684796124	0.09021027599757456	-0.09206286965437353	0.10564998200838094	-0.08743601472553987	0.1163878476549965	-0.03925974919414694	0.05275426079669464	-0.04429632024322753	0.05395011580766622	-0.04170438254183064	0.039096506909372185	-0.05365468258934941	0.040659059288996574	-0.059998012474954274	0.042138019083616154
-0.08719505457976642	0.08094803063986852	-0.07630642283956503	0.07533259392028485	-0.1093800874548469	0.08828145581820193	-0.08480404234819014	0.08884588444621143	-0.09544385139644525	0.08323124771853842	-0.14999011886293845	0.09684012622300996	-0.10442768609794377	0.11589371714946832	-0.11316717901992712	0.16443573910893358	-0.8473177401739509	0.999999999999999	-0.2279694476412592	0.11846677970066585	-0.18558234144979655	0.24503116211104378	-0.252366047280994	0.1620732036897124	-0.11713718249281102	0.12195018347800893	-0.18249508549249174	0.15953477032718721	-0.10225360635069881	0.09626235112064771	-0.09757204401170062	0.09642416436806156	-0.11603653234302724	0.09375445241059532	-0.12951722171347482	0.04137355854135903	-0.056213626996541206	0.04683202580945353	-0.058137405984703586	0.044907684084934334	-0.04154464749734362	0.05611275036227322	-0.043204108386887256	0.06370324607358993	-0.045560765595797414
0.07376921116820002	-0.09440719931680411	0.09284930719106342	-0.09919919948283298	0.13115698453315877	-0.08038557874091397	0.09437487119764174	-0.12813275955785436	0.18434401925891158	-0.16883138266968048	0.09046916610580334	-0.1182217876845444	0.13735301695538626	-0.36403734002841825	0.22585989555626393	-0.10599347490273159	0.16855757946912048	-0.2279694476412592	0.9999999999999993	-0.3758870206300121	0.1529753775258617	-0.22721155830893194	0.2545410606912281	-0.6350802126228435	0.2753124786685467	-0.11421387606841989	0.1640490299412994	-0.202884696207857	0.16374034920109154	-0.16758938690145922	0.09512218208091822	-0.09953976105049105	0.1332362586758872	-0.11974272110767024	0.1567783752100975	-0.0457173878224121	0.06141613192210416	-0.05364807950547814	0.07113164300194401	-0.05542215751734835	0.04629633976895706	-0.06395319516801787	0.04948188315709865	-0.0794729638974354	0.05535314651571745
-0.054764138510252025	0.07094258462654068	-0.07188516587978085	0.07743642507472435	-0.10747401680304905	0.05892086303015771	-0.07147794229577918	0.09642918188038464	-0.1514349379925849	0.15340751622975174	-0.06492194214513071	0.08652081466606995	-0.10279016196754308	0.19618275428737797	-0.291504991428911	0.07434435243009371	-0.10711201223787228	0.11846677970066585	-0.3758870206300121	1.0000000000000018	-0.1110167191182426	0.1386454734551783	-0.18453059641550468	0.27862829566195674	-0.782496517719812	0.08040908498018133	-0.12084237924633363	0.13801700843006443	-0.1513217783677388	0.14892351560349112	-0.06993042018113235	0.07163833135822367	-0.10248428350493738	0.09219207945836871	-0.13275953367812848	0.03322739502170507	-0.045120415383702484	0.039515225909070945	-0.055067314684334824	0.04303000103389275	-0.033929834233392714	0.04617523136156122	-0.03663899834522611	0.0599685044596209	-0.04312372949841684
0.08416031488797565	-0.08315772865434162	0.07528686551434743	-0.0776562157361488	0.1078676397669854	-0.0923684637213571	0.08303853808816142	-0.08782765982540844	0.08679004058539762	-0.07864337231686103	0.14043986805810824	-0.09885336789843258	0.0961298342547945	-0.10392422147457135	0.10242813773629078	-0.20127482933625102	0.17212709830380665	-0.18558234144979655	0.1529753775258617	-0.1110167191182426	1.0000000000000007	-0.43347850479910494	0.23511729781241467	-0.14948119358658632	0.10848544172053984	-0.625477298899003	0.3130924147877906	-0.26606748351906134	0.12949253828454171	-0.1273265636712612	0.23685342977878257	-0.2524379556617982	0.18083844200292815	-0.15056474716763082	0.17769802585999495	-0.08432435524968715	0.11016730797973723	-0.08898943098727789	0.09243576938557292	-0.07068146929974155	0.07753458870686672	-0.10970478878496029	0.07846196119243602	-0.10516355956556737	0.07069909059776525
-0.0737788304108305	0.07576616723683001	-0.07159412118127038	0.07370053319912259	-0.10443145098393919	0.07791616370785345	-0.07709953606761112	0.08594736581492633	-0.09895954635341486	0.08740571325324623	-0.11564018693518857	0.09022767495678233	-0.09534092322010262	0.12103431788232621	-0.12142958078833199	0.13648173137150546	-0.33255683978245404	0.24503116211104378	-0.22721155830893194	0.1386454734551783	-0.43347850479910494	1.000000000000001	-0.6025832612540645	0.21696638791663053	-0.14960048883468646	0.2311472602802896	-0.37030301305269125	0.25717766138932596	-0.14040763999392297	0.1304598255076791	-0.16381632901699977	0.16004431470392214	-0.1724005280667911	0.13448383048278528	-0.17290981297927188	0.06151742417068868	-0.08336603771673877	0.06823090093185268	-0.08168648362040366	0.062489119708206656	-0.059858875456966665	0.08156535550681718	-0.06191844730121	0.08962706589306986	-0.06290515101311644
0.0692141433096954	-0.07724536079766287	0.07326188710715303	-0.07749275565813779	0.10693063836992356	-0.07484287210816723	0.07707712532578105	-0.0911007537620219	0.10769161419509811	-0.09848367552707392	0.09693273276175379	-0.09241518407494557	0.09796335449983101	-0.14172523846644522	0.13386641750186284	-0.11672162407663732	0.20994926880968684	-0.252366047280994	0.2545410606912281	-0.18453059641550468	0.23511729781241467	-0.6025832612540645	1.0000000000000009	-0.42755284755837986	0.1855088106459327	-0.1777767676218105	0.24990766414960805	-0.39358939262182113	0.1673270154435799	-0.16173318152712804	0.13531520347480314	-0.14367024424345537	0.18757805181254708	-0.15313909942437293	0.18536078920787324	-0.06015115452342606	0.08069004550405817	-0.06923901386971414	0.08898248075514764	-0.06839178786581021	0.05946836468086783	-0.08235810327688825	0.0631127539201184	-0.09890050769246166	0.0681278861831187
-0.05932530672130265	0.07260819909479783	-0.07218015556982749	0.07620915484625661	-0.1053676400178841	0.0636529393789859	-0.07360540534970063	0.0950797252102834	-0.14141688589550858	0.1229440988044788	-0.07552038408590367	0.0886717830026307	-0.10433210933381663	0.1922275898364754	-0.18545471697633295	0.08737584750437645	-0.1462008648057034	0.1620732036897124	-0.6350802126228435	0.27862829566195674	-0.14948119358658632	0.21696638791663053	-0.42755284755837986	0.999999999999999	-0.4337415912384593	0.10748430836724862	-0.1609390772777628	0.19420897581963678	-0.20720238136145072	0.17242747323434574	-0.09022936612524678	0.09296072462503803	-0.13137775678102254	0.11566895868651371	-0.15270193632919674	0.041539143353688066	-0.05628359150758176	0.049014178449773585	-0.06732697666962775	0.0521222141352262	-0.041934917949312124	0.05737074813272889	-0.04515788538251996	0.07354752902428462	-0.051951741645084086
0.050324980890233253	-0.06452919320900267	0.06370236868643654	-0.06935774005506469	0.09315279692025594	-0.05474621280275864	0.06402201586349734	-0.085733733811871	0.1214321512118228	-0.13108707987077092	0.0607300581931336	-0.07885705972190445	0.08947468789568963	-0.17351915250666955	0.1867942605945438	-0.07071450157184879	0.10092237093099823	-0.11713718249281102	0.2753124786685467	-0.782496517719812	0.10848544172053984	-0.14960048883468646	0.1855088106459327	-0.4337415912384593	0.9999999999999999	-0.08068706500228799	0.11878338067516812	-0.14757715708773883	0.15971110766756663	-0.19136128435975855	0.06927044464379511	-0.07218819199692826	0.10274107311400933	-0.09552344552521279	0.1312980136912601	-0.03348166607680007	0.04524118117646161	-0.03997043270702955	0.055831035256652235	-0.04369209595441239	0.03404848198550596	-0.046760726913086845	0.03691561549910638	-0.06146281885140893	0.043408839374610014
-0.05743496481792196	0.0566494833734016	-0.05237456556823302	0.05386061853900174	-0.07624201620681309	0.060931767753595364	-0.057282478742536044	0.061015704439496436	-0.06255191076581819	0.056243737543011076	-0.09442672032227871	0.06687663502210335	-0.06731718722809052	0.07431939662847001	-0.07461843518267829	0.11284976444544129	-0.11913085236961642	0.12195018347800893	-0.11421387606841989	0.08040908498018133	-0.625477298899003	0.2311472602802896	-0.1777767676218105	0.10748430836724862	-0.08068706500228799	0.9999999999999992	-0.5108727778316606	0.21524127880657346	-0.10372080895393936	0.09874669884056363	-0.4345072910674071	0.2628673314034287	-0.16588147557493746	0.12454653878884574	-0.14598507420187548	0.07699416266236064	-0.10525268767936122	0.07803863257376352	-0.07671000017238962	0.05772229042101356	-0.0693593231782474	0.09375649105653663	-0.06819887199310488	0.08483780119459919	-0.057834770930581134
0.07266270517125055	-0.07812952179933348	0.07240576797510148	-0.07673359395698597	0.10686914097154439	-0.0793917262767941	0.07718306758344357	-0.08630372531791272	0.08975875730933461	-0.08171304644693668	0.10360565371395725	-0.09195265952248408	0.09250597590687605	-0.1084483546987177	0.10768060378744898	-0.1281196933012154	0.16406180617360086	-0.18249508549249174	0.1640490299412994	-0.12084237924633363	0.3130924147877906	-0.37030301305269125	0.24990766414960805	-0.1609390772777628	0.11878338067516812	-0.5108727778316606	0.9999999999999998	-0.45065045221024363	0.16115440135656497	-0.15696954854606032	0.2568338360056398	-0.321118921575774	0.23496947427733503	-0.18913085133417104	0.2148607734881426	-0.09861069252894375	0.13009384097478846	-0.10539780103392468	0.11274308068252105	-0.0858576456483924	0.09052732775253965	-0.12810026504342167	0.09256755220247312	-0.12738814845413904	0.08545175511391775
-0.06733423336812348	0.07303695155591244	-0.07001768339757973	0.07350007867438318	-0.10543739501341319	0.0712889807953599	-0.0736383341471177	0.08415782149116083	-0.09696817415995428	0.0865876086679935	-0.0941418639994222	0.08605511090044071	-0.09181756614525897	0.11683477089643463	-0.1200254797596527	0.1083201917816833	-0.15423207546944942	0.15953477032718721	-0.202884696207857	0.13801700843006443	-0.26606748351906134	0.25717766138932596	-0.39358939262182113	0.19420897581963678	-0.14757715708773883	0.21524127880657346	-0.45065045221024363	0.9999999999999979	-0.2859532552137131	0.21467966885949846	-0.20334599254792374	0.20923496725409396	-0.5007788175022941	0.2604239087127951	-0.3207610198678444	0.0830960286578536	-0.11610155645767319	0.09903760770463793	-0.14678234359974743	0.10846631405346253	-0.08282757223575314	0.11031446909569986	-0.09074157559923356	0.148841722888666	-0.10860771714054182
0.044757354195958825	-0.052221398582878976	0.050335129415446836	-0.05402756812246126	0.07553839148562612	-0.04824989883185526	0.05190938104786526	-0.06272651508175725	0.07572683849938189	-0.07078540086769214	0.057844897537391936	-0.0619847210208654	0.06675736901815064	-0.09681529223652871	0.09746107227060799	-0.06735754385135949	0.0919412566909588	-0.10225360635069881	0.16374034920109154	-0.1513217783677388	0.12949253828454171	-0.14040763999392297	0.1673270154435799	-0.20720238136145072	0.15971110766756663	-0.10372080895393936	0.16115440135656497	-0.2859532552137131	1.0000000000000002	-0.8182663576276512	0.10048824299147505	-0.10942123574452156	0.20114009049715295	-0.27242397377628713	0.2676049676368037	-0.052830218695518565	0.07207113192178316	-0.0691716174713686	0.12009708980352052	-0.09291950027204922	0.05395457503212729	-0.07454700729000295	0.0631665082727306	-0.12900599760146772	0.08711597981342233
-0.0435021500036321	0.05059199727761837	-0.04922690359969566	0.05253817840782033	-0.07445233436595855	0.046532505878789966	-0.050658095796190836	0.0611642382759664	-0.07604379880679413	0.07004389408122848	-0.056255317655567634	0.06001178177064733	-0.06573237156566243	0.09473002763447133	-0.0996677247819367	0.06476991804292004	-0.08904561684796124	0.09626235112064771	-0.16758938690145922	0.14892351560349112	-0.1273265636712612	0.1304598255076791	-0.16173318152712804	0.17242747323434574	-0.19136128435975855	0.09874669884056363	-0.15696954854606032	0.21467966885949846	-0.8182663576276512	0.9999999999999999	-0.0975914660104128	0.1029812223987009	-0.19407878945890292	0.2141394085269564	-0.38212706126582774	0.0503706312532005	-0.06942604587087574	0.06571560280678912	-0.1161944969136363	0.09240089626713456	-0.05194018733164733	0.07054948277259492	-0.06075148530125564	0.11925784125952327	-0.08916446010574436
0.044886566924500944	-0.04713225802549384	0.04378627079572678	-0.04604290541500792	0.06483826149150533	-0.04850051257064145	0.04690769546038314	-0.05165584918879632	0.053311472465873776	-0.04832962078955936	0.06584540404942137	-0.05536619446899862	0.05584121824990367	-0.06352666853956923	0.06384038687322698	-0.08028362810748942	0.09021027599757456	-0.09757204401170062	0.09512218208091822	-0.06993042018113235	0.23685342977878257	-0.16381632901699977	0.13531520347480314	-0.09022936612524678	0.06927044464379511	-0.4345072910674071	0.2568338360056398	-0.20334599254792374	0.10048824299147505	-0.0975914660104128	0.9999999999999971	-0.7651779941533906	0.19614224302229064	-0.1501338765432592	0.14831296549516185	-0.1282836960179656	0.16545929644294358	-0.11687755367070216	0.09033407674850907	-0.06687987652759954	0.0996998934933957	-0.13782754271799402	0.09459494324436638	-0.10124927168216434	0.06593674088448892
-0.04530008520129337	0.04699090382781302	-0.044051007594252775	0.0460119579029449	-0.06553796707260928	0.048186413598466954	-0.04719610056629011	0.051816672988453064	-0.054518837732828035	0.049134169468649055	-0.06724994058984464	0.05515834938047498	-0.05651247720017427	0.06468603337855898	-0.06564411035700056	0.07892302984715929	-0.09206286965437353	0.09642416436806156	-0.09953976105049105	0.07163833135822367	-0.2524379556617982	0.16004431470392214	-0.14367024424345537	0.09296072462503803	-0.07218819199692826	0.2628673314034287	-0.321118921575774	0.20923496725409396	-0.10942123574452156	0.1029812223987009	-0.7651779941533906	0.9999999999999974	-0.2898832145709758	0.1653529044046398	-0.1678740777477252	0.13555482224485108	-0.24282040369955504	0.1285013423151067	-0.10079347070756674	0.07259505673367754	-0.11250813190337738	0.1428273807519393	-0.10667165378530141	0.10718117366047282	-0.07221510248291103
0.052022099825444944	-0.05788059034046072	0.05478997565016217	-0.05857829258174845	0.08274155748182098	-0.05612015631041294	0.05734648393283767	-0.06581126746426252	0.07144784835526458	-0.06518619941018557	0.07003713776850966	-0.06783364734215142	0.07026402945202466	-0.08628057541523543	0.0872407918578636	-0.0824631157567646	0.10564998200838094	-0.11603653234302724	0.1332362586758872	-0.10248428350493738	0.18083844200292815	-0.1724005280667911	0.18757805181254708	-0.13137775678102254	0.10274107311400933	-0.16588147557493746	0.23496947427733503	-0.5007788175022941	0.20114009049715295	-0.19407878945890292	0.19614224302229064	-0.2898832145709758	0.9999999999999982	-0.6106052515768222	0.28744548545355625	-0.09035501507529455	0.12481800708421698	-0.11691560843726548	0.19619269352762328	-0.1418350197688313	0.08683285287287591	-0.12035737479597382	0.10189690802471363	-0.20887594050064098	0.12886752802254325
-0.043655097871315614	0.04860578889969317	-0.04647617975248142	0.04950284438598052	-0.07067499067878592	0.04665685404764116	-0.04847554850380157	0.05587099862986895	-0.06242166407141535	0.05672544872666548	-0.05850839929814069	0.05697364510679528	-0.0600275217553505	0.07509138431636293	-0.07714149321871447	0.06766665407656695	-0.08743601472553987	0.09375445241059532	-0.11974272110767024	0.09219207945836871	-0.15056474716763082	0.13448383048278528	-0.15313909942437293	0.11566895868651371	-0.09552344552521279	0.12454653878884574	-0.18913085133417104	0.2604239087127951	-0.27242397377628713	0.2141394085269564	-0.1501338765432592	0.1653529044046398	-0.6106052515768222	0.999999999999996	-0.4973570229333535	0.07763023102747932	-0.11158849385162752	0.11528116396141667	-0.3604024136582057	0.18242075074872102	-0.07979935814990076	0.10680467193804984	-0.10490123713274953	0.23530050588382126	-0.1711979493879538
0.0622884394447246	-0.07153442657059489	0.06796137196057549	-0.07366585272695733	0.10394407566619272	-0.06753904915351155	0.07031589360090475	-0.08192583414791221	0.08813820287406895	-0.08142008079524121	0.07983836079972005	-0.0834652445382724	0.08633665053369262	-0.10624564938511716	0.10796118652911472	-0.0934620227012967	0.1163878476549965	-0.12951722171347482	0.1567783752100975	-0.13275953367812848	0.17769802585999495	-0.17290981297927188	0.18536078920787324	-0.15270193632919674	0.1312980136912601	-0.14598507420187548	0.2148607734881426	-0.3207610198678444	0.2676049676368037	-0.38212706126582774	0.14831296549516185	-0.1678740777477252	0.28744548545355625	-0.4973570229333535	0.9999999999999968	-0.09222246739539038	0.12379705645915513	-0.12786399188813785	0.23138249720197723	-0.23330228549491033	0.09524309427711503	-0.13590324957929442	0.1158910486570122	-0.2740172724884857	0.1843399673069262
-0.020398046218046296	0.021846076121649165	-0.02074036111672142	0.021887169362128853	-0.03159080919793211	0.021664976868157142	-0.02188437655196701	0.024396050145088975	-0.025850288895213173	0.023281933432267272	-0.028398577137496453	0.02548100751229635	-0.02643422185115762	0.030275063466440284	-0.031173521083429932	0.03285489722127437	-0.03925974919414694	0.04137355854135903	-0.0457173878224121	0.03322739502170507	-0.08432435524968715	0.06151742417068868	-0.06015115452342606	0.041539143353688066	-0.03348166607680007	0.07699416266236064	-0.09861069252894375	0.0830960286578536	-0.052830218695518565	0.0503706312532005	-0.1282836960179656	0.13555482224485108	-0.09035501507529455	0.07763023102747932	-0.09222246739539038	0.9999999999999961	-0.5858377173152388	0.22226432163971407	-0.08269624648845188	0.05625574938838498	-0.684061566096707	0.2918313335343416	-0.22465250480081203	0.09006026230583697	-0.058955213531276675
0.027437571603481058	-0.029577727962977522	0.02800809408091384	-0.029653421124490185	0.04258810603819885	-0.029284299997588772	0.029527638797151947	-0.03302429440271232	0.03484367708833258	-0.0314710095491735	0.037953862971894646	-0.03450857358669786	0.03564327604027393	-0.040936763685545365	0.041988758677736646	-0.04425190359079098	0.05275426079669464	-0.056213626996541206	0.06141613192210416	-0.045120415383702484	0.11016730797973723	-0.08336603771673877	0.08069004550405817	-0.05628359150758176	0.04524118117646161	-0.10525268767936122	0.13009384097478846	-0.11610155645767319	0.07207113192178316	-0.06942604587087574	0.16545929644294358	-0.24282040369955504	0.12481800708421698	-0.11158849385162752	0.12379705645915513	-0.5858377173152388	0.9999999999999956	-0.48963844620117447	0.12198616442128374	-0.08301404831648272	0.29810004483291846	-0.4241861032227946	0.27525430316641	-0.133941090680731	0.08276166336243376
-0.023035448531268706	0.024943621347351667	-0.02375772671024113	0.02514483992208549	-0.036299604164019714	0.024479980988664694	-0.02496378887916826	0.02805061377394471	-0.03005084583590447	0.027106632103213627	-0.031587125476458214	0.029093276419743762	-0.03032572961621846	0.03529749928233807	-0.036418701145870834	0.03645328962093545	-0.04429632024322753	0.04683202580945353	-0.05364807950547814	0.039515225909070945	-0.08898943098727789	0.06823090093185268	-0.06923901386971414	0.049014178449773585	-0.03997043270702955	0.07803863257376352	-0.10539780103392468	0.09903760770463793	-0.0691716174713686	0.06571560280678912	-0.11687755367070216	0.1285013423151067	-0.11691560843726548	0.11528116396141667	-0.12786399188813785	0.22226432163971407	-0.48963844620117447	0.9999999999999951	-0.20040940024407058	0.10799733796503178	-0.2519383540151166	0.2935377150326084	-0.7156086634533113	0.1709017435109272	-0.11099314274076377
0.0278054037866947	-0.031000918945040118	0.029603134181653886	-0.03162034695747518	0.04524947798100274	-0.029754885409387328	0.03084628728635494	-0.035407175998669195	0.03875418553691526	-0.03525060572629567	0.0369177739476354	-0.03622225414443658	0.03793136653137291	-0.046223232950814985	0.047506895214304755	-0.04272781402469729	0.05395011580766622	-0.058137405984703586	0.07113164300194401	-0.055067314684334824	0.09243576938557292	-0.08168648362040366	0.08898248075514764	-0.06732697666962775	0.055831035256652235	-0.07671000017238962	0.11274308068252105	-0.14678234359974743	0.12009708980352052	-0.1161944969136363	0.09033407674850907	-0.10079347070756674	0.19619269352762328	-0.3604024136582057	0.23138249720197723	-0.08269624648845188	0.12198616442128374	-0.20040940024407058	0.9999999999999946	-0.5028293058559928	0.0881359384200058	-0.12115150061780526	0.15329083226373424	-0.6526923159697284	0.30659351481450836
-0.021635918986318295	0.024187259148538823	-0.02311801152783943	0.024717025902480858	-0.035397477684104894	0.023149978166702275	-0.024059585535986295	0.02765318479470624	-0.030285014881111277	0.027551247583975282	-0.028595999807284413	0.028247246757648135	-0.029605121289728878	0.0360776975721926	-0.0371457703382335	0.033045393630304086	-0.04170438254183064	0.044907684084934334	-0.05542215751734835	0.04303000103389275	-0.07068146929974155	0.062489119708206656	-0.06839178786581021	0.0521222141352262	-0.04369209595441239	0.05772229042101356	-0.0858576456483924	0.10846631405346253	-0.09291950027204922	0.09240089626713456	-0.06687987652759954	0.07259505673367754	-0.1418350197688313	0.18242075074872102	-0.23330228549491033	0.05625574938838498	-0.08301404831648272	0.10799733796503178	-0.5028293058559928	0.9999999999999949	-0.06139984896743575	0.0819821226361431	-0.10050201235015693	0.3166452640345853	-0.7582732489763973
0.02066938179591098	-0.022420299428128863	0.021316923872515017	-0.0226091639573595	0.03264055487944193	-0.02201488365308693	0.02238984308500663	-0.025103844179299527	0.02652908360174988	-0.02393449442405073	0.028165477914466663	-0.02610651391549016	0.02707886316970474	-0.031007527712683294	0.0319678105790758	-0.03261055771213787	0.039096506909372185	-0.04154464749734362	0.04629633976895706	-0.033929834233392714	0.07753458870686672	-0.059858875456966665	0.05946836468086783	-0.041934917949312124	0.03404848198550596	-0.0693593231782474	0.09052732775253965	-0.08282757223575314	0.05395457503212729	-0.05194018733164733	0.0996998934933957	-0.11250813190337738	0.08683285287287591	-0.07979935814990076	0.09524309427711503	-0.684061566096707	0.29810004483291846	-0.2519383540151166	0.0881359384200058	-0.06139984896743575	0.9999999999999951	-0.5768298761058614	0.2265452066831802	-0.10123459490491982	0.06328094551185591
-0.02820476809814528	0.030301009523451404	-0.02894337505399497	0.030528805839433844	-0.04443127080692925	0.029815597212857987	-0.030434581326605353	0.033980077637486325	-0.03628481514934893	0.032586643267913044	-0.038776247272731136	0.03528206591378199	-0.03689616357042181	0.04225096972929884	-0.04383535455983341	0.044437410485474504	-0.05365468258934941	0.05611275036227322	-0.06395319516801787	0.04617523136156122	-0.10970478878496029	0.08156535550681718	-0.08235810327688825	0.05737074813272889	-0.046760726913086845	0.09375649105653663	-0.12810026504342167	0.11031446909569986	-0.07454700729000295	0.07054948277259492	-0.13782754271799402	0.1428273807519393	-0.12035737479597382	0.10680467193804984	-0.13590324957929442	0.2918313335343416	-0.4241861032227946	0.2935377150326084	-0.12115150061780526	0.0819821226361431	-0.5768298761058614	0.9999999999999949	-0.532415274473595	0.13280809056789109	-0.08963628901661894
0.021357647103007433	-0.023276057615986185	0.022176253813636956	-0.023536153248235662	0.033968483449172034	-0.022737009277372287	0.023251037289941275	-0.02619420387258674	0.027972268427431828	-0.025261404735835845	0.02896838905342676	-0.027122363710449085	0.02824468712942949	-0.03282093025530382	0.033863035914861464	-0.033458761026038425	0.040659059288996574	-0.043204108386887256	0.04948188315709865	-0.03663899834522611	0.07846196119243602	-0.06191844730121	0.0631127539201184	-0.04515788538251996	0.03691561549910638	-0.06819887199310488	0.09256755220247312	-0.09074157559923356	0.0631665082727306	-0.06075148530125564	0.09459494324436638	-0.10667165378530141	0.10189690802471363	-0.10490123713274953	0.1158910486570122	-0.22465250480081203	0.27525430316641	-0.7156086634533113	0.15329083226373424	-0.10050201235015693	0.2265452066831802	-0.532415274473595	0.999999999999995	-0.1907900482661352	0.10319754797565364
