1.0	-0.24242000272531156	0.19609657272748401	-0.13279784428975636	0.0861353700680499	-0.24809814326930738	0.19030959214814266	-0.23250144961413913	0.0949023680694243	-0.06467528339899047	0.1500438157895956	-0.16842384468951357	0.14247487218332885	-0.08662311883767183	0.10339303028211089	-0.12442300223983631	0.1574033773050233	-0.17172350520208246	0.06492734518477122	-0.045891666735614914	0.1482888233515392	-0.11465158806422913	0.14217308665030895	-0.06695932103777509	0.04248384760944269	-0.09079902234896985	0.13908899885725218	-0.10073727574152476	0.04924017097006998	-0.050716622070598856	0.10446692710553421	-0.11038900177194226	0.08582766357106972	-0.04827430375598856	0.041060981338756936	-0.11278796023506088	0.07859282070809685	-0.07747977830169687	0.040389698924243114	-0.03532137617759384	0.07179052960021126	-0.053820325828445585	0.08481500664290391	-0.02853023242687013	0.029372157960882033
-0.24242000272531156	0.9999999999999994	-0.9087967636550917	0.06002323439304509	-0.04258617618462282	0.1591914195068976	-0.22719005197239442	0.16951839441386396	-0.050863290640096516	0.03381503706697401	-0.09318718657521852	0.10057080617491589	-0.09743035643888455	0.049870312685108775	-0.05774146712858372	0.06852291912239747	-0.08932480072277586	0.0951678514716631	-0.03402935794186151	0.02314560984790869	-0.08147608994836239	0.05870187745131706	-0.07213859011524174	0.03392573454540605	-0.021391834515676705	0.04522793136140444	-0.06786504916922417	0.04662389017890405	-0.022961923040087262	0.02342731918611036	-0.05200540794539832	0.050049363231332	-0.03945825251116203	0.0215685344044206	-0.018408643621591916	0.04737939571184175	-0.03462993364970358	0.03406434541407147	-0.018001723262341125	0.015719417314316995	-0.030751747183575057	0.02318509997447522	-0.036768387771223196	0.012473935582107628	-0.012856238723939234
0.19609657272748401	-0.9087967636550917	0.9999999999999996	-0.06702096521451678	0.046342971133006824	-0.1715791880695127	0.18647188637583187	-0.21334786455496343	0.05534477207849937	-0.036939390675145796	0.0968197298765566	-0.10935454495042922	0.10616647985235346	-0.054881773801832616	0.0623888714618149	-0.07314745401157077	0.09480266844481831	-0.10835955952483843	0.03774542421542103	-0.025775504017176095	0.08533380819654135	-0.06299144778712672	0.07664256928341541	-0.03789742968253066	0.023656393433555523	-0.048209975663285526	0.07233858728604964	-0.050380634720604646	0.025102990432818273	-0.02569620424280091	0.05511337683212908	-0.05414838262148966	0.04249844474191217	-0.023491343231563638	0.02002917554364623	-0.05169982381307621	0.03747507324762919	-0.03691388522260644	0.01956240801335235	-0.017122982742574375	0.03327011905480519	-0.025115935165553386	0.03973838023601463	-0.013548433170674482	0.013950469466991921
-0.13279784428975636	0.06002323439304509	-0.06702096521451678	1.0	-0.590654074489863	0.10106694893059708	-0.10028729249557827	0.16648014384405196	-0.5427499143306176	0.3238534958968567	-0.09205531997228004	0.10277291365096564	-0.17253302522280792	0.27224874872752536	-0.4252074405417676	0.0835774018358445	-0.12108526685134768	0.15832799128534636	-0.07031019213456922	0.04973067097630446	-0.10601150498779256	0.08358266325824824	-0.1066700544687427	0.06771905255749643	-0.04590966035624687	0.06268581287556069	-0.0998564690932444	0.06955534312916963	-0.03958329884496907	0.04034087699463254	-0.07355385343972301	0.07334399707592938	-0.05936226909933036	0.03469491073375503	-0.030065088232496893	0.06970795737270793	-0.05171410890088532	0.051156629654137906	-0.028763085184723453	0.02541705259627076	-0.04678037414990842	0.035053924712789834	-0.05608810110014467	0.019648049935373137	-0.020286397774026035
0.0861353700680499	-0.04258617618462282	0.046342971133006824	-0.590654074489863	0.9999999999999998	-0.07516440735995228	0.07184070357158141	-0.13267300607510935	0.29407329818756867	-0.6999638549695633	0.06372970476484276	-0.07452550308016019	0.12319251533425479	-0.2188406756154141	0.25562242680387487	-0.05750380297650515	0.08219384173785638	-0.12357906758084679	0.05151619598942817	-0.03675614986716113	0.06952217355879513	-0.05667102417970082	0.06982016370355452	-0.05123082336590203	0.032914424588445734	-0.04170347059624404	0.06549234117492919	-0.047285706316481865	0.027849389688411785	-0.028752332339305197	0.048025209325592386	-0.04989748588983842	0.03972050475502013	-0.023965403019779466	0.020641419726899077	-0.04791535797254356	0.0348000768211311	-0.03456643780984805	0.019656970583971593	-0.0175281347606244	0.030971793098392406	-0.023425756311520027	0.03713411558545199	-0.013320744054322403	0.013692790971293164
-0.24809814326930738	0.1591914195068976	-0.1715791880695127	0.10106694893059708	-0.07516440735995228	0.9999999999999989	-0.7244651103596691	0.2608894153645854	-0.09134702233608684	0.0603968677331867	-0.40682756781869034	0.2637083908399703	-0.18229695902835158	0.09045289687708358	-0.10589194127033782	0.18527197041623533	-0.2113466871083165	0.17798878302127413	-0.06436722385935052	0.04326299516837964	-0.21268912509907928	0.12892683595579765	-0.1550563799627644	0.06356655388323772	-0.040346914707832846	0.10356995676804255	-0.1456223095153185	0.09583397904396788	-0.044836915561361004	0.045458788003857685	-0.11818064250171201	0.10298910405670315	-0.0809040611187923	0.042367921653145485	-0.03606478466569016	0.09274156823517783	-0.06967477508638946	0.06816208989936724	-0.03546141084222292	0.030760315569887772	-0.060517853652239384	0.0458168439456941	-0.07278682401917397	0.0244518442334212	-0.025217325683361904
0.19030959214814266	-0.22719005197239442	0.18647188637583187	-0.10028729249557827	0.07184070357158141	-0.7244651103596691	0.9999999999999976	-0.43675235006227103	0.08949925085011798	-0.05924617801712422	0.24199969975145177	-0.28811380093296746	0.19254892199500276	-0.09301094348077359	0.10269147661204323	-0.15407956407751483	0.1841382766877457	-0.19585803165358948	0.06490802914863772	-0.04363319806620073	0.1643864461060588	-0.1143035634454436	0.1332938493749283	-0.06472190930754652	0.039857078680531025	-0.08679504919106243	0.12453717088258862	-0.08489630242638357	0.04160318156092893	-0.04248951164472177	0.09715810331076147	-0.0908100789401553	0.07081709319498046	-0.038342457218817565	0.032608396721224446	-0.08280147032947247	0.061256346877834676	-0.06024264630769569	0.031847015610761	-0.027843657620935464	0.05301238742288539	-0.04031569061626806	0.06373130528647007	-0.021826019682332165	0.022454995152203422
-0.23250144961413913	0.16951839441386396	-0.21334786455496343	0.16648014384405196	-0.13267300607510935	0.2608894153645854	-0.43675235006227103	0.9999999999999977	-0.18023195373945577	0.11283751899182369	-0.2181167424240109	0.21971043867793605	-0.5583321718424751	0.18806355817871945	-0.21222735151528763	0.17407501833569825	-0.2647954926672642	0.2913960886988721	-0.10374426872929407	0.0664482155366772	-0.22445332372991925	0.16177883515803682	-0.20712884046886	0.0968502315739368	-0.06206314476224866	0.12009741076192833	-0.18647453840916434	0.1221052207392704	-0.06166811708378751	0.06198358796707444	-0.14120085727523743	0.1280473699113447	-0.10397891598617812	0.05569845468129562	-0.047940051698434995	0.1151001506226494	-0.08804293283429522	0.08646734849126968	-0.04655377547693265	0.04054973200410271	-0.07760045142399424	0.058404019111261724	-0.09363399951558783	0.03184772731142358	-0.03292682427993487
0.0949023680694243	-0.050863290640096516	0.05534477207849937	-0.5427499143306176	0.29407329818756867	-0.09134702233608684	0.08949925085011798	-0.18023195373945577	0.9999999999999974	-0.4914602048933952	0.0771462093326651	-0.09088866385137039	0.18351126738007237	-0.5369434298565718	0.3256476891052399	-0.0692313446409202	0.10136556338003569	-0.17002355973005842	0.06852367764239403	-0.04686613163546824	0.0826693939850121	-0.06777343782882198	0.08253275102186348	-0.06679311631345408	0.04125878976154003	-0.048764777258298066	0.07639300207658806	-0.05487201015530527	0.033330982867398516	-0.034363436770462163	0.05594076370413567	-0.057410338800283255	0.04588050026279968	-0.02788229610949478	0.02403800312992181	-0.05422678471566146	0.039760258213451624	-0.03953129690885429	0.02277705270635694	-0.02036542333045261	0.035113541992466975	-0.026619668613281213	0.042234853599894026	-0.01530808470995352	0.015730426749745514
-0.06467528339899047	0.03381503706697401	-0.036939390675145796	0.3238534958968567	-0.6999638549695633	0.0603968677331867	-0.05924617801712422	0.11283751899182369	-0.4914602048933952	0.9999999999999978	-0.051631393696031	0.06030261976247534	-0.11898495922588656	0.24738270262472836	-0.3992198357758467	0.046361267597894426	-0.06782216908463662	0.10735238163088615	-0.04529225710248554	0.0319440504064299	-0.05584923367280775	0.04552095283571609	-0.05584973894817441	0.04384813064950788	-0.028414210292673523	0.032968202014889196	-0.051763802576439644	0.03711010743318528	-0.022496977399224852	0.023153641261283102	-0.03791304213402882	0.03886553775055619	-0.03109471516635945	0.01887052998202459	-0.01628628077473078	0.036772646026892994	-0.026966890977495064	0.026803152283314643	-0.015434947143161829	0.013790549586806975	-0.023859796702620006	0.018073758785442737	-0.02869075237969343	0.01038289436228236	-0.010673128130112786
0.1500438157895956	-0.09318718657521852	0.0968197298765566	-0.09205531997228004	0.06372970476484276	-0.40682756781869034	0.24199969975145177	-0.2181167424240109	0.0771462093326651	-0.051631393696031	0.9999999999999971	-0.6842738677871614	0.15354766362228545	-0.07854658642999308	0.08804131630070443	-0.4189039008279353	0.264486357501125	-0.19744527946416934	0.06594292048594241	-0.04481489354455984	0.25783736619632863	-0.1539931636228645	0.157621046797793	-0.06694576452151389	0.041053978519893	-0.12377164019504144	0.1518226102955352	-0.10382413850483355	0.04673081743297314	-0.04793703527574484	0.12675250211906164	-0.11356397022263807	0.08466630207614143	-0.04438916710770837	0.03723938150252392	-0.1007637736612161	0.0737289308520634	-0.0722806258276599	0.03681517668299709	-0.032047077492679536	0.06157348095132281	-0.04747297815153025	0.07407508056140796	-0.02521739738428786	0.025842508453916647
-0.16842384468951357	0.10057080617491589	-0.10935454495042922	0.10277291365096564	-0.07452550308016019	0.2637083908399703	-0.28811380093296746	0.21971043867793605	-0.09088866385137039	0.06030261976247534	-0.6842738677871614	0.9999999999999989	-0.19042246261085888	0.09196434410129571	-0.10533221810399077	0.2791225138273993	-0.425522324557535	0.21673690857094483	-0.07517289553800505	0.05008428621956867	-0.3002204192285105	0.19002849206621492	-0.20900296512031108	0.07441636009080413	-0.046623445073959414	0.13789403460555516	-0.19306624230659153	0.12314307923620049	-0.05411053790804934	0.05490050083317995	-0.1526945244988676	0.1314450360312007	-0.10163142865957298	0.05146898304555136	-0.043388023408999	0.11410552265265678	-0.08627294599877952	0.08430946651286828	-0.04296144926974347	0.037145505087895436	-0.07245038676634219	0.05550301035197577	-0.08755672118920366	0.029415468700291415	-0.03025296419713603
0.14247487218332885	-0.09743035643888455	0.10616647985235346	-0.17253302522280792	0.12319251533425479	-0.18229695902835158	0.19254892199500276	-0.5583321718424751	0.18351126738007237	-0.11898495922588656	0.15354766362228545	-0.19042246261085888	0.9999999999999977	-0.3222503544389866	0.21706594445393856	-0.13584223065530093	0.21694208438618595	-0.6079389755416601	0.12148596471915277	-0.07568421944113503	0.15443246234732225	-0.1300646499659537	0.1508704063969579	-0.1152982700643596	0.06559694001236159	-0.08642012005874203	0.13398749079879407	-0.09353115747035758	0.0544625147722911	-0.05571119341768887	0.09773415709460995	-0.09651739475245581	0.07709027727325467	-0.044977711678252895	0.03861439173039998	-0.08694032547091658	0.06517820251904832	-0.06469862391275022	0.036728337432294415	-0.03267702150098259	0.056174440176888975	-0.04286103998855237	0.06800367669399332	-0.02450251511599837	0.025176593146868993
-0.08662311883767183	0.049870312685108775	-0.054881773801832616	0.27224874872752536	-0.2188406756154141	0.09045289687708358	-0.09301094348077359	0.18806355817871945	-0.5369434298565718	0.24738270262472836	-0.07854658642999308	0.09196434410129571	-0.3222503544389866	0.9999999999999982	-0.6780122878966577	0.06993748757210717	-0.10731552296519033	0.18925866330948604	-0.08301299735050498	0.052302916962297163	-0.08331567853073264	0.06829582788461963	-0.0829088331243777	0.07414506783095567	-0.04571066772314803	0.04797315112822016	-0.07526878700316592	0.05348752082957709	-0.03392182308097004	0.03474987443232944	-0.054939698347661964	0.055369087555110136	-0.04456377256740863	0.027308221396345762	-0.02361041259068091	0.05124756367209764	-0.03806310313117219	0.037874418734741656	-0.022217994877043547	0.01991879600343171	-0.033308246964179326	0.025313846643588687	-0.04023209111353993	0.014772062382146041	-0.015179600416825114
0.10339303028211089	-0.05774146712858372	0.0623888714618149	-0.4252074405417676	0.25562242680387487	-0.10589194127033782	0.10269147661204323	-0.21222735151528763	0.3256476891052399	-0.3992198357758467	0.08804131630070443	-0.10533221810399077	0.21706594445393856	-0.6780122878966577	0.999999999999997	-0.07894499970970825	0.115993541415203	-0.20682947710754868	0.08328805195558303	-0.06025620796546575	0.09277633722588566	-0.07696958520181367	0.0925857513221998	-0.08142140653832249	0.051735218430207924	-0.0546891111607021	0.08537707311072092	-0.0618500374924702	0.03876970170956193	-0.040077955459253474	0.062367741018612685	-0.06444791611944405	0.051430153801703155	-0.03176530122215959	0.02738626608982538	-0.06063625772580904	0.04442349248808206	-0.044248334544865646	0.02582503141971346	-0.023187593572105987	0.03897708137187049	-0.029641310093254016	0.04695291598211851	-0.01724303918908333	0.017697594859538354
-0.12442300223983631	0.06852291912239747	-0.07314745401157077	0.0835774018358445	-0.05750380297650515	0.18527197041623533	-0.15407956407751483	0.17407501833569825	-0.0692313446409202	0.046361267597894426	-0.4189039008279353	0.2791225138273993	-0.13584223065530093	0.06993748757210717	-0.07894499970970825	0.9999999999999951	-0.417536150269719	0.19313735934439494	-0.06511960408410263	0.04387773139610825	-0.6944019497755829	0.18342692193252685	-0.18022402741264515	0.0657764810154051	-0.040528652604879416	0.18320778252945832	-0.18340336314175915	0.11653408498599364	-0.049264605912549275	0.050340479262087186	-0.18840835245590454	0.13129439540701357	-0.09548490766205911	0.047750040549824596	-0.03980069578230254	0.1114531291333089	-0.08321499935392887	0.08037314033761427	-0.0397616786752392	0.03432557556640304	-0.06762985284181443	0.05233446644893852	-0.08150758152409301	0.02723404334992701	-0.027904521626559476
0.1574033773050233	-0.08932480072277586	0.09480266844481831	-0.12108526685134768	0.08219384173785638	-0.2113466871083165	0.1841382766877457	-0.2647954926672642	0.10136556338003569	-0.06782216908463662	0.264486357501125	-0.425522324557535	0.21694208438618595	-0.10731552296519033	0.115993541415203	-0.417536150269719	0.9999999999999968	-0.4297513938292635	0.10708266273722582	-0.07052684676523116	0.2750520093275535	-0.43243452906725577	0.26506476545031726	-0.10795713900012181	0.06328165072430238	-0.1569881702459984	0.2373345214520728	-0.16488063560278443	0.07060824903077663	-0.07264751738088658	0.15746892361707213	-0.17048982959025374	0.12651502200191037	-0.06556144231393587	0.054503588506383226	-0.14495719244676325	0.10666659749437359	-0.1060599513532586	0.05385273774959114	-0.04700147770898202	0.08631133632127663	-0.06761293487826467	0.10469486093462577	-0.036325056114847584	0.03708267536072585
-0.17172350520208246	0.0951678514716631	-0.10835955952483843	0.15832799128534636	-0.12357906758084679	0.17798878302127413	-0.19585803165358948	0.2913960886988721	-0.17002355973005842	0.10735238163088615	-0.19744527946416934	0.21673690857094483	-0.6079389755416601	0.18925866330948604	-0.20682947710754868	0.19313735934439494	-0.4297513938292635	0.9999999999999971	-0.2174457572964851	0.10606984976906633	-0.2336491253283646	0.198409936168124	-0.24362658961808212	0.16024000531863206	-0.09621759005955632	0.12529794292715024	-0.20294738739689244	0.13491521951793278	-0.07788702767333716	0.07779403658241246	-0.14377898226321248	0.13694728977141415	-0.11181141685766524	0.06320633368320878	-0.054601550440794594	0.11997568732424	-0.09230234568016107	0.09138314800589376	-0.051896652332646995	0.04588144433230317	-0.07918122327848778	0.060319554750955975	-0.09634090435321978	0.03445659327863529	-0.03550263812660058
0.06492734518477122	-0.03402935794186151	0.03774542421542103	-0.07031019213456922	0.05151619598942817	-0.06436722385935052	0.06490802914863772	-0.10374426872929407	0.06852367764239403	-0.04529225710248554	0.06594292048594241	-0.07517289553800505	0.12148596471915277	-0.08301299735050498	0.08328805195558303	-0.06511960408410263	0.10708266273722582	-0.2174457572964851	0.9999999999999951	-0.4349602778785731	0.07887298471507503	-0.07495979237776308	0.0961369456334655	-0.7883599662063013	0.2872403068259369	-0.04939662450279475	0.08396515091015336	-0.0755963815309895	0.13690784143331633	-0.14192565224903353	0.0567269556910128	-0.06616363885501207	0.06125809353509718	-0.0691438330317359	0.06133894829152401	-0.060334572300176005	0.04727534140829776	-0.05004703645921416	0.05048586785622482	-0.05002743442194903	0.040472013735311146	-0.031499706816269686	0.05117000612515822	-0.02867062683809118	0.02908036133699444
-0.045891666735614914	0.02314560984790869	-0.025775504017176095	0.04973067097630446	-0.03675614986716113	0.04326299516837964	-0.04363319806620073	0.0664482155366772	-0.04686613163546824	0.0319440504064299	-0.04481489354455984	0.05008428621956867	-0.07568421944113503	0.052302916962297163	-0.06025620796546575	0.04387773139610825	-0.07052684676523116	0.10606984976906633	-0.4349602778785731	0.9999999999999939	-0.054823095518270554	0.05055359179475483	-0.06687524221100981	0.2882682807797518	-0.8371198835242605	0.0347675053186786	-0.06005554194139001	0.05371561464042184	-0.10380546900702414	0.10428512344780948	-0.04039305632030252	0.04715325387248429	-0.04464990417571833	0.05002716072352896	-0.04827836809294247	0.04336334126804527	-0.034335475381916745	0.03640595230760506	-0.038582658194743276	0.037118032938254025	-0.029782825236447513	0.023066145574657606	-0.03777502684190839	0.021471236769670214	-0.022068995402013396
0.1482888233515392	-0.08147608994836239	0.08533380819654135	-0.10601150498779256	0.06952217355879513	-0.21268912509907928	0.1643864461060588	-0.22445332372991925	0.0826693939850121	-0.05584923367280775	0.25783736619632863	-0.3002204192285105	0.15443246234732225	-0.08331567853073264	0.09277633722588566	-0.6944019497755829	0.2750520093275535	-0.2336491253283646	0.07887298471507503	-0.054823095518270554	0.999999999999995	-0.20509148552393894	0.18955495497144095	-0.08238768229014161	0.05004158700635954	-0.3348629287985205	0.2075046826385992	-0.14495093297862385	0.06156015496743992	-0.06370902190355532	0.2288172604644103	-0.17199691638415276	0.11717206890264291	-0.0604278701802316	0.04994772646490173	-0.14855721758465446	0.1059308401389952	-0.10255545180278282	0.0500227793462106	-0.04341585579870641	0.08495766841860096	-0.06646108011127409	0.10174034272720503	-0.034351842951944996	0.035030533326256046
-0.11465158806422913	0.05870187745131706	-0.06299144778712672	0.08358266325824824	-0.05667102417970082	0.12892683595579765	-0.1143035634454436	0.16177883515803682	-0.06777343782882198	0.04552095283571609	-0.1539931636228645	0.19002849206621492	-0.1300646499659537	0.06829582788461963	-0.07696958520181367	0.18342692193252685	-0.43243452906725577	0.198409936168124	-0.07495979237776308	0.05055359179475483	-0.20509148552393894	0.999999999999994	-0.6507349358807873	0.07775272805234863	-0.04833526818866622	0.1552170724159765	-0.48022869231260373	0.22297104999042716	-0.07295491213052319	0.07332926574335522	-0.1587278720614399	0.20724738669331563	-0.1641872124013273	0.07113843562331855	-0.05810821882549561	0.15667193699959114	-0.12410230860334717	0.12339431113706577	-0.058981578986140384	0.05014533687349628	-0.09439413557379195	0.07517877868221522	-0.11709925729687379	0.039244627998830384	-0.04009051926560537
0.14217308665030895	-0.07213859011524174	0.07664256928341541	-0.1066700544687427	0.06982016370355452	-0.1550563799627644	0.1332938493749283	-0.20712884046886	0.08253275102186348	-0.05584973894817441	0.157621046797793	-0.20900296512031108	0.1508704063969579	-0.0829088331243777	0.0925857513221998	-0.18022402741264515	0.26506476545031726	-0.24362658961808212	0.0961369456334655	-0.06687524221100981	0.18955495497144095	-0.6507349358807873	0.9999999999999926	-0.10598073863255246	0.0639522717324509	-0.16164575656408295	0.30961096125484894	-0.3971140240073306	0.10367853007351938	-0.10644492695490508	0.16566161070685606	-0.27604586589240493	0.2203327956838336	-0.09990228697266089	0.07981462905334805	-0.21766248421478324	0.16261812923547597	-0.17190219250974664	0.08099312933457821	-0.0697066384239657	0.12266828792926966	-0.10016264603248615	0.15243926455939996	-0.05324888283723252	0.053894452137222534
-0.06695932103777509	0.03392573454540605	-0.03789742968253066	0.06771905255749643	-0.05123082336590203	0.06356655388323772	-0.06472190930754652	0.0968502315739368	-0.06679311631345408	0.04384813064950788	-0.06694576452151389	0.07441636009080413	-0.1152982700643596	0.07414506783095567	-0.08142140653832249	0.0657764810154051	-0.10795713900012181	0.16024000531863206	-0.7883599662063013	0.2882682807797518	-0.08238768229014161	0.07775272805234863	-0.10598073863255246	0.9999999999999922	-0.4297352948808258	0.051946605274118894	-0.0902761361424823	0.0821675016893776	-0.1947298734723977	0.15487336252156036	-0.06028875733482438	0.07027650573372148	-0.0674972605285944	0.07699247824833297	-0.07004449425209237	0.06386807272840606	-0.050919275083687564	0.054039433619614746	-0.05752677526493812	0.05516325121514327	-0.043835448434406975	0.034010254566317975	-0.055744772792204286	0.03164469327019964	-0.03242107111705002
0.04248384760944269	-0.021391834515676705	0.023656393433555523	-0.04590966035624687	0.032914424588445734	-0.040346914707832846	0.039857078680531025	-0.06206314476224866	0.04125878976154003	-0.028414210292673523	0.041053978519893	-0.046623445073959414	0.06559694001236159	-0.04571066772314803	0.051735218430207924	-0.040528652604879416	0.06328165072430238	-0.09621759005955632	0.2872403068259369	-0.8371198835242605	0.05004158700635954	-0.04833526818866622	0.0639522717324509	-0.4297352948808258	0.9999999999999979	-0.03305327059275458	0.0577251477308955	-0.05582407388928471	0.11980176890880287	-0.13753472007423262	0.03821922495487625	-0.04726669096647465	0.04567404510730957	-0.05738172466166646	0.05457462409481509	-0.04372384144914922	0.03462997967904976	-0.0373173804490221	0.04284756130539276	-0.04266398144817178	0.02978374945927385	-0.023263981803695967	0.03810256078456073	-0.023570393680396984	0.024009847896134584
-0.09079902234896985	0.04522793136140444	-0.048209975663285526	0.06268581287556069	-0.04170347059624404	0.10356995676804255	-0.08679504919106243	0.12009741076192833	-0.048764777258298066	0.032968202014889196	-0.12377164019504144	0.13789403460555516	-0.08642012005874203	0.04797315112822016	-0.0546891111607021	0.18320778252945832	-0.1569881702459984	0.12529794292715024	-0.04939662450279475	0.0347675053186786	-0.3348629287985205	0.1552170724159765	-0.16164575656408295	0.051946605274118894	-0.03305327059275458	0.9999999999999946	-0.3107173104731261	0.14537885175536747	-0.052832863487462446	0.053721673122093146	-0.8202912377019757	0.20533278373521086	-0.12831734925003402	0.05632636958198136	-0.04603889174904687	0.1519460381545605	-0.12048767768459374	0.10720458903422327	-0.047804447413342555	0.04013519534344222	-0.08946745200417233	0.0693028475595677	-0.10701806750211873	0.033111676665937076	-0.033935789875878274
0.13908899885725218	-0.06786504916922417	0.07233858728604964	-0.0998564690932444	0.06549234117492919	-0.1456223095153185	0.12453717088258862	-0.18647453840916434	0.07639300207658806	-0.051763802576439644	0.1518226102955352	-0.19306624230659153	0.13398749079879407	-0.07526878700316592	0.08537707311072092	-0.18340336314175915	0.2373345214520728	-0.20294738739689244	0.08396515091015336	-0.06005554194139001	0.2075046826385992	-0.48022869231260373	0.30961096125484894	-0.0902761361424823	0.0577251477308955	-0.3107173104731261	0.9999999999999909	-0.3842338320174243	0.10619517909064996	-0.1095090385723671	0.24514265980514813	-0.4570805408181	0.25150467040419394	-0.1103767204811415	0.08738546414429987	-0.2761277756994078	0.2132858035514095	-0.20935803489058158	0.09088973098998902	-0.07712841143545215	0.14849060274211018	-0.12289231340008556	0.1825999237124145	-0.06072035903549375	0.061385934509983364
-0.10073727574152476	0.04662389017890405	-0.050380634720604646	0.06955534312916963	-0.047285706316481865	0.09583397904396788	-0.08489630242638357	0.1221052207392704	-0.05487201015530527	0.03711010743318528	-0.10382413850483355	0.12314307923620049	-0.09353115747035758	0.05348752082957709	-0.0618500374924702	0.11653408498599364	-0.16488063560278443	0.13491521951793278	-0.0755963815309895	0.05371561464042184	-0.14495093297862385	0.22297104999042716	-0.3971140240073306	0.0821675016893776	-0.05582407388928471	0.14537885175536747	-0.3842338320174243	0.999999999999992	-0.17874233794722663	0.14489002547937513	-0.170620837779907	0.28633665809564446	-0.6637349048267948	0.14249686324046446	-0.11566301372313013	0.21340625779576783	-0.2131484792783706	0.2352385445283124	-0.11931422401098228	0.09498742575658288	-0.16062695823748635	0.1269815577323593	-0.22183933283291293	0.07196417075001113	-0.07469508588425502
0.04924017097006998	-0.022961923040087262	0.025102990432818273	-0.03958329884496907	0.027849389688411785	-0.044836915561361004	0.04160318156092893	-0.06166811708378751	0.033330982867398516	-0.022496977399224852	0.04673081743297314	-0.05411053790804934	0.0544625147722911	-0.03392182308097004	0.03876970170956193	-0.049264605912549275	0.07060824903077663	-0.07788702767333716	0.13690784143331633	-0.10380546900702414	0.06156015496743992	-0.07295491213052319	0.10367853007351938	-0.1947298734723977	0.11980176890880287	-0.052832863487462446	0.10619517909064996	-0.17874233794722663	0.9999999999999922	-0.8543284306245407	0.06167319328398005	-0.10098322733471202	0.126791800341218	-0.2894186640981844	0.21560126456470735	-0.09178672401026648	0.07950346983356125	-0.09421510467491881	0.16894403768600996	-0.17436832823213308	0.06552089749925652	-0.05304633442585703	0.08986840099413722	-0.08088733012311221	0.08073306015378422
-0.050716622070598856	0.02342731918611036	-0.02569620424280091	0.04034087699463254	-0.028752332339305197	0.045458788003857685	-0.04248951164472177	0.06198358796707444	-0.034363436770462163	0.023153641261283102	-0.04793703527574484	0.05490050083317995	-0.05571119341768887	0.03474987443232944	-0.040077955459253474	0.050340479262087186	-0.07264751738088658	0.07779403658241246	-0.14192565224903353	0.10428512344780948	-0.06370902190355532	0.07332926574335522	-0.10644492695490508	0.15487336252156036	-0.13753472007423262	0.053721673122093146	-0.1095090385723671	0.14489002547937513	-0.8543284306245407	0.9999999999999928	-0.06345507438874842	0.09857674660973592	-0.1243268338659069	0.2207154701049729	-0.30475146721811924	0.09118262503375006	-0.08036904111844377	0.09316198905890745	-0.17978277968171574	0.17361197943190432	-0.06822050988355385	0.054346906361707574	-0.09365088388875273	0.08177480123316637	-0.08641357518905327
0.10446692710553421	-0.05200540794539832	0.05511337683212908	-0.07355385343972301	0.048025209325592386	-0.11818064250171201	0.09715810331076147	-0.14120085727523743	0.05594076370413567	-0.03791304213402882	0.12675250211906164	-0.1526945244988676	0.09773415709460995	-0.054939698347661964	0.062367741018612685	-0.18840835245590454	0.15746892361707213	-0.14377898226321248	0.0567269556910128	-0.04039305632030252	0.2288172604644103	-0.1587278720614399	0.16566161070685606	-0.06028875733482438	0.03821922495487625	-0.8202912377019757	0.24514265980514813	-0.170620837779907	0.06167319328398005	-0.06345507438874842	0.9999999999999889	-0.294139747399752	0.14789434463548964	-0.06684296044342992	0.05393412191084668	-0.2045925466002684	0.1469843989379668	-0.1311973374515211	0.056363358779796056	-0.04750886502779024	0.10550516938495634	-0.08348719053127567	0.12506811980256843	-0.039050513536764364	0.039774914453365146
-0.11038900177194226	0.050049363231332	-0.05414838262148966	0.07334399707592938	-0.04989748588983842	0.10298910405670315	-0.0908100789401553	0.1280473699113447	-0.057410338800283255	0.03886553775055619	-0.11356397022263807	0.1314450360312007	-0.09651739475245581	0.055369087555110136	-0.06444791611944405	0.13129439540701357	-0.17048982959025374	0.13694728977141415	-0.06616363885501207	0.04715325387248429	-0.17199691638415276	0.20724738669331563	-0.27604586589240493	0.07027650573372148	-0.04726669096647465	0.20533278373521086	-0.4570805408181	0.28633665809564446	-0.10098322733471202	0.09857674660973592	-0.294139747399752	0.9999999999999905	-0.4502305742247482	0.12283392364171913	-0.09901612197566063	0.2865089887955581	-0.4737275971801806	0.2805797436389783	-0.10972156463654639	0.08562808021836364	-0.21100695258110072	0.16810948420460553	-0.2677001939656701	0.07375010150641416	-0.07629670939988278
0.08582766357106972	-0.03945825251116203	0.04249844474191217	-0.05936226909933036	0.03972050475502013	-0.0809040611187923	0.07081709319498046	-0.10397891598617812	0.04588050026279968	-0.03109471516635945	0.08466630207614143	-0.10163142865957298	0.07709027727325467	-0.04456377256740863	0.051430153801703155	-0.09548490766205911	0.12651502200191037	-0.11181141685766524	0.06125809353509718	-0.04464990417571833	0.11717206890264291	-0.1641872124013273	0.2203327956838336	-0.0674972605285944	0.04567404510730957	-0.12831734925003402	0.25150467040419394	-0.6637349048267948	0.126791800341218	-0.1243268338659069	0.14789434463548964	-0.4502305742247482	0.9999999999999888	-0.17109431891134738	0.1126620107030741	-0.2421514139516321	0.24857698847573886	-0.40102699097438815	0.12871163684382497	-0.0983892360712502	0.15768667687153062	-0.13764589810322775	0.22307615303167466	-0.07414012460630633	0.07464104742913066
-0.04827430375598856	0.0215685344044206	-0.023491343231563638	0.03469491073375503	-0.023965403019779466	0.042367921653145485	-0.038342457218817565	0.05569845468129562	-0.02788229610949478	0.01887052998202459	-0.04438916710770837	0.05146898304555136	-0.044977711678252895	0.027308221396345762	-0.03176530122215959	0.047750040549824596	-0.06556144231393587	0.06320633368320878	-0.0691438330317359	0.05002716072352896	-0.0604278701802316	0.07113843562331855	-0.09990228697266089	0.07699247824833297	-0.05738172466166646	0.05632636958198136	-0.1103767204811415	0.14249686324046446	-0.2894186640981844	0.2207154701049729	-0.06684296044342992	0.12283392364171913	-0.17109431891134738	0.9999999999999886	-0.4881307024127857	0.1189884766620789	-0.11360397015073948	0.14589956695935435	-0.692289614181675	0.30955148279882305	-0.09141760804035115	0.0757474624684312	-0.13551317303097188	0.16548774786191695	-0.18092653124783242
0.041060981338756936	-0.018408643621591916	0.02002917554364623	-0.030065088232496893	0.020641419726899077	-0.03606478466569016	0.032608396721224446	-0.047940051698434995	0.02403800312992181	-0.01628628077473078	0.03723938150252392	-0.043388023408999	0.03861439173039998	-0.02361041259068091	0.02738626608982538	-0.03980069578230254	0.054503588506383226	-0.054601550440794594	0.06133894829152401	-0.04827836809294247	0.04994772646490173	-0.05810821882549561	0.07981462905334805	-0.07004449425209237	0.05457462409481509	-0.04603889174904687	0.08738546414429987	-0.11566301372313013	0.21560126456470735	-0.30475146721811924	0.05393412191084668	-0.09901612197566063	0.1126620107030741	-0.4881307024127857	0.9999999999999905	-0.10120166530329211	0.08576390384173482	-0.11031717187797167	0.31019982198222446	-0.7116643176892482	0.07089358592324982	-0.06029276223742878	0.10285942212599854	-0.17164095656053807	0.16254902573850513
-0.11278796023506088	0.04737939571184175	-0.05169982381307621	0.06970795737270793	-0.04791535797254356	0.09274156823517783	-0.08280147032947247	0.1151001506226494	-0.05422678471566146	0.036772646026892994	-0.1007637736612161	0.11410552265265678	-0.08694032547091658	0.05124756367209764	-0.06063625772580904	0.1114531291333089	-0.14495719244676325	0.11997568732424	-0.060334572300176005	0.04336334126804527	-0.14855721758465446	0.15667193699959114	-0.21766248421478324	0.06386807272840606	-0.04372384144914922	0.1519460381545605	-0.2761277756994078	0.21340625779576783	-0.09178672401026648	0.09118262503375006	-0.2045925466002684	0.2865089887955581	-0.2421514139516321	0.1189884766620789	-0.10120166530329211	0.9999999999999903	-0.5379317270439355	0.2996748975879449	-0.11252461366271797	0.09021380562910981	-0.45980471240548604	0.27468307592363994	-0.4312517483606734	0.094559355308998	-0.09943936415395468
0.07859282070809685	-0.03462993364970358	0.03747507324762919	-0.05171410890088532	0.0348000768211311	-0.06967477508638946	0.061256346877834676	-0.08804293283429522	0.039760258213451624	-0.026966890977495064	0.0737289308520634	-0.08627294599877952	0.06517820251904832	-0.03806310313117219	0.04442349248808206	-0.08321499935392887	0.10666659749437359	-0.09230234568016107	0.04727534140829776	-0.034335475381916745	0.1059308401389952	-0.12410230860334717	0.16261812923547597	-0.050919275083687564	0.03462997967904976	-0.12048767768459374	0.2132858035514095	-0.2131484792783706	0.07950346983356125	-0.08036904111844377	0.1469843989379668	-0.4737275971801806	0.24857698847573886	-0.11360397015073948	0.08576390384173482	-0.5379317270439355	0.9999999999999899	-0.5566610776196041	0.10641514703789132	-0.0819718522639588	0.23955939489300207	-0.2533908912243353	0.2934772904576619	-0.07404246892802546	0.07377702911296438
-0.07747977830169687	0.03406434541407147	-0.03691388522260644	0.051156629654137906	-0.03456643780984805	0.06816208989936724	-0.06024264630769569	0.08646734849126968	-0.03953129690885429	0.026803152283314643	-0.0722806258276599	0.08430946651286828	-0.06469862391275022	0.037874418734741656	-0.044248334544865646	0.08037314033761427	-0.1060599513532586	0.09138314800589376	-0.05004703645921416	0.03640595230760506	-0.10255545180278282	0.12339431113706577	-0.17190219250974664	0.054039433619614746	-0.0373173804490221	0.10720458903422327	-0.20935803489058158	0.2352385445283124	-0.09421510467491881	0.09316198905890745	-0.1311973374515211	0.2805797436389783	-0.40102699097438815	0.14589956695935435	-0.11031717187797167	0.2996748975879449	-0.5566610776196041	0.9999999999999893	-0.1644991006303261	0.10700045147366304	-0.2602813166668999	0.22960779090660022	-0.5388671163275416	0.09944280492458579	-0.10017303832544922
0.040389698924243114	-0.018001723262341125	0.01956240801335235	-0.028763085184723453	0.019656970583971593	-0.03546141084222292	0.031847015610761	-0.04655377547693265	0.02277705270635694	-0.015434947143161829	0.03681517668299709	-0.04296144926974347	0.036728337432294415	-0.022217994877043547	0.02582503141971346	-0.0397616786752392	0.05385273774959114	-0.051896652332646995	0.05048586785622482	-0.038582658194743276	0.0500227793462106	-0.058981578986140384	0.08099312933457821	-0.05752677526493812	0.04284756130539276	-0.047804447413342555	0.09088973098998902	-0.11931422401098228	0.16894403768600996	-0.17978277968171574	0.056363358779796056	-0.10972156463654639	0.12871163684382497	-0.692289614181675	0.31019982198222446	-0.11252461366271797	0.10641514703789132	-0.1644991006303261	0.9999999999999897	-0.5351635914992848	0.08183536696452891	-0.0713734541395911	0.12625592763515764	-0.2420192998694603	0.19699088566790124
-0.03532137617759384	0.015719417314316995	-0.017122982742574375	0.02541705259627076	-0.0175281347606244	0.030760315569887772	-0.027843657620935464	0.04054973200410271	-0.02036542333045261	0.013790549586806975	-0.032047077492679536	0.037145505087895436	-0.03267702150098259	0.01991879600343171	-0.023187593572105987	0.03432557556640304	-0.04700147770898202	0.04588144433230317	-0.05002743442194903	0.037118032938254025	-0.04341585579870641	0.05014533687349628	-0.0697066384239657	0.05516325121514327	-0.04266398144817178	0.04013519534344222	-0.07712841143545215	0.09498742575658288	-0.17436832823213308	0.17361197943190432	-0.04750886502779024	0.08562808021836364	-0.0983892360712502	0.30955148279882305	-0.7116643176892482	0.09021380562910981	-0.0819718522639588	0.10700045147366304	-0.5351635914992848	0.9999999999999892	-0.06795574353567631	0.057720343982139224	-0.10345279801371554	0.19112542488661546	-0.2405544078229898
0.07179052960021126	-0.030751747183575057	0.03327011905480519	-0.04678037414990842	0.030971793098392406	-0.060517853652239384	0.05301238742288539	-0.07760045142399424	0.035113541992466975	-0.023859796702620006	0.06157348095132281	-0.07245038676634219	0.056174440176888975	-0.033308246964179326	0.03897708137187049	-0.06762985284181443	0.08631133632127663	-0.07918122327848778	0.040472013735311146	-0.029782825236447513	0.08495766841860096	-0.09439413557379195	0.12266828792926966	-0.043835448434406975	0.02978374945927385	-0.08946745200417233	0.14849060274211018	-0.16062695823748635	0.06552089749925652	-0.06822050988355385	0.10550516938495634	-0.21100695258110072	0.15768667687153062	-0.09141760804035115	0.07089358592324982	-0.45980471240548604	0.23955939489300207	-0.2602813166668999	0.08183536696452891	-0.06795574353567631	0.9999999999999893	-0.7529851170225476	0.3009827403391096	-0.07134409258350566	0.06824522411554901
-0.053820325828445585	0.02318509997447522	-0.025115935165553386	0.035053924712789834	-0.023425756311520027	0.0458168439456941	-0.04031569061626806	0.058404019111261724	-0.026619668613281213	0.018073758785442737	-0.04747297815153025	0.05550301035197577	-0.04286103998855237	0.025313846643588687	-0.029641310093254016	0.05233446644893852	-0.06761293487826467	0.060319554750955975	-0.031499706816269686	0.023066145574657606	-0.06646108011127409	0.07517877868221522	-0.10016264603248615	0.034010254566317975	-0.023263981803695967	0.0693028475595677	-0.12289231340008556	0.1269815577323593	-0.05304633442585703	0.054346906361707574	-0.08348719053127567	0.16810948420460553	-0.13764589810322775	0.0757474624684312	-0.06029276223742878	0.27468307592363994	-0.2533908912243353	0.22960779090660022	-0.0713734541395911	0.057720343982139224	-0.7529851170225476	0.9999999999999898	-0.5166826720321073	0.07037463377167277	-0.06914737157174304
0.08481500664290391	-0.036768387771223196	0.03973838023601463	-0.05608810110014467	0.03713411558545199	-0.07278682401917397	0.06373130528647007	-0.09363399951558783	0.042234853599894026	-0.02869075237969343	0.07407508056140796	-0.08755672118920366	0.06800367669399332	-0.04023209111353993	0.04695291598211851	-0.08150758152409301	0.10469486093462577	-0.09634090435321978	0.05117000612515822	-0.03777502684190839	0.10174034272720503	-0.11709925729687379	0.15243926455939996	-0.055744772792204286	0.03810256078456073	-0.10701806750211873	0.1825999237124145	-0.22183933283291293	0.08986840099413722	-0.09365088388875273	0.12506811980256843	-0.2677001939656701	0.22307615303167466	-0.13551317303097188	0.10285942212599854	-0.4312517483606734	0.2934772904576619	-0.5388671163275416	0.12625592763515764	-0.10345279801371554	0.3009827403391096	-0.5166826720321073	0.9999999999999901	-0.14340729336794367	0.12163505768925592
