1.0	-0.8258431166230272	0.25357940046614164	-0.2332884628587789	0.13383913755828547	-0.20151713506605443	0.23046338436028865	-0.2317293179314284	0.14759272425607584	-0.1658717436336161	0.13297873276970737	-0.21415343664238504	0.08654298520593233	-0.14914434169130178	0.11571978708292668	-0.07207159569317688	0.07640359773812899	-0.07205349806828165	0.11125917339202548	-0.1014278332950836	0.06418023794756228	-0.07194814577072582	0.073210688371301	-0.05110374465558204	0.05852623317991788	-0.05791887667292292	0.06038306508700694	-0.05405720322538295	0.058072412475537606	-0.038912062577834396	0.036231110282517964	-0.04083325331973115	0.0523427552889328	-0.042302668785907944	0.03996372421252209	-0.03701217050116719	0.04048725867231938	-0.047731792233758306	0.05405232709185776	-0.025885597683795548	0.030615841960309642	-0.02868170595683715	0.03814792599417381	-0.03317207644777269	0.02272214220172126
-0.8258431166230272	0.9999999999999996	-0.36164293748856624	0.19362773001269054	-0.11581230052024791	0.1641014490616781	-0.2919545501411634	0.17614981887557152	-0.12203467048847859	0.1276612899963097	-0.11164615029520515	0.16102537042735554	-0.06825334883216816	0.1139888824823622	-0.09268654785178357	0.05662445582901475	-0.059592293909450575	0.05617520156363045	-0.08833935441839903	0.07799698972617156	-0.050803358739856384	0.05554495242508163	-0.05701616985400583	0.03981811144678776	-0.0456905751245053	0.04487396439858583	-0.04704716664741882	0.041938668405797346	-0.0451301162850993	0.030178302712004276	-0.028076699531184992	0.031572617548481466	-0.04063941741387559	0.03281741447173075	-0.03102845475053855	0.028589102085667197	-0.031354723967875024	0.03694968638947921	-0.04193202569294765	0.019987053557088134	-0.02369212096023816	0.022169402339282225	-0.029527545069027782	0.025644035869504166	-0.017565735259103606
0.25357940046614164	-0.36164293748856624	0.9999999999999997	-0.6806498413315072	0.2487055271339213	-0.1172107527177865	0.15663730495448516	-0.3916339427777405	0.25755268354481664	-0.2925693196942574	0.09456777397549156	-0.13900303504987008	0.1024953077380398	-0.2217144285525519	0.16669281332395444	-0.05840581784931117	0.0672477444616143	-0.08251672696451705	0.1433461050691355	-0.13232837023265048	0.05423998550574115	-0.06376983885689465	0.07570748182239646	-0.05693143014650663	0.06543490967582227	-0.052001058078094714	0.05557836761040966	-0.054792037791281806	0.06082582185103539	-0.04111345955529153	0.03422434160713706	-0.038949110804775415	0.05332391652373316	-0.04391273426478898	0.04204319313751999	-0.03537224328690036	0.03940364151022799	-0.04833715938347051	0.05555651570989009	-0.026299604884643356	0.030039655374832296	-0.028125630430694715	0.038573569042097564	-0.0335215299520875	0.023155176221157574
-0.2332884628587789	0.19362773001269054	-0.6806498413315072	0.9999999999999996	-0.4527462937967993	0.08910970938193147	-0.12814654348734553	0.2726716239127745	-0.3595790479514463	0.2810528595454488	-0.07790729810049157	0.10839594120159557	-0.09642773069557217	0.20510140549612324	-0.17349355923926324	0.04954978873448013	-0.05850084947136488	0.07585935723454655	-0.14130225455210457	0.12236514601521954	-0.04669141279583553	0.05533061176924273	-0.06878804801545783	0.05272719602189967	-0.06087981246615682	0.04524992227830685	-0.04883630878616907	0.049330438025421405	-0.05536364558084562	0.03741141577575363	-0.03019438238571945	0.03441389704749265	-0.04811995305526982	0.03979650106568792	-0.038276606945475945	0.03124616595048313	-0.035036957222489014	0.043432054165922995	-0.05021764915323569	0.023595098951997948	-0.026753540026181813	0.025025923511467114	-0.0346390513021089	0.030066408626514406	-0.020814415398524758
0.13383913755828547	-0.11581230052024791	0.2487055271339213	-0.4527462937967993	0.9999999999999998	-0.0690519591915256	0.09367949947029083	-0.25401707035947463	0.23767966001849228	-0.7829199056848885	0.06349093813487927	-0.09022802574406166	0.08741738514562329	-0.20649632346220304	0.18116743377101133	-0.04310411347789378	0.05182212306435621	-0.07030141243104462	0.13022680802824402	-0.13481835092249228	0.040830306053740224	-0.04942987185097561	0.06288032876170624	-0.04944210071812215	0.05692644973391059	-0.04052881487877636	0.0437678032479358	-0.045196399769135205	0.05089067551302231	-0.034671792175316414	0.027299901491375	-0.03122984943877009	0.04400444628355408	-0.036623362719461094	0.035286783007519654	-0.028384611517444605	0.03185657853147099	-0.03984021545617261	0.04600425293181275	-0.021710097333623137	0.024364842807951946	-0.022822214442501453	0.03169839989120046	-0.027579881995844418	0.019122035598970646
-0.20151713506605443	0.1641014490616781	-0.1172107527177865	0.08910970938193147	-0.0690519591915256	0.9999999999999998	-0.6783000518204101	0.1300670995630906	-0.086405397345882	0.07655985483346127	-0.5875496740936517	0.3058087075394387	-0.09092332525216931	0.09453084003609186	-0.08431055632003386	0.14518134991087553	-0.12178110026697635	0.07753878365712288	-0.09999862649218892	0.08000522592165261	-0.12921012776448945	0.10618588991446029	-0.08965454801650587	0.05578118070714898	-0.06349707736070559	0.08827451701237422	-0.09218288494199114	0.06751564001271813	-0.06809725768468679	0.044784212033605816	-0.0508346102559125	0.05532382018515056	-0.06436480762197441	0.050077961059162276	-0.046281322793337666	0.04955875765776658	-0.05341017559183231	0.05843645742262895	-0.06461469056454176	0.03086395006184455	-0.039463499143899614	0.03674918497124137	-0.04632799954293661	0.040189005941464045	-0.027062121049165857
0.23046338436028865	-0.2919545501411634	0.15663730495448516	-0.12814654348734553	0.09367949947029083	-0.6783000518204101	0.9999999999999997	-0.2032373813514222	0.12007695688613824	-0.10783521027954991	0.30144790523850534	-0.48089319190045804	0.11026647336714027	-0.13111299921757116	0.11035528818149237	-0.13838520751523065	0.13373677725835542	-0.09450217942659284	0.1257128284518607	-0.10458636703065571	0.1175526705752542	-0.12293791188439031	0.10563712901219563	-0.06769961365200047	0.07706676111840946	-0.09742373510570516	0.09949660321023225	-0.07946407534177741	0.0815241280852732	-0.054059451423151876	0.05738532372597617	-0.06378744012505744	0.0759953316423041	-0.05995441069808586	0.055717156057514615	-0.05753435206202543	0.06177743725612728	-0.0695486428580758	0.0771669450240799	-0.03724199642409488	0.04611352905913302	-0.04319580658767028	0.055274358498391775	-0.048125386263701456	0.032587897780902826
-0.2317293179314284	0.17614981887557152	-0.3916339427777405	0.2726716239127745	-0.25401707035947463	0.1300670995630906	-0.2032373813514222	0.9999999999999991	-0.6171339948596848	0.24357922160055046	-0.12536296020679888	0.1635259989356094	-0.20198761434754772	0.303930803885715	-0.3039162420692689	0.0845572970250868	-0.10398045998974137	0.14716520630352053	-0.28024023721390245	0.20375757651689907	-0.08120055373393659	0.09777298537167425	-0.12859862972377117	0.09865730513821863	-0.11458718501323421	0.07997274846000804	-0.08750446895997589	0.09095310980676422	-0.10331051804784502	0.0693871522293402	-0.054358331537198566	0.06203099122438687	-0.08914171259695437	0.07382188586999486	-0.07131577755834419	0.056302636562897926	-0.06372346437466372	0.07986134194402422	-0.09322281530469632	0.04326584331478635	-0.04878000554062065	0.04553650460464328	-0.06382249614840799	0.05520273758059722	-0.03830958238352982
0.14759272425607584	-0.12203467048847859	0.25755268354481664	-0.3595790479514463	0.23767966001849228	-0.086405397345882	0.12007695688613824	-0.6171339948596848	0.9999999999999998	-0.32363052314471064	0.08133734378056144	-0.1127763130331171	0.13239713147181348	-0.5288704735273965	0.2389644100083458	-0.05721548278256642	0.07044274901395364	-0.1041225920554394	0.19781746054777027	-0.1669960602420933	0.05446606435279617	-0.06698040669256572	0.08682886670504095	-0.0688607636398036	0.07887365401250293	-0.05447375923373042	0.059101112626143	-0.061973715268665505	0.06972467976178878	-0.04747114544402596	0.036833699358943345	-0.042180507437656944	0.060106560820475406	-0.050071244024595854	0.04830269793589928	-0.03829878268507975	0.043104920253199515	-0.05428604037699126	0.06269653073789043	-0.029456379527252687	0.03295349977982015	-0.030865221792999234	0.043005066546466644	-0.037426924518868025	0.02596079676522478
-0.1658717436336161	0.1276612899963097	-0.2925693196942574	0.2810528595454488	-0.7829199056848885	0.07655985483346127	-0.10783521027954991	0.24357922160055046	-0.32363052314471064	0.9999999999999998	-0.07269652891445406	0.09968839113089975	-0.10548292676362747	0.220223499787887	-0.2670957038039406	0.049726231736409665	-0.06045424177022773	0.08314732001916891	-0.16185134317379843	0.1562706871562325	-0.04746685982374946	0.05744025805344863	-0.07485894452163376	0.059161024953910346	-0.0685898083675367	0.047182100210634854	-0.0512742898417564	0.05343983194893495	-0.060625252384596325	0.04118034346002319	-0.031991755571188794	0.036592583075337574	-0.05217771881983808	0.04347151422243036	-0.04200739297179909	0.033243689744413656	-0.03746623069637213	0.04704679211998321	-0.05459475387810943	0.025587364443218873	-0.028671931542997492	0.026827813783456486	-0.03745558191065495	0.032534442567825644	-0.022580918439690574
0.13297873276970737	-0.11164615029520515	0.09456777397549156	-0.07790729810049157	0.06349093813487927	-0.5875496740936517	0.30144790523850534	-0.12536296020679888	0.08133734378056144	-0.07269652891445406	1.0000000000000004	-0.6150636073607733	0.11459986976343994	-0.10182837444480826	0.08941348201393592	-0.29510803919568734	0.18403683932857537	-0.10291875206359052	0.11652022959507936	-0.09381520483909557	0.19080722983332277	-0.16596315938893336	0.12052229043700964	-0.07239981505735306	0.08127741875434644	-0.13561055227018207	0.13247203964983587	-0.09301025853840902	0.08966925199151982	-0.059297248023856164	0.07295889309414555	-0.07941837867217462	0.0867048869297184	-0.0667534418132112	0.060890227100996265	-0.07110870613646329	0.07455331194255992	-0.07977568348692148	0.08581663487910692	-0.041753704522486654	0.05461220289448758	-0.05118166894807531	0.06226261655054093	-0.0544824725124978	0.0363412204499559
-0.21415343664238504	0.16102537042735554	-0.13900303504987008	0.10839594120159557	-0.09022802574406166	0.3058087075394387	-0.48089319190045804	0.1635259989356094	-0.1127763130331171	0.09968839113089975	-0.6150636073607733	1.0000000000000004	-0.16922659066451987	0.1362801985408657	-0.12728287895200646	0.21883990270345866	-0.2767681343783128	0.1416091022474544	-0.169063484040135	0.1277362324612253	-0.21248088281910854	0.19787105971485985	-0.16964964774593988	0.10105580546208019	-0.1159133627295887	0.1528959868245863	-0.17004913098764812	0.12431695837097112	-0.12654530982495696	0.08192479608927722	-0.09126533839568907	0.09938883507755512	-0.11972635604571985	0.09238327804844292	-0.08547894367536477	0.08866358763876389	-0.09753358223982057	0.10698316176670336	-0.12011185355419868	0.056176559045863175	-0.07212560035561091	0.06673662522883184	-0.08552444818227926	0.07352082568783827	-0.049607962077402756
0.08654298520593233	-0.06825334883216816	0.1024953077380398	-0.09642773069557217	0.08741738514562329	-0.09092332525216931	0.11026647336714027	-0.20198761434754772	0.13239713147181348	-0.10548292676362747	0.11459986976343994	-0.16922659066451987	0.9999999999999986	-0.23012852374964823	0.16835707268538538	-0.13282604043325638	0.19284783594337826	-0.7975293056171356	0.2734019334234959	-0.23464460551153357	0.11807573457865742	-0.18864561806230765	0.1950724340646041	-0.12831540787740114	0.13300500546811353	-0.12626644603645695	0.1304248842011415	-0.14353721643469006	0.12879513283705563	-0.09040231522162014	0.07834234128918782	-0.09122840763788725	0.12078574408737205	-0.09692611481576094	0.08858960106571	-0.08192617581817636	0.08833220186697795	-0.11370458270821727	0.11753525735464034	-0.05828245315429588	0.06579343281009653	-0.06288275024194553	0.08182947850132864	-0.07377089508739049	0.0499949879000174
-0.14914434169130178	0.1139888824823622	-0.2217144285525519	0.20510140549612324	-0.20649632346220304	0.09453084003609186	-0.13111299921757116	0.303930803885715	-0.5288704735273965	0.220223499787887	-0.10182837444480826	0.1362801985408657	-0.23012852374964823	1.0000000000000013	-0.524393734493418	0.0808187597153304	-0.10493722362488266	0.17229745727736576	-0.39929113099314395	0.2767313196861523	-0.0782584669960738	0.09958313704713867	-0.13784950839146734	0.11482257988266817	-0.1315996482910024	0.08075102931155315	-0.08858277688178336	0.09703061675086193	-0.11040773268075701	0.0755010002669985	-0.05556959148398017	0.06392597051976989	-0.09376083148365383	0.07882555704014939	-0.07654755278452947	0.057998662762367974	-0.0657178947385742	0.08436211458770276	-0.09770853202482525	0.0455770108201042	-0.05027052055361007	0.047115362883697276	-0.06628556383201273	0.05779548952744791	-0.040195761405625585
0.11571978708292668	-0.09268654785178357	0.16669281332395444	-0.17349355923926324	0.18116743377101133	-0.08431055632003386	0.11035528818149237	-0.3039162420692689	0.2389644100083458	-0.2670957038039406	0.08941348201393592	-0.12728287895200646	0.16835707268538538	-0.524393734493418	1.0000000000000007	-0.07288440999628118	0.0924046989117536	-0.1448898280641854	0.29243313864322795	-0.6353130390353322	0.07003650091606954	-0.09002707069800737	0.12363210330541534	-0.11215573607307774	0.12858890153374364	-0.07406485526690408	0.08020231770390308	-0.08933170228417789	0.10142868520392506	-0.0721393123540355	0.050996983992039974	-0.05903236436392916	0.08546435831227012	-0.07327892147865658	0.07125657606163582	-0.05368430966187927	0.06036971763858927	-0.07823081579521259	0.08932689698627429	-0.042749140986764696	0.04620890708538859	-0.043542260047152705	0.06090474317002549	-0.053681024192972666	0.037382315985020856
-0.07207159569317688	0.05662445582901475	-0.05840581784931117	0.04954978873448013	-0.04310411347789378	0.14518134991087553	-0.13838520751523065	0.0845572970250868	-0.05721548278256642	0.049726231736409665	-0.29510803919568734	0.21883990270345866	-0.13282604043325638	0.0808187597153304	-0.07288440999628118	1.0000000000000007	-0.402097494649935	0.12515292430678845	-0.11305615460510146	0.08557702778256455	-0.7442217686202981	0.2643062732739866	-0.15332993017897675	0.08221890267619765	-0.08976249348746813	0.23348647383458448	-0.2383631109119777	0.12102220202293375	-0.10323879519799295	0.06748123513257852	-0.11286600434262296	0.11240320744401998	-0.1075167097494361	0.07797808451245707	-0.06871028758195698	0.09780025767104861	-0.10173206360051927	0.09722723998341701	-0.0994736695803687	0.04781827337621745	-0.07120694562083268	0.06572768282399279	-0.07304730883316966	0.06401919296954023	-0.04141075847917242
0.07640359773812899	-0.059592293909450575	0.0672477444616143	-0.05850084947136488	0.05182212306435621	-0.12178110026697635	0.13373677725835542	-0.10398045998974137	0.07044274901395364	-0.06045424177022773	0.18403683932857537	-0.2767681343783128	0.19284783594337826	-0.10493722362488266	0.0924046989117536	-0.402097494649935	1.0000000000000009	-0.24861145235592555	0.1514270150039777	-0.11462788640087682	0.26544362700203744	-0.716816977286184	0.2008725826741942	-0.10697813519304628	0.11106791465079534	-0.22834797843513213	0.22967421033503133	-0.15417711804598627	0.1222227104088307	-0.08259903717870933	0.11073006132860867	-0.12360639718265055	0.12596316946592775	-0.09355360662424017	0.08202115750512114	-0.10669920286007142	0.10815418223904527	-0.11700988499545069	0.11547568106700826	-0.0568210447571998	0.07669896935133122	-0.0730036478795216	0.0831804202482633	-0.07471003611811887	0.04864130790487195
-0.07205349806828165	0.05617520156363045	-0.08251672696451705	0.07585935723454655	-0.07030141243104462	0.07753878365712288	-0.09450217942659284	0.14716520630352053	-0.1041225920554394	0.08314732001916891	-0.10291875206359052	0.1416091022474544	-0.7975293056171356	0.17229745727736576	-0.1448898280641854	0.12515292430678845	-0.24861145235592555	1.0000000000000038	-0.38187065170075046	0.19392040276397457	-0.11506431584051287	0.18144414754262944	-0.23061847957081497	0.1279016863797827	-0.13212315480506626	0.11543986181125324	-0.1255638286240606	0.13882348967214103	-0.12228376994730371	0.08359177716083817	-0.07162198869789774	0.08275699533763364	-0.11620072459211245	0.09032856079784543	-0.08231733205592796	0.07359505425218923	-0.0805646069713208	0.10435710586451946	-0.10868493583227565	0.051735561965696	-0.059332621823129844	0.05646488394169179	-0.07369441533260382	0.0661672823000499	-0.04465052319169416
0.11125917339202548	-0.08833935441839903	0.1433461050691355	-0.14130225455210457	0.13022680802824402	-0.09999862649218892	0.1257128284518607	-0.28024023721390245	0.19781746054777027	-0.16185134317379843	0.11652022959507936	-0.169063484040135	0.2734019334234959	-0.39929113099314395	0.29243313864322795	-0.11305615460510146	0.1514270150039777	-0.38187065170075046	0.9999999999999981	-0.5676618187623947	0.10638901998850207	-0.14999531464726576	0.1974449036466577	-0.22691958373888346	0.20091378047368513	-0.11652043238269087	0.12394727942629427	-0.1452481940422236	0.15560285006629898	-0.11371669531239452	0.0784131938013943	-0.09175804375331617	0.1306219119291765	-0.11411087641111567	0.10861164540144051	-0.08314743331770547	0.09210785186026545	-0.12238275998867199	0.13349451296365997	-0.06577439170284131	0.06985023523323515	-0.0665002825054885	0.09101539541527727	-0.081905897677064	0.056709782523095414
-0.1014278332950836	0.07799698972617156	-0.13232837023265048	0.12236514601521954	-0.13481835092249228	0.08000522592165261	-0.10458636703065571	0.20375757651689907	-0.1669960602420933	0.1562706871562325	-0.09381520483909557	0.1277362324612253	-0.23464460551153357	0.2767313196861523	-0.6353130390353322	0.08557702778256455	-0.11462788640087682	0.19392040276397457	-0.5676618187623947	1.0	-0.08372367027153337	0.1105927530732053	-0.16767206494465764	0.1649843978439661	-0.21129966585383356	0.09052529170690674	-0.09979677520847548	0.11722090396813055	-0.13724130637890328	0.09770637683620845	-0.0633294012517026	0.07359165713012741	-0.11168628370063052	0.09726717757812171	-0.09667450950782115	0.06669894377790593	-0.07580951136723826	0.10086586630423623	-0.1163090402031982	0.05425324010570214	-0.057821457506505206	0.05450403046125511	-0.077155256809638	0.0681442644266872	-0.04763019090441607
0.06418023794756228	-0.050803358739856384	0.05423998550574115	-0.04669141279583553	0.040830306053740224	-0.12921012776448945	0.1175526705752542	-0.08120055373393659	0.05446606435279617	-0.04746685982374946	0.19080722983332277	-0.21248088281910854	0.11807573457865742	-0.0782584669960738	0.07003650091606954	-0.7442217686202981	0.26544362700203744	-0.11506431584051287	0.10638901998850207	-0.08372367027153337	1.0	-0.33104757232171356	0.15238799513554474	-0.08251915588344416	0.08854974603346831	-0.3977405101260985	0.2456864242641312	-0.1276601201819212	0.10353789493168743	-0.06877625519936123	0.13105937821041735	-0.13065050466966865	0.10985040129542854	-0.07967179878960308	0.06928742701778866	-0.11587918411839386	0.11007919766204917	-0.10245811264053756	0.10090499130728177	-0.05003962078888601	0.07684823605892024	-0.07222935506290515	0.07560048616442828	-0.06721816971809272	0.04288246139416062
-0.07194814577072582	0.05554495242508163	-0.06376983885689465	0.05533061176924273	-0.04942987185097561	0.10618588991446029	-0.12293791188439031	0.09777298537167425	-0.06698040669256572	0.05744025805344863	-0.16596315938893336	0.19787105971485985	-0.18864561806230765	0.09958313704713867	-0.09002707069800737	0.2643062732739866	-0.716816977286184	0.18144414754262944	-0.14999531464726576	0.1105927530732053	-0.33104757232171356	1.0000000000000016	-0.284979332744641	0.12015719989862579	-0.12649779558009322	0.23984211064339306	-0.3627594346417219	0.18117880424146626	-0.13842172422713847	0.09064539427014492	-0.12375711496722078	0.13617894985407591	-0.14724320481443134	0.10426166811435063	-0.09077984275776793	0.11394168417319667	-0.12149794252445567	0.12920837612866506	-0.12857184841077682	0.06069678681295928	-0.08401063545632717	0.07892429458247305	-0.09055263381554515	0.08064450833604704	-0.052329336396438705
0.073210688371301	-0.05701616985400583	0.07570748182239646	-0.06878804801545783	0.06288032876170624	-0.08965454801650587	0.10563712901219563	-0.12859862972377117	0.08682886670504095	-0.07485894452163376	0.12052229043700964	-0.16964964774593988	0.1950724340646041	-0.13784950839146734	0.12363210330541534	-0.15332993017897675	0.2008725826741942	-0.23061847957081497	0.1974449036466577	-0.16767206494465764	0.15238799513554474	-0.284979332744641	0.9999999999999988	-0.34368943691769466	0.24171323164981176	-0.2001754357277977	0.21978723466898778	-0.6000623017076895	0.243969301530683	-0.1729710585812108	0.1286018314040889	-0.15952484049561894	0.2686959097644914	-0.19506398435907094	0.15737755412109852	-0.13829616971325182	0.1519927614956593	-0.2515632582952472	0.20898089779222875	-0.09996006198850771	0.10763573220555891	-0.10589795843793347	0.1349652244421047	-0.12844843346983975	0.08375910492728886
-0.05110374465558204	0.03981811144678776	-0.05693143014650663	0.05272719602189967	-0.04944210071812215	0.05578118070714898	-0.06769961365200047	0.09865730513821863	-0.0688607636398036	0.059161024953910346	-0.07239981505735306	0.10105580546208019	-0.12831540787740114	0.11482257988266817	-0.11215573607307774	0.08221890267619765	-0.10697813519304628	0.1279016863797827	-0.22691958373888346	0.1649843978439661	-0.08251915588344416	0.12015719989862579	-0.34368943691769466	1.0	-0.8047885945383128	0.1033488423848535	-0.11509165875908808	0.19331993155216526	-0.28873293598560573	0.18679548800251922	-0.07375440427930624	0.08970048068342033	-0.15714794042949395	0.16707418237083455	-0.16669760451685242	0.08012460606260902	-0.09097704507224892	0.14367793249828956	-0.1558048646759717	0.07213094935141222	-0.06722346678214543	0.06546977257300561	-0.09195479641991927	0.08770026369198612	-0.061610939693824016
0.05852623317991788	-0.0456905751245053	0.06543490967582227	-0.06087981246615682	0.05692644973391059	-0.06349707736070559	0.07706676111840946	-0.11458718501323421	0.07887365401250293	-0.0685898083675367	0.08127741875434644	-0.1159133627295887	0.13300500546811353	-0.1315996482910024	0.12858890153374364	-0.08976249348746813	0.11106791465079534	-0.13212315480506626	0.20091378047368513	-0.21129966585383356	0.08854974603346831	-0.12649779558009322	0.24171323164981176	-0.8047885945383128	1.000000000000002	-0.11247002003872798	0.12022531602411554	-0.1933199419628569	0.23049520378385135	-0.25757973303183335	0.08027111795778762	-0.09807757381720932	0.15507408897663044	-0.17370604695911412	0.18015401091158462	-0.08846143987124296	0.09851603948851283	-0.15399072869347882	0.1590131771069441	-0.08208546214512664	0.07372727616611471	-0.07221783787742429	0.10022355687121332	-0.09698154916635042	0.06863048535718261
-0.05791887667292292	0.04487396439858583	-0.052001058078094714	0.04524992227830685	-0.04052881487877636	0.08827451701237422	-0.09742373510570516	0.07997274846000804	-0.05447375923373042	0.047182100210634854	-0.13561055227018207	0.1528959868245863	-0.12626644603645695	0.08075102931155315	-0.07406485526690408	0.23348647383458448	-0.22834797843513213	0.11543986181125324	-0.11652043238269087	0.09052529170690674	-0.3977405101260985	0.23984211064339306	-0.2001754357277977	0.1033488423848535	-0.11247002003872798	1.0000000000000024	-0.6942389765063396	0.18545440650389336	-0.14303251494913197	0.09102672586586727	-0.3313999160880524	0.2311252376537776	-0.16431034842686287	0.1099453221238451	-0.0932047091180945	0.19844879596420228	-0.19401832339340885	0.1457357904747068	-0.14273558405723724	0.06876875078063951	-0.12936660796904792	0.11563942700900445	-0.110572656180157	0.09592315122258015	-0.059334804847716416
0.06038306508700694	-0.04704716664741882	0.05557836761040966	-0.04883630878616907	0.0437678032479358	-0.09218288494199114	0.09949660321023225	-0.08750446895997589	0.059101112626143	-0.0512742898417564	0.13247203964983587	-0.17004913098764812	0.1304248842011415	-0.08858277688178336	0.08020231770390308	-0.2383631109119777	0.22967421033503133	-0.1255638286240606	0.12394727942629427	-0.09979677520847548	0.2456864242641312	-0.3627594346417219	0.21978723466898778	-0.11509165875908808	0.12022531602411554	-0.6942389765063396	1.0000000000000018	-0.2761940997406518	0.15365129659734408	-0.10094495538701215	0.2275254537386419	-0.2928507680111451	0.1823412661122292	-0.12209261030532831	0.10026441554517601	-0.20214194350018355	0.19194340111967742	-0.16759155743197313	0.15062766177594145	-0.07498049551889642	0.12477445439422552	-0.12018099453724801	0.11384306536184974	-0.1031179142559698	0.06350489083219071
-0.05405720322538295	0.041938668405797346	-0.054792037791281806	0.049330438025421405	-0.045196399769135205	0.06751564001271813	-0.07946407534177741	0.09095310980676422	-0.061973715268665505	0.05343983194893495	-0.09301025853840902	0.12431695837097112	-0.14353721643469006	0.09703061675086193	-0.08933170228417789	0.12102220202293375	-0.15417711804598627	0.13882348967214103	-0.1452481940422236	0.11722090396813055	-0.1276601201819212	0.18117880424146626	-0.6000623017076895	0.19331993155216526	-0.1933199419628569	0.18545440650389336	-0.2761940997406518	1.000000000000003	-0.3138346162577954	0.1592598982535859	-0.12516903488145692	0.15462381692762692	-0.534020432482974	0.21292830241920888	-0.1577401538124774	0.12812223099405987	-0.15342591287282487	0.2591312827890844	-0.23417426958342677	0.08987081087889147	-0.10265158865633192	0.09962948852189826	-0.1316041371286261	0.12166402442367366	-0.07752502987526166
0.058072412475537606	-0.0451301162850993	0.06082582185103539	-0.05536364558084562	0.05089067551302231	-0.06809725768468679	0.0815241280852732	-0.10331051804784502	0.06972467976178878	-0.060625252384596325	0.08966925199151982	-0.12654530982495696	0.12879513283705563	-0.11040773268075701	0.10142868520392506	-0.10323879519799295	0.1222227104088307	-0.12228376994730371	0.15560285006629898	-0.13724130637890328	0.10353789493168743	-0.13842172422713847	0.243969301530683	-0.28873293598560573	0.23049520378385135	-0.14303251494913197	0.15365129659734408	-0.3138346162577954	0.9999999999999973	-0.3870724876337428	0.109674893414438	-0.13843238101729533	0.2507192036617948	-0.6025240552983022	0.28004794653797777	-0.12466135779944193	0.14185205448063393	-0.2649447769446256	0.28492233106627396	-0.12613559417881887	0.1047700377884204	-0.1052024782922545	0.1504035543002254	-0.15868642357452167	0.10383076138557004
-0.038912062577834396	0.030178302712004276	-0.04111345955529153	0.03741141577575363	-0.034671792175316414	0.044784212033605816	-0.054059451423151876	0.0693871522293402	-0.04747114544402596	0.04118034346002319	-0.059297248023856164	0.08192479608927722	-0.09040231522162014	0.0755010002669985	-0.0721393123540355	0.06748123513257852	-0.08259903717870933	0.08359177716083817	-0.11371669531239452	0.09770637683620845	-0.06877625519936123	0.09064539427014492	-0.1729710585812108	0.18679548800251922	-0.25757973303183335	0.09102672586586727	-0.10094495538701215	0.1592598982535859	-0.3870724876337428	1.0000000000000036	-0.07350464141069106	0.08999631043228024	-0.17005274185146643	0.27108805372519007	-0.7975994199742428	0.0821739960471853	-0.09695292682137303	0.16218029169169484	-0.21865902069326287	0.11826333295862647	-0.07537933183237056	0.07335247958622752	-0.11852394410553015	0.11420763660501547	-0.10545684215557666
0.036231110282517964	-0.028076699531184992	0.03422434160713706	-0.03019438238571945	0.027299901491375	-0.0508346102559125	0.05738532372597617	-0.054358331537198566	0.036833699358943345	-0.031991755571188794	0.07295889309414555	-0.09126533839568907	0.07834234128918782	-0.05556959148398017	0.050996983992039974	-0.11286600434262296	0.11073006132860867	-0.07162198869789774	0.0784131938013943	-0.0633294012517026	0.13105937821041735	-0.12375711496722078	0.1286018314040889	-0.07375440427930624	0.08027111795778762	-0.3313999160880524	0.2275254537386419	-0.12516903488145692	0.109674893414438	-0.07350464141069106	1.0000000000000007	-0.5837832006584444	0.1373701197995839	-0.09203991346556577	0.07529006206045383	-0.6172055482861177	0.3015498226976973	-0.14668222388558105	0.12675642141268945	-0.07166167452122517	0.20104258420744894	-0.1899909816808395	0.12104696246365831	-0.10774405130989863	0.0598781766208871
-0.04083325331973115	0.031572617548481466	-0.038949110804775415	0.03441389704749265	-0.03122984943877009	0.05532382018515056	-0.06378744012505744	0.06203099122438687	-0.042180507437656944	0.036592583075337574	-0.07941837867217462	0.09938883507755512	-0.09122840763788725	0.06392597051976989	-0.05903236436392916	0.11240320744401998	-0.12360639718265055	0.08275699533763364	-0.09175804375331617	0.07359165713012741	-0.13065050466966865	0.13617894985407591	-0.15952484049561894	0.08970048068342033	-0.09807757381720932	0.2311252376537776	-0.2928507680111451	0.15462381692762692	-0.13843238101729533	0.08999631043228024	-0.5837832006584444	1.0000000000000033	-0.1983290154589467	0.11641694449372686	-0.09358920803259639	0.3140986304396858	-0.5949781870325228	0.19251030387933568	-0.16494269874881304	0.08079941968749388	-0.2209612655642204	0.19577112124372814	-0.14336475941906057	0.12105730308824109	-0.06928352090503959
0.0523427552889328	-0.04063941741387559	0.05332391652373316	-0.04811995305526982	0.04400444628355408	-0.06436480762197441	0.0759953316423041	-0.08914171259695437	0.060106560820475406	-0.05217771881983808	0.0867048869297184	-0.11972635604571985	0.12078574408737205	-0.09376083148365383	0.08546435831227012	-0.1075167097494361	0.12596316946592775	-0.11620072459211245	0.1306219119291765	-0.11168628370063052	0.10985040129542854	-0.14724320481443134	0.2686959097644914	-0.15714794042949395	0.15507408897663044	-0.16431034842686287	0.1823412661122292	-0.534020432482974	0.2507192036617948	-0.17005274185146643	0.1373701197995839	-0.1983290154589467	1.0000000000000018	-0.3039415403996068	0.16653513516275542	-0.1527769739363119	0.19065360334521966	-0.5941658582799577	0.2805234206894229	-0.10576912946739311	0.11822768119786708	-0.12012648915698099	0.15266335106229936	-0.14897877004633772	0.08918471838370097
-0.042302668785907944	0.03281741447173075	-0.04391273426478898	0.03979650106568792	-0.036623362719461094	0.050077961059162276	-0.05995441069808586	0.07382188586999486	-0.050071244024595854	0.04347151422243036	-0.0667534418132112	0.09238327804844292	-0.09692611481576094	0.07882555704014939	-0.07327892147865658	0.07797808451245707	-0.09355360662424017	0.09032856079784543	-0.11411087641111567	0.09726717757812171	-0.07967179878960308	0.10426166811435063	-0.19506398435907094	0.16707418237083455	-0.17370604695911412	0.1099453221238451	-0.12209261030532831	0.21292830241920888	-0.6025240552983022	0.27108805372519007	-0.09203991346556577	0.11641694449372686	-0.3039415403996068	1.0000000000000009	-0.39860540958040175	0.10423521874752516	-0.1268835459641292	0.25554918333056614	-0.508053777655568	0.11351533604872956	-0.0927024886230155	0.09221922787848719	-0.1471212196007496	0.15274376635682219	-0.09910483689745538
0.03996372421252209	-0.03102845475053855	0.04204319313751999	-0.038276606945475945	0.035286783007519654	-0.046281322793337666	0.055717156057514615	-0.07131577755834419	0.04830269793589928	-0.04200739297179909	0.060890227100996265	-0.08547894367536477	0.08858960106571	-0.07654755278452947	0.07125657606163582	-0.06871028758195698	0.08202115750512114	-0.08231733205592796	0.10861164540144051	-0.09667450950782115	0.06928742701778866	-0.09077984275776793	0.15737755412109852	-0.16669760451685242	0.18015401091158462	-0.0932047091180945	0.10026441554517601	-0.1577401538124774	0.28004794653797777	-0.7975994199742428	0.07529006206045383	-0.09358920803259639	0.16653513516275542	-0.39860540958040175	0.9999999999999991	-0.0858135925211611	0.09911046313247335	-0.17516030051368486	0.21324610961039084	-0.1488066281546489	0.07701076171331606	-0.07637854100184097	0.1203417894769218	-0.12421001285368194	0.11341620572511693
-0.03701217050116719	0.028589102085667197	-0.03537224328690036	0.03124616595048313	-0.028384611517444605	0.04955875765776658	-0.05753435206202543	0.056302636562897926	-0.03829878268507975	0.033243689744413656	-0.07110870613646329	0.08866358763876389	-0.08192617581817636	0.057998662762367974	-0.05368430966187927	0.09780025767104861	-0.10669920286007142	0.07359505425218923	-0.08314743331770547	0.06669894377790593	-0.11587918411839386	0.11394168417319667	-0.13829616971325182	0.08012460606260902	-0.08846143987124296	0.19844879596420228	-0.20214194350018355	0.12812223099405987	-0.12466135779944193	0.0821739960471853	-0.6172055482861177	0.3140986304396858	-0.1527769739363119	0.10423521874752516	-0.0858135925211611	0.9999999999999991	-0.4981525581235106	0.16895490768353733	-0.15277241749405096	0.08370229257676666	-0.40327846770798853	0.25190338525483486	-0.1582288849103004	0.12982751891654576	-0.0714186947053023
0.04048725867231938	-0.031354723967875024	0.03940364151022799	-0.035036957222489014	0.03185657853147099	-0.05341017559183231	0.06177743725612728	-0.06372346437466372	0.043104920253199515	-0.03746623069637213	0.07455331194255992	-0.09753358223982057	0.08833220186697795	-0.0657178947385742	0.06036971763858927	-0.10173206360051927	0.10815418223904527	-0.0805646069713208	0.09210785186026545	-0.07580951136723826	0.11007919766204917	-0.12149794252445567	0.1519927614956593	-0.09097704507224892	0.09851603948851283	-0.19401832339340885	0.19194340111967742	-0.15342591287282487	0.14185205448063393	-0.09695292682137303	0.3015498226976973	-0.5949781870325228	0.19065360334521966	-0.1268835459641292	0.09911046313247335	-0.4981525581235106	0.9999999999999996	-0.29384970908656916	0.18345237878726264	-0.10100851475278626	0.26142790709533575	-0.3559966742308951	0.17470557181055352	-0.1585105819966055	0.08355550470343806
-0.047731792233758306	0.03694968638947921	-0.04833715938347051	0.043432054165922995	-0.03984021545617261	0.05843645742262895	-0.0695486428580758	0.07986134194402422	-0.05428604037699126	0.04704679211998321	-0.07977568348692148	0.10698316176670336	-0.11370458270821727	0.08436211458770276	-0.07823081579521259	0.09722723998341701	-0.11700988499545069	0.10435710586451946	-0.12238275998867199	0.10086586630423623	-0.10245811264053756	0.12920837612866506	-0.2515632582952472	0.14367793249828956	-0.15399072869347882	0.1457357904747068	-0.16759155743197313	0.2591312827890844	-0.2649447769446256	0.16218029169169484	-0.14668222388558105	0.19251030387933568	-0.5941658582799577	0.25554918333056614	-0.17516030051368486	0.16895490768353733	-0.29384970908656916	0.9999999999999997	-0.5315594606057736	0.11887680109353932	-0.14521826877218513	0.14576902654677037	-0.2145214596565545	0.18684125718994218	-0.10617448779913885
0.05405232709185776	-0.04193202569294765	0.05555651570989009	-0.05021764915323569	0.04600425293181275	-0.06461469056454176	0.0771669450240799	-0.09322281530469632	0.06269653073789043	-0.05459475387810943	0.08581663487910692	-0.12011185355419868	0.11753525735464034	-0.09770853202482525	0.08932689698627429	-0.0994736695803687	0.11547568106700826	-0.10868493583227565	0.13349451296365997	-0.1163090402031982	0.10090499130728177	-0.12857184841077682	0.20898089779222875	-0.1558048646759717	0.1590131771069441	-0.14273558405723724	0.15062766177594145	-0.23417426958342677	0.28492233106627396	-0.21865902069326287	0.12675642141268945	-0.16494269874881304	0.2805234206894229	-0.508053777655568	0.21324610961039084	-0.15277241749405096	0.18345237878726264	-0.5315594606057736	1.0	-0.16606740914379553	0.13429323705458696	-0.14029735347096944	0.22498135787851364	-0.3138521864770486	0.1401849207393786
-0.025885597683795548	0.019987053557088134	-0.026299604884643356	0.023595098951997948	-0.021710097333623137	0.03086395006184455	-0.03724199642409488	0.04326584331478635	-0.029456379527252687	0.025587364443218873	-0.041753704522486654	0.056176559045863175	-0.05828245315429588	0.0455770108201042	-0.042749140986764696	0.04781827337621745	-0.0568210447571998	0.051735561965696	-0.06577439170284131	0.05425324010570214	-0.05003962078888601	0.06069678681295928	-0.09996006198850771	0.07213094935141222	-0.08208546214512664	0.06876875078063951	-0.07498049551889642	0.08987081087889147	-0.12613559417881887	0.11826333295862647	-0.07166167452122517	0.08079941968749388	-0.10576912946739311	0.11351533604872956	-0.1488066281546489	0.08370229257676666	-0.10100851475278626	0.11887680109353932	-0.16606740914379553	0.9999999999999994	-0.1149198277398832	0.10711245815576614	-0.2788815590960341	0.25143620210411705	-0.8800020767228127
0.030615841960309642	-0.02369212096023816	0.030039655374832296	-0.026753540026181813	0.024364842807951946	-0.039463499143899614	0.04611352905913302	-0.04878000554062065	0.03295349977982015	-0.028671931542997492	0.05461220289448758	-0.07212560035561091	0.06579343281009653	-0.05027052055361007	0.04620890708538859	-0.07120694562083268	0.07669896935133122	-0.059332621823129844	0.06985023523323515	-0.057821457506505206	0.07684823605892024	-0.08401063545632717	0.10763573220555891	-0.06722346678214543	0.07372727616611471	-0.12936660796904792	0.12477445439422552	-0.10265158865633192	0.1047700377884204	-0.07537933183237056	0.20104258420744894	-0.2209612655642204	0.11822768119786708	-0.0927024886230155	0.07701076171331606	-0.40327846770798853	0.26142790709533575	-0.14521826877218513	0.13429323705458696	-0.1149198277398832	0.9999999999999991	-0.7859492737606122	0.21457985960683781	-0.19953179899785717	0.09143321467764509
-0.02868170595683715	0.022169402339282225	-0.028125630430694715	0.025025923511467114	-0.022822214442501453	0.03674918497124137	-0.04319580658767028	0.04553650460464328	-0.030865221792999234	0.026827813783456486	-0.05118166894807531	0.06673662522883184	-0.06288275024194553	0.047115362883697276	-0.043542260047152705	0.06572768282399279	-0.0730036478795216	0.05646488394169179	-0.0665002825054885	0.05450403046125511	-0.07222935506290515	0.07892429458247305	-0.10589795843793347	0.06546977257300561	-0.07221783787742429	0.11563942700900445	-0.12018099453724801	0.09962948852189826	-0.1052024782922545	0.07335247958622752	-0.1899909816808395	0.19577112124372814	-0.12012648915698099	0.09221922787848719	-0.07637854100184097	0.25190338525483486	-0.3559966742308951	0.14576902654677037	-0.14029735347096944	0.10711245815576614	-0.7859492737606122	0.9999999999999992	-0.32708787993368904	0.19438339840078328	-0.09149596763776816
0.03814792599417381	-0.029527545069027782	0.038573569042097564	-0.0346390513021089	0.03169839989120046	-0.04632799954293661	0.055274358498391775	-0.06382249614840799	0.043005066546466644	-0.03745558191065495	0.06226261655054093	-0.08552444818227926	0.08182947850132864	-0.06628556383201273	0.06090474317002549	-0.07304730883316966	0.0831804202482633	-0.07369441533260382	0.09101539541527727	-0.077155256809638	0.07560048616442828	-0.09055263381554515	0.1349652244421047	-0.09195479641991927	0.10022355687121332	-0.110572656180157	0.11384306536184974	-0.1316041371286261	0.1504035543002254	-0.11852394410553015	0.12104696246365831	-0.14336475941906057	0.15266335106229936	-0.1471212196007496	0.1203417894769218	-0.1582288849103004	0.17470557181055352	-0.2145214596565545	0.22498135787851364	-0.2788815590960341	0.21457985960683781	-0.32708787993368904	0.9999999999999993	-0.7546373678585903	0.22180239328534507
