0.9999999999999998	-0.5797751368490391	0.2594384839984326	-0.1450528556425169	0.10549413173446691	-0.585067476915571	0.30616351649492846	-0.2267202480473175	0.18682305285172296	-0.1284810362648199	0.21391296158117	-0.21514021395094474	0.16010546823833477	-0.14437040706301071	0.10536049002157419	-0.14078709622429408	0.11662172959967636	-0.1967760259628765	0.10592743870591537	-0.10340703134520579	0.08863852442203744	-0.0987737641133019	0.11212317848893605	-0.11139257022734324	0.11077598838776165	-0.05538977870824066	0.05570085805527229	-0.11699946186395019	0.10050693835509364	-0.1544579105486582	0.06672086341016627	-0.06758072529766303	0.08886458937826755	-0.08169763464999122	0.016663281432219183	-0.08019524146170365	0.05938530563284026	-0.07900676593843428	0.06900073251346064	-0.0171561226821922
-0.5797751368490391	0.9999999999999997	-0.5721664468669645	0.15003475293198285	-0.11906292954430135	0.27168226019738295	-0.3849782144936665	0.25603220090246354	-0.21802920976965917	0.11560900588369089	-0.18886387814102973	0.17799120765987037	-0.18195460338944083	0.14831380273503258	-0.10018053224333565	0.1083334593917439	-0.09343612339933871	0.15291312519792838	-0.09186420305161902	0.08733025378994241	-0.07005350528846623	0.07691386510052661	-0.08900637192835122	0.08912584444208527	-0.0908077745703448	0.04304387591537015	-0.043482423358835	0.09073553363527799	-0.07954049195600627	0.11869204299409214	-0.052407876082357446	0.05246307499469005	-0.06978873024672899	0.06359956442529298	-0.012974216749297407	0.06119342302304204	-0.04588950764280353	0.060999354666103955	-0.05407545589569008	0.01333100867698972
0.2594384839984326	-0.5721664468669645	0.9999999999999991	-0.269461577605093	0.1661164992964247	-0.2147939284072247	0.2513973263991513	-0.5422057962704467	0.2532308619325607	-0.16379775835780824	0.1564903424241288	-0.16533880733588666	0.22204676939691684	-0.20086233585877153	0.13111024676083666	-0.13549131130349848	0.11286849383838	-0.1999649143894184	0.11857985125228804	-0.11669924594147578	0.08750679012345705	-0.09738743090019404	0.11391243125647124	-0.11642506806063556	0.11677755162651407	-0.05545216775871808	0.05590692308351356	-0.11820104939280685	0.10310166495200387	-0.1564125585602286	0.06713712671399187	-0.06778673868308291	0.08998473822639233	-0.08277394939993908	0.016857220838155787	-0.07995687342418609	0.059538640656057906	-0.07944780430642073	0.06996367058545368	-0.017339841100274738
-0.1450528556425169	0.15003475293198285	-0.269461577605093	0.999999999999999	-0.8049281619002613	0.10537483044604862	-0.13995769071617384	0.15835895780968007	-0.2006565797220165	0.26788931045977543	-0.0989233173360195	0.09226002456834262	-0.13479088765528519	0.11800307044926187	-0.2571652852373587	0.08980129691401338	-0.07910664866822179	0.13509293670443576	-0.16149648388276994	0.14459031753411355	-0.06485130335691755	0.0699368517050739	-0.09140145404481627	0.10899582336781331	-0.12156794571663702	0.04185490265713759	-0.042920811153229814	0.09027539151182253	-0.08906061199524991	0.12075510177867103	-0.05294601850060247	0.051490567906697905	-0.07249079052088168	0.06574671174474217	-0.013373765936740823	0.05749627350840178	-0.04497813474194804	0.06032171972566726	-0.056792265139305076	0.01364377362571192
0.10549413173446691	-0.11906292954430135	0.1661164992964247	-0.8049281619002613	0.9999999999999989	-0.08176526576970906	0.1040624605049772	-0.1237368098444224	0.1450725266838817	-0.4428804316479624	0.07552565100784969	-0.07255215217385302	0.10058806953241053	-0.09387870970466557	0.22191835952669117	-0.07966160649953234	0.06840050076993541	-0.12119822874276291	0.13270254255310743	-0.13901592239765803	0.056208008766739384	-0.061524786839648765	0.07907537188994589	-0.0958096771994291	0.1014051500499063	-0.036608194754420884	0.03740461710734245	-0.07994318900274715	0.07699415927551645	-0.10824243158049725	0.045638281567868325	-0.0450273490370143	0.06271116716373216	-0.05771090461551552	0.011684393315443978	-0.05092437479705668	0.039323052504026824	-0.05309841097433039	0.049194323619460634	-0.011949702440540088
-0.585067476915571	0.27168226019738295	-0.2147939284072247	0.10537483044604862	-0.08176526576970906	0.9999999999999983	-0.5865934987985958	0.19327350364135185	-0.17373678292948214	0.09423351110084736	-0.39309597444430244	0.26614341350908705	-0.1524162273552893	0.1264983294288968	-0.08107993284125867	0.11151633405559966	-0.09896031955459737	0.1465727813442092	-0.0801995360161862	0.07599862664616147	-0.06995811361092502	0.07610391225233724	-0.08475394901783384	0.08158148121297724	-0.08248256705654444	0.04084805307519261	-0.041260155920465	0.08532967620517336	-0.0737904483536642	0.10977817298497503	-0.04952838322748719	0.049497445703243124	-0.06543701680583991	0.0592989624788319	-0.012097359900528917	0.05727255393834475	-0.04299303580136023	0.05704379149114304	-0.05046835256380229	0.012430710395911395
0.30616351649492846	-0.3849782144936665	0.2513973263991513	-0.13995769071617384	0.1040624605049772	-0.5865934987985958	0.9999999999999982	-0.32746432975546375	0.21523951315345666	-0.12772779180821237	0.28659553806579524	-0.4165113244965464	0.19715744034707017	-0.17383193420651752	0.10646819383709447	-0.15266899368517997	0.13247570032027342	-0.20581668866307234	0.10755622152327907	-0.10374686531535368	0.09440767999108052	-0.10447390712663682	0.11599451067204657	-0.1123653410980645	0.11206142703434827	-0.056356778200855745	0.05678677801395059	-0.11857864697044176	0.10160175562548633	-0.15365512847075397	0.06787098624963948	-0.06839858849495672	0.09000538984039562	-0.08217149860304596	0.01674683919658982	-0.0799816902554791	0.0595958746731612	-0.07926444217186739	0.06958436447859664	-0.017228134460570747
-0.2267202480473175	0.25603220090246354	-0.5422057962704467	0.15835895780968007	-0.1237368098444224	0.19327350364135185	-0.32746432975546375	0.9999999999999988	-0.48188772437292654	0.13209563015297998	-0.16529263165739289	0.17347167954243975	-0.46144820453014546	0.2792593138615442	-0.11226687405729265	0.11617563584093037	-0.10196297138213996	0.1733255792228957	-0.10095054439723146	0.09684675321132225	-0.07610203018140176	0.08341729803387421	-0.09831227065374447	0.09733054873835424	-0.09878728872650333	0.04664257022764375	-0.04718983376503024	0.09891428954019839	-0.08663689828541579	0.1284868180427721	-0.05682824111551652	0.05683593016195991	-0.07585538472677397	0.06902064033720835	-0.014063627493734873	0.0660161795697097	-0.04960915733511308	0.06604964164773405	-0.05867880884449169	0.01444652826755858
0.18682305285172296	-0.21802920976965917	0.2532308619325607	-0.2006565797220165	0.1450725266838817	-0.17373678292948214	0.21523951315345666	-0.48188772437292654	0.9999999999999991	-0.21054907860748512	0.15814863765464737	-0.1734840090249858	0.3225796305132499	-0.5781924955806336	0.15819283511132315	-0.1678807390185094	0.13887275760758597	-0.2544461899324306	0.1436134264299385	-0.14457918835219796	0.10856149442403626	-0.12127202400347888	0.1423433689384071	-0.14470902413538103	0.14365575135743364	-0.06936330729359834	0.06986758004580702	-0.14827815722536672	0.12843312359215503	-0.19643801876017963	0.08375463190897092	-0.08484412978185361	0.11234341592029866	-0.10358027922519411	0.02108695244530526	-0.1005359419621133	0.07460966224351465	-0.0996202366902836	0.08735716053059714	-0.021703237048183326
-0.1284810362648199	0.11560900588369089	-0.16379775835780824	0.26788931045977543	-0.4428804316479624	0.09423351110084736	-0.12772779180821237	0.13209563015297998	-0.21054907860748512	1.0000000000000004	-0.09624294982562862	0.08808557186128096	-0.13066800289618147	0.12112488780525833	-0.6884412043975767	0.0999208141204732	-0.08998621673861014	0.15447317909072775	-0.26126217142464125	0.24644619286824107	-0.07574374603494102	0.08111140803376192	-0.11203017034519368	0.14742595381810558	-0.16727341941978313	0.04923496707721327	-0.050902398415650744	0.10871004366807663	-0.11347057747946326	0.1470242097496584	-0.06288831108012623	0.06071616558852447	-0.08782282901894946	0.0800425461094069	-0.016188852865251555	0.06622028471653021	-0.052800224494571835	0.07155073250532983	-0.06922413451837886	0.01646691600249857
0.21391296158117	-0.18886387814102973	0.1564903424241288	-0.0989233173360195	0.07552565100784969	-0.39309597444430244	0.28659553806579524	-0.16529263165739289	0.15814863765464737	-0.09624294982562862	1.0000000000000004	-0.7960326372256512	0.1623896999683591	-0.13973735955687255	0.08309033918189353	-0.1640752542223736	0.14631873431617468	-0.1846726978837271	0.08847410714089303	-0.08285360786643196	0.09291031336605549	-0.10083870238411814	0.10333176003394903	-0.09353110820710213	0.09337843991371729	-0.048814613048952876	0.04933602630917424	-0.1011556177090414	0.08549426234014267	-0.12500971382947665	0.058424533867512035	-0.0583308911730966	0.07640531658693071	-0.06865100157996666	0.013963627844728614	-0.06583201662587801	0.04967397668521989	-0.0659959523767665	0.05842918565737281	-0.014343499967564729
-0.21514021395094474	0.17799120765987037	-0.16533880733588666	0.09226002456834262	-0.07255215217385302	0.26614341350908705	-0.4165113244965464	0.17347167954243975	-0.1734840090249858	0.08808557186128096	-0.7960326372256512	0.9999999999999996	-0.20501532336583966	0.14465281680850944	-0.07837260671592523	0.1450663399161536	-0.16436938750834348	0.16519043224455637	-0.08165495742606528	0.07477947271313459	-0.08714158173767649	0.0922016908606373	-0.09471406660819792	0.0833505578087252	-0.0845678178652021	0.04350114322380201	-0.04421572557423535	0.08927585636450168	-0.07632462829798616	0.10828582158395936	-0.052585759907916814	0.051770562525503376	-0.0683645945824137	0.06059017406548779	-0.012333490875308797	0.05724107087850415	-0.04376286336694974	0.05795211812469963	-0.05197251082040659	0.012644529141375323
0.16010546823833477	-0.18195460338944083	0.22204676939691684	-0.13479088765528519	0.10058806953241053	-0.1524162273552893	0.19715744034707017	-0.46144820453014546	0.3225796305132499	-0.13066800289618147	0.1623896999683591	-0.20501532336583966	0.9999999999999982	-0.7098219955659597	0.11193324810705452	-0.13067795941615024	0.1174096339162805	-0.22066393166711432	0.10559491150366392	-0.10255065406281359	0.08516024401346892	-0.09343965173885344	0.11092514827923652	-0.10528811309886604	0.10514544818114595	-0.0510636052411025	0.0517239523818349	-0.1094399464169153	0.09418747428504289	-0.1389954936525795	0.06190943117310591	-0.062020246298395504	0.08271102651116982	-0.07505309357449504	0.015256485572020972	-0.07151677090903757	0.0537817761669357	-0.07179681386271025	0.06368958133367679	-0.015673887167865698
-0.14437040706301071	0.14831380273503258	-0.20086233585877153	0.11800307044926187	-0.09387870970466557	0.1264983294288968	-0.17383193420651752	0.2792593138615442	-0.5781924955806336	0.12112488780525833	-0.13973735955687255	0.14465281680850944	-0.7098219955659597	0.9999999999999997	-0.11283040167523359	0.1023912607172204	-0.09327919093704971	0.15959709859763546	-0.09289676245904506	0.08976916942730866	-0.06866191554539205	0.07442736128776702	-0.08971310832882257	0.08710999224006744	-0.08886296899903172	0.04134104245511433	-0.0419734685738286	0.08780625113676495	-0.07733852798099297	0.11246206762049908	-0.050643654928923997	0.05029803754861255	-0.06760418620189936	0.061056961610544004	-0.012433162812983381	0.05768078273152087	-0.04368651839650454	0.058165596629096414	-0.05209567843183448	0.012756965166055406
0.10536049002157419	-0.10018053224333565	0.13111024676083666	-0.2571652852373587	0.22191835952669117	-0.08107993284125867	0.10646819383709447	-0.11226687405729265	0.15819283511132315	-0.6884412043975767	0.08309033918189353	-0.07837260671592523	0.11193324810705452	-0.11283040167523359	0.9999999999999999	-0.10741165664376173	0.09358676998518943	-0.17172103967971505	0.2584424900454204	-0.4931038233918104	0.07870152545076607	-0.08647423626081854	0.11681287593371516	-0.16705266810900624	0.16558161009787092	-0.051718931335903724	0.05322692716552474	-0.11787708021448369	0.11858667913080333	-0.16378237060717335	0.06446484422206945	-0.06370927233197075	0.09085902501548915	-0.08542814466011449	0.017048569319630776	-0.07020682729880859	0.055020318380354524	-0.0759302056514505	0.07176050501725069	-0.017412738088875734
-0.14078709622429408	0.1083334593917439	-0.13549131130349848	0.08980129691401338	-0.07966160649953234	0.11151633405559966	-0.15266899368517997	0.11617563584093037	-0.1678807390185094	0.0999208141204732	-0.1640752542223736	0.1450663399161536	-0.13067795941615024	0.1023912607172204	-0.10741165664376173	0.9999999999999999	-0.6878315274249462	0.2917606719761015	-0.1387473952557727	0.10672185267528404	-0.4691052331966129	0.2810150897769666	-0.22959050514785467	0.1421833420754349	-0.15019773116101306	0.09222132527992938	-0.0958466444404509	0.16623188734835653	-0.13954434711287192	0.15510496449415995	-0.10958918280823172	0.09941653410895965	-0.13079745863506176	0.10404649434697193	-0.020998968111369625	0.088073099070994	-0.07413112323775678	0.09684738708945081	-0.09306919242873606	0.021276146359754784
0.11662172959967636	-0.09343612339933871	0.11286849383838	-0.07910664866822179	0.06840050076993541	-0.09896031955459737	0.13247570032027342	-0.10196297138213996	0.13887275760758597	-0.08998621673861014	0.14631873431617468	-0.16436938750834348	0.1174096339162805	-0.09327919093704971	0.09358676998518943	-0.6878315274249462	0.9999999999999991	-0.5245256286448897	0.12886253341530043	-0.10119601456708902	0.2647110641852913	-0.3232337139296444	0.2137276398381381	-0.13421827700281855	0.13219361826427983	-0.0819656180827636	0.0850779641385897	-0.16251732195957014	0.1261582418888308	-0.14497141940940905	0.09296921575171656	-0.08936222557931717	0.11486012796680008	-0.09460200511980912	0.018823781176085477	-0.07941102356831242	0.06544325790822927	-0.08763117185583033	0.08232937722496943	-0.019144338776938635
-0.1967760259628765	0.15291312519792838	-0.1999649143894184	0.13509293670443576	-0.12119822874276291	0.1465727813442092	-0.20581668866307234	0.1733255792228957	-0.2544461899324306	0.15447317909072775	-0.1846726978837271	0.16519043224455637	-0.22066393166711432	0.15959709859763546	-0.17172103967971505	0.2917606719761015	-0.5245256286448897	0.9999999999999996	-0.2611263626467347	0.17638289346558456	-0.2510361362108495	0.2392872429784465	-0.40736268319140617	0.21765695013262726	-0.2289284819158558	0.10850089228222214	-0.11617473379027864	0.23902986429113296	-0.20855285092941167	0.22244564800438144	-0.13940017446094466	0.12750562909619692	-0.18663854026055196	0.14826108194166884	-0.02987657240618945	0.12047239839973237	-0.10200700876307404	0.13528403513839554	-0.1330616275050966	0.03019808950047479
0.10592743870591537	-0.09186420305161902	0.11857985125228804	-0.16149648388276994	0.13270254255310743	-0.0801995360161862	0.10755622152327907	-0.10095054439723146	0.1436134264299385	-0.26126217142464125	0.08847410714089303	-0.08165495742606528	0.10559491150366392	-0.09289676245904506	0.2584424900454204	-0.1387473952557727	0.12886253341530043	-0.2611263626467347	0.9999999999999992	-0.7023471451736777	0.10849463406015798	-0.11982981155757298	0.17861485463941307	-0.4107471729972981	0.2542516230417108	-0.06991823889421123	0.07307397058137499	-0.17405279868998638	0.19001538379385507	-0.23121671547069814	0.08694137487429854	-0.08599800734636481	0.12786690047464702	-0.12489136942774677	0.02402572547806231	-0.09005943798880164	0.07255306186589913	-0.10358470231899217	0.1017193216373867	-0.02446654509860135
-0.10340703134520579	0.08733025378994241	-0.11669924594147578	0.14459031753411355	-0.13901592239765803	0.07599862664616147	-0.10374686531535368	0.09684675321132225	-0.14457918835219796	0.24644619286824107	-0.08285360786643196	0.07477947271313459	-0.10255065406281359	0.08976916942730866	-0.4931038233918104	0.10672185267528404	-0.10119601456708902	0.17638289346558456	-0.7023471451736777	1.0000000000000004	-0.08703529544073559	0.09282279257207823	-0.14165223301514332	0.2317598995135145	-0.2701446955016253	0.056365059691326214	-0.059136151863263105	0.1327265807663823	-0.15360309966254476	0.1851075474631265	-0.07213867025199193	0.06963480626094888	-0.1051779812427273	0.0981390751507556	-0.019466527793012334	0.07305781509379856	-0.05972007052026138	0.08321423714312715	-0.08384331461320095	0.01972418954758009
0.08863852442203744	-0.07005350528846623	0.08750679012345705	-0.06485130335691755	0.056208008766739384	-0.06995811361092502	0.09440767999108052	-0.07610203018140176	0.10856149442403626	-0.07574374603494102	0.09291031336605549	-0.08714158173767649	0.08516024401346892	-0.06866191554539205	0.07870152545076607	-0.4691052331966129	0.2647110641852913	-0.2510361362108495	0.10849463406015798	-0.08703529544073559	1.0000000000000004	-0.7552582284718764	0.23807092536890564	-0.13803193474696154	0.12729363774805313	-0.12261168900988632	0.11718179448581521	-0.19301244714046983	0.1312881449451863	-0.14909287415994102	0.11209324780081881	-0.11081770798159542	0.12187691601883972	-0.10067733737628777	0.019599677759611325	-0.08462390183951139	0.06955961153831872	-0.09399095874824584	0.08553705087816871	-0.019995346834283508
-0.0987737641133019	0.07691386510052661	-0.09738743090019404	0.0699368517050739	-0.061524786839648765	0.07610391225233724	-0.10447390712663682	0.08341729803387421	-0.12127202400347888	0.08111140803376192	-0.10083870238411814	0.0922016908606373	-0.09343965173885344	0.07442736128776702	-0.08647423626081854	0.2810150897769666	-0.3232337139296444	0.2392872429784465	-0.11982981155757298	0.09282279257207823	-0.7552582284718764	0.9999999999999986	-0.38717834642466314	0.1486881229877072	-0.14235573095728646	0.1176671975663613	-0.13658222035095643	0.20390267793952155	-0.14714237746897899	0.1519529680045563	-0.12011139933911343	0.1160369121489229	-0.13614076081083643	0.10698383121749196	-0.020899268380926293	0.08737528292936236	-0.07386246779917341	0.09870163618740009	-0.09297710901160083	0.021209801641339038
0.11212317848893605	-0.08900637192835122	0.11391243125647124	-0.09140145404481627	0.07907537188994589	-0.08475394901783384	0.11599451067204657	-0.09831227065374447	0.1423433689384071	-0.11203017034519368	0.10333176003394903	-0.09471406660819792	0.11092514827923652	-0.08971310832882257	0.11681287593371516	-0.22959050514785467	0.2137276398381381	-0.40736268319140617	0.17861485463941307	-0.14165223301514332	0.23807092536890564	-0.38717834642466314	0.9999999999999992	-0.32249344141218617	0.2235327402370078	-0.12872977501463997	0.13978362869441058	-0.5985728424210847	0.2608323598744928	-0.2615712447996193	0.1396897101248281	-0.14682876437130185	0.2097646724492094	-0.17993322333797354	0.033029288625575186	-0.1262328915748122	0.10428335911475396	-0.15623651656372672	0.14414495068101887	-0.033678917311218026
-0.11139257022734324	0.08912584444208527	-0.11642506806063556	0.10899582336781331	-0.0958096771994291	0.08158148121297724	-0.1123653410980645	0.09733054873835424	-0.14470902413538103	0.14742595381810558	-0.09353110820710213	0.0833505578087252	-0.10528811309886604	0.08710999224006744	-0.16705266810900624	0.1421833420754349	-0.13421827700281855	0.21765695013262726	-0.4107471729972981	0.2317598995135145	-0.13803193474696154	0.1486881229877072	-0.32249344141218617	0.999999999999999	-0.5854564638643083	0.09132023336457452	-0.09920568318806915	0.2539216984930619	-0.4515890290004911	0.31291261265943426	-0.11682685597775924	0.11369524995637262	-0.19021286443897523	0.1877711716313908	-0.03494439625415482	0.11214550948572319	-0.0955586220049322	0.14086574301836513	-0.15697168737018935	0.03498926535836852
0.11077598838776165	-0.0908077745703448	0.11677755162651407	-0.12156794571663702	0.1014051500499063	-0.08248256705654444	0.11206142703434827	-0.09878728872650333	0.14365575135743364	-0.16727341941978313	0.09337843991371729	-0.0845678178652021	0.10514544818114595	-0.08886296899903172	0.16558161009787092	-0.15019773116101306	0.13219361826427983	-0.2289284819158558	0.2542516230417108	-0.2701446955016253	0.12729363774805313	-0.14235573095728646	0.2235327402370078	-0.5854564638643083	0.9999999999999979	-0.09320079140887036	0.09769990661501399	-0.24132143853741495	0.2886101902712333	-0.5982109022464035	0.11680294529572553	-0.1164936575140081	0.178300147215754	-0.18327649163887674	0.03609192256565716	-0.12276964005196947	0.09969321404488787	-0.1458514372734168	0.14605425097709424	-0.03674830983694876
-0.05538977870824066	0.04304387591537015	-0.05545216775871808	0.04185490265713759	-0.036608194754420884	0.04084805307519261	-0.056356778200855745	0.04664257022764375	-0.06936330729359834	0.04923496707721327	-0.048814613048952876	0.04350114322380201	-0.0510636052411025	0.04134104245511433	-0.051718931335903724	0.09222132527992938	-0.0819656180827636	0.10850089228222214	-0.06991823889421123	0.056365059691326214	-0.12261168900988632	0.1176671975663613	-0.12872977501463997	0.09132023336457452	-0.09320079140887036	0.9999999999999976	-0.7098173524140835	0.15012844375276443	-0.11096763559659753	0.11022829587033041	-0.5858191900452165	0.31570943049653444	-0.160859922180729	0.1064219795127505	-0.02052489441138491	0.12330046747773626	-0.11009297633182577	0.11567240463689482	-0.09567407835140603	0.020947256165075805
0.05570085805527229	-0.043482423358835	0.05590692308351356	-0.042920811153229814	0.03740461710734245	-0.041260155920465	0.05678677801395059	-0.04718983376503024	0.06986758004580702	-0.050902398415650744	0.04933602630917424	-0.04421572557423535	0.0517239523818349	-0.0419734685738286	0.05322692716552474	-0.0958466444404509	0.0850779641385897	-0.11617473379027864	0.07307397058137499	-0.059136151863263105	0.11718179448581521	-0.13658222035095643	0.13978362869441058	-0.09920568318806915	0.09769990661501399	-0.7098173524140835	1.0000000000000002	-0.19922352106629707	0.12182419180033982	-0.11940793886026756	0.3249445809853597	-0.5522023821317072	0.1771897150540254	-0.1204911438210589	0.022341275220250863	-0.13752821641946789	0.11917695055459568	-0.13102479223690305	0.10324744398031108	-0.022909486907042528
-0.11699946186395019	0.09073553363527799	-0.11820104939280685	0.09027539151182253	-0.07994318900274715	0.08532967620517336	-0.11857864697044176	0.09891428954019839	-0.14827815722536672	0.10871004366807663	-0.1011556177090414	0.08927585636450168	-0.1094399464169153	0.08780625113676495	-0.11787708021448369	0.16623188734835653	-0.16251732195957014	0.23902986429113296	-0.17405279868998638	0.1327265807663823	-0.19301244714046983	0.20390267793952155	-0.5985728424210847	0.2539216984930619	-0.24132143853741495	0.15012844375276443	-0.19922352106629707	0.9999999999999997	-0.46961649276878964	0.2592125339045866	-0.17546134444038095	0.1795427735078075	-0.35735839603023445	0.2293295309603135	-0.040975616005699086	0.14318476779861922	-0.1261715699956234	0.19208960135046282	-0.19273133177379756	0.04114087434854144
0.10050693835509364	-0.07954049195600627	0.10310166495200387	-0.08906061199524991	0.07699415927551645	-0.0737904483536642	0.10160175562548633	-0.08663689828541579	0.12843312359215503	-0.11347057747946326	0.08549426234014267	-0.07632462829798616	0.09418747428504289	-0.07733852798099297	0.11858667913080333	-0.13954434711287192	0.1261582418888308	-0.20855285092941167	0.19001538379385507	-0.15360309966254476	0.1312881449451863	-0.14714237746897899	0.2608323598744928	-0.4515890290004911	0.2886101902712333	-0.11096763559659753	0.12182419180033982	-0.46961649276878964	0.9999999999999996	-0.4917400485434923	0.13647801793972675	-0.1419153274551944	0.25075434050311196	-0.4047535372245326	0.05143066961649547	-0.13866451763476775	0.11774395402906204	-0.19656299238882055	0.21884165200517272	-0.052068761073582076
-0.1544579105486582	0.11869204299409214	-0.1564125585602286	0.12075510177867103	-0.10824243158049725	0.10977817298497503	-0.15365512847075397	0.1284868180427721	-0.19643801876017963	0.1470242097496584	-0.12500971382947665	0.10828582158395936	-0.1389954936525795	0.11246206762049908	-0.16378237060717335	0.15510496449415995	-0.14497141940940905	0.22244564800438144	-0.23121671547069814	0.1851075474631265	-0.14909287415994102	0.1519529680045563	-0.2615712447996193	0.31291261265943426	-0.5982109022464035	0.11022829587033041	-0.11940793886026756	0.2592125339045866	-0.4917400485434923	0.9999999999999996	-0.15305151121754665	0.140143562592007	-0.2416066945030009	0.2214618571544882	-0.04768435476997813	0.13979209963593997	-0.1240538569549551	0.17354806410612278	-0.20462674961831367	0.04683356184713881
0.06672086341016627	-0.052407876082357446	0.06713712671399187	-0.05294601850060247	0.045638281567868325	-0.04952838322748719	0.06787098624963948	-0.05682824111551652	0.08375463190897092	-0.06288831108012623	0.058424533867512035	-0.052585759907916814	0.06190943117310591	-0.050643654928923997	0.06446484422206945	-0.10958918280823172	0.09296921575171656	-0.13940017446094466	0.08694137487429854	-0.07213867025199193	0.11209324780081881	-0.12011139933911343	0.1396897101248281	-0.11682685597775924	0.11680294529572553	-0.5858191900452165	0.3249445809853597	-0.17546134444038095	0.13647801793972675	-0.15305151121754665	0.9999999999999988	-0.6336837498210397	0.21576110736632567	-0.15752195716230566	0.029812431019209586	-0.22135654322083811	0.17011769583101788	-0.1831481015231631	0.1352352299398781	-0.03082932648889583
-0.06758072529766303	0.05246307499469005	-0.06778673868308291	0.051490567906697905	-0.0450273490370143	0.049497445703243124	-0.06839858849495672	0.05683593016195991	-0.08484412978185361	0.06071616558852447	-0.0583308911730966	0.051770562525503376	-0.062020246298395504	0.05029803754861255	-0.06370927233197075	0.09941653410895965	-0.08936222557931717	0.12750562909619692	-0.08599800734636481	0.06963480626094888	-0.11081770798159542	0.1160369121489229	-0.14682876437130185	0.11369524995637262	-0.1164936575140081	0.31570943049653444	-0.5522023821317072	0.1795427735078075	-0.1419153274551944	0.140143562592007	-0.6336837498210397	0.9999999999999988	-0.32193461200929857	0.15958417920074525	-0.02990884333375003	0.19091219546259103	-0.2073501814274157	0.18379322216935964	-0.14533848312979109	0.030485616005121303
0.08886458937826755	-0.06978873024672899	0.08998473822639233	-0.07249079052088168	0.06271116716373216	-0.06543701680583991	0.09000538984039562	-0.07585538472677397	0.11234341592029866	-0.08782282901894946	0.07640531658693071	-0.0683645945824137	0.08271102651116982	-0.06760418620189936	0.09085902501548915	-0.13079745863506176	0.11486012796680008	-0.18663854026055196	0.12786690047464702	-0.1051779812427273	0.12187691601883972	-0.13614076081083643	0.2097646724492094	-0.19021286443897523	0.178300147215754	-0.160859922180729	0.1771897150540254	-0.35735839603023445	0.25075434050311196	-0.2416066945030009	0.21576110736632567	-0.32193461200929857	0.9999999999999983	-0.4796510901652538	0.0650633922898812	-0.260550004939788	0.2163531231543574	-0.5286902193736235	0.30316871516799765	-0.06786174554117867
-0.08169763464999122	0.06359956442529298	-0.08277394939993908	0.06574671174474217	-0.05771090461551552	0.0592989624788319	-0.08217149860304596	0.06902064033720835	-0.10358027922519411	0.0800425461094069	-0.06865100157996666	0.06059017406548779	-0.07505309357449504	0.061056961610544004	-0.08542814466011449	0.10404649434697193	-0.09460200511980912	0.14826108194166884	-0.12489136942774677	0.0981390751507556	-0.10067733737628777	0.10698383121749196	-0.17993322333797354	0.1877711716313908	-0.18327649163887674	0.1064219795127505	-0.1204911438210589	0.2293295309603135	-0.4047535372245326	0.2214618571544882	-0.15752195716230566	0.15958417920074525	-0.4796510901652538	0.9999999999999992	-0.10794516325067147	0.16653669628291703	-0.15881057874410037	0.2964772096789123	-0.632646684100193	0.09789842221989813
0.016663281432219183	-0.012974216749297407	0.016857220838155787	-0.013373765936740823	0.011684393315443978	-0.012097359900528917	0.01674683919658982	-0.014063627493734873	0.02108695244530526	-0.016188852865251555	0.013963627844728614	-0.012333490875308797	0.015256485572020972	-0.012433162812983381	0.017048569319630776	-0.020998968111369625	0.018823781176085477	-0.02987657240618945	0.02402572547806231	-0.019466527793012334	0.019599677759611325	-0.020899268380926293	0.033029288625575186	-0.03494439625415482	0.03609192256565716	-0.02052489441138491	0.022341275220250863	-0.040975616005699086	0.05143066961649547	-0.04768435476997813	0.029812431019209586	-0.02990884333375003	0.0650633922898812	-0.10794516325067147	0.999999999999999	-0.036567043156727326	0.03246673955146924	-0.06107645927005722	0.08914818053609805	-0.9868078655052543
-0.08019524146170365	0.06119342302304204	-0.07995687342418609	0.05749627350840178	-0.05092437479705668	0.05727255393834475	-0.0799816902554791	0.0660161795697097	-0.1005359419621133	0.06622028471653021	-0.06583201662587801	0.05724107087850415	-0.07151677090903757	0.05768078273152087	-0.07020682729880859	0.088073099070994	-0.07941102356831242	0.12047239839973237	-0.09005943798880164	0.07305781509379856	-0.08462390183951139	0.08737528292936236	-0.1262328915748122	0.11214550948572319	-0.12276964005196947	0.12330046747773626	-0.13752821641946789	0.14318476779861922	-0.13866451763476775	0.13979209963593997	-0.22135654322083811	0.19091219546259103	-0.260550004939788	0.16653669628291703	-0.036567043156727326	0.9999999999999984	-0.8414380287240052	0.2599393686901175	-0.2260657557666906	0.036506489315482234
0.05938530563284026	-0.04588950764280353	0.059538640656057906	-0.04497813474194804	0.039323052504026824	-0.04299303580136023	0.0595958746731612	-0.04960915733511308	0.07460966224351465	-0.052800224494571835	0.04967397668521989	-0.04376286336694974	0.0537817761669357	-0.04368651839650454	0.055020318380354524	-0.07413112323775678	0.06544325790822927	-0.10200700876307404	0.07255306186589913	-0.05972007052026138	0.06955961153831872	-0.07386246779917341	0.10428335911475396	-0.0955586220049322	0.09969321404488787	-0.11009297633182577	0.11917695055459568	-0.1261715699956234	0.11774395402906204	-0.1240538569549551	0.17011769583101788	-0.2073501814274157	0.2163531231543574	-0.15881057874410037	0.03246673955146924	-0.8414380287240052	0.999999999999999	-0.38256124635120736	0.19429048552103845	-0.03313288064749663
-0.07900676593843428	0.060999354666103955	-0.07944780430642073	0.06032171972566726	-0.05309841097433039	0.05704379149114304	-0.07926444217186739	0.06604964164773405	-0.0996202366902836	0.07155073250532983	-0.0659959523767665	0.05795211812469963	-0.07179681386271025	0.058165596629096414	-0.0759302056514505	0.09684738708945081	-0.08763117185583033	0.13528403513839554	-0.10358470231899217	0.08321423714312715	-0.09399095874824584	0.09870163618740009	-0.15623651656372672	0.14086574301836513	-0.1458514372734168	0.11567240463689482	-0.13102479223690305	0.19208960135046282	-0.19656299238882055	0.17354806410612278	-0.1831481015231631	0.18379322216935964	-0.5286902193736235	0.2964772096789123	-0.06107645927005722	0.2599393686901175	-0.38256124635120736	0.9999999999999988	-0.5949500687941743	0.06095344847878508
0.06900073251346064	-0.05407545589569008	0.06996367058545368	-0.056792265139305076	0.049194323619460634	-0.05046835256380229	0.06958436447859664	-0.05867880884449169	0.08735716053059714	-0.06922413451837886	0.05842918565737281	-0.05197251082040659	0.06368958133367679	-0.05209567843183448	0.07176050501725069	-0.09306919242873606	0.08232937722496943	-0.1330616275050966	0.1017193216373867	-0.08384331461320095	0.08553705087816871	-0.09297710901160083	0.14414495068101887	-0.15697168737018935	0.14605425097709424	-0.09567407835140603	0.10324744398031108	-0.19273133177379756	0.21884165200517272	-0.20462674961831367	0.1352352299398781	-0.14533848312979109	0.30316871516799765	-0.632646684100193	0.08914818053609805	-0.2260657557666906	0.19429048552103845	-0.5949500687941743	0.9999999999999987	-0.09743289632770581
-0.0171561226821922	0.01333100867698972	-0.017339841100274738	0.01364377362571192	-0.011949702440540088	0.012430710395911395	-0.017228134460570747	0.01444652826755858	-0.021703237048183326	0.01646691600249857	-0.014343499967564729	0.012644529141375323	-0.015673887167865698	0.012756965166055406	-0.017412738088875734	0.021276146359754784	-0.019144338776938635	0.03019808950047479	-0.02446654509860135	0.01972418954758009	-0.019995346834283508	0.021209801641339038	-0.033678917311218026	0.03498926535836852	-0.03674830983694876	0.020947256165075805	-0.022909486907042528	0.04114087434854144	-0.052068761073582076	0.04683356184713881	-0.03082932648889583	0.030485616005121303	-0.06786174554117867	0.09789842221989813	-0.9868078655052543	0.036506489315482234	-0.03313288064749663	0.06095344847878508	-0.09743289632770581	0.9999999999999982
