1.0000000000000002	-0.849428672995303	0.23281792052198408	-0.3018579457286281	0.06394642677813361	-0.23184930347759414	0.07679057480591323	-0.092208695492925	0.13272423473479336	-0.058455900556170934	0.18104350730626756	-0.08886021207213582	0.07631267305014079	-0.0806158330009774	0.0640889864662088	-0.07917602317034798	0.09087262268918274	-0.08671000643420587	0.06786429165110401	-0.07158688569928254	0.07079265862343456	-0.06120081824675236	0.06317680492901855	-0.056817610505528214	0.05665005346056634	-0.06366937577231616	0.05672530374428156	-0.0809306038643361	0.05370256643873636	-0.08391532714092742	0.0457305104360107	-0.04265035186582184	0.054543725904412164	-0.061746822438731856	0.04118541122662962	-0.05750772638587101	0.04919476660927117	-0.04372553946042284	0.07176431483999443	-0.05701367218606888
-0.849428672995303	1.0000000000000004	-0.34865268867886456	0.24480161332431083	-0.06038445278949872	0.16202085428581678	-0.07120420446263881	0.08193245571766004	-0.13211759737549048	0.0529206475850834	-0.18780202389081627	0.07681579106166438	-0.0687678653308037	0.07097001985407148	-0.057914699585463525	0.07148292171515494	-0.08554156447712055	0.07462156540462983	-0.060357636216691775	0.06208713199861726	-0.06726623759280617	0.054588736807952364	-0.05653259550961713	0.04926194474264793	-0.049858082501561964	0.056307823604859204	-0.05102131382458322	0.06986726461906653	-0.04637489258038932	0.07109514393564446	-0.0408039662505023	0.037977369308661774	-0.048817596071452606	0.05285310938961629	-0.035161437128243545	0.05022371730360547	-0.0442499430261343	0.03891375069081311	-0.06488185091980325	0.04839748097428141
0.23281792052198408	-0.34865268867886456	1.000000000000001	-0.8872029357101998	0.056685190187950964	-0.058127012829552384	0.059419555953373955	-0.08885173906691775	0.13091327257370253	-0.05333553346719016	0.06559613111712734	-0.0672017751695751	0.06334774261572838	-0.06925500379493446	0.05166786548888779	-0.037655351802299494	0.05267004543129305	-0.06659218629146901	0.05210409088930518	-0.056121417168499534	0.036067386262752334	-0.0380345388618339	0.040812780622478964	-0.03874676109986643	0.038827919488934506	-0.036114397252665874	0.033326875532117134	-0.049975217195294665	0.0339632349818477	-0.05158667239773694	0.02665160379727932	-0.025149151179260462	0.032442281854928666	-0.03838589372630201	0.02536511795364597	-0.033482676153792884	0.029155900689529154	-0.02597168122529649	0.04331469438446313	-0.034706952449973155
-0.3018579457286281	0.24480161332431083	-0.8872029357101998	1.0000000000000018	-0.06979167503723374	0.0728827068504553	-0.06753897512738762	0.09497966632867721	-0.17902694788178158	0.0622978752710481	-0.08450743968744677	0.0745868346072529	-0.07165511325389065	0.07850001654863076	-0.06001249751423282	0.04508991934875109	-0.06238653674443694	0.07436670742458505	-0.059622819953502215	0.06334728698589098	-0.04332995656323169	0.043908921095671495	-0.047065438384052104	0.04413435213429188	-0.044552775552973135	0.04204631963378223	-0.038851376038866625	0.057215046893352724	-0.038874739680000436	0.05881590155578513	-0.03104101146310459	0.029233264196445032	-0.03775087874232281	0.04385881433122902	-0.02899095972830737	0.03875404531926698	-0.034012511528407126	0.03018655110387617	-0.05056748567671886	0.039634198004545734
0.06394642677813361	-0.06038445278949872	0.056685190187950964	-0.06979167503723374	1.0000000000000016	-0.03370409738209626	0.09905423674954945	-0.13728855806821252	0.19838604795976358	-0.8919830081921061	0.03598721606507235	-0.12523255181368276	0.1336656323531759	-0.20275541880855505	0.21852028029902917	-0.06082134038782547	0.10489632126056518	-0.16765407868930066	0.148094423948275	-0.2099931917526657	0.06074180800939757	-0.08467886693161251	0.09371860134426839	-0.10777539768282865	0.108883004936378	-0.07442906870069392	0.07056323173085477	-0.11537113862745886	0.08350271970848065	-0.12376830734656206	0.05640231026627979	-0.05402105937693084	0.07034801446491618	-0.09276357429719481	0.06055858789311419	-0.07177081087340709	0.06279149881841874	-0.056540848712370556	0.09569362367712514	-0.0817117366367523
-0.23184930347759414	0.16202085428581678	-0.058127012829552384	0.0728827068504553	-0.03370409738209626	1.0000000000000022	-0.07815413635706146	0.06063139725828468	-0.07098531773862567	0.02984072664804207	-0.9353472614564116	0.0748954508201944	-0.052315526476917756	0.04593800486883116	-0.03759814478635259	0.11807619805233734	-0.08941984418121789	0.05307491587290416	-0.04208809626033178	0.040957216681171464	-0.10529707666322041	0.05062061797180238	-0.048552292416616856	0.03597861223781414	-0.036084251287541946	0.05616012012740851	-0.048738160030746804	0.05684188609168445	-0.03535180425683165	0.052857888086858346	-0.036966263039060115	0.03380015302948886	-0.042114596820639914	0.039976336095353594	-0.02635474793011109	0.04289593194105825	-0.03703533090977362	0.032121791702744165	-0.04960303525221063	0.03611551137671815
0.07679057480591323	-0.07120420446263881	0.059419555953373955	-0.06753897512738762	0.09905423674954945	-0.07815413635706146	1.0000000000000027	-0.5511033347336274	0.2536835151420535	-0.09194692330153459	0.07552859408481617	-0.7279205393381245	0.28622043019146376	-0.18662620999736287	0.13226821939387126	-0.06486238173769332	0.10718816628524398	-0.19628129904407826	0.14526287901418172	-0.13749530468062837	0.06362852478905034	-0.0842731326984623	0.09579586743631315	-0.0879825928803228	0.08987578913510386	-0.07064749688057773	0.06754032095330835	-0.10423110953828732	0.07168286789678407	-0.1031404264862276	0.05271482321147261	-0.05045953574784339	0.06536538138169423	-0.07847745077632085	0.05119519145874833	-0.06559364626826136	0.05814243423414593	-0.05179372990212862	0.08715548871931886	-0.0687804049589
-0.092208695492925	0.08193245571766004	-0.08885173906691775	0.09497966632867721	-0.13728855806821252	0.06063139725828468	-0.5511033347336274	1.0000000000000024	-0.5083135887332191	0.12386580373215034	-0.06434320874599798	0.3201570145198605	-0.5114066456977795	0.23844470534566414	-0.17801849567063804	0.07298795158489278	-0.1293349013554651	0.231219078024888	-0.1913457756697225	0.167893184387612	-0.07342371369266153	0.09963579447406641	-0.11738721073234523	0.10613893214911815	-0.1111934259638878	0.08269361060191387	-0.08029145449166568	0.12216754611177101	-0.08546484735760604	0.12091364070708653	-0.06248129004296192	0.059829639170625684	-0.07795547562653193	0.09248094977724815	-0.06032442172791069	0.07716260401734482	-0.06953680970391118	0.06166924857314509	-0.10514198046507485	0.08061237152421166
0.13272423473479336	-0.13211759737549048	0.13091327257370253	-0.17902694788178158	0.19838604795976358	-0.07098531773862567	0.2536835151420535	-0.5083135887332191	1.0000000000000018	-0.22959227110172722	0.07487022900480456	-0.3257299962507354	0.30358464576839544	-0.4314059136342602	0.24884225455115494	-0.10901983860148298	0.1817477828736557	-0.3300359512784305	0.2476042042574107	-0.2775908148374511	0.10736189877658246	-0.15102320507054415	0.1662405942160909	-0.1692400373744641	0.16684644651830297	-0.13051758834745936	0.12269384199761649	-0.20071336984055282	0.1385016195417224	-0.20781661343322946	0.09749937944060297	-0.09342250535687653	0.12064094769873582	-0.1551851231415681	0.10164061154851743	-0.1246320717343129	0.10706233118088382	-0.09665142571686772	0.1603018597617139	-0.1381255045172459
-0.058455900556170934	0.0529206475850834	-0.05333553346719016	0.0622978752710481	-0.8919830081921061	0.02984072664804207	-0.09194692330153459	0.12386580373215034	-0.22959227110172722	1.0000000000000042	-0.032135894777913385	0.1087914373604628	-0.12533883301599802	0.18542402880000247	-0.28713216065196046	0.05175526780720933	-0.09181375056835932	0.14116997810938797	-0.13887523201259389	0.18100934940742117	-0.052201127092522184	0.07157009172798728	-0.08074206692708918	0.09136958881270964	-0.09767408185666572	0.062308935321022135	-0.05983242219681516	0.09504241644931388	-0.06987770788306459	0.1004971907934763	-0.04757081159893294	0.045533945321797595	-0.059610963222851795	0.0761569685752127	-0.04964508353880536	0.05969409182102199	-0.05344731495961982	0.04774710223396971	-0.08216555932553396	0.06638118731223358
0.18104350730626756	-0.18780202389081627	0.06559613111712734	-0.08450743968744677	0.03598721606507235	-0.9353472614564116	0.07552859408481617	-0.06434320874599798	0.07487022900480456	-0.032135894777913385	1.0000000000000024	-0.0819471332281164	0.05537680101434316	-0.049504262265903175	0.040176823503971164	-0.14672499484745935	0.09094261127433877	-0.05727155985667916	0.04493223086275141	-0.044229959869514536	0.10564364740174834	-0.053372147362137246	0.050976337512934976	-0.03863731409394345	0.03857032891432655	-0.05981156769837834	0.0508422161960195	-0.06095310479640862	0.03793995755886998	-0.05718295996757752	0.03885172390093194	-0.035609300271360576	0.04423783357987316	-0.04306292994251892	0.02842183449120709	-0.045775225648839464	0.038928744006160594	-0.0339748590052439	0.05236331763786875	-0.039036914140359265
-0.08886021207213582	0.07681579106166438	-0.0672017751695751	0.0745868346072529	-0.12523255181368276	0.0748954508201944	-0.7279205393381245	0.3201570145198605	-0.3257299962507354	0.1087914373604628	-0.0819471332281164	1.0000000000000016	-0.4602472386169078	0.20794204518032092	-0.16272027744499928	0.07353412420533981	-0.12986816145207725	0.21195350937203863	-0.17796865949863228	0.15226698240213787	-0.07374063225597657	0.09573062693600613	-0.11267786258826093	0.09939287766532692	-0.10522683189897179	0.08017909291971229	-0.07799689493877218	0.11599589224425809	-0.0810067278976764	0.1139602478183144	-0.06065411523851332	0.057935115798587795	-0.07561149137163005	0.08742270311881832	-0.05708694169788909	0.07435594036485248	-0.0676785139352141	0.059744881411064654	-0.10248247646451841	0.07619848745088825
0.07631267305014079	-0.0687678653308037	0.06334774261572838	-0.07165511325389065	0.1336656323531759	-0.052315526476917756	0.28622043019146376	-0.5114066456977795	0.30358464576839544	-0.12533883301599802	0.05537680101434316	-0.4602472386169078	1.0000000000000013	-0.4112984386413915	0.2165041039400244	-0.0776359160372812	0.13799138533109304	-0.44723141115470844	0.24762521999584503	-0.21878939542935563	0.07779925587749414	-0.11992694614929549	0.14190314984955174	-0.12514890599291195	0.12750244637138455	-0.09030580233650069	0.08815490618467754	-0.13848679896515675	0.09537668553932124	-0.13186975424213154	0.06729815499570677	-0.06510354428974796	0.08419679760811295	-0.10202052318059987	0.0657931887796476	-0.08310010125019036	0.07419291421437547	-0.06610985917152197	0.11114537751307577	-0.08723286723106335
-0.0806158330009774	0.07097001985407148	-0.06925500379493446	0.07850001654863076	-0.20275541880855505	0.04593800486883116	-0.18662620999736287	0.23844470534566414	-0.4314059136342602	0.18542402880000247	-0.049504262265903175	0.20794204518032092	-0.4112984386413915	1.0000000000000038	-0.5846638115099706	0.07731457467810297	-0.14127000471438983	0.27405865617117425	-0.38277922653267504	0.2993079139377704	-0.07858458654856375	0.11281359996955287	-0.13382816723510738	0.14579314702271168	-0.16002714554705355	0.09133883506611945	-0.08956443381204746	0.1393197221528141	-0.10393844319288882	0.14055893556587606	-0.06944018658433596	0.0668575070669631	-0.0875418357646439	0.1090491900572641	-0.07030481595517539	0.08547863611252118	-0.07786042448361719	0.06913769445035381	-0.11926873687728917	0.09228567606515246
0.0640889864662088	-0.057914699585463525	0.05166786548888779	-0.06001249751423282	0.21852028029902917	-0.03759814478635259	0.13226821939387126	-0.17801849567063804	0.24884225455115494	-0.28713216065196046	0.040176823503971164	-0.16272027744499928	0.2165041039400244	-0.5846638115099706	1.000000000000001	-0.0706082344459666	0.12660436023498736	-0.25229822916434946	0.27766258412698597	-0.5992697381264203	0.07140763574138155	-0.10587057170390686	0.12181439815854328	-0.16001149656834524	0.16965143938837973	-0.0855529939659107	0.08333442562563641	-0.13515435177847965	0.10386722401022576	-0.14153312849059022	0.06483720113528371	-0.06268690453544609	0.0820117004722718	-0.10975135840557489	0.06985484845766214	-0.08043034889666992	0.07262993010175098	-0.06493546578074033	0.11166486404867973	-0.09124622603789936
-0.07917602317034798	0.07148292171515494	-0.037655351802299494	0.04508991934875109	-0.06082134038782547	0.11807619805233734	-0.06486238173769332	0.07298795158489278	-0.10901983860148298	0.05175526780720933	-0.14672499484745935	0.07353412420533981	-0.0776359160372812	0.07731457467810297	-0.0706082344459666	1.0000000000000018	-0.43180044768248776	0.10966398061853894	-0.08757893710254719	0.08033727984250112	-0.7924356719021347	0.1963311672764866	-0.16727900091048592	0.094791675967869	-0.09340757918248493	0.23265030532281245	-0.19404123622102026	0.18255293513844628	-0.10325740819030142	0.15035968723000573	-0.13799026311525744	0.12303994063921606	-0.14759276951034153	0.11619650450924715	-0.0759484944869069	0.14752967157291114	-0.12570348759432032	0.10683688258499013	-0.1507730701788241	0.10378146368877669
0.09087262268918274	-0.08554156447712055	0.05267004543129305	-0.06238653674443694	0.10489632126056518	-0.08941984418121789	0.10718816628524398	-0.1293349013554651	0.1817477828736557	-0.09181375056835932	0.09094261127433877	-0.12986816145207725	0.13799138533109304	-0.14127000471438983	0.12660436023498736	-0.43180044768248776	1.0000000000000002	-0.2179203570779678	0.1595444685752629	-0.15158405142047005	0.28008228583168765	-0.4414344867389945	0.2798543351532676	-0.18677061927378516	0.17517251700493275	-0.3201787779957945	0.2557955919328854	-0.37982915978469817	0.2062217543065508	-0.32141481377044695	0.1959132972825977	-0.1867066052701096	0.22130350135398044	-0.2394451946490752	0.15748814113561138	-0.26045009100365546	0.19036954712525028	-0.17560295197146558	0.2475949595686039	-0.21948134660196447
-0.08671000643420587	0.07462156540462983	-0.06659218629146901	0.07436670742458505	-0.16765407868930066	0.05307491587290416	-0.19628129904407826	0.231219078024888	-0.3300359512784305	0.14116997810938797	-0.05727155985667916	0.21195350937203863	-0.44723141115470844	0.27405865617117425	-0.25229822916434946	0.10966398061853894	-0.2179203570779678	0.9999999999999997	-0.5982993018358852	0.265472177926435	-0.11314443904653601	0.1898612329668617	-0.2989292471737472	0.17640218880385944	-0.18582999499423045	0.12793177827266367	-0.1310159147506087	0.19468184928445573	-0.13352659298066782	0.17184732233591327	-0.09549060097349087	0.09307063074894056	-0.12055558961960293	0.13611558559481218	-0.08744751588472112	0.11468703579407605	-0.10489463279118032	0.09250349062670671	-0.1555508627571739	0.1139780945711116
0.06786429165110401	-0.060357636216691775	0.05210409088930518	-0.059622819953502215	0.148094423948275	-0.04208809626033178	0.14526287901418172	-0.1913457756697225	0.2476042042574107	-0.13887523201259389	0.04493223086275141	-0.17796865949863228	0.24762521999584503	-0.38277922653267504	0.27766258412698597	-0.08757893710254719	0.1595444685752629	-0.5982993018358852	1.000000000000001	-0.5286862910230492	0.08872555240831545	-0.14781468755391589	0.17594731224472976	-0.2317314593970521	0.2059468993715408	-0.10590716998790987	0.10491757988384859	-0.17106754949529657	0.13048317772891038	-0.16507145908060544	0.07920685981869302	-0.07736483543673837	0.10058617567916124	-0.1323378602710889	0.08275455239975374	-0.09702042207894812	0.08796793074488678	-0.07851052765963565	0.13374374490625732	-0.10654622514933001
-0.07158688569928254	0.06208713199861726	-0.056121417168499534	0.06334728698589098	-0.2099931917526657	0.040957216681171464	-0.13749530468062837	0.167893184387612	-0.2775908148374511	0.18100934940742117	-0.044229959869514536	0.15226698240213787	-0.21878939542935563	0.2993079139377704	-0.5992697381264203	0.08033727984250112	-0.15158405142047005	0.265472177926435	-0.5286862910230492	1.0000000000000016	-0.08284646613892606	0.11976866118816626	-0.14486162004540068	0.20800323823047545	-0.29985993425646923	0.09662197017342462	-0.09634478485006419	0.1510173919961288	-0.12638286830987944	0.15976521655632725	-0.07451976189615574	0.07201620525219167	-0.09537172086199101	0.12611272363711973	-0.08007860557659871	0.0906092031140928	-0.0848718569327378	0.07512929453419073	-0.1331044481934417	0.10186669281452926
0.07079265862343456	-0.06726623759280617	0.036067386262752334	-0.04332995656323169	0.06074180800939757	-0.10529707666322041	0.06362852478905034	-0.07342371369266153	0.10736189877658246	-0.052201127092522184	0.10564364740174834	-0.07374063225597657	0.07779925587749414	-0.07858458654856375	0.07140763574138155	-0.7924356719021347	0.28008228583168765	-0.11314443904653601	0.08872555240831545	-0.08284646613892606	1.0000000000000016	-0.23384184533832775	0.1701058834326627	-0.10142522124550096	0.09783085924946622	-0.36842688177265004	0.20835907966716388	-0.20771463451264147	0.11252071218053572	-0.16597352037580868	0.15169255932213516	-0.13635893921080444	0.15399528982397026	-0.12784775918000385	0.08324372845907338	-0.17134620352786353	0.13022997387032553	-0.11421044035328326	0.15345209509468283	-0.11426547283619173
-0.06120081824675236	0.054588736807952364	-0.0380345388618339	0.043908921095671495	-0.08467886693161251	0.05062061797180238	-0.0842731326984623	0.09963579447406641	-0.15102320507054415	0.07157009172798728	-0.053372147362137246	0.09573062693600613	-0.11992694614929549	0.11281359996955287	-0.10587057170390686	0.1963311672764866	-0.4414344867389945	0.1898612329668617	-0.14781468755391589	0.11976866118816626	-0.23384184533832775	0.9999999999999977	-0.7075879978133406	0.15189311798507657	-0.1484272473533029	0.22913100934065544	-0.3264893177389057	0.276142744495327	-0.14909409791636247	0.18868508564558792	-0.1526605945562461	0.16004884680167014	-0.18562408835785588	0.15265186933272684	-0.09756509072844571	0.1689314752880455	-0.14784324728091777	0.1286238870827263	-0.18266467956314986	0.12849012533099072
0.06317680492901855	-0.05653259550961713	0.040812780622478964	-0.047065438384052104	0.09371860134426839	-0.048552292416616856	0.09579586743631315	-0.11738721073234523	0.1662405942160909	-0.08074206692708918	0.050976337512934976	-0.11267786258826093	0.14190314984955174	-0.13382816723510738	0.12181439815854328	-0.16727900091048592	0.2798543351532676	-0.2989292471737472	0.17594731224472976	-0.14486162004540068	0.1701058834326627	-0.7075879978133406	1.0000000000000002	-0.20744969553588075	0.17292235637079315	-0.21081906703228487	0.22381500279309943	-0.42045847185789725	0.17819381879310836	-0.21474439463850234	0.1405387921157159	-0.147764791852996	0.17706445155573414	-0.17880304675086484	0.11050577847075238	-0.16684240552878177	0.1421804057156929	-0.128112947666401	0.18846837679019518	-0.14359671859404677
-0.056817610505528214	0.04926194474264793	-0.03874676109986643	0.04413435213429188	-0.10777539768282865	0.03597861223781414	-0.0879825928803228	0.10613893214911815	-0.1692400373744641	0.09136958881270964	-0.03863731409394345	0.09939287766532692	-0.12514890599291195	0.14579314702271168	-0.16001149656834524	0.094791675967869	-0.18677061927378516	0.17640218880385944	-0.2317314593970521	0.20800323823047545	-0.10142522124550096	0.15189311798507657	-0.20744969553588075	0.9999999999999977	-0.7835007181630893	0.1206431753565229	-0.12721071198016548	0.21450435031070214	-0.3664414162059945	0.24342014198665693	-0.09747664407905027	0.09582955060842838	-0.1325460409037978	0.22321284655937665	-0.1325186320592426	0.11444661958704011	-0.11658421481871829	0.1027286096871656	-0.19773352644140937	0.14780405071310976
0.05665005346056634	-0.049858082501561964	0.038827919488934506	-0.044552775552973135	0.108883004936378	-0.036084251287541946	0.08987578913510386	-0.1111934259638878	0.16684644651830297	-0.09767408185666572	0.03857032891432655	-0.10522683189897179	0.12750244637138455	-0.16002714554705355	0.16965143938837973	-0.09340757918248493	0.17517251700493275	-0.18582999499423045	0.2059468993715408	-0.29985993425646923	0.09783085924946622	-0.1484272473533029	0.17292235637079315	-0.7835007181630893	0.999999999999998	-0.12078772445264191	0.12274263488140473	-0.2228930900518184	0.2499159713810105	-0.308843184334613	0.09569658775785395	-0.0943042947243149	0.12824032981320532	-0.2421689134792974	0.14086218968544392	-0.115194574158156	0.11303790147690601	-0.10112665160581366	0.1888635579695474	-0.1670787207630139
-0.06366937577231616	0.056307823604859204	-0.036114397252665874	0.04204631963378223	-0.07442906870069392	0.05616012012740851	-0.07064749688057773	0.08269361060191387	-0.13051758834745936	0.062308935321022135	-0.05981156769837834	0.08017909291971229	-0.09030580233650069	0.09133883506611945	-0.0855529939659107	0.23265030532281245	-0.3201787779957945	0.12793177827266367	-0.10590716998790987	0.09662197017342462	-0.36842688177265004	0.22913100934065544	-0.21081906703228487	0.1206431753565229	-0.12078772445264191	0.9999999999999991	-0.6218769678912005	0.2534536409270766	-0.14006868793469818	0.1927377185895835	-0.3826663095836159	0.27586888805947274	-0.29615687189556106	0.15508594945592225	-0.10022237090114286	0.26807507876585035	-0.23626448472929984	0.1881468059292605	-0.23205476241749928	0.13509732106229572
0.05672530374428156	-0.05102131382458322	0.033326875532117134	-0.038851376038866625	0.07056323173085477	-0.048738160030746804	0.06754032095330835	-0.08029145449166568	0.12269384199761649	-0.05983242219681516	0.0508422161960195	-0.07799689493877218	0.08815490618467754	-0.08956443381204746	0.08333442562563641	-0.19404123622102026	0.2557955919328854	-0.1310159147506087	0.10491757988384859	-0.09634478485006419	0.20835907966716388	-0.3264893177389057	0.22381500279309943	-0.12721071198016548	0.12274263488140473	-0.6218769678912005	1.0000000000000002	-0.3392913917149727	0.15217122487620574	-0.20340578689716046	0.2705125575524364	-0.44891572244557604	0.2792028054917256	-0.1675353002685578	0.10537052514626907	-0.28225135376315813	0.21582350765964817	-0.19504908248111402	0.20936482444477106	-0.14153282673725237
-0.0809306038643361	0.06986726461906653	-0.049975217195294665	0.057215046893352724	-0.11537113862745886	0.05684188609168445	-0.10423110953828732	0.12216754611177101	-0.20071336984055282	0.09504241644931388	-0.06095310479640862	0.11599589224425809	-0.13848679896515675	0.1393197221528141	-0.13515435177847965	0.18255293513844628	-0.37982915978469817	0.19468184928445573	-0.17106754949529657	0.1510173919961288	-0.20771463451264147	0.276142744495327	-0.42045847185789725	0.21450435031070214	-0.2228930900518184	0.2534536409270766	-0.3392913917149727	0.9999999999999983	-0.39275993888440314	0.28533904531578186	-0.2159153966277944	0.22424296440608846	-0.36002409332387036	0.26376407227750426	-0.16488865033845762	0.23123533255027076	-0.2405206794403998	0.20813480728300013	-0.33611510735359357	0.19577495344749962
0.05370256643873636	-0.04637489258038932	0.0339632349818477	-0.038874739680000436	0.08350271970848065	-0.03535180425683165	0.07168286789678407	-0.08546484735760604	0.1385016195417224	-0.06987770788306459	0.03793995755886998	-0.0810067278976764	0.09537668553932124	-0.10393844319288882	0.10386722401022576	-0.10325740819030142	0.2062217543065508	-0.13352659298066782	0.13048317772891038	-0.12638286830987944	0.11252071218053572	-0.14909409791636247	0.17819381879310836	-0.3664414162059945	0.2499159713810105	-0.14006868793469818	0.15217122487620574	-0.39275993888440314	0.9999999999999969	-0.43148273275059085	0.11787789983311736	-0.11921621187991717	0.17231540421102848	-0.6403170659642837	0.22777941080870662	-0.13650522646561716	0.14505782891029784	-0.13000260757327706	0.25631201405471665	-0.2374420397847014
-0.08391532714092742	0.07109514393564446	-0.05158667239773694	0.05881590155578513	-0.12376830734656206	0.052857888086858346	-0.1031404264862276	0.12091364070708653	-0.20781661343322946	0.1004971907934763	-0.05718295996757752	0.1139602478183144	-0.13186975424213154	0.14055893556587606	-0.14153312849059022	0.15035968723000573	-0.32141481377044695	0.17184732233591327	-0.16507145908060544	0.15976521655632725	-0.16597352037580868	0.18868508564558792	-0.21474439463850234	0.24342014198665693	-0.308843184334613	0.1927377185895835	-0.20340578689716046	0.28533904531578186	-0.43148273275059085	0.9999999999999976	-0.1722161871533093	0.16501387415316027	-0.2381626211971003	0.3138161825622355	-0.3754447563266807	0.19711760392623293	-0.23692643685093343	0.20227183069368654	-0.47770086606716755	0.28312734139753964
0.0457305104360107	-0.0408039662505023	0.02665160379727932	-0.03104101146310459	0.05640231026627979	-0.036966263039060115	0.05271482321147261	-0.06248129004296192	0.09749937944060297	-0.04757081159893294	0.03885172390093194	-0.06065411523851332	0.06729815499570677	-0.06944018658433596	0.06483720113528371	-0.13799026311525744	0.1959132972825977	-0.09549060097349087	0.07920685981869302	-0.07451976189615574	0.15169255932213516	-0.1526605945562461	0.1405387921157159	-0.09747664407905027	0.09569658775785395	-0.3826663095836159	0.2705125575524364	-0.2159153966277944	0.11787789983311736	-0.1722161871533093	0.9999999999999962	-0.4935074432839081	0.28574756558298053	-0.1381096367315226	0.08874554321864289	-0.6738927187370111	0.2401531328206158	-0.20960882923199994	0.19906851898214437	-0.12212697242890953
-0.04265035186582184	0.037977369308661774	-0.025149151179260462	0.029233264196445032	-0.05402105937693084	0.03380015302948886	-0.05045953574784339	0.059829639170625684	-0.09342250535687653	0.045533945321797595	-0.035609300271360576	0.057935115798587795	-0.06510354428974796	0.0668575070669631	-0.06268690453544609	0.12303994063921606	-0.1867066052701096	0.09307063074894056	-0.07736483543673837	0.07201620525219167	-0.13635893921080444	0.16004884680167014	-0.147764791852996	0.09582955060842838	-0.0943042947243149	0.27586888805947274	-0.44891572244557604	0.22424296440608846	-0.11921621187991717	0.16501387415316027	-0.4935074432839081	0.9999999999999974	-0.5852640443587137	0.13722146247435765	-0.08673135281522425	0.2997756251133909	-0.3326207233330989	0.23916835738815015	-0.19592391952282823	0.11731791575063968
0.054543725904412164	-0.048817596071452606	0.032442281854928666	-0.03775087874232281	0.07034801446491618	-0.042114596820639914	0.06536538138169423	-0.07795547562653193	0.12064094769873582	-0.059610963222851795	0.04423783357987316	-0.07561149137163005	0.08419679760811295	-0.0875418357646439	0.0820117004722718	-0.14759276951034153	0.22130350135398044	-0.12055558961960293	0.10058617567916124	-0.09537172086199101	0.15399528982397026	-0.18562408835785588	0.17706445155573414	-0.1325460409037978	0.12824032981320532	-0.29615687189556106	0.2792028054917256	-0.36002409332387036	0.17231540421102848	-0.2381626211971003	0.28574756558298053	-0.5852640443587137	0.9999999999999961	-0.21033210929202623	0.1261849379760916	-0.3748159864099764	0.2973254709338578	-0.40687334046231527	0.2579814776314148	-0.1710119703569647
-0.061746822438731856	0.05285310938961629	-0.03838589372630201	0.04385881433122902	-0.09276357429719481	0.039976336095353594	-0.07847745077632085	0.09248094977724815	-0.1551851231415681	0.0761569685752127	-0.04306292994251892	0.08742270311881832	-0.10202052318059987	0.1090491900572641	-0.10975135840557489	0.11619650450924715	-0.2394451946490752	0.13611558559481218	-0.1323378602710889	0.12611272363711973	-0.12784775918000385	0.15265186933272684	-0.17880304675086484	0.22321284655937665	-0.2421689134792974	0.15508594945592225	-0.1675353002685578	0.26376407227750426	-0.6403170659642837	0.3138161825622355	-0.1381096367315226	0.13722146247435765	-0.21033210929202623	0.999999999999996	-0.41516729376214	0.15810494944048195	-0.18032718507184492	0.16038201611299602	-0.3641554169362836	0.2734782732733216
0.04118541122662962	-0.035161437128243545	0.02536511795364597	-0.02899095972830737	0.06055858789311419	-0.02635474793011109	0.05119519145874833	-0.06032442172791069	0.10164061154851743	-0.04964508353880536	0.02842183449120709	-0.05708694169788909	0.0657931887796476	-0.07030481595517539	0.06985484845766214	-0.0759484944869069	0.15748814113561138	-0.08744751588472112	0.08275455239975374	-0.08007860557659871	0.08324372845907338	-0.09756509072844571	0.11050577847075238	-0.1325186320592426	0.14086218968544392	-0.10022237090114286	0.10537052514626907	-0.16488865033845762	0.22777941080870662	-0.3754447563266807	0.08874554321864289	-0.08673135281522425	0.1261849379760916	-0.41516729376214	0.9999999999999951	-0.10288599121044632	0.11917289023004296	-0.10509904966403599	0.23964089365058233	-0.773897133714642
-0.05750772638587101	0.05022371730360547	-0.033482676153792884	0.03875404531926698	-0.07177081087340709	0.04289593194105825	-0.06559364626826136	0.07716260401734482	-0.1246320717343129	0.05969409182102199	-0.045775225648839464	0.07435594036485248	-0.08310010125019036	0.08547863611252118	-0.08043034889666992	0.14752967157291114	-0.26045009100365546	0.11468703579407605	-0.09702042207894812	0.0906092031140928	-0.17134620352786353	0.1689314752880455	-0.16684240552878177	0.11444661958704011	-0.115194574158156	0.26807507876585035	-0.28225135376315813	0.23123533255027076	-0.13650522646561716	0.19711760392623293	-0.6738927187370111	0.2997756251133909	-0.3748159864099764	0.15810494944048195	-0.10288599121044632	0.9999999999999949	-0.37385025852111725	0.24651833939022824	-0.28874667855337194	0.14049864023025604
0.04919476660927117	-0.0442499430261343	0.029155900689529154	-0.034012511528407126	0.06279149881841874	-0.03703533090977362	0.05814243423414593	-0.06953680970391118	0.10706233118088382	-0.05344731495961982	0.038928744006160594	-0.0676785139352141	0.07419291421437547	-0.07786042448361719	0.07262993010175098	-0.12570348759432032	0.19036954712525028	-0.10489463279118032	0.08796793074488678	-0.0848718569327378	0.13022997387032553	-0.14784324728091777	0.1421804057156929	-0.11658421481871829	0.11303790147690601	-0.23626448472929984	0.21582350765964817	-0.2405206794403998	0.14505782891029784	-0.23692643685093343	0.2401531328206158	-0.3326207233330989	0.2973254709338578	-0.18032718507184492	0.11917289023004296	-0.37385025852111725	0.9999999999999952	-0.7181523222006667	0.27954468423737633	-0.1705814181410286
-0.04372553946042284	0.03891375069081311	-0.02597168122529649	0.03018655110387617	-0.056540848712370556	0.032121791702744165	-0.05179372990212862	0.06166924857314509	-0.09665142571686772	0.04774710223396971	-0.0339748590052439	0.059744881411064654	-0.06610985917152197	0.06913769445035381	-0.06493546578074033	0.10683688258499013	-0.17560295197146558	0.09250349062670671	-0.07851052765963565	0.07512929453419073	-0.11421044035328326	0.1286238870827263	-0.128112947666401	0.1027286096871656	-0.10112665160581366	0.1881468059292605	-0.19504908248111402	0.20813480728300013	-0.13000260757327706	0.20227183069368654	-0.20960882923199994	0.23916835738815015	-0.40687334046231527	0.16038201611299602	-0.10509904966403599	0.24651833939022824	-0.7181523222006667	0.9999999999999951	-0.4356463752574321	0.14773318932514745
0.07176431483999443	-0.06488185091980325	0.04331469438446313	-0.05056748567671886	0.09569362367712514	-0.04960303525221063	0.08715548871931886	-0.10514198046507485	0.1603018597617139	-0.08216555932553396	0.05236331763786875	-0.10248247646451841	0.11114537751307577	-0.11926873687728917	0.11166486404867973	-0.1507730701788241	0.2475949595686039	-0.1555508627571739	0.13374374490625732	-0.1331044481934417	0.15345209509468283	-0.18266467956314986	0.18846837679019518	-0.19773352644140937	0.1888635579695474	-0.23205476241749928	0.20936482444477106	-0.33611510735359357	0.25631201405471665	-0.47770086606716755	0.19906851898214437	-0.19592391952282823	0.2579814776314148	-0.3641554169362836	0.23964089365058233	-0.28874667855337194	0.27954468423737633	-0.4356463752574321	0.9999999999999949	-0.3631578059069307
-0.05701367218606888	0.04839748097428141	-0.034706952449973155	0.039634198004545734	-0.0817117366367523	0.03611551137671815	-0.0687804049589	0.08061237152421166	-0.1381255045172459	0.06638118731223358	-0.039036914140359265	0.07619848745088825	-0.08723286723106335	0.09228567606515246	-0.09124622603789936	0.10378146368877669	-0.21948134660196447	0.1139780945711116	-0.10654622514933001	0.10186669281452926	-0.11426547283619173	0.12849012533099072	-0.14359671859404677	0.14780405071310976	-0.1670787207630139	0.13509732106229572	-0.14153282673725237	0.19577495344749962	-0.2374420397847014	0.28312734139753964	-0.12212697242890953	0.11731791575063968	-0.1710119703569647	0.2734782732733216	-0.773897133714642	0.14049864023025604	-0.1705814181410286	0.14773318932514745	-0.3631578059069307	0.9999999999999951
