1.0000000000000002	-0.3059891365187834	0.09008213403893041	-0.07175570434374945	0.13244968423360692	-0.5971049910072849	0.229686494365433	-0.11226233226071429	0.09967449729617694	-0.0848563856102271	0.3122395632046047	-0.2667128394339628	0.11032102850813495	-0.10253769193136777	0.12663994038037055	-0.31600756948462544	0.19927198586491005	-0.1648591799118837	0.10951186507487755	-0.11171494463894849	0.20476483506540016	-0.3481295200437391	0.1640930928569504	-0.10315526415226242	0.079642448380342	-0.14153752224827057	0.13427315823818553	-0.14290340514843444	0.0913071594985271	-0.09730646705776723	0.12296994138511426	-0.10871690645958375	0.10618524473118521	-0.13583161709316977	0.028867401790160098	-0.06915453690400124	0.09150280419787285	-0.08500007992719165	0.10578911372453122	-0.02953858921460161	0.08470571877154298	-0.07208682650880305	0.08075830761583984	-0.05570459776127863	0.07232625027860073
-0.3059891365187834	0.9999999999999998	-0.05669547832182566	0.044897786590555946	-0.06493604729468007	0.17319116495998527	-0.9119295824603318	0.08680007075037319	-0.06584009514443377	0.04524219538279825	-0.14065574618400667	0.12193609482213123	-0.07712043280997696	0.060271867001280045	-0.06493751984393968	0.10841354011456601	-0.09653856136630073	0.07163884134959095	-0.04992703620767328	0.04655307170000954	-0.07648746138656363	0.11469356343619891	-0.07206264162851615	0.04429092936479547	-0.03353360736375384	0.050516068283244855	-0.04910319281007497	0.05303516311239177	-0.037011435343333975	0.03900143080067385	-0.04600989076254792	0.03984119989312904	-0.039832205649097424	0.05003965691608536	-0.010901095492738131	0.025959703213764604	-0.03471692944548803	0.03202373192125738	-0.04043576617717168	0.011107359099921294	-0.032415571590916584	0.027203995188581985	-0.030866236546436193	0.02125162294345387	-0.02785744061653067
0.09008213403893041	-0.05669547832182566	1.0000000000000004	-0.843774127084233	0.20312493286169192	-0.05548952236952706	0.05944689977630875	-0.23323294723326238	0.257027253627118	-0.1693644538951691	0.06981255270786552	-0.09346110342826393	0.16477099218767005	-0.22660112038166796	0.18044497728447254	-0.07707231265366411	0.07666914723023713	-0.13402473933290798	0.10403191055832191	-0.09709431322519	0.06302808563384366	-0.0971522148075009	0.12244808923727554	-0.09078209941476713	0.06663445554570457	-0.05126029751496493	0.05288459624672693	-0.07558480950494122	0.06603997726520312	-0.07192859843651624	0.05364834949171609	-0.04779659911055143	0.05485624712986351	-0.07176501851037237	0.01617400592711996	-0.03437737289562362	0.04647369853677156	-0.044836027710442025	0.05786491624442895	-0.016466922999017516	0.04505063428133991	-0.037525911199546985	0.043630456439769094	-0.03038218181232438	0.04022684967703874
-0.07175570434374945	0.044897786590555946	-0.843774127084233	1.0000000000000004	-0.23473236573737163	0.04386770089217054	-0.04843701955394579	0.19115633331752405	-0.3718350847741177	0.16447065895440968	-0.05555660645953045	0.07453387964519172	-0.1545220880595009	0.19807378442770424	-0.1782900943017098	0.06016155217625953	-0.06203759551928822	0.10623860341878244	-0.08767834322595967	0.07743776855375993	-0.0493890433885673	0.07491069004835034	-0.09952731567420042	0.07323050468878466	-0.053914171762256186	0.03984337568844221	-0.04122031142296788	0.0586845421199595	-0.052831942174820685	0.056853132129714	-0.041874020600629176	0.03715880081605382	-0.042716798432695616	0.05529930788781591	-0.012548945968212467	0.026726529984531153	-0.036201574071165414	0.034811310759925496	-0.04503165475060114	0.012755877189530834	-0.035084312819098226	0.029146078750599127	-0.033957785211995675	0.02360216346611846	-0.0312981935319384
0.13244968423360692	-0.06493604729468007	0.20312493286169192	-0.23473236573737163	1.0000000000000004	-0.080094814017271	0.07047085216234879	-0.20275552973239674	0.2322451176215596	-0.6415320502699767	0.10288425021090467	-0.1312458582776516	0.17219872173967604	-0.23061711567696616	0.31772204066896137	-0.1162752954048539	0.10790558904411562	-0.1908797356362435	0.1400845228847941	-0.15008540376481644	0.09595759523202979	-0.15132866872490694	0.18091358243784633	-0.13011598684298536	0.10012957370046953	-0.08013266363462233	0.08261882351632527	-0.11997682344568997	0.09976599399940338	-0.11027169961442727	0.08417927758403401	-0.07548854698692398	0.0869280672499154	-0.1159206237285122	0.025890655747516814	-0.05476774197084115	0.07390013994653263	-0.07169925242632402	0.09244292923937643	-0.026420966180802433	0.0718888799299058	-0.06002619000932585	0.06969580911370349	-0.04872264553886295	0.06446409230283576
-0.5971049910072849	0.17319116495998527	-0.05548952236952706	0.04386770089217054	-0.080094814017271	1.0000000000000016	-0.20830908424684202	0.07019461610282118	-0.0620935493342078	0.05149465581969444	-0.6827226921652624	0.17229234728995468	-0.07034466804185671	0.06288220675170457	-0.07710580850052963	0.21627240607860787	-0.14205068225378495	0.09772848586198105	-0.06603440648619037	0.06448410558535773	-0.1480485342976034	0.1915703442055706	-0.10090237060350166	0.060687910929102515	-0.04663044878540791	0.08710183207266628	-0.08326969560697733	0.08265626443845875	-0.05349662142312899	0.05617300199098072	-0.07689134680187122	0.06536136725165138	-0.06285931671060786	0.07780126537065464	-0.016808851617761446	0.04141429508897665	-0.05530576819929842	0.050249339744456945	-0.06311257069742152	0.017127281339800068	-0.05106730654757845	0.04286129970619811	-0.048363130748113124	0.033186860603491394	-0.0434140255507801
0.229686494365433	-0.9119295824603318	0.05944689977630875	-0.04843701955394579	0.07047085216234879	-0.20830908424684202	1.0000000000000022	-0.10470475501575698	0.07140516920603376	-0.04953404467790434	0.14522637319795859	-0.15107961957905103	0.08433254311688866	-0.06701145605565414	0.07058231567743967	-0.1257171436247268	0.1077013183881111	-0.08106264744044324	0.05557698294248192	-0.05235123021192432	0.08621523914074539	-0.13416012923663748	0.07969822475950065	-0.04966759476502624	0.03757656628108299	-0.057655984173716104	0.055728035109901174	-0.06016086671608506	0.0415791920962007	-0.0439570269402239	0.05189071487652794	-0.04518761310249066	0.045008302867317614	-0.05674063232617677	0.012302162294058422	-0.02926919515871663	0.039051010075356316	-0.03610867901777208	0.045448434793793874	-0.012545444863152441	0.03639574055743257	-0.030642247288538607	0.03468131847994303	-0.023886802000060405	0.03124440151561099
-0.11226233226071429	0.08680007075037319	-0.23323294723326238	0.19115633331752405	-0.20275552973239674	0.07019461610282118	-0.10470475501575698	1.000000000000002	-0.5045475259121642	0.17981523422357099	-0.08889585044338752	0.13499519393839593	-0.7053720281872615	0.3145478745904183	-0.23807853109926902	0.09022115426911749	-0.11454182184580415	0.1611545562559565	-0.13351010548640185	0.10182775475794933	-0.07335312213307839	0.10446921770676627	-0.1493013374791751	0.10254622085918044	-0.07355358712349779	0.055045737046847974	-0.056915959965042756	0.07692372372158428	-0.07200217036380473	0.07540498509798807	-0.05720410465289867	0.04996626883251635	-0.05655720093703985	0.0709800997946454	-0.016295902344323356	0.03538918645262381	-0.04810003567336866	0.04562011624163234	-0.05915474208553444	0.016505089691928907	-0.04633500130608158	0.038282099787194795	-0.04468713378126014	0.03087415611146961	-0.04103240887720919
0.09967449729617694	-0.06584009514443377	0.257027253627118	-0.3718350847741177	0.2322451176215596	-0.0620935493342078	0.07140516920603376	-0.5045475259121642	1.0000000000000018	-0.3037620624316418	0.07868021053058989	-0.1142456635068891	0.2990836044895336	-0.5684478278562151	0.2662230902397163	-0.0854007511013515	0.09370455306635403	-0.16558299031713347	0.14300212866971387	-0.11579663346538899	0.06975250423032094	-0.10438517855613587	0.1439119249058413	-0.1157178485276169	0.08058657920924515	-0.055605214726798545	0.05762854360647182	-0.08225150127107318	0.07759418072547	-0.0834424215541488	0.05836094709200635	-0.051685705125006864	0.05960872166158747	-0.07630209337950977	0.01742854472753846	-0.036945716113780565	0.050090703042171475	-0.04815315158191929	0.06228619119132947	-0.017691760730004242	0.04844459164790435	-0.04022340475185743	0.04692347112622683	-0.032541344821117965	0.04314333836578857
-0.0848563856102271	0.04524219538279825	-0.1693644538951691	0.16447065895440968	-0.6415320502699767	0.05149465581969444	-0.04953404467790434	0.17981523422357099	-0.3037620624316418	1.0000000000000029	-0.06634265196935073	0.08825080557777495	-0.16693587595922305	0.23064237311758504	-0.6109334268841365	0.07320949637519845	-0.07348831620909389	0.12933159676325096	-0.10666696356756802	0.10480319675367837	-0.06051531638795333	0.09274574878737424	-0.12289058955737586	0.09150115058141926	-0.07163747005900382	0.049746712733311146	-0.05157345268923923	0.07466385165617652	-0.06754303041304187	0.07302753208011846	-0.05258712929157081	0.04683165720677491	-0.0542289392635166	0.07059794000370699	-0.016012712337051656	0.033852757128210696	-0.04584627275214134	0.04425512021404746	-0.057269244326930084	0.016283528843820977	-0.04452377415601386	0.0370118657989588	-0.043151313934765526	0.0300301104454119	-0.03982043931306893
0.3122395632046047	-0.14065574618400667	0.06981255270786552	-0.05555660645953045	0.10288425021090467	-0.6827226921652624	0.14522637319795859	-0.08889585044338752	0.07868021053058989	-0.06634265196935073	0.999999999999999	-0.28767096850591767	0.09108927692574002	-0.08235943513361776	0.099309164541727	-0.41686475095634823	0.2092400360544204	-0.13592496639367282	0.08950171580032548	-0.08772138802187815	0.21254865191780747	-0.2948127698962444	0.1351590514584898	-0.08257769690496555	0.06334504890132524	-0.12806430839390037	0.11859521235294791	-0.1153797007763466	0.07317440239917958	-0.07698695507638476	0.10712865947399569	-0.0922451743328201	0.08704835692067535	-0.10763604989936636	0.023020445469102885	-0.057062137003444806	0.07574457983518364	-0.0689608336821418	0.08590470728273256	-0.02348228614661733	0.06944564263212667	-0.05869023591402988	0.06582713037873969	-0.04514027503951738	0.05875930911826603
-0.2667128394339628	0.12193609482213123	-0.09346110342826393	0.07453387964519172	-0.1312458582776516	0.17229234728995468	-0.15107961957905103	0.13499519393839593	-0.1142456635068891	0.08825080557777495	-0.28767096850591767	1.0000000000000024	-0.17781839265042945	0.12387139073960726	-0.13292514824712587	0.2566228989165055	-0.7861072719919765	0.19092829837134181	-0.1278591144126366	0.1019487981034401	-0.2046508533399898	0.23333802803330844	-0.19153162768678045	0.10341405096667121	-0.07639802848617609	0.11307380557953121	-0.11455729756121671	0.11240604156423017	-0.08356862334735872	0.08520019493646887	-0.10741204708120529	0.08827607026858374	-0.08736016038808353	0.10375755978828206	-0.02338108758797505	0.05759884181641741	-0.07829083943629812	0.06998146119199512	-0.0898815234142004	0.023639173256360727	-0.07300901261254122	0.059892525556241395	-0.06892221475920254	0.047060680671612114	-0.06247842075652795
0.11032102850813495	-0.07712043280997696	0.16477099218767005	-0.1545220880595009	0.17219872173967604	-0.07034466804185671	0.08433254311688866	-0.7053720281872615	0.2990836044895336	-0.16693587595922305	0.09108927692574002	-0.17781839265042945	1.0000000000000004	-0.5258662268136209	0.21646663997494497	-0.09710713542887336	0.1286587563953719	-0.2063040178913123	0.14994811466438143	-0.11182412836834858	0.07781592094161455	-0.11151801716838827	0.1566100191401605	-0.11634875486421191	0.0796764276602737	-0.05819591774790606	0.06010672703468634	-0.08170196894102603	0.07750908763307437	-0.08204165138939085	0.06013333901477962	-0.05263574271488958	0.05965512895474045	-0.07488313801531463	0.017176756734505833	-0.03706999502831297	0.050332867835047604	-0.0478783350612108	0.06194062614830241	-0.017402984685278476	0.04840819807071923	-0.04007800229573016	0.04674533061140185	-0.03229091520210696	0.04284438001794798
-0.10253769193136777	0.060271867001280045	-0.22660112038166796	0.19807378442770424	-0.23061711567696616	0.06288220675170457	-0.06701145605565414	0.3145478745904183	-0.5684478278562151	0.23064237311758504	-0.08235943513361776	0.12387139073960726	-0.5258662268136209	1.0000000000000016	-0.41094662396842324	0.08786454486976747	-0.10519745606984915	0.1844557017195519	-0.21387844118785113	0.12870209854048195	-0.07258814017567194	0.10552279678640127	-0.16337571410543955	0.13698318344380508	-0.09317156438075846	0.05738596733853862	-0.059918814980905635	0.08593004434242259	-0.08776850481197002	0.09167288051529668	-0.06086481779007049	0.053608240080720404	-0.06240167894006468	0.07827921851147114	-0.018141090139627995	0.03832194147270574	-0.052134656271603866	0.04996539200144714	-0.06489004628986161	0.018357346548790964	-0.05040923803677856	0.041685094679390786	-0.0488415256957658	0.03375721104819106	-0.04485857318135274
0.12663994038037055	-0.06493751984393968	0.18044497728447254	-0.1782900943017098	0.31772204066896137	-0.07710580850052963	0.07058231567743967	-0.23807853109926902	0.2662230902397163	-0.6109334268841365	0.099309164541727	-0.13292514824712587	0.21646663997494497	-0.41094662396842324	0.9999999999999989	-0.11166253663988611	0.10912218132491547	-0.19959509437784745	0.15978871159416144	-0.17483211035991567	0.09215881270591658	-0.14291039626525703	0.1838642582046549	-0.14299037706866816	0.11254790967380059	-0.07656157949385656	0.07932953079670509	-0.11612523692782942	0.10462860921199607	-0.11504729379642209	0.08085559639813625	-0.07226320842102758	0.08390676133693084	-0.10986896345841438	0.02485283522750198	-0.052210943780542134	0.07062967132490042	-0.06843261257778811	0.08840308604816671	-0.025294746364832126	0.06859743212620216	-0.057140683576890255	0.06655953641166606	-0.046364898664105175	0.06139986140935719
-0.31600756948462544	0.10841354011456601	-0.07707231265366411	0.06016155217625953	-0.1162752954048539	0.21627240607860787	-0.1257171436247268	0.09022115426911749	-0.0854007511013515	0.07320949637519845	-0.41686475095634823	0.2566228989165055	-0.09710713542887336	0.08786454486976747	-0.11166253663988611	0.9999999999999964	-0.3759308904356985	0.15049852171792727	-0.10307419405299056	0.09560344542105069	-0.608821006102457	0.3115363172983849	-0.1639448422257106	0.09243900683399135	-0.07114702245641073	0.1907329938630933	-0.17917046179402552	0.13700397099732717	-0.08465957760408405	0.08614415271320508	-0.16030737348715188	0.12390871486563695	-0.10972216657468666	0.12454096399746009	-0.027309894993902517	0.07338082718224505	-0.09908733281654274	0.08530225487043755	-0.10735447332061002	0.027629428166538888	-0.08907918284659457	0.07343350208983654	-0.08305488273594924	0.056165360955291524	-0.07388116551261993
0.19927198586491005	-0.09653856136630073	0.07666914723023713	-0.06203759551928822	0.10790558904411562	-0.14205068225378495	0.1077013183881111	-0.11454182184580415	0.09370455306635403	-0.07348831620909389	0.2092400360544204	-0.7861072719919765	0.1286587563953719	-0.10519745606984915	0.10912218132491547	-0.3759308904356985	0.999999999999999	-0.22997894377880235	0.12075929199162892	-0.09505207057144267	0.21202300347717967	-0.2986324067655032	0.17281241682235324	-0.09801879024586883	0.07083769160066562	-0.11650659993450908	0.11429165891005214	-0.10651070291285258	0.07768606156611091	-0.07957519314323526	0.10254187695034932	-0.08548313203063851	0.08185511663337892	-0.09638098755688143	0.02144667244784173	-0.05343086288839019	0.07209726807883404	-0.0644378577020271	0.08180896516133467	-0.021704209332814046	0.0664126808663471	-0.054938510636400525	0.06273596969275286	-0.04274140302484739	0.05637434270205156
-0.1648591799118837	0.07163884134959095	-0.13402473933290798	0.10623860341878244	-0.1908797356362435	0.09772848586198105	-0.08106264744044324	0.1611545562559565	-0.16558299031713347	0.12933159676325096	-0.13592496639367282	0.19092829837134181	-0.2063040178913123	0.1844557017195519	-0.19959509437784745	0.15049852171792727	-0.22997894377880235	0.9999999999999978	-0.5250724584874918	0.22606706884282946	-0.12917623848420168	0.17656875697701513	-0.6226191611207555	0.2767875906930271	-0.18498759880309304	0.10259410018491553	-0.1097482014089565	0.16132579638152875	-0.18114131815423354	0.17485875556554512	-0.11335635866110925	0.09854946906133319	-0.11812016798993176	0.14024767187054443	-0.033603377730033905	0.07127174805093692	-0.0980049006983129	0.09303757356096234	-0.12246224067825348	0.03372562102973549	-0.09505840104399313	0.07753845305500322	-0.09209242550171028	0.06309623551550919	-0.08456725253186113
0.10951186507487755	-0.04992703620767328	0.10403191055832191	-0.08767834322595967	0.1400845228847941	-0.06603440648619037	0.05557698294248192	-0.13351010548640185	0.14300212866971387	-0.10666696356756802	0.08950171580032548	-0.1278591144126366	0.14994811466438143	-0.21387844118785113	0.15978871159416144	-0.10307419405299056	0.12075929199162892	-0.5250724584874918	0.9999999999999968	-0.34965869850277354	0.08896878061839199	-0.12715625969277758	0.304058242312981	-0.6227656905582093	0.2457487893206841	-0.07912879823842531	0.0861310169896527	-0.1479416146788909	0.21305783104267778	-0.2263379522044818	0.08930827791050351	-0.07954300662115638	0.10128101301989448	-0.1194192206397985	0.029345892623830742	-0.05675762205703141	0.07791603514201881	-0.07631582070440797	0.09955930770817813	-0.02942430083596559	0.07531726309428154	-0.06207563072844234	0.07398961878772398	-0.05054918691984357	0.06720688156769689
-0.11171494463894849	0.04655307170000954	-0.09709431322519	0.07743776855375993	-0.15008540376481644	0.06448410558535773	-0.05235123021192432	0.10182775475794933	-0.11579663346538899	0.10480319675367837	-0.08772138802187815	0.1019487981034401	-0.11182412836834858	0.12870209854048195	-0.17483211035991567	0.09560344542105069	-0.09505207057144267	0.22606706884282946	-0.34965869850277354	0.9999999999999979	-0.08865571221852307	0.12357819391042894	-0.3252196512274394	0.29588528808553655	-0.7237672906566083	0.0862558699823137	-0.09724889588978337	0.16296104137966091	-0.28153691448431023	0.2648468254439004	-0.10550546212736484	0.09212264592888712	-0.12205794939371861	0.13479991734733174	-0.0355717040106452	0.06909398038280196	-0.09645389684716232	0.09244850213524092	-0.12476953118860307	0.03507029740518573	-0.09460872985658281	0.07608934047070014	-0.09274535841379151	0.06291319629112357	-0.08517623266631347
0.20476483506540016	-0.07648746138656363	0.06302808563384366	-0.0493890433885673	0.09595759523202979	-0.1480485342976034	0.08621523914074539	-0.07335312213307839	0.06975250423032094	-0.06051531638795333	0.21254865191780747	-0.2046508533399898	0.07781592094161455	-0.07258814017567194	0.09215881270591658	-0.608821006102457	0.21202300347717967	-0.12917623848420168	0.08896878061839199	-0.08865571221852307	0.9999999999999957	-0.5690374125930946	0.1395811339874573	-0.08409464176253276	0.06593063313834455	-0.3583397505579747	0.22921827184863525	-0.15487649881753074	0.08332166030777759	-0.08476162289263739	0.18740765318076474	-0.15343799508568173	0.12082002804620055	-0.13372215529762607	0.028113494810885205	-0.08016299487522006	0.10540135895168953	-0.09027656298012918	0.10968389316814232	-0.028512429823780057	0.09142408457697253	-0.07722141764162631	0.08517248561935689	-0.057252569164599	0.07395950034399393
-0.3481295200437391	0.11469356343619891	-0.0971522148075009	0.07491069004835034	-0.15132866872490694	0.1915703442055706	-0.13416012923663748	0.10446921770676627	-0.10438517855613587	0.09274574878737424	-0.2948127698962444	0.23333802803330844	-0.11151801716838827	0.10552279678640127	-0.14291039626525703	0.3115363172983849	-0.2986324067655032	0.17656875697701513	-0.12715625969277758	0.12357819391042894	-0.5690374125930946	1.0000000000000018	-0.21624050667557493	0.11847623534220343	-0.09270900305843967	0.2563568569996194	-0.3242766053840423	0.19568391449667247	-0.1147841054912745	0.11497320149079547	-0.23633720912022047	0.1865044473223808	-0.16230806580869112	0.17598296119978477	-0.03920308609592742	0.10915753169511368	-0.14981703453088702	0.12530767145809119	-0.15925391872845093	0.03949032284015729	-0.13379784773953282	0.10861393875510676	-0.12378059806784115	0.08313807652737862	-0.11017927429888075
0.1640930928569504	-0.07206264162851615	0.12244808923727554	-0.09952731567420042	0.18091358243784633	-0.10090237060350166	0.07969822475950065	-0.1493013374791751	0.1439119249058413	-0.12289058955737586	0.1351590514584898	-0.19153162768678045	0.1566100191401605	-0.16337571410543955	0.1838642582046549	-0.1639448422257106	0.17281241682235324	-0.6226191611207555	0.304058242312981	-0.3252196512274394	0.1395811339874573	-0.21624050667557493	0.9999999999999969	-0.38978838906966895	0.22028727209499382	-0.1228849353880565	0.13011306762407715	-0.22343466556859337	0.21254010024576359	-0.24048179802075756	0.13187103024140528	-0.11980392083734821	0.14677185833626755	-0.1852025424670582	0.0420602714121872	-0.08387229855189872	0.11328349836473074	-0.11282918515701439	0.14345202801074397	-0.04274018537060326	0.1088121389210937	-0.09165161875575267	0.10692640839343086	-0.07377542855116533	0.09665591514974843
-0.10315526415226242	0.04429092936479547	-0.09078209941476713	0.07323050468878466	-0.13011598684298536	0.060687910929102515	-0.04966759476502624	0.10254622085918044	-0.1157178485276169	0.09150115058141926	-0.08257769690496555	0.10341405096667121	-0.11634875486421191	0.13698318344380508	-0.14299037706866816	0.09243900683399135	-0.09801879024586883	0.2767875906930271	-0.6227656905582093	0.29588528808553655	-0.08409464176253276	0.11847623534220343	-0.38978838906966895	0.9999999999999986	-0.41874704543345026	0.08028276422444412	-0.09038182437618553	0.16238336041081333	-0.37147392082737896	0.26541342592982137	-0.09501556921437432	0.08424647814188463	-0.11362729861334145	0.12546109556910456	-0.031824024794678045	0.06064464715576405	-0.08399881156954736	0.0822041527960112	-0.1086618023441611	0.031587920546815126	-0.08134748763279823	0.06647989042375874	-0.08032986591954426	0.05443650111025468	-0.07277082543716537
0.079642448380342	-0.03353360736375384	0.06663445554570457	-0.053914171762256186	0.10012957370046953	-0.04663044878540791	0.03757656628108299	-0.07355358712349779	0.08058657920924515	-0.07163747005900382	0.06334504890132524	-0.07639802848617609	0.0796764276602737	-0.09317156438075846	0.11254790967380059	-0.07114702245641073	0.07083769160066562	-0.18498759880309304	0.2457487893206841	-0.7237672906566083	0.06593063313834455	-0.09270900305843967	0.22028727209499382	-0.41874704543345026	0.999999999999996	-0.06603698918698107	0.07478993798578634	-0.13942463967542032	0.2619394604103117	-0.42304397338828514	0.07961736750017247	-0.0708516675184892	0.0964111267143856	-0.10714457183320407	0.029215472036636138	-0.05138366746486663	0.07131726909868184	-0.07012804294303798	0.09295708889571161	-0.02893738960607671	0.06926970549554105	-0.05649829237795519	0.06855647991694586	-0.046453966887940665	0.06217780769359257
-0.14153752224827057	0.050516068283244855	-0.05126029751496493	0.03984337568844221	-0.08013266363462233	0.08710183207266628	-0.057655984173716104	0.055045737046847974	-0.055605214726798545	0.049746712733311146	-0.12806430839390037	0.11307380557953121	-0.05819591774790606	0.05738596733853862	-0.07656157949385656	0.1907329938630933	-0.11650659993450908	0.10259410018491553	-0.07912879823842531	0.0862558699823137	-0.3583397505579747	0.2563568569996194	-0.1228849353880565	0.08028276422444412	-0.06603698918698107	0.9999999999999957	-0.679390748385433	0.2139783864573898	-0.09626430893531222	0.09284839113551052	-0.47999021247645635	0.281524286054813	-0.18431619076276054	0.16928605846821393	-0.034834124190232255	0.11844849022086064	-0.15706191901319383	0.12134289022722511	-0.14226479550662188	0.035092589572926144	-0.12343043567462658	0.10357405949516937	-0.11212839718147638	0.0729165438268322	-0.09282985788292959
0.13427315823818553	-0.04910319281007497	0.05288459624672693	-0.04122031142296788	0.08261882351632527	-0.08326969560697733	0.055728035109901174	-0.056915959965042756	0.05762854360647182	-0.05157345268923923	0.11859521235294791	-0.11455729756121671	0.06010672703468634	-0.059918814980905635	0.07932953079670509	-0.17917046179402552	0.11429165891005214	-0.1097482014089565	0.0861310169896527	-0.09724889588978337	0.22921827184863525	-0.3242766053840423	0.13011306762407715	-0.09038182437618553	0.07478993798578634	-0.679390748385433	0.9999999999999943	-0.32390790158192634	0.11439414537750832	-0.1111084079534442	0.3120640071850812	-0.4331565299430719	0.216748664548039	-0.2000815011005958	0.03891494858034867	-0.12975710726219256	0.1666824361843905	-0.13756121749409156	0.1540495259117876	-0.03937427613982085	0.12891430291248973	-0.11358572821873092	0.12055838965891744	-0.07867527525226416	0.09832690258950864
-0.14290340514843444	0.05303516311239177	-0.07558480950494122	0.0586845421199595	-0.11997682344568997	0.08265626443845875	-0.06016086671608506	0.07692372372158428	-0.08225150127107318	0.07466385165617652	-0.1153797007763466	0.11240604156423017	-0.08170196894102603	0.08593004434242259	-0.11612523692782942	0.13700397099732717	-0.10651070291285258	0.16132579638152875	-0.1479416146788909	0.16296104137966091	-0.15487649881753074	0.19568391449667247	-0.22343466556859337	0.16238336041081333	-0.13942463967542032	0.2139783864573898	-0.32390790158192634	0.9999999999999925	-0.32128512507837137	0.2126320946722327	-0.2868235198082988	0.26148914469525153	-0.5860482813213133	0.2996362636438133	-0.06764878150973128	0.16061306587540478	-0.22939555442930948	0.23467921445525614	-0.29583259628739667	0.06600721780363188	-0.2109917015519004	0.17230961737214684	-0.21998942798437124	0.13848444343779312	-0.18317050675364008
0.0913071594985271	-0.037011435343333975	0.06603997726520312	-0.052831942174820685	0.09976599399940338	-0.05349662142312899	0.0415791920962007	-0.07200217036380473	0.07759418072547	-0.06754303041304187	0.07317440239917958	-0.08356862334735872	0.07750908763307437	-0.08776850481197002	0.10462860921199607	-0.08465957760408405	0.07768606156611091	-0.18114131815423354	0.21305783104267778	-0.28153691448431023	0.08332166030777759	-0.1147841054912745	0.21254010024576359	-0.37147392082737896	0.2619394604103117	-0.09626430893531222	0.11439414537750832	-0.32128512507837137	0.999999999999993	-0.7480569237408192	0.11751212548614787	-0.10879042426505564	0.16550056101164748	-0.17624451945377706	0.04398776312416219	-0.0735867144853079	0.10211166049612931	-0.10572742149256414	0.1365523995406065	-0.043489467456050174	0.09735427066301039	-0.08069775350134106	0.09870418849388674	-0.0658811270707215	0.08689572639296586
-0.09730646705776723	0.03900143080067385	-0.07192859843651624	0.056853132129714	-0.11027169961442727	0.05617300199098072	-0.0439570269402239	0.07540498509798807	-0.0834424215541488	0.07302753208011846	-0.07698695507638476	0.08520019493646887	-0.08204165138939085	0.09167288051529668	-0.11504729379642209	0.08614415271320508	-0.07957519314323526	0.17485875556554512	-0.2263379522044818	0.2648468254439004	-0.08476162289263739	0.11497320149079547	-0.24048179802075756	0.26541342592982137	-0.42304397338828514	0.09284839113551052	-0.1111084079534442	0.2126320946722327	-0.7480569237408192	0.9999999999999941	-0.11935991844865311	0.10499273388017412	-0.1559366462871119	0.153822806152112	-0.048372698387239794	0.07607313386266969	-0.10706491749911917	0.10496162297048992	-0.141890151550059	0.046204135896907486	-0.10372837367909377	0.08364225999851348	-0.10363466351193425	0.06917267095992276	-0.09318084950259442
0.12296994138511426	-0.04600989076254792	0.05364834949171609	-0.041874020600629176	0.08417927758403401	-0.07689134680187122	0.05189071487652794	-0.05720410465289867	0.05836094709200635	-0.05258712929157081	0.10712865947399569	-0.10741204708120529	0.06013333901477962	-0.06086481779007049	0.08085559639813625	-0.16030737348715188	0.10254187695034932	-0.11335635866110925	0.08930827791050351	-0.10550546212736484	0.18740765318076474	-0.23633720912022047	0.13187103024140528	-0.09501556921437432	0.07961736750017247	-0.47999021247645635	0.3120640071850812	-0.2868235198082988	0.11751212548614787	-0.11935991844865311	0.9999999999999939	-0.6627084642663137	0.24586611304004544	-0.2517469172760389	0.04594228759935668	-0.19740283605554243	0.21657236815889314	-0.16717761866817438	0.17537277551417832	-0.04703578416580233	0.15937188497751972	-0.1454361871827545	0.1411476764251869	-0.09228914414533859	0.11107952712055699
-0.10871690645958375	0.03984119989312904	-0.04779659911055143	0.03715880081605382	-0.07548854698692398	0.06536136725165138	-0.04518761310249066	0.04996626883251635	-0.051685705125006864	0.04683165720677491	-0.0922451743328201	0.08827607026858374	-0.05263574271488958	0.053608240080720404	-0.07226320842102758	0.12390871486563695	-0.08548313203063851	0.09854946906133319	-0.07954300662115638	0.09212264592888712	-0.15343799508568173	0.1865044473223808	-0.11980392083734821	0.08424647814188463	-0.0708516675184892	0.281524286054813	-0.4331565299430719	0.26148914469525153	-0.10879042426505564	0.10499273388017412	-0.6627084642663137	0.9999999999999923	-0.37712033854393756	0.23143703371054133	-0.04438019310259294	0.18507430296972083	-0.3020501760325753	0.1736542502702132	-0.18596361229782152	0.044673787835816235	-0.16733224055184306	0.14408876881607788	-0.14956576609233538	0.09327838794707087	-0.11457897954109512
0.10618524473118521	-0.039832205649097424	0.05485624712986351	-0.042716798432695616	0.0869280672499154	-0.06285931671060786	0.045008302867317614	-0.05655720093703985	0.05960872166158747	-0.0542289392635166	0.08704835692067535	-0.08736016038808353	0.05965512895474045	-0.06240167894006468	0.08390676133693084	-0.10972216657468666	0.08185511663337892	-0.11812016798993176	0.10128101301989448	-0.12205794939371861	0.12082002804620055	-0.16230806580869112	0.14677185833626755	-0.11362729861334145	0.0964111267143856	-0.18431619076276054	0.216748664548039	-0.5860482813213133	0.16550056101164748	-0.1559366462871119	0.24586611304004544	-0.37712033854393756	0.9999999999999942	-0.514070313033455	0.06811498991432387	-0.14852385008526786	0.19911259189195307	-0.33934315347039923	0.2764299755743887	-0.06820684668408818	0.17273080620345904	-0.16297906730789746	0.2000207919164601	-0.1248286372660618	0.14921956965843353
-0.13583161709316977	0.05003965691608536	-0.07176501851037237	0.05529930788781591	-0.1159206237285122	0.07780126537065464	-0.05674063232617677	0.0709800997946454	-0.07630209337950977	0.07059794000370699	-0.10763604989936636	0.10375755978828206	-0.07488313801531463	0.07827921851147114	-0.10986896345841438	0.12454096399746009	-0.09638098755688143	0.14024767187054443	-0.1194192206397985	0.13479991734733174	-0.13372215529762607	0.17598296119978477	-0.1852025424670582	0.12546109556910456	-0.10714457183320407	0.16928605846821393	-0.2000815011005958	0.2996362636438133	-0.17624451945377706	0.153822806152112	-0.2517469172760389	0.23143703371054133	-0.514070313033455	0.9999999999999923	-0.13752572551020703	0.17829856937675295	-0.2552478750093989	0.29395221619659406	-0.5233556075736651	0.12052969455839957	-0.2489362509851684	0.20664123764936204	-0.2711397550574347	0.18181637516749605	-0.24028552647229634
0.028867401790160098	-0.010901095492738131	0.01617400592711996	-0.012548945968212467	0.025890655747516814	-0.016808851617761446	0.012302162294058422	-0.016295902344323356	0.01742854472753846	-0.016012712337051656	0.023020445469102885	-0.02338108758797505	0.017176756734505833	-0.018141090139627995	0.02485283522750198	-0.027309894993902517	0.02144667244784173	-0.033603377730033905	0.029345892623830742	-0.0355717040106452	0.028113494810885205	-0.03920308609592742	0.0420602714121872	-0.031824024794678045	0.029215472036636138	-0.034834124190232255	0.03891494858034867	-0.06764878150973128	0.04398776312416219	-0.048372698387239794	0.04594228759935668	-0.04438019310259294	0.06811498991432387	-0.13752572551020703	0.9999999999999933	-0.036857536878582724	0.04903384963407379	-0.06787913008208848	0.10362105250868316	-0.9778794967367351	0.049103794281352094	-0.04680632500487203	0.057117901382207605	-0.05260742702531168	0.06420983198182341
-0.06915453690400124	0.025959703213764604	-0.03437737289562362	0.026726529984531153	-0.05476774197084115	0.04141429508897665	-0.02926919515871663	0.03538918645262381	-0.036945716113780565	0.033852757128210696	-0.057062137003444806	0.05759884181641741	-0.03706999502831297	0.03832194147270574	-0.052210943780542134	0.07338082718224505	-0.05343086288839019	0.07127174805093692	-0.05675762205703141	0.06909398038280196	-0.08016299487522006	0.10915753169511368	-0.08387229855189872	0.06064464715576405	-0.05138366746486663	0.11844849022086064	-0.12975710726219256	0.16061306587540478	-0.0735867144853079	0.07607313386266969	-0.19740283605554243	0.18507430296972083	-0.14852385008526786	0.17829856937675295	-0.036857536878582724	0.9999999999999925	-0.7176506891750721	0.17473156080535537	-0.16492602025492611	0.038152226119214844	-0.5460585926134409	0.25050648799960074	-0.18779263602466434	0.10442727578674531	-0.12060844069480037
0.09150280419787285	-0.03471692944548803	0.04647369853677156	-0.036201574071165414	0.07390013994653263	-0.05530576819929842	0.039051010075356316	-0.04810003567336866	0.050090703042171475	-0.04584627275214134	0.07574457983518364	-0.07829083943629812	0.050332867835047604	-0.052134656271603866	0.07062967132490042	-0.09908733281654274	0.07209726807883404	-0.0980049006983129	0.07791603514201881	-0.09645389684716232	0.10540135895168953	-0.14981703453088702	0.11328349836473074	-0.08399881156954736	0.07131726909868184	-0.15706191901319383	0.1666824361843905	-0.22939555442930948	0.10211166049612931	-0.10706491749911917	0.21657236815889314	-0.3020501760325753	0.19911259189195307	-0.2552478750093989	0.04903384963407379	-0.7176506891750721	0.9999999999999907	-0.25550421410766044	0.2028771700273161	-0.051343947851797356	0.2994132986566078	-0.31255549969839463	0.20628761542203244	-0.12531103081492484	0.13643826804563697
-0.08500007992719165	0.03202373192125738	-0.044836027710442025	0.034811310759925496	-0.07169925242632402	0.050249339744456945	-0.03610867901777208	0.04562011624163234	-0.04815315158191929	0.04425512021404746	-0.0689608336821418	0.06998146119199512	-0.0478783350612108	0.04996539200144714	-0.06843261257778811	0.08530225487043755	-0.0644378577020271	0.09303757356096234	-0.07631582070440797	0.09244850213524092	-0.09027656298012918	0.12530767145809119	-0.11282918515701439	0.0822041527960112	-0.07012804294303798	0.12134289022722511	-0.13756121749409156	0.23467921445525614	-0.10572742149256414	0.10496162297048992	-0.16717761866817438	0.1736542502702132	-0.33934315347039923	0.29395221619659406	-0.06787913008208848	0.17473156080535537	-0.25550421410766044	0.9999999999999905	-0.6164915075914082	0.06960904658541917	-0.23457314548186634	0.24750032783817388	-0.515333115872417	0.2005529096310476	-0.2172176348042555
0.10578911372453122	-0.04043576617717168	0.05786491624442895	-0.04503165475060114	0.09244292923937643	-0.06311257069742152	0.045448434793793874	-0.05915474208553444	0.06228619119132947	-0.057269244326930084	0.08590470728273256	-0.0898815234142004	0.06194062614830241	-0.06489004628986161	0.08840308604816671	-0.10735447332061002	0.08180896516133467	-0.12246224067825348	0.09955930770817813	-0.12476953118860307	0.10968389316814232	-0.15925391872845093	0.14345202801074397	-0.1086618023441611	0.09295708889571161	-0.14226479550662188	0.1540495259117876	-0.29583259628739667	0.1365523995406065	-0.141890151550059	0.17537277551417832	-0.18596361229782152	0.2764299755743887	-0.5233556075736651	0.10362105250868316	-0.16492602025492611	0.2028771700273161	-0.6164915075914082	0.9999999999999901	-0.11624576779902053	0.19843511240913064	-0.23671550303602562	0.27465376268406105	-0.23674573359623713	0.20983715190735477
-0.02953858921460161	0.011107359099921294	-0.016466922999017516	0.012755877189530834	-0.026420966180802433	0.017127281339800068	-0.012545444863152441	0.016505089691928907	-0.017691760730004242	0.016283528843820977	-0.02348228614661733	0.023639173256360727	-0.017402984685278476	0.018357346548790964	-0.025294746364832126	0.027629428166538888	-0.021704209332814046	0.03372562102973549	-0.02942430083596559	0.03507029740518573	-0.028512429823780057	0.03949032284015729	-0.04274018537060326	0.031587920546815126	-0.02893738960607671	0.035092589572926144	-0.03937427613982085	0.06600721780363188	-0.043489467456050174	0.046204135896907486	-0.04703578416580233	0.044673787835816235	-0.06820684668408818	0.12052969455839957	-0.9778794967367351	0.038152226119214844	-0.051343947851797356	0.06960904658541917	-0.11624576779902053	0.9999999999999892	-0.05181785808114728	0.04837698665655871	-0.060431980407033355	0.05484776738209784	-0.07064497933121622
0.08470571877154298	-0.032415571590916584	0.04505063428133991	-0.035084312819098226	0.0718888799299058	-0.05106730654757845	0.03639574055743257	-0.04633500130608158	0.04844459164790435	-0.04452377415601386	0.06944564263212667	-0.07300901261254122	0.04840819807071923	-0.05040923803677856	0.06859743212620216	-0.08907918284659457	0.0664126808663471	-0.09505840104399313	0.07531726309428154	-0.09460872985658281	0.09142408457697253	-0.13379784773953282	0.1088121389210937	-0.08134748763279823	0.06926970549554105	-0.12343043567462658	0.12891430291248973	-0.2109917015519004	0.09735427066301039	-0.10372837367909377	0.15937188497751972	-0.16733224055184306	0.17273080620345904	-0.2489362509851684	0.049103794281352094	-0.5460585926134409	0.2994132986566078	-0.23457314548186634	0.19843511240913064	-0.05181785808114728	0.9999999999999885	-0.6087086658112792	0.25511081771481237	-0.14897059867174023	0.15237700456487363
-0.07208682650880305	0.027203995188581985	-0.037525911199546985	0.029146078750599127	-0.06002619000932585	0.04286129970619811	-0.030642247288538607	0.038282099787194795	-0.04022340475185743	0.0370118657989588	-0.05869023591402988	0.059892525556241395	-0.04007800229573016	0.041685094679390786	-0.057140683576890255	0.07343350208983654	-0.054938510636400525	0.07753845305500322	-0.06207563072844234	0.07608934047070014	-0.07722141764162631	0.10861393875510676	-0.09165161875575267	0.06647989042375874	-0.05649829237795519	0.10357405949516937	-0.11358572821873092	0.17230961737214684	-0.08069775350134106	0.08364225999851348	-0.1454361871827545	0.14408876881607788	-0.16297906730789746	0.20664123764936204	-0.04680632500487203	0.25050648799960074	-0.31255549969839463	0.24750032783817388	-0.23671550303602562	0.04837698665655871	-0.6087086658112792	0.999999999999989	-0.5612099138727122	0.18820828967148956	-0.21572512693408932
0.08075830761583984	-0.030866236546436193	0.043630456439769094	-0.033957785211995675	0.06969580911370349	-0.048363130748113124	0.03468131847994303	-0.04468713378126014	0.04692347112622683	-0.043151313934765526	0.06582713037873969	-0.06892221475920254	0.04674533061140185	-0.0488415256957658	0.06655953641166606	-0.08305488273594924	0.06273596969275286	-0.09209242550171028	0.07398961878772398	-0.09274535841379151	0.08517248561935689	-0.12378059806784115	0.10692640839343086	-0.08032986591954426	0.06855647991694586	-0.11212839718147638	0.12055838965891744	-0.21998942798437124	0.09870418849388674	-0.10363466351193425	0.1411476764251869	-0.14956576609233538	0.2000207919164601	-0.2711397550574347	0.057117901382207605	-0.18779263602466434	0.20628761542203244	-0.515333115872417	0.27465376268406105	-0.060431980407033355	0.25511081771481237	-0.5612099138727122	0.9999999999999896	-0.36560262749609984	0.2517018153745468
