1.0	-0.40283074119475254	0.19568595435738045	-0.15223188259020845	0.1761303768101462	-0.5612248649553453	0.2827692032994666	-0.24952883438399784	0.1752141993335848	-0.15806765950662835	0.28756561006093817	-0.32886019643420533	0.212842815791539	-0.17622704963378025	0.1916217994063141	-0.13953327557639986	0.16801020709389347	-0.16254956585115196	0.1578844982495123	-0.17578756034828227	0.14395866023878176	-0.17522458735778634	0.14207164258993288	-0.18664824254093637	0.11702805191076865	-0.13706402788424688	0.14867442539342718	-0.1355470559994804	0.16746284309631518	-0.12809532993698888	0.127972059892875	-0.19161925960678472	0.13333806813024215	-0.12177523345785586	0.1326073973798039	-0.12029056380702421	0.09296659627363311	-0.12919787559510665	0.10571403953465758	-0.08512545093955942	0.12607120846257328	-0.09452968320246928	0.1154120047048782	-0.0815086724642313	0.0978534011796602
-0.40283074119475254	0.9999999999999998	-0.2667551801628071	0.1565849308662689	-0.16381585327840398	0.267139593613162	-0.7539584556157122	0.20839581724745368	-0.15496280976156862	0.1307488484559517	-0.2415504982076113	0.2264335060667228	-0.19346931499066033	0.13598608209534863	-0.1571408427641562	0.09524634443725268	-0.12570970524188116	0.11430354457000624	-0.11845997120117456	0.12362110906445922	-0.10239280509800934	0.11373993231068359	-0.10296141932946272	0.12637554587273347	-0.08218604848113384	0.08907415545650563	-0.10170615441654723	0.09169832148389413	-0.11765780916745318	0.0872733482165358	-0.08596223811885857	0.1205065297663509	-0.08983054324165389	0.08166289211457553	-0.09080698310497885	0.07721312274668732	-0.06070730743279211	0.08315924577799105	-0.07130010339529333	0.057307421481972494	-0.08349379484495854	0.06191164083531192	-0.07707112295428725	0.05450995469243726	-0.06609686872326193
0.19568595435738045	-0.2667551801628071	0.9999999999999998	-0.7447257022074422	0.2905013238231813	-0.14434163964294658	0.17120287936068154	-0.1953447722871556	0.16599046902105083	-0.24197533808040483	0.13408082552497114	-0.15712959569229631	0.15077592066519718	-0.15308299705299105	0.20252285583317237	-0.08343884767267577	0.10563338271633553	-0.12041005096139559	0.13379569917933498	-0.15630021362136387	0.09655751123193072	-0.11637137002730444	0.1063319334996324	-0.15497490392203403	0.0986847367964115	-0.09806171656069591	0.10948563598679127	-0.10200012766509839	0.13411599776571004	-0.10708161633158401	0.09440369251311717	-0.1435955503834035	0.10186002693814333	-0.09491709461374159	0.10467153614494672	-0.09146432196564319	0.07119139975865678	-0.09907724468487376	0.0824860072843703	-0.06673764057834672	0.09715949756060889	-0.07289548925744166	0.08956990847596796	-0.06351037548665371	0.07647393264917766
-0.15223188259020845	0.1565849308662689	-0.7447257022074422	1.0	-0.5197306275030873	0.10301356673003079	-0.12565133617444166	0.13954377454892752	-0.15627347507531672	0.22192694826310963	-0.10097532908298114	0.11301510219638139	-0.11786473333063241	0.12758406344533027	-0.20198330772199263	0.0617964350479104	-0.07941683801608185	0.09105212644787501	-0.10937685592732085	0.12364342668206703	-0.07234432119151363	0.08568916756684952	-0.0814870435545111	0.11804472241962219	-0.0773327800394034	0.07204159222907579	-0.08216025051284444	0.07645588005401252	-0.10353796417787493	0.08171699040131648	-0.07003431776417003	0.10445317939159092	-0.07625646861608962	0.07116886301472543	-0.07935239935359592	0.0668687978072428	-0.052449849937957184	0.07264046733800718	-0.0618521430228305	0.0500599058377262	-0.0718296521542213	0.0537670492770924	-0.06660253375925089	0.04739152018260148	-0.0573333644303593
0.1761303768101462	-0.16381585327840398	0.2905013238231813	-0.5197306275030873	1.0	-0.12347915142674	0.12733080850355583	-0.17153689255401103	0.18835801008734293	-0.5761460495915867	0.12066372269706481	-0.14273193061197403	0.1428134494868985	-0.17396178316207014	0.2843816599740089	-0.08410503758368593	0.10650387974011587	-0.12844199588266492	0.15257369674578536	-0.18743103632777927	0.10015725430685524	-0.12188191867081853	0.11366728600307086	-0.17552291346624324	0.11322240584319979	-0.10453550825077022	0.11732421140920125	-0.11029202904933821	0.14852543292825274	-0.1221265739702628	0.10098741027713956	-0.15549443359653167	0.11048666833716035	-0.10393377265184328	0.11488686871540962	-0.09895756296410037	0.07712180604009543	-0.10761680217431722	0.08991507305932189	-0.07300134018997331	0.1050017647961262	-0.07905292010303314	0.09710267707810447	-0.069167035014841	0.08328346540886629
-0.5612248649553453	0.267139593613162	-0.14434163964294658	0.10301356673003079	-0.12347915142674	0.9999999999999999	-0.39777203464896127	0.1882502722018962	-0.1328945191246376	0.10671918249167571	-0.6005214878197963	0.28303996600775344	-0.1897948570324735	0.12576697530495168	-0.1331145746779493	0.10919860013992158	-0.13743752721619495	0.1122277615299765	-0.1090698033831555	0.11404967998269076	-0.10722222810048812	0.1172468457746041	-0.09957585812354493	0.1188221112690271	-0.07617261474590101	0.08831885620154607	-0.09895630325844068	0.08862831279841227	-0.1099288808095418	0.08155761336844267	-0.08341164314430435	0.11684089620020498	-0.08580082517960096	0.07743160998936653	-0.08520562502073545	0.07402472450858429	-0.057877476320949736	0.07949207932505765	-0.06717687380530912	0.05398666779132951	-0.07898094503253564	0.058748060114048865	-0.07263187196256524	0.0514121270641943	-0.06212940735799617
0.2827692032994666	-0.7539584556157122	0.17120287936068154	-0.12565133617444166	0.12733080850355583	-0.39777203464896127	0.9999999999999999	-0.27290115427834655	0.14657061351630352	-0.11280335606756302	0.24353356171686236	-0.2998626938880979	0.19982327416459006	-0.13429945644738692	0.1312472260327289	-0.09332712756367945	0.11909374690669014	-0.10814852165871457	0.10797029582306451	-0.11261968842726623	0.09302239336335313	-0.10603340158201187	0.09425628585186811	-0.11548470815959559	0.07348458602807124	-0.08049127093469535	0.0910211138708499	-0.08276282069487055	0.10375740535968728	-0.07823084830192706	0.07613030557677902	-0.10820416287781205	0.07985115369027411	-0.07242211756396348	0.07971701292315965	-0.06839870905215872	0.053581217460850324	-0.07378641654496995	0.06253623400311482	-0.05037057814834762	0.07294854598135284	-0.054424691687702025	0.06728845134501935	-0.04780834115934576	0.05777484814829703
-0.24952883438399784	0.20839581724745368	-0.1953447722871556	0.13954377454892752	-0.17153689255401103	0.1882502722018962	-0.27290115427834655	0.9999999999999994	-0.4431656345063341	0.16776909133853113	-0.23458066085521015	0.26534319207871887	-0.6709436578106969	0.2740226175716468	-0.19947735065370736	0.10752903648834652	-0.14621447901390583	0.16648467612027357	-0.18428822514939341	0.16851287666302361	-0.11618043533114605	0.13022057710126486	-0.14647343833144827	0.16716851070000127	-0.10672502575930218	0.1008522487726606	-0.12129121605786566	0.1127934851171142	-0.1454628599331662	0.10918857745494254	-0.09745986755941535	0.13686659917505553	-0.10711026326429347	0.09679374848700484	-0.10750865474161768	0.08667005769377438	-0.06887002310663035	0.09459640806172696	-0.08270842644980106	0.06678711629228846	-0.093624055651196	0.06995023146261975	-0.0873190754153137	0.06267952256899752	-0.07614083430138817
0.1752141993335848	-0.15496280976156862	0.16599046902105083	-0.15627347507531672	0.18835801008734293	-0.1328945191246376	0.14657061351630352	-0.4431656345063341	0.9999999999999976	-0.2771029837631024	0.14568289362760564	-0.185442855146456	0.26979582213363146	-0.6965350832480603	0.2386215555411979	-0.09006398703223455	0.11717005995916435	-0.16064397579476475	0.24403217123163756	-0.23520059236582147	0.10188318801463965	-0.12104585788062253	0.1336380514683084	-0.2198061382749705	0.12947969111183955	-0.09738141860289716	0.11673262349090198	-0.11263181181537638	0.15647839763481405	-0.1298704071332241	0.0938512211578724	-0.1389816622058577	0.10726908134283777	-0.10072410381461552	0.11181123974888942	-0.087018573824147	0.06916376143492892	-0.09616436529113206	0.08430319308271654	-0.0689269611699431	0.09290735025040096	-0.07042973714186755	0.08744187189556088	-0.06379598352566615	0.07729005127363281
-0.15806765950662835	0.1307488484559517	-0.24197533808040483	0.22192694826310963	-0.5761460495915867	0.10671918249167571	-0.11280335606756302	0.16776909133853113	-0.2771029837631024	0.9999999999999972	-0.11124622788410385	0.127848561666278	-0.14829124023194307	0.20241993607561531	-0.6276102511922309	0.07531844774765799	-0.0975014675303257	0.12091945864380274	-0.17110406600599815	0.19792719639567463	-0.09024583905833207	0.10705882106363968	-0.1088771102693774	0.16609256751480578	-0.11577589826869429	0.09059662525083567	-0.10632369727165855	0.10021426982729716	-0.14358203438773484	0.11603768554926033	-0.08872164078498852	0.13208775542324308	-0.0996313431474904	0.09412894818109564	-0.1063971237904317	0.08450024261595786	-0.06689636134287077	0.09261796587568191	-0.0810472379655782	0.06594783197931219	-0.09131222135204926	0.06865217112469105	-0.0856072083543345	0.06164805423229708	-0.0749210427274408
0.28756561006093817	-0.2415504982076113	0.13408082552497114	-0.10097532908298114	0.12066372269706481	-0.6005214878197963	0.24353356171686236	-0.23458066085521015	0.14568289362760564	-0.11124622788410385	0.9999999999999951	-0.6020578987736835	0.22651350856029856	-0.1488477934867921	0.13574231549674934	-0.1552537153097858	0.172590666351265	-0.131727600781833	0.12038867827711992	-0.12612009359351578	0.12544779380312887	-0.14088859361894157	0.11211132862000864	-0.1318923416114724	0.0827748606727963	-0.1000474548274607	0.10980087635602034	-0.09871804730654385	0.11821643359798592	-0.0888724748164249	0.09132167465924994	-0.12853096329573183	0.09344484151888457	-0.08386958835923129	0.09113027566250023	-0.08007433690120037	0.06232251527060538	-0.08598881538388133	0.07176701347535662	-0.057787363849239576	0.08398758713131925	-0.06287007189329337	0.07712187649540059	-0.05488659813203555	0.06607972988580396
-0.32886019643420533	0.2264335060667228	-0.15712959569229631	0.11301510219638139	-0.14273193061197403	0.28303996600775344	-0.2998626938880979	0.26534319207871887	-0.185442855146456	0.127848561666278	-0.6020578987736835	0.9999999999999972	-0.45517832898909916	0.17854750342958406	-0.16292512858707203	0.1666666657616644	-0.2650019506734965	0.1585187761067096	-0.14577696926326353	0.14260838354710736	-0.1495300260964383	0.1579066777567857	-0.13829233182827594	0.14778514112627741	-0.0948522423858483	0.11176897047272419	-0.12740767923645624	0.11344781377619058	-0.13703662352515844	0.10016636139669519	-0.10431359162125166	0.14130785185933634	-0.10695261375413502	0.09509935361717411	-0.10431126140092009	0.08895676310011692	-0.06986932118059655	0.09563182329438726	-0.08164547750757065	0.06560083699268476	-0.09480929326323836	0.07051930525058088	-0.08735278365815526	0.0621583354556629	-0.07520738560500095
0.212842815791539	-0.19346931499066033	0.15077592066519718	-0.11786473333063241	0.1428134494868985	-0.1897948570324735	0.19982327416459006	-0.6709436578106969	0.26979582213363146	-0.14829124023194307	0.22651350856029856	-0.45517832898909916	0.999999999999992	-0.34304708415678276	0.17469342172043933	-0.11610601800291348	0.15311101169928787	-0.21120035477670707	0.18173807388210936	-0.17130855977314718	0.1161388374699204	-0.13491920692228374	0.1537979729763883	-0.17158612238429366	0.10493034865356923	-0.10073248068910676	0.12041576476335726	-0.11489151188269442	0.14101846408143037	-0.10830864321373512	0.0952627931178345	-0.13617052554876466	0.10559510088454956	-0.09504196436000777	0.10387504271476818	-0.0847151562917727	0.0670955388798889	-0.09280525080293366	0.07993899098077499	-0.06471742541094234	0.09010685979188361	-0.06780013100535537	0.0839449812889429	-0.06058937844691642	0.07326579992348067
-0.17622704963378025	0.13598608209534863	-0.15308299705299105	0.12758406344533027	-0.17396178316207014	0.12576697530495168	-0.13429945644738692	0.2740226175716468	-0.6965350832480603	0.20241993607561531	-0.1488477934867921	0.17854750342958406	-0.34304708415678276	0.9999999999999899	-0.2764030100475378	0.08980159255276611	-0.11999318516830168	0.16612840738085724	-0.41116724119973297	0.2350827014597527	-0.10318295918018651	0.11984467075081619	-0.1439732905629922	0.21683233147914222	-0.1362071222751909	0.09645524039544418	-0.11901243963214977	0.11421665977599679	-0.1643417355058623	0.1293099291164506	-0.09406495164046788	0.1362122547434213	-0.10894310796430501	0.10162386246858954	-0.1144324399853392	0.08598251633389886	-0.06889907875459043	0.09519472919909722	-0.08544767851572639	0.06968801646831108	-0.09299253591043147	0.0702273665877989	-0.08801177598966847	0.06429712596592184	-0.07835491753332752
0.1916217994063141	-0.1571408427641562	0.20252285583317237	-0.20198330772199263	0.2843816599740089	-0.1331145746779493	0.1312472260327289	-0.19947735065370736	0.2386215555411979	-0.6276102511922309	0.13574231549674934	-0.16292512858707203	0.17469342172043933	-0.2764030100475378	0.9999999999999952	-0.10060068257883387	0.12807037065512397	-0.16765860854420012	0.2320665711658387	-0.36874972378495424	0.1210869190716914	-0.14790554155920396	0.1469177922920359	-0.24803386576090428	0.17217481062621784	-0.12643379801855834	0.1457334599478428	-0.13968549010224998	0.19805228368020758	-0.17870528760323798	0.12235420374226723	-0.189000891429551	0.13837013823750793	-0.13255017344720824	0.1476783920112349	-0.11929849893085437	0.09375722993561597	-0.1312521780190923	0.11230773695796013	-0.09217764862370605	0.1263750102169446	-0.09602773721600324	0.11823719940636569	-0.08576472017785407	0.10345600458366325
-0.13953327557639986	0.09524634443725268	-0.08343884767267577	0.0617964350479104	-0.08410503758368593	0.10919860013992158	-0.09332712756367945	0.10752903648834652	-0.09006398703223455	0.07531844774765799	-0.1552537153097858	0.1666666657616644	-0.11610601800291348	0.08980159255276611	-0.10060068257883387	0.9999999999999949	-0.7243998115181461	0.16067130442956196	-0.10014381425976847	0.10280701111631418	-0.5465915202091568	0.26711490559744844	-0.14575337155870788	0.11589391708744023	-0.07454078876104914	0.1610742459220685	-0.15842444077587567	0.12269698036446064	-0.12149013986648897	0.08256029759309956	-0.13568235800272577	0.14590806992227237	-0.1085905873315474	0.09042301747260453	-0.09532748445455283	0.09116280861059163	-0.06976010450016965	0.0933912678437172	-0.076445907089988	0.06078686959592197	-0.09276599710875238	0.06809883384976909	-0.08255683738611187	0.058233560498605404	-0.0697698008516789
0.16801020709389347	-0.12570970524188116	0.10563338271633553	-0.07941683801608185	0.10650387974011587	-0.13743752721619495	0.11909374690669014	-0.14621447901390583	0.11717005995916435	-0.0975014675303257	0.172590666351265	-0.2650019506734965	0.15311101169928787	-0.11999318516830168	0.12807037065512397	-0.7243998115181461	0.9999999999999946	-0.25459974671695274	0.13191766994131726	-0.1367721678644578	0.3024889048367176	-0.3673481054389605	0.1857144620832119	-0.15394725306901327	0.09658427157640435	-0.18718163681807667	0.18925442235217427	-0.1591892111195967	0.15284320624348668	-0.1073625870898734	0.1487321147259568	-0.19143390003375674	0.13658017991862806	-0.11514905385037397	0.11937100201720409	-0.11355511807920032	0.08677224821109163	-0.1190858637266215	0.09545704063461939	-0.07633821335913338	0.11321641594519949	-0.08490844073584636	0.10198063082074821	-0.07276968234509626	0.08673487863803256
-0.16254956585115196	0.11430354457000624	-0.12041005096139559	0.09105212644787501	-0.12844199588266492	0.1122277615299765	-0.10814852165871457	0.16648467612027357	-0.16064397579476475	0.12091945864380274	-0.131727600781833	0.1585187761067096	-0.21120035477670707	0.16612840738085724	-0.16765860854420012	0.16067130442956196	-0.25459974671695274	0.9999999999999939	-0.28184185940066964	0.19934197236712864	-0.18714370687255946	0.21586887127572973	-0.757224743267203	0.22360084564835414	-0.14090246601868792	0.15348698175510375	-0.23627430984393208	0.24541657713001555	-0.22583343899330213	0.1456333169552385	-0.14896341428351595	0.2037443159161125	-0.19655576427101984	0.151908112444169	-0.1593972281383707	0.12215922372171986	-0.10059200913337549	0.1384335427348365	-0.12214730477823664	0.09751597039527293	-0.13141052979528672	0.09890145965224968	-0.12360385047667269	0.09044565051044305	-0.10960182215851343
0.1578844982495123	-0.11845997120117456	0.13379569917933498	-0.10937685592732085	0.15257369674578536	-0.1090698033831555	0.10797029582306451	-0.18428822514939341	0.24403217123163756	-0.17110406600599815	0.12038867827711992	-0.14577696926326353	0.18173807388210936	-0.41116724119973297	0.2320665711658387	-0.10014381425976847	0.13191766994131726	-0.28184185940066964	0.9999999999999954	-0.5790495413509668	0.12019767439965454	-0.14534553833585914	0.20031216358150686	-0.4954539530704635	0.23324941200232993	-0.1182911522012446	0.15193285454951536	-0.15486171998094672	0.23931861016267647	-0.2098613502975994	0.1153757088021185	-0.17224212145470177	0.1428393419181877	-0.13769098289704976	0.15477483241177067	-0.10682198014473306	0.08657671510025002	-0.12079284794312597	0.11132187022534384	-0.09222709280918692	0.11479526595122791	-0.08811835674174137	0.11047416645808189	-0.0829709630950838	0.10110380754193224
-0.17578756034828227	0.12362110906445922	-0.15630021362136387	0.12364342668206703	-0.18743103632777927	0.11404967998269076	-0.11261968842726623	0.16851287666302361	-0.23520059236582147	0.19792719639567463	-0.12612009359351578	0.14260838354710736	-0.17130855977314718	0.2350827014597527	-0.36874972378495424	0.10280701111631418	-0.1367721678644578	0.19934197236712864	-0.5790495413509668	0.9999999999999951	-0.1300935775723405	0.15223630911002886	-0.18981951707614694	0.3133938724154708	-0.4327880650599008	0.12999528353368592	-0.1688134330439181	0.16433477035514185	-0.29412308065903825	0.2584350101131502	-0.13063604592119568	0.18982494821414986	-0.16309118146704837	0.16074189396297361	-0.19634642124654994	0.12189117126415555	-0.09995400687966173	0.13760984154435488	-0.13482740115266884	0.11188446002386046	-0.1349202618984438	0.10295832704643824	-0.13200854917128646	0.09950427573352523	-0.12355957439767637
0.14395866023878176	-0.10239280509800934	0.09655751123193072	-0.07234432119151363	0.10015725430685524	-0.10722222810048812	0.09302239336335313	-0.11618043533114605	0.10188318801463965	-0.09024583905833207	0.12544779380312887	-0.1495300260964383	0.1161388374699204	-0.10318295918018651	0.1210869190716914	-0.5465915202091568	0.3024889048367176	-0.18714370687255946	0.12019767439965454	-0.1300935775723405	0.999999999999998	-0.600906850598688	0.16999099222553382	-0.15045311835764252	0.09593551893378278	-0.31815719720674873	0.23575502703813017	-0.17599210751251987	0.159683387758107	-0.10908569122052941	0.20340883215272765	-0.2175790110725289	0.1505212530818181	-0.12459549816991553	0.12793691493472342	-0.1328721513809088	0.0987420503103412	-0.13259716886904724	0.10394929449042764	-0.0826305660955662	0.1285840697777012	-0.09505514165751608	0.11283505671450088	-0.07956446776588813	0.09444392015529648
-0.17522458735778634	0.11373993231068359	-0.11637137002730444	0.08568916756684952	-0.12188191867081853	0.1172468457746041	-0.10603340158201187	0.13022057710126486	-0.12104585788062253	0.10705882106363968	-0.14088859361894157	0.1579066777567857	-0.13491920692228374	0.11984467075081619	-0.14790554155920396	0.26711490559744844	-0.3673481054389605	0.21586887127572973	-0.14534553833585914	0.15223630911002886	-0.600906850598688	0.9999999999999899	-0.2540344007020073	0.17771448367354634	-0.11765618840966306	0.24444428943103919	-0.45464768182988385	0.23494615075395744	-0.2121858909940648	0.1325514075116101	-0.2276450607890243	0.24381800341604062	-0.1999973419295377	0.15661626289878214	-0.16438836994855208	0.1493618945754614	-0.11765858898480507	0.15575185022194035	-0.13170805291241436	0.10387473830140571	-0.15779056383275047	0.11442932141224746	-0.14102937657697995	0.09933318440889086	-0.11969253417818167
0.14207164258993288	-0.10296141932946272	0.1063319334996324	-0.0814870435545111	0.11366728600307086	-0.09957585812354493	0.09425628585186811	-0.14647343833144827	0.1336380514683084	-0.1088771102693774	0.11211132862000864	-0.13829233182827594	0.1537979729763883	-0.1439732905629922	0.1469177922920359	-0.14575337155870788	0.1857144620832119	-0.757224743267203	0.20031216358150686	-0.18981951707614694	0.16999099222553382	-0.2540344007020073	0.9999999999999917	-0.24013437876137447	0.1335501682441157	-0.15628923536018768	0.23663467698482213	-0.39006723349646855	0.21540383308717836	-0.1454148748394224	0.14342894645535398	-0.22032499962866584	0.20162190034898003	-0.1591447273600722	0.15281783470329977	-0.122026479926722	0.10001546107665564	-0.14330075176744367	0.11853798991768558	-0.09543778404094316	0.12609741812218755	-0.0971683474898658	0.11844615682704676	-0.08815637623883746	0.10495313910659312
-0.18664824254093637	0.12637554587273347	-0.15497490392203403	0.11804472241962219	-0.17552291346624324	0.1188221112690271	-0.11548470815959559	0.16716851070000127	-0.2198061382749705	0.16609256751480578	-0.1318923416114724	0.14778514112627741	-0.17158612238429366	0.21683233147914222	-0.24803386576090428	0.11589391708744023	-0.15394725306901327	0.22360084564835414	-0.4954539530704635	0.3133938724154708	-0.15045311835764252	0.17771448367354634	-0.24013437876137447	0.9999999999999888	-0.40053095991433885	0.1527514121958517	-0.20771679255408673	0.20921944424095762	-0.4868834904153726	0.279201248339458	-0.15422446937352696	0.22464144268020472	-0.2025761995649593	0.20195862588198865	-0.23543707861136837	0.1431833766747681	-0.11868597742435993	0.1635614325856306	-0.1637968217684748	0.1344045711760624	-0.1590527913730366	0.12184396292964514	-0.15684870341845636	0.11937797210141196	-0.1480902770470654
0.11702805191076865	-0.08218604848113384	0.0986847367964115	-0.0773327800394034	0.11322240584319979	-0.07617261474590101	0.07348458602807124	-0.10672502575930218	0.12947969111183955	-0.11577589826869429	0.0827748606727963	-0.0948522423858483	0.10493034865356923	-0.1362071222751909	0.17217481062621784	-0.07454078876104914	0.09658427157640435	-0.14090246601868792	0.23324941200232993	-0.4327880650599008	0.09593551893378278	-0.11765618840966306	0.1335501682441157	-0.40053095991433885	0.9999999999999901	-0.10331380181407919	0.13200115542638136	-0.13800050881909653	0.27065484774487564	-0.7194873127464446	0.10191394961572428	-0.16171902172563415	0.13632414109482113	-0.15404631502133087	0.1874569828459328	-0.09999487526037439	0.08202009581571687	-0.11666623584591909	0.11592950713001494	-0.10530917510853975	0.10609870971090228	-0.08469808625399813	0.10597120779167787	-0.08584377020945426	0.10418345804619143
-0.13706402788424688	0.08907415545650563	-0.09806171656069591	0.07204159222907579	-0.10453550825077022	0.08831885620154607	-0.08049127093469535	0.1008522487726606	-0.09738141860289716	0.09059662525083567	-0.1000474548274607	0.11176897047272419	-0.10073248068910676	0.09645524039544418	-0.12643379801855834	0.1610742459220685	-0.18718163681807667	0.15348698175510375	-0.1182911522012446	0.12999528353368592	-0.31815719720674873	0.24444428943103919	-0.15628923536018768	0.1527514121958517	-0.10331380181407919	0.99999999999999	-0.3400649955706812	0.19437773247014076	-0.187023164373763	0.1189574917785749	-0.7444575875818475	0.2588189957015723	-0.18891185018620113	0.1507697508514372	-0.16145838148004804	0.21851223024077204	-0.15310025876611763	0.17581280145397438	-0.13770002230844586	0.10672297229230436	-0.20995143541963293	0.13912082559912642	-0.16314530707765937	0.10733747538018139	-0.12751464253037514
0.14867442539342718	-0.10170615441654723	0.10948563598679127	-0.08216025051284444	0.11732421140920125	-0.09895630325844068	0.0910211138708499	-0.12129121605786566	0.11673262349090198	-0.10632369727165855	0.10980087635602034	-0.12740767923645624	0.12041576476335726	-0.11901243963214977	0.1457334599478428	-0.15842444077587567	0.18925442235217427	-0.23627430984393208	0.15193285454951536	-0.1688134330439181	0.23575502703813017	-0.45464768182988385	0.23663467698482213	-0.20771679255408673	0.13200115542638136	-0.3400649955706812	0.9999999999999938	-0.557547781325274	0.24388283827423785	-0.15810374253832657	0.23749544207861473	-0.40367553312758947	0.2705104254341123	-0.20726627750844243	0.1890037056745436	-0.1747964700319671	0.1387543236679512	-0.19724450939034097	0.15213557296528035	-0.12143321763416473	0.1708951715481891	-0.13098700957669973	0.15547447002688175	-0.11413445852863724	0.13406008028855337
-0.1355470559994804	0.09169832148389413	-0.10200012766509839	0.07645588005401252	-0.11029202904933821	0.08862831279841227	-0.08276282069487055	0.1127934851171142	-0.11263181181537638	0.10021426982729716	-0.09871804730654385	0.11344781377619058	-0.11489151188269442	0.11421665977599679	-0.13968549010224998	0.12269698036446064	-0.1591892111195967	0.24541657713001555	-0.15486171998094672	0.16433477035514185	-0.17599210751251987	0.23494615075395744	-0.39006723349646855	0.20921944424095762	-0.13800050881909653	0.19437773247014076	-0.557547781325274	0.9999999999999906	-0.35602514725359513	0.16586187811410033	-0.18522629178555738	0.288434899027661	-0.4846072131514801	0.2331692060759582	-0.20793090707146217	0.1509852477151035	-0.13235795223877955	0.18911617351555002	-0.16075252197672718	0.1259341574189695	-0.1582619412815311	0.12269428594606899	-0.15101515768664786	0.11466084867983803	-0.13637758928695387
0.16746284309631518	-0.11765780916745318	0.13411599776571004	-0.10353796417787493	0.14852543292825274	-0.1099288808095418	0.10375740535968728	-0.1454628599331662	0.15647839763481405	-0.14358203438773484	0.11821643359798592	-0.13703662352515844	0.14101846408143037	-0.1643417355058623	0.19805228368020758	-0.12149013986648897	0.15284320624348668	-0.22583343899330213	0.23931861016267647	-0.29412308065903825	0.159683387758107	-0.2121858909940648	0.21540383308717836	-0.4868834904153726	0.27065484774487564	-0.187023164373763	0.24388283827423785	-0.35602514725359513	0.9999999999999847	-0.4352745740989051	0.17591444900401104	-0.3098135734836642	0.2622118973607495	-0.3487126746722015	0.26355548697361797	-0.17428410856799353	0.1425745033317287	-0.21115795886379657	0.19253105821415217	-0.16321713770487575	0.17528319259063135	-0.14321543670325587	0.17236149006392046	-0.14141318400227287	0.16369315072002155
-0.12809532993698888	0.0872733482165358	-0.10708161633158401	0.08171699040131648	-0.1221265739702628	0.08155761336844267	-0.07823084830192706	0.10918857745494254	-0.1298704071332241	0.11603768554926033	-0.0888724748164249	0.10016636139669519	-0.10830864321373512	0.1293099291164506	-0.17870528760323798	0.08256029759309956	-0.1073625870898734	0.1456333169552385	-0.2098613502975994	0.2584350101131502	-0.10908569122052941	0.1325514075116101	-0.1454148748394224	0.279201248339458	-0.7194873127464446	0.1189574917785749	-0.15810374253832657	0.16586187811410033	-0.4352745740989051	0.9999999999999865	-0.11914305508430709	0.18670065489735083	-0.16985980516828586	0.19636921245037342	-0.29789151261330016	0.1172348627584844	-0.09791175744710738	0.13825615125137383	-0.15040518849268486	0.1368925928024006	-0.12658335917745475	0.10168785512893419	-0.13008261435243437	0.1079698738904616	-0.13527114037267837
0.127972059892875	-0.08596223811885857	0.09440369251311717	-0.07003431776417003	0.10098741027713956	-0.08341164314430435	0.07613030557677902	-0.09745986755941535	0.0938512211578724	-0.08872164078498852	0.09132167465924994	-0.10431359162125166	0.0952627931178345	-0.09406495164046788	0.12235420374226723	-0.13568235800272577	0.1487321147259568	-0.14896341428351595	0.1153757088021185	-0.13063604592119568	0.20340883215272765	-0.2276450607890243	0.14342894645535398	-0.15422446937352696	0.10191394961572428	-0.7444575875818475	0.23749544207861473	-0.18522629178555738	0.17591444900401104	-0.11914305508430709	0.9999999999999886	-0.34487811697252	0.1880036409556685	-0.15376911284188394	0.15815541346697048	-0.35360236631328335	0.17921866151719862	-0.21119282977370546	0.13831375824162717	-0.1077324474408547	0.2156963523562307	-0.15542127578004816	0.16504882874113191	-0.10968244881892705	0.12661266891465053
-0.19161925960678472	0.1205065297663509	-0.1435955503834035	0.10445317939159092	-0.15549443359653167	0.11684089620020498	-0.10820416287781205	0.13686659917505553	-0.1389816622058577	0.13208775542324308	-0.12853096329573183	0.14130785185933634	-0.13617052554876466	0.1362122547434213	-0.189000891429551	0.14590806992227237	-0.19143390003375674	0.2037443159161125	-0.17224212145470177	0.18982494821414986	-0.2175790110725289	0.24381800341604062	-0.22032499962866584	0.22464144268020472	-0.16171902172563415	0.2588189957015723	-0.40367553312758947	0.288434899027661	-0.3098135734836642	0.18670065489735083	-0.34487811697252	0.9999999999999882	-0.478877862699696	0.2737998159622349	-0.30518371369726394	0.23445681728032353	-0.21349755508584226	0.25888679499817707	-0.24273311586415025	0.185547059752914	-0.27496724467218947	0.19636688315901635	-0.2552995042878547	0.17728276763268536	-0.21926966110244328
0.13333806813024215	-0.08983054324165389	0.10186002693814333	-0.07625646861608962	0.11048666833716035	-0.08580082517960096	0.07985115369027411	-0.10711026326429347	0.10726908134283777	-0.0996313431474904	0.09344484151888457	-0.10695261375413502	0.10559510088454956	-0.10894310796430501	0.13837013823750793	-0.1085905873315474	0.13658017991862806	-0.19655576427101984	0.1428393419181877	-0.16309118146704837	0.1505212530818181	-0.1999973419295377	0.20162190034898003	-0.2025761995649593	0.13632414109482113	-0.18891185018620113	0.2705104254341123	-0.4846072131514801	0.2622118973607495	-0.16985980516828586	0.1880036409556685	-0.478877862699696	0.9999999999999868	-0.4973780906602121	0.26106739541349516	-0.1891848518284529	0.17971011121057942	-0.32775696242846836	0.21249754191291584	-0.16757116559736768	0.18899241132239325	-0.15698222971390371	0.18507638736293092	-0.14957993972595274	0.16890796100398767
-0.12177523345785586	0.08166289211457553	-0.09491709461374159	0.07116886301472543	-0.10393377265184328	0.07743160998936653	-0.07242211756396348	0.09679374848700484	-0.10072410381461552	0.09412894818109564	-0.08386958835923129	0.09509935361717411	-0.09504196436000777	0.10162386246858954	-0.13255017344720824	0.09042301747260453	-0.11514905385037397	0.151908112444169	-0.13769098289704976	0.16074189396297361	-0.12459549816991553	0.15661626289878214	-0.1591447273600722	0.20195862588198865	-0.15404631502133087	0.1507697508514372	-0.20726627750844243	0.2331692060759582	-0.3487126746722015	0.19636921245037342	-0.15376911284188394	0.2737998159622349	-0.4973780906602121	0.9999999999999891	-0.5610383570246037	0.16498497861385153	-0.15086383944630857	0.22163888650633445	-0.38830434927978913	0.252330335341516	-0.1741576034093411	0.1525593893467258	-0.19964286884807805	0.19714157622695277	-0.23230783103504965
0.1326073973798039	-0.09080698310497885	0.10467153614494672	-0.07935239935359592	0.11488686871540962	-0.08520562502073545	0.07971701292315965	-0.10750865474161768	0.11181123974888942	-0.1063971237904317	0.09113027566250023	-0.10431126140092009	0.10387504271476818	-0.1144324399853392	0.1476783920112349	-0.09532748445455283	0.11937100201720409	-0.1593972281383707	0.15477483241177067	-0.19634642124654994	0.12793691493472342	-0.16438836994855208	0.15281783470329977	-0.23543707861136837	0.1874569828459328	-0.16145838148004804	0.1890037056745436	-0.20793090707146217	0.26355548697361797	-0.29789151261330016	0.15815541346697048	-0.30518371369726394	0.26106739541349516	-0.5610383570246037	0.9999999999999875	-0.18380179308060313	0.1536998051202532	-0.23692840423039932	0.2923048949707204	-0.4720588641074147	0.17848124867631718	-0.16673159626950404	0.19894352556727546	-0.2198259720347768	0.25273901767835094
-0.12029056380702421	0.07721312274668732	-0.09146432196564319	0.0668687978072428	-0.09895756296410037	0.07402472450858429	-0.06839870905215872	0.08667005769377438	-0.087018573824147	0.08450024261595786	-0.08007433690120037	0.08895676310011692	-0.0847151562917727	0.08598251633389886	-0.11929849893085437	0.09116280861059163	-0.11355511807920032	0.12215922372171986	-0.10682198014473306	0.12189117126415555	-0.1328721513809088	0.1493618945754614	-0.122026479926722	0.1431833766747681	-0.09999487526037439	0.21851223024077204	-0.1747964700319671	0.1509852477151035	-0.17428410856799353	0.1172348627584844	-0.35360236631328335	0.23445681728032353	-0.1891848518284529	0.16498497861385153	-0.18380179308060313	0.9999999999999871	-0.5389965924150946	0.3010086540976959	-0.18860344986587246	0.1393402206481472	-0.5585400543527854	0.29015618244871016	-0.285519160626489	0.16010007142494015	-0.1798736660972072
0.09296659627363311	-0.06070730743279211	0.07119139975865678	-0.052449849937957184	0.07712180604009543	-0.057877476320949736	0.053581217460850324	-0.06887002310663035	0.06916376143492892	-0.06689636134287077	0.06232251527060538	-0.06986932118059655	0.0670955388798889	-0.06889907875459043	0.09375722993561597	-0.06976010450016965	0.08677224821109163	-0.10059200913337549	0.08657671510025002	-0.09995400687966173	0.0987420503103412	-0.11765858898480507	0.10001546107665564	-0.11868597742435993	0.08202009581571687	-0.15310025876611763	0.1387543236679512	-0.13235795223877955	0.1425745033317287	-0.09791175744710738	0.17921866151719862	-0.21349755508584226	0.17971011121057942	-0.15086383944630857	0.1536998051202532	-0.5389965924150946	0.9999999999999846	-0.6229555029986158	0.16766981165918077	-0.12377537656956082	0.3027324373464536	-0.4217581671154935	0.24697644945445635	-0.14602658407037195	0.15021405006424254
-0.12919787559510665	0.08315924577799105	-0.09907724468487376	0.07264046733800718	-0.10761680217431722	0.07949207932505765	-0.07378641654496995	0.09459640806172696	-0.09616436529113206	0.09261796587568191	-0.08598881538388133	0.09563182329438726	-0.09280525080293366	0.09519472919909722	-0.1312521780190923	0.0933912678437172	-0.1190858637266215	0.1384335427348365	-0.12079284794312597	0.13760984154435488	-0.13259716886904724	0.15575185022194035	-0.14330075176744367	0.1635614325856306	-0.11666623584591909	0.17581280145397438	-0.19724450939034097	0.18911617351555002	-0.21115795886379657	0.13825615125137383	-0.21119282977370546	0.25888679499817707	-0.32775696242846836	0.22163888650633445	-0.23692840423039932	0.3010086540976959	-0.6229555029986158	0.9999999999999866	-0.27829411485585115	0.181673342352833	-0.3507311231730107	0.2788883931901551	-0.32959579481773205	0.1974861191431564	-0.2238508157358349
0.10571403953465758	-0.07130010339529333	0.0824860072843703	-0.0618521430228305	0.08991507305932189	-0.06717687380530912	0.06253623400311482	-0.08270842644980106	0.08430319308271654	-0.0810472379655782	0.07176701347535662	-0.08164547750757065	0.07993899098077499	-0.08544767851572639	0.11230773695796013	-0.076445907089988	0.09545704063461939	-0.12214730477823664	0.11132187022534384	-0.13482740115266884	0.10394929449042764	-0.13170805291241436	0.11853798991768558	-0.1637968217684748	0.11592950713001494	-0.13770002230844586	0.15213557296528035	-0.16075252197672718	0.19253105821415217	-0.15040518849268486	0.13831375824162717	-0.24273311586415025	0.21249754191291584	-0.38830434927978913	0.2923048949707204	-0.18860344986587246	0.16766981165918077	-0.27829411485585115	0.9999999999999859	-0.5549291722963071	0.18201783046257858	-0.20302745998223592	0.2508329053984077	-0.4958021561236017	0.32157486414497105
-0.08512545093955942	0.057307421481972494	-0.06673764057834672	0.0500599058377262	-0.07300134018997331	0.05398666779132951	-0.05037057814834762	0.06678711629228846	-0.0689269611699431	0.06594783197931219	-0.057787363849239576	0.06560083699268476	-0.06471742541094234	0.06968801646831108	-0.09217764862370605	0.06078686959592197	-0.07633821335913338	0.09751597039527293	-0.09222709280918692	0.11188446002386046	-0.0826305660955662	0.10387473830140571	-0.09543778404094316	0.1344045711760624	-0.10530917510853975	0.10672297229230436	-0.12143321763416473	0.1259341574189695	-0.16321713770487575	0.1368925928024006	-0.1077324474408547	0.185547059752914	-0.16757116559736768	0.252330335341516	-0.4720588641074147	0.1393402206481472	-0.12377537656956082	0.181673342352833	-0.5549291722963071	0.9999999999999847	-0.14313756396075966	0.14822597191894063	-0.2078202757567521	0.2864145073055262	-0.5726497770671217
0.12607120846257328	-0.08349379484495854	0.09715949756060889	-0.0718296521542213	0.1050017647961262	-0.07898094503253564	0.07294854598135284	-0.093624055651196	0.09290735025040096	-0.09131222135204926	0.08398758713131925	-0.09480929326323836	0.09010685979188361	-0.09299253591043147	0.1263750102169446	-0.09276599710875238	0.11321641594519949	-0.13141052979528672	0.11479526595122791	-0.1349202618984438	0.1285840697777012	-0.15779056383275047	0.12609741812218755	-0.1590527913730366	0.10609870971090228	-0.20995143541963293	0.1708951715481891	-0.1582619412815311	0.17528319259063135	-0.12658335917745475	0.2156963523562307	-0.27496724467218947	0.18899241132239325	-0.1741576034093411	0.17848124867631718	-0.5585400543527854	0.3027324373464536	-0.3507311231730107	0.18201783046257858	-0.14313756396075966	0.9999999999999849	-0.5564416877903583	0.28017679364181336	-0.17556999004697868	0.17160085053692875
-0.09452968320246928	0.06191164083531192	-0.07289548925744166	0.0537670492770924	-0.07905292010303314	0.058748060114048865	-0.054424691687702025	0.06995023146261975	-0.07042973714186755	0.06865217112469105	-0.06287007189329337	0.07051930525058088	-0.06780013100535537	0.0702273665877989	-0.09602773721600324	0.06809883384976909	-0.08490844073584636	0.09890145965224968	-0.08811835674174137	0.10295832704643824	-0.09505514165751608	0.11442932141224746	-0.0971683474898658	0.12184396292964514	-0.08469808625399813	0.13912082559912642	-0.13098700957669973	0.12269428594606899	-0.14321543670325587	0.10168785512893419	-0.15542127578004816	0.19636688315901635	-0.15698222971390371	0.1525593893467258	-0.16673159626950404	0.29015618244871016	-0.4217581671154935	0.2788883931901551	-0.20302745998223592	0.14822597191894063	-0.5564416877903583	0.9999999999999851	-0.5719178900130288	0.21125192553934558	-0.2079487156757165
0.1154120047048782	-0.07707112295428725	0.08956990847596796	-0.06660253375925089	0.09710267707810447	-0.07263187196256524	0.06728845134501935	-0.0873190754153137	0.08744187189556088	-0.0856072083543345	0.07712187649540059	-0.08735278365815526	0.0839449812889429	-0.08801177598966847	0.11823719940636569	-0.08255683738611187	0.10198063082074821	-0.12360385047667269	0.11047416645808189	-0.13200854917128646	0.11283505671450088	-0.14102937657697995	0.11844615682704676	-0.15684870341845636	0.10597120779167787	-0.16314530707765937	0.15547447002688175	-0.15101515768664786	0.17236149006392046	-0.13008261435243437	0.16504882874113191	-0.2552995042878547	0.18507638736293092	-0.19964286884807805	0.19894352556727546	-0.285519160626489	0.24697644945445635	-0.32959579481773205	0.2508329053984077	-0.2078202757567521	0.28017679364181336	-0.5719178900130288	0.9999999999999851	-0.4858282538279191	0.25643946408037466
-0.0815086724642313	0.05450995469243726	-0.06351037548665371	0.04739152018260148	-0.069167035014841	0.0514121270641943	-0.04780834115934576	0.06267952256899752	-0.06379598352566615	0.06164805423229708	-0.05488659813203555	0.0621583354556629	-0.06058937844691642	0.06429712596592184	-0.08576472017785407	0.058233560498605404	-0.07276968234509626	0.09044565051044305	-0.0829709630950838	0.09950427573352523	-0.07956446776588813	0.09933318440889086	-0.08815637623883746	0.11937797210141196	-0.08584377020945426	0.10733747538018139	-0.11413445852863724	0.11466084867983803	-0.14141318400227287	0.1079698738904616	-0.10968244881892705	0.17728276763268536	-0.14957993972595274	0.19714157622695277	-0.2198259720347768	0.16010007142494015	-0.14602658407037195	0.1974861191431564	-0.4958021561236017	0.2864145073055262	-0.17556999004697868	0.21125192553934558	-0.4858282538279191	0.9999999999999853	-0.5990822297161117
