1.0000000000000002	-0.4672147528665318	0.25988150428119994	-0.13354220157941965	0.08131737896927346	-0.731768204558942	0.24768244115155805	-0.2018342788355839	0.1295446662081769	-0.09751456174374955	0.2579269437846208	-0.20266988309339432	0.1710799527341073	-0.141628952347819	0.046620843900988314	-0.17590004853011013	0.14599717815044314	-0.1738593886185651	0.11114190586808476	-0.04281657988570205	0.0917290543489904	-0.125376231855625	0.12889543089865318	-0.09516601623149035	0.11736482751001517
-0.4672147528665318	1.0000000000000004	-0.6735955510842614	0.16244058465884462	-0.09538549170296082	0.2684983032104855	-0.40801057754556763	0.25177887755379735	-0.16362179279152794	0.1056693644661856	-0.2266849946701411	0.19762295157691387	-0.19468710193760513	0.13781515727849625	-0.04478199226178292	0.146809231358524	-0.14098924868876073	0.16175465295796101	-0.10921882744182242	0.04092814065232337	-0.08050439759372698	0.10796446986768067	-0.1192677852212356	0.08879194786943817	-0.10987563073528751
0.25988150428119994	-0.6735955510842614	1.0000000000000009	-0.2781403680332971	0.13214066120931134	-0.2742960223762329	0.2959085485195048	-0.3981912744262764	0.21769015890057944	-0.15400075286638654	0.2252156924453797	-0.2226351427827124	0.2307803873828254	-0.1846805880426423	0.058354467615906645	-0.1900952279907911	0.16654239473928192	-0.21212782936063526	0.13928962135970416	-0.053776156704408454	0.10131114911061606	-0.13811016774201776	0.1505665515432736	-0.11446177810053801	0.13926586929623122
-0.13354220157941965	0.16244058465884462	-0.2781403680332971	1.000000000000001	-0.42382899098681964	0.12464139345150613	-0.1946271172138144	0.2191712061752612	-0.7479609637886855	0.2830573960885092	-0.1583560769841645	0.13952172307199498	-0.18244790400342625	0.15788340740473766	-0.05800655353511139	0.1170423975379769	-0.11519154855915995	0.14040580106851952	-0.12439090489997551	0.052550698334154	-0.06655133162198434	0.08820745723340773	-0.11929416032920663	0.09235403570597069	-0.11702831614492652
0.08131737896927346	-0.09538549170296082	0.13214066120931134	-0.42382899098681964	1.0000000000000007	-0.07916017444851789	0.11175831111445261	-0.12566036256812071	0.2645469082017485	-0.8443469982983522	0.10393897476204236	-0.0900544914296245	0.10952855474021607	-0.10490124917012704	0.06768948775648233	-0.08417479974642411	0.07737235973781564	-0.09686116850272429	0.08115455093754285	-0.06376002842947631	0.047098977806655	-0.0628845417644534	0.08690046591517672	-0.06814334088745154	0.0893314661935849
-0.731768204558942	0.2684983032104855	-0.2742960223762329	0.12464139345150613	-0.07916017444851789	1.0000000000000004	-0.3180483425400273	0.19788988159197962	-0.1311033229672292	0.09119483560097295	-0.4395327256894283	0.21731090777118695	-0.18370789298826906	0.1353974038775971	-0.04515021119776931	0.16422511466202933	-0.15195446577889732	0.16630224493848825	-0.10969958660034347	0.041197445826688654	-0.08889090375094942	0.11870509815767133	-0.12618096801077855	0.09194668129012168	-0.114785249716872
0.24768244115155805	-0.40801057754556763	0.2959085485195048	-0.1946271172138144	0.11175831111445261	-0.3180483425400273	1.0000000000000009	-0.5503762902480644	0.19822788797563395	-0.13739071557207827	0.2780349649902195	-0.4428255713678476	0.2926277250406899	-0.20529958470930534	0.061475126476746404	-0.21732021569439555	0.2191342809452886	-0.2539096824706864	0.15723618310914375	-0.056522398421214495	0.11841365751230284	-0.1618522674292643	0.16504903778748464	-0.12554839739734575	0.1504973968348153
-0.2018342788355839	0.25177887755379735	-0.3981912744262764	0.2191712061752612	-0.12566036256812071	0.19788988159197962	-0.5503762902480644	1.000000000000001	-0.32576590577081094	0.1454462478260815	-0.24357025231060708	0.2652011774820933	-0.5246778907148972	0.20821758356574102	-0.06061475314054311	0.17419673002332278	-0.1898659985540341	0.2255409025121577	-0.1624860329869505	0.05506607044594004	-0.09938078651469259	0.1318993316100494	-0.15531850694344332	0.11918303121392629	-0.1449370891749546
0.1295446662081769	-0.16362179279152794	0.21769015890057944	-0.7479609637886855	0.2645469082017485	-0.1311033229672292	0.19822788797563395	-0.32576590577081094	1.0000000000000009	-0.3698830998867845	0.16124078701336136	-0.15546867342244552	0.19990668431679087	-0.2159671617737916	0.06531403629031164	-0.1332334257236385	0.12667337919570276	-0.16466171939397506	0.14164565016242334	-0.0602879347393333	0.07431198791942939	-0.09975156838734622	0.12924527129090654	-0.10462617563937775	0.12626041525341952
-0.09751456174374955	0.1056693644661856	-0.15400075286638654	0.2830573960885092	-0.8443469982983522	0.09119483560097295	-0.13739071557207827	0.1454462478260815	-0.3698830998867845	1.0000000000000007	-0.12744203381224814	0.10578577476827405	-0.13383957814650937	0.12093229322858734	-0.08682115875322617	0.09488984761220465	-0.09118351649619619	0.11068123786447233	-0.09793274338383678	0.07397539019248216	-0.05429102338771867	0.07174954280156348	-0.10479502023411684	0.08077603458577189	-0.10957414479977771
0.2579269437846208	-0.2266849946701411	0.2252156924453797	-0.1583560769841645	0.10393897476204236	-0.4395327256894283	0.2780349649902195	-0.24357025231060708	0.16124078701336136	-0.12744203381224814	1.0000000000000013	-0.5117406537889635	0.26519833986498514	-0.2283093433571372	0.07428443788255513	-0.35131230296529714	0.27166303706080003	-0.30414024562469977	0.18167992438530325	-0.06825317548798852	0.17391588687246182	-0.24017307032985646	0.21699776997861725	-0.1587443725736521	0.19334464212320795
-0.20266988309339432	0.19762295157691387	-0.2226351427827124	0.13952172307199498	-0.0900544914296245	0.21731090777118695	-0.4428255713678476	0.2652011774820933	-0.15546867342244552	0.10578577476827405	-0.5117406537889635	1.000000000000002	-0.43396794953442996	0.20648976252230303	-0.06327791616235258	0.2442938656880606	-0.4612455480368072	0.2832615269120318	-0.17749765364160092	0.057439219436538756	-0.14940500346857957	0.19342387292863494	-0.18601104940439528	0.1352713648727834	-0.16462816083927956
0.1710799527341073	-0.19468710193760513	0.2307803873828254	-0.18244790400342625	0.10952855474021607	-0.18370789298826906	0.2926277250406899	-0.5246778907148972	0.19990668431679087	-0.13383957814650937	0.26519833986498514	-0.43396794953442996	1.0000000000000022	-0.39557980889998373	0.07818405200167872	-0.23637470913757028	0.2576126823305868	-0.4159846135411842	0.24005875307654792	-0.07202344005313176	0.13240533850789238	-0.1801355927085812	0.20087156779228094	-0.1663855847870356	0.18613023130501563
-0.141628952347819	0.13781515727849625	-0.1846805880426423	0.15788340740473766	-0.10490124917012704	0.1353974038775971	-0.20529958470930534	0.20821758356574102	-0.2159671617737916	0.12093229322858734	-0.2283093433571372	0.20648976252230303	-0.39557980889998373	1.0000000000000016	-0.13350437588595873	0.18404403989843215	-0.21013344350180502	0.28539177307043095	-0.6885167912507898	0.11195201238147208	-0.11281495342853923	0.1472258257104442	-0.274103830579821	0.25285800874541203	-0.2850266163873909
0.046620843900988314	-0.04478199226178292	0.058354467615906645	-0.05800655353511139	0.06768948775648233	-0.04515021119776931	0.061475126476746404	-0.06061475314054311	0.06531403629031164	-0.08682115875322617	0.07428443788255513	-0.06327791616235258	0.07818405200167872	-0.13350437588595873	0.9999999999999997	-0.07572942675872299	0.06472386238854078	-0.0890158332789658	0.09811921038654339	-0.9459697610404185	0.04288909583445624	-0.05829703430774852	0.10548604284681971	-0.12246858736310826	0.18203719035024443
-0.17590004853011013	0.146809231358524	-0.1900952279907911	0.1170423975379769	-0.08417479974642411	0.16422511466202933	-0.21732021569439555	0.17419673002332278	-0.1332334257236385	0.09488984761220465	-0.35131230296529714	0.2442938656880606	-0.23637470913757028	0.18404403989843215	-0.07572942675872299	1.0000000000000007	-0.43672856327125514	0.2560199445918105	-0.18290703323474106	0.06757175039421086	-0.5772050741584899	0.3239152300193615	-0.28717071806943834	0.16802327802740516	-0.22172688420437076
0.14599717815044314	-0.14098924868876073	0.16654239473928192	-0.11519154855915995	0.07737235973781564	-0.15195446577889732	0.2191342809452886	-0.1898659985540341	0.12667337919570276	-0.09118351649619619	0.27166303706080003	-0.4612455480368072	0.2576126823305868	-0.21013344350180502	0.06472386238854078	-0.43672856327125514	1.0000000000000009	-0.5409575031803563	0.19925951812910644	-0.059125578235291396	0.2401362833880213	-0.39044510074232364	0.21251381623153315	-0.1538337540066237	0.1752769429096784
-0.1738593886185651	0.16175465295796101	-0.21212782936063526	0.14040580106851952	-0.09686116850272429	0.16630224493848825	-0.2539096824706864	0.2255409025121577	-0.16466171939397506	0.11068123786447233	-0.30414024562469977	0.2832615269120318	-0.4159846135411842	0.28539177307043095	-0.0890158332789658	0.2560199445918105	-0.5409575031803563	1.0000000000000013	-0.4208467718879621	0.08015389534558544	-0.17344533428444234	0.2149636243885491	-0.28741619701602	0.21510543125182072	-0.24982920011402326
0.11114190586808476	-0.10921882744182242	0.13928962135970416	-0.12439090489997551	0.08115455093754285	-0.10969958660034347	0.15723618310914375	-0.1624860329869505	0.14164565016242334	-0.09793274338383678	0.18167992438530325	-0.17749765364160092	0.24005875307654792	-0.6885167912507898	0.09811921038654339	-0.18290703323474106	0.19925951812910644	-0.4208467718879621	1.0	-0.09346085561510481	0.10776109695055984	-0.14625198800115805	0.24970575588314003	-0.41483379972636636	0.24933047269036493
-0.04281657988570205	0.04092814065232337	-0.053776156704408454	0.052550698334154	-0.06376002842947631	0.041197445826688654	-0.056522398421214495	0.05506607044594004	-0.0602879347393333	0.07397539019248216	-0.06825317548798852	0.057439219436538756	-0.07202344005313176	0.11195201238147208	-0.9459697610404185	0.06757175039421086	-0.059125578235291396	0.08015389534558544	-0.09346085561510481	1.0000000000000004	-0.038871150495466154	0.05256697856309707	-0.10208062174843406	0.11510473606756984	-0.22943089316080323
0.0917290543489904	-0.08050439759372698	0.10131114911061606	-0.06655133162198434	0.047098977806655	-0.08889090375094942	0.11841365751230284	-0.09938078651469259	0.07431198791942939	-0.05429102338771867	0.17391588687246182	-0.14940500346857957	0.13240533850789238	-0.11281495342853923	0.04288909583445624	-0.5772050741584899	0.2401362833880213	-0.17344533428444234	0.10776109695055984	-0.038871150495466154	1.0000000000000009	-0.7335374543594271	0.17462681804172964	-0.10590218987611402	0.1235955788085326
-0.125376231855625	0.10796446986768067	-0.13811016774201776	0.08820745723340773	-0.0628845417644534	0.11870509815767133	-0.1618522674292643	0.1318993316100494	-0.09975156838734622	0.07174954280156348	-0.24017307032985646	0.19342387292863494	-0.1801355927085812	0.1472258257104442	-0.05829703430774852	0.3239152300193615	-0.39044510074232364	0.2149636243885491	-0.14625198800115805	0.05256697856309707	-0.7335374543594271	1.0000000000000009	-0.27546207662224725	0.14433429860623456	-0.17153856502004866
0.12889543089865318	-0.1192677852212356	0.1505665515432736	-0.11929416032920663	0.08690046591517672	-0.12618096801077855	0.16504903778748464	-0.15531850694344332	0.12924527129090654	-0.10479502023411684	0.21699776997861725	-0.18601104940439528	0.20087156779228094	-0.274103830579821	0.10548604284681971	-0.28717071806943834	0.21251381623153315	-0.28741619701602	0.24970575588314003	-0.10208062174843406	0.17462681804172964	-0.27546207662224725	1.0000000000000007	-0.5633424772327136	0.3194560038662363
-0.09516601623149035	0.08879194786943817	-0.11446177810053801	0.09235403570597069	-0.06814334088745154	0.09194668129012168	-0.12554839739734575	0.11918303121392629	-0.10462617563937775	0.08077603458577189	-0.1587443725736521	0.1352713648727834	-0.1663855847870356	0.25285800874541203	-0.12246858736310826	0.16802327802740516	-0.1538337540066237	0.21510543125182072	-0.41483379972636636	0.11510473606756984	-0.10590218987611402	0.14433429860623456	-0.5633424772327136	1.0000000000000007	-0.6025001706722213
0.11736482751001517	-0.10987563073528751	0.13926586929623122	-0.11702831614492652	0.0893314661935849	-0.114785249716872	0.1504973968348153	-0.1449370891749546	0.12626041525341952	-0.10957414479977771	0.19334464212320795	-0.16462816083927956	0.18613023130501563	-0.2850266163873909	0.18203719035024443	-0.22172688420437076	0.1752769429096784	-0.24982920011402326	0.24933047269036493	-0.22943089316080323	0.1235955788085326	-0.17153856502004866	0.3194560038662363	-0.6025001706722213	1.0000000000000007
