1.0	-0.6872201970737497	0.05371462356222456	-0.054095207708891244	0.01518123392975281	-0.6418920646741781	0.31058488103711424	-0.10001491945742468	0.040290571213598386	-0.01554150971480956	0.09046066683531366	-0.07808979808121139	0.0754839843932641	-0.041995259679948625	0.012770664930958445	-0.06446968156577781	0.07140767296544077	-0.05538786096788303	0.04449970886018448	-0.012669586479019836	0.04482807539119283	-0.04227318912412902	0.058448522701204514	-0.039177254133849336	0.02149192678078347	-0.03865958150980508	0.04319945580376431	-0.03912938043091674	0.03492355177576767	-0.01903799948367076	0.034852769906448595	-0.031641205069216714	0.04185889240255045	-0.028156115585527035	0.013972101418678521	-0.005339129605255151	0.00515865922395256	-0.03580605744116851	0.032306761025226165	-0.014838726370986346
-0.6872201970737497	0.9999999999999998	-0.0897314887245941	0.08302926726905328	-0.024462666007754257	0.33168695098879847	-0.5819552817806811	0.15690090165771606	-0.06566592488764139	0.024773213948317496	-0.13490220441419154	0.12303381061901077	-0.12575984793991718	0.0670645300421588	-0.021104432656828265	0.09360051577614001	-0.11686522180915385	0.09091168487449248	-0.07464905753950475	0.020812127936143548	-0.07215410202859489	0.06799396044192647	-0.09887497414953425	0.06492043449508504	-0.03618041297248745	0.060999748622565186	-0.07104318420174116	0.0652803566216032	-0.05892904160308909	0.0318619430962017	-0.05789600039604072	0.05169876594969352	-0.07057761262670949	0.047040503077833196	-0.023469061866531474	0.008856588891343673	-0.008571184633883271	0.05937350576639095	-0.05462498023843171	0.024798067476585774
0.05371462356222456	-0.0897314887245941	0.9999999999999999	-0.9246282225120476	0.0920275835711045	-0.0604702649107178	0.09445486476618303	-0.25392995839665095	0.14802194379336536	-0.09740901742575768	0.07264289689900387	-0.07429430340199512	0.12125100220055882	-0.14252583917657513	0.027038728795771193	-0.05312140464873391	0.07283982103192167	-0.0802871442137862	0.07378531392540014	-0.027158660942770904	0.044664703078627827	-0.04371689143354406	0.08473015493667972	-0.06211719904962722	0.029825610591809066	-0.03800453098404429	0.045912274192597115	-0.050615972524468124	0.04569762816326795	-0.026348980538623147	0.0397706855317066	-0.03544705800694025	0.05341653903552719	-0.03582878641296624	0.018245917755578916	-0.006377087994321658	0.0061739173598063125	-0.04390020405138937	0.04107540219653479	-0.01937659603811533
-0.054095207708891244	0.08302926726905328	-0.9246282225120476	1.0000000000000002	-0.11059870163639926	0.061084164642922836	-0.09939463447602412	0.1978595320094575	-0.18048487995929566	0.09876135978163837	-0.08119871807574418	0.07965445176363607	-0.1320448843726122	0.14005615471104277	-0.028634525789077936	0.05844463619847782	-0.08088614782923666	0.08589267153624144	-0.0813567391687144	0.028283663998309335	-0.05002979590620542	0.04839388629493296	-0.09513395516653582	0.06691356158968913	-0.033112426108552175	0.04223994720699417	-0.05138148243905032	0.05636684026476304	-0.05130646461962395	0.029040989405071993	-0.044808029369179485	0.03956535235163117	-0.06021086648110849	0.039897992415457974	-0.02029012502848497	0.007098790088344437	-0.006881408612514125	0.048717048463840576	-0.04625177377746436	0.021428679045257838
0.01518123392975281	-0.024462666007754257	0.0920275835711045	-0.11059870163639926	1.0000000000000004	-0.02037230538756961	0.030541176277086052	-0.07101505803047468	0.09672723267108473	-0.9802131923811352	0.027816352688040762	-0.028687670912571447	0.04475066594420729	-0.09367377336795155	0.01625941295153676	-0.020837822174024544	0.02816598297699139	-0.03341293419375924	0.034072604072987366	-0.01657278385810377	0.0177349872666107	-0.017507740959947605	0.03473753914794655	-0.029325972165729217	0.013117495145375475	-0.015246499627303317	0.018250164324430905	-0.02114093331242284	0.019143738431835883	-0.011715426514691011	0.01618546890875125	-0.014575505483203785	0.021995949734298633	-0.015188079703479657	0.007898620083089003	-0.002684833848525399	0.0025947962931378134	-0.01861568666798093	0.01711758501066133	-0.008471003195904561
-0.6418920646741781	0.33168695098879847	-0.0604702649107178	0.061084164642922836	-0.02037230538756961	1.0000000000000002	-0.631806752433255	0.151793275809978	-0.05959702051588571	0.020664853609392183	-0.1602476886030867	0.1287002782275665	-0.12197114685891362	0.06186381790418154	-0.019661673917419135	0.10485043461947582	-0.1189417951905292	0.08825738463450201	-0.0706093373699406	0.019435248853342278	-0.07323399181354669	0.06840152563323397	-0.09372818266304485	0.061832922181416936	-0.03407846626001344	0.06240509405647094	-0.07039955180974884	0.062416025945519135	-0.05569184854719724	0.03012652814616229	-0.05601504772625493	0.05058539800918297	-0.06696571564590845	0.04471896441229419	-0.022133568646920333	0.00847533437699206	-0.008193647770620736	0.05673486790539186	-0.051479739042108855	0.02345673983003722
0.31058488103711424	-0.5819552817806811	0.09445486476618303	-0.09939463447602412	0.030541176277086052	-0.631806752433255	1.0000000000000009	-0.27084134467423315	0.08819121293868719	-0.031474678636812393	0.1630396165879182	-0.1939298547007846	0.1631624228388807	-0.09422165058171358	0.026955703157409666	-0.12581044649544684	0.14680549632080875	-0.11918611683931306	0.09177231096287013	-0.02698307756815176	0.08774284849596804	-0.086933757656331	0.11813212496123976	-0.08216731353339674	0.04355967712722776	-0.077510519516627	0.08618938608950644	-0.07962323793280159	0.06998858869742723	-0.03894745864898734	0.06884432493957661	-0.06389550988103407	0.08336384461983017	-0.057246676416985165	0.028332197017644393	-0.010866438535537915	0.010472516295051104	-0.07340785173085349	0.06442723851615416	-0.0303578296076155
-0.10001491945742468	0.15690090165771606	-0.25392995839665095	0.1978595320094575	-0.07101505803047468	0.151793275809978	-0.27084134467423315	1.0000000000000004	-0.2981465608490628	0.06943989712045215	-0.25413256506310383	0.255085554213998	-0.5487702904991545	0.22825002952416526	-0.06465559358304233	0.1799465342095715	-0.25989808973005313	0.2704600842175752	-0.23463723758582467	0.0625261279387235	-0.1528681124186415	0.14844794475437242	-0.30097565587882147	0.1873749718762949	-0.09632407776766329	0.1281967207052654	-0.15844965427237603	0.17085492241449332	-0.15427837138080666	0.08383223770452441	-0.13511608856944593	0.11867605208039742	-0.1830480125184394	0.11845288508086775	-0.05916352254422947	0.02096243076533008	-0.020344444507198654	0.14386526507604683	-0.13838727473458842	0.06207146530200934
0.040290571213598386	-0.06566592488764139	0.14802194379336536	-0.18048487995929566	0.09672723267108473	-0.05959702051588571	0.08819121293868719	-0.2981465608490628	0.9999999999999999	-0.10742212204271558	0.08960306775105056	-0.10000951902375382	0.16691982618576776	-0.8798255373611868	0.0771768793286069	-0.06872775374780699	0.09445015482881466	-0.12986573339920346	0.1491439009352922	-0.07996003361023069	0.05719346687893737	-0.058137380577269054	0.12403304002191132	-0.12808713914360467	0.047704935329832755	-0.04969427451025105	0.05973986302656608	-0.072765031797634	0.0649159962294666	-0.04319261823443554	0.05213544123666214	-0.04760186145328848	0.07298471244604347	-0.051582716323603284	0.027300148585129975	-0.008820009830446195	0.008510321104532228	-0.062189849235153874	0.05636003678343229	-0.02962678478631591
-0.01554150971480956	0.024773213948317496	-0.09740901742575768	0.09876135978163837	-0.9802131923811352	0.020664853609392183	-0.031474678636812393	0.06943989712045215	-0.10742212204271558	0.9999999999999999	-0.02891540135040284	0.029352622157946373	-0.046135728913903565	0.08888978193435255	-0.016120220239198384	0.0214821354554148	-0.029164805400364133	0.03388397614916592	-0.034645254439974515	0.016216659896371905	-0.018399255158279604	0.018056613220328692	-0.035914203820571707	0.029391858900999622	-0.013419949549415208	0.0157512672318205	-0.018918818312575428	0.021760868857289478	-0.01977295456744076	0.011931361216901236	-0.01679708398491516	0.01504887701304518	-0.022796689275681126	0.015613542801423212	-0.008099860358946316	0.0027624251445381885	-0.002671748274812985	0.019110995343391016	-0.017716570813785866	0.00865675487870523
0.09046066683531366	-0.13490220441419154	0.07264289689900387	-0.08119871807574418	0.027816352688040762	-0.1602476886030867	0.1630396165879182	-0.25413256506310383	0.08960306775105056	-0.02891540135040284	0.9999999999999998	-0.4416120191645459	0.2125156112434001	-0.10395278269698616	0.030740383336389565	-0.7162980025954204	0.3058114018725541	-0.17470802660503684	0.11327414137916099	-0.031262022234943135	0.20981544467166674	-0.18138918451272903	0.14819743378225814	-0.10759940545934663	0.054274122305473814	-0.2001988989427929	0.1605923449700746	-0.11190818634686775	0.09010658868910201	-0.049827040690970485	0.1139192874994453	-0.11480211302536902	0.11216699078953439	-0.07696023589754278	0.03553524131657705	-0.015595276402261013	0.014932019750868442	-0.10248015188965384	0.0813152273067205	-0.03876891570356228
-0.07808979808121139	0.12303381061901077	-0.07429430340199512	0.07965445176363607	-0.028687670912571447	0.1287002782275665	-0.1939298547007846	0.255085554213998	-0.10000951902375382	0.029352622157946373	-0.4416120191645459	1.0000000000000009	-0.45616056689262807	0.11108453789332119	-0.03433669418700997	0.27955203670902107	-0.6184864634232655	0.22663871969028565	-0.14199118065677138	0.03436722188858871	-0.1670711936728233	0.18785492335182696	-0.1883781152706415	0.12452092676588303	-0.059528853646014936	0.14126621422561245	-0.18575793177903244	0.11992293073390976	-0.09772349101332019	0.05373919092474712	-0.10272040327916779	0.0962128337903005	-0.11873451563923502	0.07886664415562113	-0.03719243537517297	0.014707465587540897	-0.014160836165121158	0.09963496458907461	-0.08538602777098121	0.04005654676816314
0.0754839843932641	-0.12575984793991718	0.12125100220055882	-0.1320448843726122	0.04475066594420729	-0.12197114685891362	0.1631624228388807	-0.5487702904991545	0.16691982618576776	-0.046135728913903565	0.2125156112434001	-0.45616056689262807	0.9999999999999986	-0.20151855388583526	0.05087935122499923	-0.1783865829432088	0.25359214984656364	-0.5012776459243544	0.20419268278835404	-0.05176170298163634	0.12383639533999234	-0.13950714431722036	0.25102350645214866	-0.18592975027000314	0.0769526704403466	-0.11123216381000631	0.13205515738565227	-0.1480685018962682	0.11824183090339332	-0.07034936100515617	0.10124544547054593	-0.09661049995146992	0.13742051281425838	-0.09634069061441154	0.04666187600205781	-0.0168611452899586	0.016210279943964113	-0.11910083474822139	0.10215240855448668	-0.05076073685796752
-0.041995259679948625	0.0670645300421588	-0.14252583917657513	0.14005615471104277	-0.09367377336795155	0.06186381790418154	-0.09422165058171358	0.22825002952416526	-0.8798255373611868	0.08888978193435255	-0.10395278269698616	0.11108453789332119	-0.20151855388583526	1.0000000000000002	-0.096992176740757	0.07789613638216288	-0.10950813519852763	0.14413612670607023	-0.20044500631465526	0.08769313801285974	-0.06602712744787835	0.06630796862024585	-0.14745880217356602	0.13999771490777413	-0.05465274228298649	0.05674610897709172	-0.06914914964046028	0.08357399630237511	-0.0753908501937592	0.04844887815845581	-0.060465925135318774	0.05451072226452189	-0.08521186552332485	0.05878821375049441	-0.030997621748415864	0.010019140856284364	-0.009686165475018252	0.07041989415376253	-0.06533316893390696	0.0332852424574548
0.012770664930958445	-0.021104432656828265	0.027038728795771193	-0.028634525789077936	0.01625941295153676	-0.019661673917419135	0.026955703157409666	-0.06465559358304233	0.0771768793286069	-0.016120220239198384	0.030740383336389565	-0.03433669418700997	0.05087935122499923	-0.096992176740757	1.0000000000000007	-0.02499390436304615	0.03350432006228109	-0.05760775043553521	0.0889916326900593	-0.9835751554535618	0.02143490869658632	-0.022430984968564088	0.05436597580479128	-0.07597818138449393	0.029833739311160713	-0.019128453944713446	0.02268135677031682	-0.03251026303918065	0.029955514939196994	-0.027325939946868886	0.020950226466443227	-0.01965575535288196	0.03108083450838611	-0.024365880285624635	0.01484961823058723	-0.0039180867652234795	0.0037620068988851547	-0.02853265849234162	0.024931312420811227	-0.016634238979804872
-0.06446968156577781	0.09360051577614001	-0.05312140464873391	0.05844463619847782	-0.020837822174024544	0.10485043461947582	-0.12581044649544684	0.1799465342095715	-0.06872775374780699	0.0214821354554148	-0.7162980025954204	0.27955203670902107	-0.1783865829432088	0.07789613638216288	-0.02499390436304615	0.9999999999999982	-0.4698415353846316	0.14935475347850363	-0.09954638753539653	0.025142181773441356	-0.324404807209911	0.187692084816098	-0.13581868896020122	0.09176040079917686	-0.04740295286646316	0.20434687047196223	-0.1836687348445369	0.10163434823554421	-0.0813213812826609	0.04312301565859996	-0.11393549105343408	0.1066177954233271	-0.10402762091549705	0.06768378135778597	-0.03071756102278258	0.013815098462855984	-0.0132782665645288	0.08893350811558356	-0.07245996124611347	0.03319271947647301
0.07140767296544077	-0.11686522180915385	0.07283982103192167	-0.08088614782923666	0.02816598297699139	-0.1189417951905292	0.14680549632080875	-0.25989808973005313	0.09445015482881466	-0.029164805400364133	0.3058114018725541	-0.6184864634232655	0.25359214984656364	-0.10950813519852763	0.03350432006228109	-0.4698415353846316	0.9999999999999968	-0.25741450559056106	0.13556271053045757	-0.034007568840824946	0.19533448154862715	-0.32796785775397697	0.1792161661428061	-0.1268973474034407	0.05963855961684346	-0.18040014974605423	0.21899892246508645	-0.126955845283616	0.09880372536912656	-0.05473293462000128	0.11171368921344471	-0.10931875529914474	0.12101361407054691	-0.08226874740355068	0.03786023999479905	-0.015702556453914343	0.015065751848456866	-0.10579649461229776	0.08646280529162581	-0.041192709024047466
-0.05538786096788303	0.09091168487449248	-0.0802871442137862	0.08589267153624144	-0.03341293419375924	0.08825738463450201	-0.11918611683931306	0.2704600842175752	-0.12986573339920346	0.03388397614916592	-0.17470802660503684	0.22663871969028565	-0.5012776459243544	0.14413612670607023	-0.05760775043553521	0.14935475347850363	-0.25741450559056106	1.0000000000000004	-0.41397309493712275	0.05698057190719286	-0.11857687947927971	0.1348542618807906	-0.5628621798547931	0.2734706490089662	-0.09990583091003805	0.10564819671755178	-0.13332563769734432	0.1970007934974409	-0.1550316906281299	0.08923552186020269	-0.11180051736617315	0.10457770425471269	-0.18068033064018016	0.11605999777847606	-0.05552662707681693	0.018652440959801068	-0.01799515626319782	0.13640433893118076	-0.12336811273439217	0.05977389767375002
0.04449970886018448	-0.07464905753950475	0.07378531392540014	-0.0813567391687144	0.034072604072987366	-0.0706093373699406	0.09177231096287013	-0.23463723758582467	0.1491439009352922	-0.034645254439974515	0.11327414137916099	-0.14199118065677138	0.20419268278835404	-0.20044500631465526	0.0889916326900593	-0.09954638753539653	0.13556271053045757	-0.41397309493712275	0.9999999999999974	-0.09824868589617775	0.08276056768572106	-0.09309864757883704	0.2869135282966308	-0.7644377851477744	0.12864903201300476	-0.07590478671890379	0.09067196995557449	-0.152730924014525	0.13187189089064144	-0.12201347685005424	0.08282691673375507	-0.08017355734486009	0.13168817679310682	-0.10616541530411792	0.06027113243511292	-0.015857266470086014	0.015198800813410667	-0.11919537973028069	0.10169673305438891	-0.06816453421259029
-0.012669586479019836	0.020812127936143548	-0.027158660942770904	0.028283663998309335	-0.01657278385810377	0.019435248853342278	-0.02698307756815176	0.0625261279387235	-0.07996003361023069	0.016216659896371905	-0.031262022234943135	0.03436722188858871	-0.05176170298163634	0.08769313801285974	-0.9835751554535618	0.025142181773441356	-0.034007568840824946	0.05698057190719286	-0.09824868589617775	0.9999999999999954	-0.021720728071384626	0.022577308668911795	-0.05557501395801726	0.07367882826448292	-0.030246915029349834	0.019273519564048065	-0.022990301222527543	0.03265453709545129	-0.030278319643218726	0.027005322786114554	-0.021244070646058332	0.019785370387053407	-0.03154485447081712	0.024335434056830384	-0.014804811421775642	0.003915358351342807	-0.003763795191303543	0.028432062621922903	-0.025191067066557812	0.01644447058530894
0.04482807539119283	-0.07215410202859489	0.044664703078627827	-0.05002979590620542	0.0177349872666107	-0.07323399181354669	0.08774284849596804	-0.1528681124186415	0.05719346687893737	-0.018399255158279604	0.20981544467166674	-0.1670711936728233	0.12383639533999234	-0.06602712744787835	0.02143490869658632	-0.324404807209911	0.19533448154862715	-0.11857687947927971	0.08276056768572106	-0.021720728071384626	0.9999999999999983	-0.299033613290845	0.11953173916273827	-0.08350511937649546	0.04776487273016563	-0.7826206658591388	0.2492991661266546	-0.12077969231534329	0.08925005525022527	-0.04436576955438101	0.2007306538467113	-0.20846308823351725	0.12654210311757244	-0.0796926317749357	0.03276895259551318	-0.019121154113018467	0.01823549410235872	-0.11295676869980388	0.08131703420493933	-0.035761453766777446
-0.04227318912412902	0.06799396044192647	-0.04371689143354406	0.04839388629493296	-0.017507740959947605	0.06840152563323397	-0.086933757656331	0.14844794475437242	-0.058137380577269054	0.018056613220328692	-0.18138918451272903	0.18785492335182696	-0.13950714431722036	0.06630796862024585	-0.022430984968564088	0.187692084816098	-0.32796785775397697	0.1348542618807906	-0.09309864757883704	0.022577308668911795	-0.299033613290845	0.9999999999999941	-0.1526958136663175	0.09245910143610492	-0.05112172659084885	0.24241374790038525	-0.8132459614594892	0.13945116484548706	-0.09967846962674781	0.04684512295254704	-0.1324498927538623	0.11994581243291859	-0.12945303293435378	0.07855661924126837	-0.03316458325022506	0.015283860997428548	-0.014723391413973278	0.09996483241722205	-0.08257004436067691	0.03559856832386199
0.058448522701204514	-0.09887497414953425	0.08473015493667972	-0.09513395516653582	0.03473753914794655	-0.09372818266304485	0.11813212496123976	-0.30097565587882147	0.12403304002191132	-0.035914203820571707	0.14819743378225814	-0.1883781152706415	0.25102350645214866	-0.14745880217356602	0.05436597580479128	-0.13581868896020122	0.1792161661428061	-0.5628621798547931	0.2869135282966308	-0.05557501395801726	0.11953173916273827	-0.1526958136663175	0.9999999999999974	-0.4443455863927921	0.1243594492898109	-0.11321771102656188	0.14128314122740082	-0.39822073143872394	0.19942060483344984	-0.11900710364641388	0.1267380138974736	-0.1297499022115052	0.22468919452017466	-0.15995212027269493	0.07020860067150625	-0.024053914525595903	0.02303817874397003	-0.18605468176290346	0.15063927559486895	-0.07768885334976455
-0.039177254133849336	0.06492043449508504	-0.06211719904962722	0.06691356158968913	-0.029325972165729217	0.061832922181416936	-0.08216731353339674	0.1873749718762949	-0.12808713914360467	0.029391858900999622	-0.10759940545934663	0.12452092676588303	-0.18592975027000314	0.13999771490777413	-0.07597818138449393	0.09176040079917686	-0.1268973474034407	0.2734706490089662	-0.7644377851477744	0.07367882826448292	-0.08350511937649546	0.09245910143610492	-0.4443455863927921	0.9999999999999974	-0.18290642039370433	0.07566054443631012	-0.09368711712685712	0.1744367280437765	-0.1641294156026845	0.13924272584367467	-0.09026421569880318	0.08511433670826295	-0.15580622741461167	0.11765401667368047	-0.06810654758684323	0.01681363738087915	-0.016180520657532282	0.12742085110400433	-0.11622412212886238	0.07420842965398136
0.02149192678078347	-0.03618041297248745	0.029825610591809066	-0.033112426108552175	0.013117495145375475	-0.03407846626001344	0.04355967712722776	-0.09632407776766329	0.047704935329832755	-0.013419949549415208	0.054274122305473814	-0.059528853646014936	0.0769526704403466	-0.05465274228298649	0.029833739311160713	-0.04740295286646316	0.05963855961684346	-0.09990583091003805	0.12864903201300476	-0.030246915029349834	0.04776487273016563	-0.05112172659084885	0.1243594492898109	-0.18290642039370433	0.999999999999996	-0.04475811613864519	0.05239981754470675	-0.128284023049122	0.17960765183140628	-0.8896234982716907	0.059585839942823515	-0.05882894193341673	0.10731861676102367	-0.15444868931605088	0.19296557167311718	-0.016621434488689364	0.01575997834038776	-0.13803119393038313	0.11736242637344237	-0.23269532164319962
-0.03865958150980508	0.060999748622565186	-0.03800453098404429	0.04223994720699417	-0.015246499627303317	0.06240509405647094	-0.077510519516627	0.1281967207052654	-0.04969427451025105	0.0157512672318205	-0.2001988989427929	0.14126621422561245	-0.11123216381000631	0.05674610897709172	-0.019128453944713446	0.20434687047196223	-0.18040014974605423	0.10564819671755178	-0.07590478671890379	0.019273519564048065	-0.7826206658591388	0.24241374790038525	-0.11321771102656188	0.07566054443631012	-0.04475811613864519	0.9999999999999962	-0.358342092486774	0.11697497531737475	-0.08645593907451612	0.04122998664265268	-0.2966277482260459	0.19979684777347442	-0.12828999829071075	0.0743031083518466	-0.03044602381432023	0.0188234977957151	-0.01811679951118632	0.10343403993614224	-0.07755582255203176	0.03290034035714519
0.04319945580376431	-0.07104318420174116	0.045912274192597115	-0.05138148243905032	0.018250164324430905	-0.07039955180974884	0.08618938608950644	-0.15844965427237603	0.05973986302656608	-0.018918818312575428	0.1605923449700746	-0.18575793177903244	0.13205515738565227	-0.06914914964046028	0.02268135677031682	-0.1836687348445369	0.21899892246508645	-0.13332563769734432	0.09067196995557449	-0.022990301222527543	0.2492991661266546	-0.8132459614594892	0.14128314122740082	-0.09368711712685712	0.05239981754470675	-0.358342092486774	0.9999999999999972	-0.17043204823395872	0.10410827398598806	-0.04884635691833463	0.14224864487440286	-0.14109066566943262	0.13547674562874773	-0.08528986111194253	0.034642983942832016	-0.016609573284024726	0.015926138699977273	-0.10945786505874865	0.08592375503047239	-0.03751357447579054
-0.03912938043091674	0.0652803566216032	-0.050615972524468124	0.05636684026476304	-0.02114093331242284	0.062416025945519135	-0.07962323793280159	0.17085492241449332	-0.072765031797634	0.021760868857289478	-0.11190818634686775	0.11992293073390976	-0.1480685018962682	0.08357399630237511	-0.03251026303918065	0.10163434823554421	-0.126955845283616	0.1970007934974409	-0.152730924014525	0.03265453709545129	-0.12077969231534329	0.13945116484548706	-0.39822073143872394	0.1744367280437765	-0.128284023049122	0.11697497531737475	-0.17043204823395872	0.999999999999998	-0.4657816241465645	0.12016851498306394	-0.1831193596352533	0.17898625185271064	-0.6069111500294745	0.239673937991225	-0.0803343445248783	0.0314939906581897	-0.03051100846573975	0.25833472905100974	-0.23458654770714651	0.08342289341367627
0.03492355177576767	-0.05892904160308909	0.04569762816326795	-0.05130646461962395	0.019143738431835883	-0.05569184854719724	0.06998858869742723	-0.15427837138080666	0.0649159962294666	-0.01977295456744076	0.09010658868910201	-0.09772349101332019	0.11824183090339332	-0.0753908501937592	0.029955514939196994	-0.0813213812826609	0.09880372536912656	-0.1550316906281299	0.13187189089064144	-0.030278319643218726	0.08925005525022527	-0.09967846962674781	0.19942060483344984	-0.1641294156026845	0.17960765183140628	-0.08645593907451612	0.10410827398598806	-0.4657816241465645	0.9999999999999976	-0.22307102035663035	0.1239342193963672	-0.1276347472152392	0.2585426027045957	-0.6501604840978593	0.11778791731910196	-0.03686172190703434	0.034890354098941194	-0.33276704108520716	0.28016072971574496	-0.12508658663331143
-0.01903799948367076	0.0318619430962017	-0.026348980538623147	0.029040989405071993	-0.011715426514691011	0.03012652814616229	-0.03894745864898734	0.08383223770452441	-0.04319261823443554	0.011931361216901236	-0.049827040690970485	0.05373919092474712	-0.07034936100515617	0.04844887815845581	-0.027325939946868886	0.04312301565859996	-0.05473293462000128	0.08923552186020269	-0.12201347685005424	0.027005322786114554	-0.04436576955438101	0.04684512295254704	-0.11900710364641388	0.13924272584367467	-0.8896234982716907	0.04122998664265268	-0.04884635691833463	0.12016851498306394	-0.22307102035663035	0.9999999999999991	-0.05636506955261545	0.05451815423409359	-0.1039100893297232	0.14397592739454643	-0.24998252770494467	0.014647119825546367	-0.013962501304195178	0.1207160003647277	-0.11439849811999825	0.197335130094557
0.034852769906448595	-0.05789600039604072	0.0397706855317066	-0.044808029369179485	0.01618546890875125	-0.05601504772625493	0.06884432493957661	-0.13511608856944593	0.05213544123666214	-0.01679708398491516	0.1139192874994453	-0.10272040327916779	0.10124544547054593	-0.060465925135318774	0.020950226466443227	-0.11393549105343408	0.11171368921344471	-0.11180051736617315	0.08282691673375507	-0.021244070646058332	0.2007306538467113	-0.1324498927538623	0.1267380138974736	-0.09026421569880318	0.059585839942823515	-0.2966277482260459	0.14224864487440286	-0.1831193596352533	0.1239342193963672	-0.05636506955261545	0.9999999999999986	-0.8412648458586931	0.22799859466026468	-0.12159362816712727	0.0436237849406374	-0.04296000578457959	0.04018904137814159	-0.19328995177566513	0.11907645793003924	-0.04783613179500379
-0.031641205069216714	0.05169876594969352	-0.03544705800694025	0.03956535235163117	-0.014575505483203785	0.05058539800918297	-0.06389550988103407	0.11867605208039742	-0.04760186145328848	0.01504887701304518	-0.11480211302536902	0.0962128337903005	-0.09661049995146992	0.05451072226452189	-0.01965575535288196	0.1066177954233271	-0.10931875529914474	0.10457770425471269	-0.08017355734486009	0.019785370387053407	-0.20846308823351725	0.11994581243291859	-0.1297499022115052	0.08511433670826295	-0.05882894193341673	0.19979684777347442	-0.14109066566943262	0.17898625185271064	-0.1276347472152392	0.05451815423409359	-0.8412648458586931	0.999999999999999	-0.34386798259810186	0.11270159657203753	-0.04186838774588386	0.0368133782104111	-0.03630697518864261	0.1724166640442431	-0.11970043137002286	0.04492587553984667
0.04185889240255045	-0.07057761262670949	0.05341653903552719	-0.06021086648110849	0.021995949734298633	-0.06696571564590845	0.08336384461983017	-0.1830480125184394	0.07298471244604347	-0.022796689275681126	0.11216699078953439	-0.11873451563923502	0.13742051281425838	-0.08521186552332485	0.03108083450838611	-0.10402762091549705	0.12101361407054691	-0.18068033064018016	0.13168817679310682	-0.03154485447081712	0.12654210311757244	-0.12945303293435378	0.22468919452017466	-0.15580622741461167	0.10731861676102367	-0.12828999829071075	0.13547674562874773	-0.6069111500294745	0.2585426027045957	-0.1039100893297232	0.22799859466026468	-0.34386798259810186	0.9999999999999992	-0.2536735054772112	0.07813302690892945	-0.046236466326534484	0.044265189700922525	-0.4729014739099785	0.23985137553808597	-0.08495950670679515
-0.028156115585527035	0.047040503077833196	-0.03582878641296624	0.039897992415457974	-0.015188079703479657	0.04471896441229419	-0.057246676416985165	0.11845288508086775	-0.051582716323603284	0.015613542801423212	-0.07696023589754278	0.07886664415562113	-0.09634069061441154	0.05878821375049441	-0.024365880285624635	0.06768378135778597	-0.08226874740355068	0.11605999777847606	-0.10616541530411792	0.024335434056830384	-0.0796926317749357	0.07855661924126837	-0.15995212027269493	0.11765401667368047	-0.15444868931605088	0.0743031083518466	-0.08528986111194253	0.239673937991225	-0.6501604840978593	0.14397592739454643	-0.12159362816712727	0.11270159657203753	-0.2536735054772112	0.9999999999999999	-0.1365681764314826	0.03204416756291065	-0.0310123341734179	0.28479636018640575	-0.575816883558162	0.12714796546768964
0.013972101418678521	-0.023469061866531474	0.018245917755578916	-0.02029012502848497	0.007898620083089003	-0.022133568646920333	0.028332197017644393	-0.05916352254422947	0.027300148585129975	-0.008099860358946316	0.03553524131657705	-0.03719243537517297	0.04666187600205781	-0.030997621748415864	0.01484961823058723	-0.03071756102278258	0.03786023999479905	-0.05552662707681693	0.06027113243511292	-0.014804811421775642	0.03276895259551318	-0.03316458325022506	0.07020860067150625	-0.06810654758684323	0.19296557167311718	-0.03044602381432023	0.034642983942832016	-0.0803343445248783	0.11778791731910196	-0.24998252770494467	0.0436237849406374	-0.04186838774588386	0.07813302690892945	-0.1365681764314826	0.9999999999999991	-0.01292465606308918	0.01232083089906083	-0.10898840359657191	0.12040499240181984	-0.9290049083834561
-0.005339129605255151	0.008856588891343673	-0.006377087994321658	0.007098790088344437	-0.002684833848525399	0.00847533437699206	-0.010866438535537915	0.02096243076533008	-0.008820009830446195	0.0027624251445381885	-0.015595276402261013	0.014707465587540897	-0.0168611452899586	0.010019140856284364	-0.0039180867652234795	0.013815098462855984	-0.015702556453914343	0.018652440959801068	-0.015857266470086014	0.003915358351342807	-0.019121154113018467	0.015283860997428548	-0.024053914525595903	0.01681363738087915	-0.016621434488689364	0.0188234977957151	-0.016609573284024726	0.0314939906581897	-0.03686172190703434	0.014647119825546367	-0.04296000578457959	0.0368133782104111	-0.046236466326534484	0.03204416756291065	-0.01292465606308918	0.9999999999999991	-0.9925424064566342	0.0770942225136563	-0.05557034473337552	0.01324456044899457
0.00515865922395256	-0.008571184633883271	0.0061739173598063125	-0.006881408612514125	0.0025947962931378134	-0.008193647770620736	0.010472516295051104	-0.020344444507198654	0.008510321104532228	-0.002671748274812985	0.014932019750868442	-0.014160836165121158	0.016210279943964113	-0.009686165475018252	0.0037620068988851547	-0.0132782665645288	0.015065751848456866	-0.01799515626319782	0.015198800813410667	-0.003763795191303543	0.01823549410235872	-0.014723391413973278	0.02303817874397003	-0.016180520657532282	0.01575997834038776	-0.01811679951118632	0.015926138699977273	-0.03051100846573975	0.034890354098941194	-0.013962501304195178	0.04018904137814159	-0.03630697518864261	0.044265189700922525	-0.0310123341734179	0.01232083089906083	-0.9925424064566342	1.0000000000000002	-0.08379550481936414	0.0526958617204641	-0.012702041767402996
-0.03580605744116851	0.05937350576639095	-0.04390020405138937	0.048717048463840576	-0.01861568666798093	0.05673486790539186	-0.07340785173085349	0.14386526507604683	-0.062189849235153874	0.019110995343391016	-0.10248015188965384	0.09963496458907461	-0.11910083474822139	0.07041989415376253	-0.02853265849234162	0.08893350811558356	-0.10579649461229776	0.13640433893118076	-0.11919537973028069	0.028432062621922903	-0.11295676869980388	0.09996483241722205	-0.18605468176290346	0.12742085110400433	-0.13803119393038313	0.10343403993614224	-0.10945786505874865	0.25833472905100974	-0.33276704108520716	0.1207160003647277	-0.19328995177566513	0.1724166640442431	-0.4729014739099785	0.28479636018640575	-0.10898840359657191	0.0770942225136563	-0.08379550481936414	1.0000000000000004	-0.6583421258161312	0.10980602847009327
0.032306761025226165	-0.05462498023843171	0.04107540219653479	-0.04625177377746436	0.01711758501066133	-0.051479739042108855	0.06442723851615416	-0.13838727473458842	0.05636003678343229	-0.017716570813785866	0.0813152273067205	-0.08538602777098121	0.10215240855448668	-0.06533316893390696	0.024931312420811227	-0.07245996124611347	0.08646280529162581	-0.12336811273439217	0.10169673305438891	-0.025191067066557812	0.08131703420493933	-0.08257004436067691	0.15063927559486895	-0.11622412212886238	0.11736242637344237	-0.07755582255203176	0.08592375503047239	-0.23458654770714651	0.28016072971574496	-0.11439849811999825	0.11907645793003924	-0.11970043137002286	0.23985137553808597	-0.575816883558162	0.12040499240181984	-0.05557034473337552	0.0526958617204641	-0.6583421258161312	1.0000000000000009	-0.14031392196517817
-0.014838726370986346	0.024798067476585774	-0.01937659603811533	0.021428679045257838	-0.008471003195904561	0.02345673983003722	-0.0303578296076155	0.06207146530200934	-0.02962678478631591	0.00865675487870523	-0.03876891570356228	0.04005654676816314	-0.05076073685796752	0.0332852424574548	-0.016634238979804872	0.03319271947647301	-0.041192709024047466	0.05977389767375002	-0.06816453421259029	0.01644447058530894	-0.035761453766777446	0.03559856832386199	-0.07768885334976455	0.07420842965398136	-0.23269532164319962	0.03290034035714519	-0.03751357447579054	0.08342289341367627	-0.12508658663331143	0.197335130094557	-0.04783613179500379	0.04492587553984667	-0.08495950670679515	0.12714796546768964	-0.9290049083834561	0.01324456044899457	-0.012702041767402996	0.10980602847009327	-0.14031392196517817	1.0000000000000007
