1.0000000000000002	-0.3782530936071654	0.17329032792230165	-0.051681611112610035	0.05631228282209924	-0.8692640157034577	0.22515020271283184	-0.13007349783714958	0.06606646849459989	-0.057067041770872316	0.16274229017582523	-0.1561410249307794	0.10849057048008373	-0.06929092458433751	0.059174961955391236	-0.1049676787915487	0.11151782673770826	-0.1081774157272708	0.047665931693890454	-0.051190504379068524	0.07919994114671222	-0.08115328507637738	0.08228227050257718	-0.03654996037465827	0.03146153428339735	-0.07747438667838032	0.06447835896379155	-0.06452281651376153	0.03603137609778033	-0.03507006533817005	0.041220754617109584	-0.048456648411134985	0.05364370369478788	-0.04822247747589459	0.03681697132888602	-0.035927693449675044	0.04847212228118151	-0.051159559163398254	0.0390560743756918	-0.027984976242701753	0.05558605594078674	-0.04092083287504789	0.04608647165200965	-0.030088777177459704	0.03964613361318507
-0.3782530936071654	1.0000000000000002	-0.45044436748930833	0.09938696659385109	-0.11004312042629102	0.26493177943762597	-0.6356130742094651	0.2551640739705418	-0.13114225751056763	0.10876265799803378	-0.26543586771926936	0.265294285514453	-0.2176954341475594	0.1297194926905734	-0.11401167965133874	0.16279735309981494	-0.21265894104688957	0.19379023344192076	-0.09024749434183904	0.09526170855255568	-0.13761678017524237	0.1402482982101782	-0.1490893857355154	0.06483409123730638	-0.05658832573251063	0.1300025847256856	-0.11330910150075987	0.11196613402681042	-0.0640466647366909	0.0623711707710712	-0.07230927438996876	0.08432681783277203	-0.09459551678046911	0.08435562486250332	-0.0653592742787002	0.062470659314479524	-0.08542056315274028	0.08917349213787305	-0.06904978892921156	0.04937981161857111	-0.09867383747539049	0.07185801073413452	-0.08155645555848831	0.05310665481213432	-0.07036989484295117
0.17329032792230165	-0.45044436748930833	1.0000000000000004	-0.17313792013934504	0.16579433429825824	-0.20264720665346936	0.2888018956606228	-0.5105454970941492	0.20252375939467077	-0.1853445898760282	0.24885712379737798	-0.2923006365992113	0.28613765796801544	-0.21683809282412547	0.17140194141753495	-0.20669643554727615	0.22843423533896431	-0.31542489321146905	0.13957844266951772	-0.15902324945229956	0.17049249867404387	-0.18472481897540502	0.19803594321151374	-0.10102920224119838	0.08786941535739885	-0.1921265546870553	0.15692255225013604	-0.16475843614832858	0.09744543691034718	-0.09860356517265528	0.10543379785928554	-0.12589416693730693	0.13708086856203588	-0.1310949452877531	0.09883367391561092	-0.09303725078651663	0.12518257722470885	-0.1352355166923872	0.10413257859078706	-0.0754804702918824	0.14514083209907422	-0.1076900751586778	0.12077328676122086	-0.07973130962285863	0.10461450530290922
-0.051681611112610035	0.09938696659385109	-0.17313792013934504	1.0000000000000002	-0.7367537995892914	0.05700718170402277	-0.1014876178383689	0.17687511731013722	-0.5469403322066627	0.2867047748656324	-0.09559039924849089	0.09760774292603755	-0.14600849733601343	0.18492146796244863	-0.20081758353882995	0.07318078670443533	-0.08781503274563128	0.11432142064025039	-0.12106571909314474	0.14031039773682333	-0.06415788357312618	0.06805774087973411	-0.07853525038911946	0.05092979433928641	-0.05056403868994589	0.0682708173960581	-0.05970460505239849	0.06150853184441143	-0.04679566369273531	0.05227862612310306	-0.039953535022416296	0.047601783824085496	-0.05342902774783888	0.05540202288861762	-0.04407689462844751	0.034794206343010094	-0.04843263964626959	0.05175826308402122	-0.04400696700438784	0.03268460438933612	-0.05596342845090237	0.041218217375256945	-0.047141026157493715	0.031546149683651846	-0.04154797061707157
0.05631228282209924	-0.11004312042629102	0.16579433429825824	-0.7367537995892914	0.9999999999999996	-0.06339028637759221	0.10496047026486269	-0.18192413362876117	0.31776109192077673	-0.4588284484595766	0.10654272653263987	-0.1106383083114884	0.15080933149286932	-0.24860703040482018	0.2304349482859042	-0.08480079288810154	0.09804126439906373	-0.1331222760957167	0.14777076456448157	-0.19722425914173056	0.07369221516964383	-0.07871377665376389	0.08984787859650437	-0.06516578452266786	0.06529856036704748	-0.08095564082682694	0.06983524144113809	-0.07276962457249915	0.05850075866809045	-0.06812351927147649	0.047223835577020354	-0.05676528808287602	0.06330272506371316	-0.06865002819071836	0.054261352940991846	-0.04134743495077346	0.057496647767783175	-0.06212992522106357	0.053613185440921286	-0.04032226659545155	0.0662484257366131	-0.04917237226331465	0.056119198521354836	-0.03786382586546285	0.04963756949538045
-0.8692640157034577	0.26493177943762597	-0.20264720665346936	0.05700718170402277	-0.06339028637759221	1.0000000000000002	-0.29059907404012514	0.1408895687905467	-0.07403111069908425	0.06285552902383719	-0.21486766759985892	0.16735187980196692	-0.12347915404194296	0.07619766304254477	-0.0663844545509704	0.11669883480763842	-0.12798200464063553	0.11774137371487423	-0.05309955014984349	0.05637313245763032	-0.09011466611483596	0.09013012834713378	-0.09261845090821895	0.04034909122269168	-0.034846190592121844	0.08512333687250659	-0.07211618010080673	0.07129825376139069	-0.0399348417080559	0.03868906976706036	-0.04593308630966601	0.05363108412730573	-0.059743131730700866	0.05317893680733414	-0.040891418721753954	0.039832049501197925	-0.05398639065383132	0.05657297988973623	-0.04336558242037295	0.031000777406746796	-0.062103636598660965	0.04544863149990707	-0.05136490719827274	0.03345211310850785	-0.04421047279954496
0.22515020271283184	-0.6356130742094651	0.2888018956606228	-0.1014876178383689	0.10496047026486269	-0.29059907404012514	1.0000000000000002	-0.3736819853752295	0.13454216841256955	-0.11178992997312986	0.2341215897204568	-0.4637887582634029	0.2232292647672596	-0.13132129465072817	0.10968172879745564	-0.16286008544237793	0.21721204743656572	-0.20923748485194874	0.08788054149142757	-0.09386331621980051	0.13135575440386785	-0.14345586548132241	0.14397365165189802	-0.06182880579983276	0.05372947378757422	-0.12625065896390883	0.10719123438369971	-0.10841663368913058	0.06048378542040351	-0.05929951392532626	0.06702059615166352	-0.07974164237113467	0.08891007853587839	-0.07964098143840796	0.060862022512916315	-0.058376524980637313	0.07940140437641836	-0.0838519383752771	0.06427854113534558	-0.046164588022373255	0.09014278284355563	-0.06664205903364848	0.0751051108316539	-0.04908167576485206	0.06455161792389988
-0.13007349783714958	0.2551640739705418	-0.5105454970941492	0.17687511731013722	-0.18192413362876117	0.1408895687905467	-0.3736819853752295	1.0000000000000002	-0.3311204516259176	0.19272159734444863	-0.20757589692751433	0.23678603240648693	-0.5468381598819972	0.20843219458816117	-0.18319992372340893	0.15321586563609296	-0.2040768882565564	0.2625253963390191	-0.13797419978771389	0.14171758895645598	-0.1334963744019483	0.1439552532438257	-0.16670115639094246	0.07568901059336643	-0.06866341241922842	0.13395513941538137	-0.11747967132058196	0.12051396082405696	-0.07292238578896207	0.07373233197416905	-0.07477984117172311	0.08919128615258529	-0.1006561447975819	0.09257057378028566	-0.07190797286394511	0.06494792400470953	-0.08968452985423502	0.09463945770728129	-0.07477012896896773	0.05406461459116765	-0.10242644628574564	0.07536363656010252	-0.08557479158995115	0.05616497432073674	-0.0740675999445273
0.06606646849459989	-0.13114225751056763	0.20252375939467077	-0.5469403322066627	0.31776109192077673	-0.07403111069908425	0.13454216841256955	-0.3311204516259176	0.9999999999999993	-0.5671161023485046	0.11858313308255987	-0.12849174788859366	0.19529918915426422	-0.2997030073371127	0.25696291654740977	-0.09246466011204792	0.11171718488320428	-0.1528032782369968	0.16340761214889893	-0.19957067944500448	0.08044329129676399	-0.08647715284260403	0.09912129121505818	-0.06581225091199401	0.06581406343048601	-0.08580861836665558	0.07458352299018343	-0.07752724710909029	0.059539707813417594	-0.06793248238119823	0.04939987922219618	-0.05940953618666954	0.06662341730321197	-0.06982432629479854	0.0553041096327141	-0.043141568559294165	0.060049481161847676	-0.06449815567841724	0.05495993587405032	-0.04105705580484647	0.06882534756535968	-0.05102400875321933	0.05823370329859793	-0.0390843167490203	0.05129254172903276
-0.057067041770872316	0.10876265799803378	-0.1853445898760282	0.2867047748656324	-0.4588284484595766	0.06285552902383719	-0.11178992997312986	0.19272159734444863	-0.5671161023485046	0.9999999999999977	-0.10820305383984218	0.10953121636601734	-0.1696024115552352	0.2514616982424208	-0.5324982172616983	0.08286978885053607	-0.09992866384483076	0.13101979505397982	-0.1780297254496221	0.21221994137249184	-0.07314426509371726	0.0776255811746451	-0.09045145282278949	0.0644453322159786	-0.06711697649259374	0.0778003485448123	-0.06855052798880687	0.0707658579736912	-0.05821336479691974	0.06693778656705084	-0.045841406020763545	0.05487659096644795	-0.06186834311178215	0.06619833999059861	-0.05338511112670985	0.03991113482580915	-0.05593001582062299	0.05992514738789604	-0.052403090054457376	0.0392617591125542	-0.06438998323807918	0.047540854649487665	-0.05456045904200781	0.036749513923247754	-0.04834348499613957
0.16274229017582523	-0.26543586771926936	0.24885712379737798	-0.09559039924849089	0.10654272653263987	-0.21486766759985892	0.2341215897204568	-0.20757589692751433	0.11858313308255987	-0.10820305383984218	0.9999999999999988	-0.46295438644968934	0.2108950784511992	-0.14196749633005495	0.11744508693906376	-0.5573362758549499	0.291549831103243	-0.26311563136463234	0.09931136672369731	-0.10797115491429252	0.2687916797395607	-0.2580433566534531	0.22435438961773124	-0.09695470818196665	0.07974421736384614	-0.257633740947071	0.1904416165097306	-0.19105457749094604	0.09620913305580527	-0.09144158797626181	0.11834731124794313	-0.14062780079565806	0.15148469643253126	-0.13402486719433926	0.09883548912094592	-0.10491575056481471	0.136084460165877	-0.14614775379218004	0.10650901615485775	-0.07625834344273938	0.15191151312896659	-0.11478829847238192	0.12671712845829575	-0.08280234365263173	0.10760750371296063
-0.1561410249307794	0.265294285514453	-0.2923006365992113	0.09760774292603755	-0.1106383083114884	0.16735187980196692	-0.4637887582634029	0.23678603240648693	-0.12849174788859366	0.10953121636601734	-0.46295438644968934	1.0000000000000022	-0.2879219853647051	0.14153324898690475	-0.12085613033230985	0.25159404406058994	-0.5287202556881605	0.26414824468642834	-0.10015836444934825	0.10268611084221142	-0.20983100312363376	0.2239413075087539	-0.21512212143364712	0.07866502421519453	-0.06691223681249504	0.17499642935835785	-0.15363366532243136	0.1496430990245021	-0.0782796114593785	0.07400449885649248	-0.09061892003408813	0.10746589577166542	-0.12162352423816421	0.10316885978800837	-0.07895928188100199	0.07823595720131503	-0.1069088353886225	0.1112388640123453	-0.08409642015983254	0.059867157416026155	-0.1196368307927821	0.08831684348230061	-0.09961678269916399	0.06458221919537711	-0.08500864231051553
0.10849057048008373	-0.2176954341475594	0.28613765796801544	-0.14600849733601343	0.15080933149286932	-0.12347915404194296	0.2232292647672596	-0.5468381598819972	0.19529918915426422	-0.1696024115552352	0.2108950784511992	-0.2879219853647051	0.999999999999999	-0.3023681188069033	0.17926357181714342	-0.17715933653457652	0.2375516101103416	-0.5610374621994875	0.16025888762028595	-0.15711884495026052	0.15217756519716216	-0.17759581774624794	0.20504580221716764	-0.08585914453229346	0.07607232054468835	-0.15723971564497274	0.13496879364788678	-0.1467345676679272	0.0819173072966057	-0.08216474015267364	0.08290695688385917	-0.10241860276880912	0.11499844624201044	-0.10433392798995982	0.07936813345557013	-0.07268638945463257	0.10025759039771305	-0.10734941267160066	0.08289375435222729	-0.06004724681966098	0.11137125852903952	-0.083636417743085	0.09412302457986307	-0.06189223681283641	0.08082363438488811
-0.06929092458433751	0.1297194926905734	-0.21683809282412547	0.18492146796244863	-0.24860703040482018	0.07619766304254477	-0.13132129465072817	0.20843219458816117	-0.2997030073371127	0.2514616982424208	-0.14196749633005495	0.14153324898690475	-0.3023681188069033	0.9999999999999974	-0.49573919305987724	0.10898165211616698	-0.13500728656196834	0.18772641921703853	-0.5847023504379251	0.3154521661344857	-0.09781857118817658	0.10430481826812675	-0.12511943384628554	0.09466413729183973	-0.09929282485098985	0.10293566066401667	-0.0922181541296552	0.09544999713855327	-0.08488104514106104	0.09493286753294265	-0.06119049045163225	0.07358551607191108	-0.08375810719831381	0.09089007502283135	-0.07465558177198112	0.05315242968564265	-0.07522597806732607	0.08048593643423732	-0.0723733641427416	0.05423274681297923	-0.08610511600859039	0.06363878554298978	-0.07340299916364625	0.04967017538035097	-0.06535908193318626
0.059174961955391236	-0.11401167965133874	0.17140194141753495	-0.20081758353882995	0.2304349482859042	-0.0663844545509704	0.10968172879745564	-0.18319992372340893	0.25696291654740977	-0.5324982172616983	0.11744508693906376	-0.12085613033230985	0.17926357181714342	-0.49573919305987724	0.9999999999999986	-0.09402243564783219	0.10984499040006965	-0.1548651851062037	0.2836686381902172	-0.5028549158503789	0.08276537363624482	-0.0888799163856862	0.10340676153064156	-0.09596787025936235	0.10571134774409559	-0.09105276452012712	0.07971814676053873	-0.0838575650800843	0.08124794447141491	-0.10383454027589092	0.05362933056586845	-0.06552049890831904	0.0737848192974241	-0.08694857286964819	0.07039157717455302	-0.04699730009425202	0.06640705375711821	-0.07242565433928298	0.0667618317634591	-0.05155579429176111	0.07548564829559043	-0.05657649103584504	0.06499411055956261	-0.044624096468936905	0.05817110357218425
-0.1049676787915487	0.16279735309981494	-0.20669643554727615	0.07318078670443533	-0.08480079288810154	0.11669883480763842	-0.16286008544237793	0.15321586563609296	-0.09246466011204792	0.08286978885053607	-0.5573362758549499	0.25159404406058994	-0.17715933653457652	0.10898165211616698	-0.09402243564783219	0.9999999999999991	-0.37068943146796435	0.21959274264913745	-0.07966891721167747	0.08378712620012227	-0.5834133356729618	0.2782696516932686	-0.2455207208353946	0.08196217192889434	-0.06738420383898	0.2392021847024971	-0.2019153567413092	0.17470351075947943	-0.08346734047672967	0.07580293113018549	-0.11159105030027784	0.12515066339235625	-0.14188269139719586	0.11229431269631067	-0.08539786466721645	0.09365817621569375	-0.12463862907915169	0.1261330254596882	-0.09243543777506757	0.0651074102109605	-0.13735018078230696	0.10080253966962674	-0.11298783221000552	0.07223135415740548	-0.09500802881487436
0.11151782673770826	-0.21265894104688957	0.22843423533896431	-0.08781503274563128	0.09804126439906373	-0.12798200464063553	0.21721204743656572	-0.2040768882565564	0.11171718488320428	-0.09992866384483076	0.291549831103243	-0.5287202556881605	0.2375516101103416	-0.13500728656196834	0.10984499040006965	-0.37068943146796435	1.000000000000002	-0.436885953791054	0.09529237580028853	-0.09937998789703167	0.26207612959543347	-0.4510360337159355	0.26851216811825274	-0.08595880595809702	0.07036929127553285	-0.2139177254330005	0.1784402741662074	-0.18421488104181957	0.08484961566737625	-0.07867477601562713	0.09835327108922713	-0.12183111233009492	0.1366922461485574	-0.11268724180787325	0.0837269652683708	-0.08593186035518806	0.11638777275634216	-0.12320363706065593	0.08987166314542117	-0.06405199381528767	0.12504718651891258	-0.09495249207289226	0.10567246815948465	-0.06855732593623497	0.08902238757427552
-0.1081774157272708	0.19379023344192076	-0.31542489321146905	0.11432142064025039	-0.1331222760957167	0.11774137371487423	-0.20923748485194874	0.2625253963390191	-0.1528032782369968	0.13101979505397982	-0.26311563136463234	0.26414824468642834	-0.5610374621994875	0.18772641921703853	-0.1548651851062037	0.21959274264913745	-0.436885953791054	0.9999999999999967	-0.14386654910959704	0.1323767570649719	-0.21336282060666417	0.25224539934115936	-0.40771684335065006	0.09871519510230842	-0.08379862075217023	0.19331251228206178	-0.1853416659309882	0.19698007934405182	-0.09788727312056097	0.09030970668501567	-0.10425847867538926	0.1292575564970245	-0.15449675346736402	0.12322774031113075	-0.09483306152970059	0.0897218553862379	-0.1278362385050664	0.13229385314624215	-0.10055367651781313	0.07139114601908741	-0.1389836428603371	0.10322762632600145	-0.11749670855422148	0.07588238718098615	-0.09978893190314375
0.047665931693890454	-0.09024749434183904	0.13957844266951772	-0.12106571909314474	0.14777076456448157	-0.05309955014984349	0.08788054149142757	-0.13797419978771389	0.16340761214889893	-0.1780297254496221	0.09931136672369731	-0.10015836444934825	0.16025888762028595	-0.5847023504379251	0.2836686381902172	-0.07966891721167747	0.09529237580028853	-0.14386654910959704	1.0000000000000009	-0.697108741242988	0.07136339031093034	-0.07720149550067681	0.09242293518319682	-0.11290291698491943	0.12157259596034137	-0.07813138601931255	0.06985320966911691	-0.07426781713087334	0.08800564909153005	-0.11320469172029625	0.04657747616706538	-0.057862007736215255	0.06603555459738365	-0.08388020029802083	0.06931410978209468	-0.04080965915226085	0.0587506366518042	-0.06454599340288622	0.06362483457575908	-0.04994679150885734	0.0657825653689176	-0.04975778636365169	0.057621716849406944	-0.04025202440141227	0.052221562442536375
-0.051190504379068524	0.09526170855255568	-0.15902324945229956	0.14031039773682333	-0.19722425914173056	0.05637313245763032	-0.09386331621980051	0.14171758895645598	-0.19957067944500448	0.21221994137249184	-0.10797115491429252	0.10268611084221142	-0.15711884495026052	0.3154521661344857	-0.5028549158503789	0.08378712620012227	-0.09937998789703167	0.1323767570649719	-0.697108741242988	1.0000000000000042	-0.07614487993528501	0.08058753584909693	-0.09780541846783282	0.1223049903482375	-0.17849715793173637	0.08298150249930061	-0.07552630184627919	0.07916949798815474	-0.10194185125307119	0.13266081862199788	-0.05122571415395736	0.0630402463952678	-0.07245533522906468	0.09369139671679555	-0.08122491855858281	0.04468810782328678	-0.0648894890842295	0.0709925588457273	-0.07279945896514572	0.05715074057047653	-0.07326036186034547	0.05503447800554164	-0.06429593696927588	0.04514691118264247	-0.05885522463286386
0.07919994114671222	-0.13761678017524237	0.17049249867404387	-0.06415788357312618	0.07369221516964383	-0.09011466611483596	0.13135575440386785	-0.1334963744019483	0.08044329129676399	-0.07314426509371726	0.2687916797395607	-0.20983100312363376	0.15217756519716216	-0.09781857118817658	0.08276537363624482	-0.5834133356729618	0.26207612959543347	-0.21336282060666417	0.07136339031093034	-0.07614487993528501	0.9999999999999974	-0.5238686396709415	0.2589709329415464	-0.08330170592207943	0.06600789900939713	-0.41022018285548706	0.23056057737012778	-0.20576775991804308	0.08388328653621387	-0.07533470455266861	0.1177383329726436	-0.13530298416971687	0.14739162194749164	-0.11473397895254707	0.08370639308057964	-0.1015385749273114	0.12615785551267322	-0.1312217066928225	0.09141506377047795	-0.06467998950317652	0.1317534018954753	-0.10102899798422126	0.11017993417407383	-0.0707308346369687	0.09105729256278468
-0.08115328507637738	0.1402482982101782	-0.18472481897540502	0.06805774087973411	-0.07871377665376389	0.09013012834713378	-0.14345586548132241	0.1439552532438257	-0.08647715284260403	0.0776255811746451	-0.2580433566534531	0.2239413075087539	-0.17759581774624794	0.10430481826812675	-0.0888799163856862	0.2782696516932686	-0.4510360337159355	0.25224539934115936	-0.07720149550067681	0.08058753584909693	-0.5238686396709415	0.9999999999999998	-0.54115516219296	0.09052759571967366	-0.07110271836316272	0.24552705903095734	-0.2485638795337799	0.22750967550625512	-0.09094267715839242	0.07848871661318546	-0.10660564125085985	0.13568856399804205	-0.1615725885858418	0.11652285117871751	-0.08641124990222768	0.09127744008342287	-0.12758463236819	0.13121735620760241	-0.09369447701068191	0.06591372335194752	-0.1298080140236768	0.09937953896042115	-0.11093372631867623	0.07095879829293769	-0.09185959008430153
0.08228227050257718	-0.1490893857355154	0.19803594321151374	-0.07853525038911946	0.08984787859650437	-0.09261845090821895	0.14397365165189802	-0.16670115639094246	0.09912129121505818	-0.09045145282278949	0.22435438961773124	-0.21512212143364712	0.20504580221716764	-0.12511943384628554	0.10340676153064156	-0.2455207208353946	0.26851216811825274	-0.40771684335065006	0.09242293518319682	-0.09780541846783282	0.2589709329415464	-0.54115516219296	0.9999999999999986	-0.13466204132529144	0.09476762889204136	-0.2790193592987598	0.2555664197786794	-0.4675367166668765	0.1244755911012901	-0.10493086670208825	0.12230785463938408	-0.18300251660988875	0.21656066005007807	-0.15699515696569938	0.10993190971094242	-0.10905458710946371	0.15824789781598045	-0.1759550643204019	0.1194666397232016	-0.08481817436905933	0.15249901948454095	-0.12327138038979395	0.13589762066741481	-0.08798008365333738	0.11128300383297822
-0.03654996037465827	0.06483409123730638	-0.10102920224119838	0.05092979433928641	-0.06516578452266786	0.04034909122269168	-0.06182880579983276	0.07568901059336643	-0.06581225091199401	0.0644453322159786	-0.09695470818196665	0.07866502421519453	-0.08585914453229346	0.09466413729183973	-0.09596787025936235	0.08196217192889434	-0.08595880595809702	0.09871519510230842	-0.11290291698491943	0.1223049903482375	-0.08330170592207943	0.09052759571967366	-0.13466204132529144	1.0000000000000013	-0.538793249521414	0.10211224312299962	-0.10559343890877594	0.12357753244023473	-0.6856201032502277	0.3082453513491848	-0.07000641965520485	0.09856641098920937	-0.12402347241146555	0.24172154509976573	-0.21002405651426886	0.06209262313336507	-0.10282913346615706	0.11945213779924893	-0.18229686479310053	0.13338624381736142	-0.10383632360325737	0.08451637939237285	-0.10411711598229033	0.08232279634301107	-0.10458161638925106
0.03146153428339735	-0.05658832573251063	0.08786941535739885	-0.05056403868994589	0.06529856036704748	-0.034846190592121844	0.05372947378757422	-0.06866341241922842	0.06581406343048601	-0.06711697649259374	0.07974421736384614	-0.06691223681249504	0.07607232054468835	-0.09929282485098985	0.10571134774409559	-0.06738420383898	0.07036929127553285	-0.08379862075217023	0.12157259596034137	-0.17849715793173637	0.06600789900939713	-0.07110271836316272	0.09476762889204136	-0.538793249521414	0.9999999999999976	-0.08245985203959498	0.08090522720872892	-0.09352800958735615	0.29079501619138537	-0.7190977037717744	0.05582026413363179	-0.07921182556695243	0.09524243578324501	-0.20674291927174748	0.18943082512060527	-0.04998278688762621	0.08097253809268173	-0.09768801107484046	0.14086382773686454	-0.13139045099254937	0.08255228189103202	-0.06813629532511559	0.08245937431688154	-0.06611284400387349	0.08175709312216375
-0.07747438667838032	0.1300025847256856	-0.1921265546870553	0.0682708173960581	-0.08095564082682694	0.08512333687250659	-0.12625065896390883	0.13395513941538137	-0.08580861836665558	0.0778003485448123	-0.257633740947071	0.17499642935835785	-0.15723971564497274	0.10293566066401667	-0.09105276452012712	0.2392021847024971	-0.2139177254330005	0.19331251228206178	-0.07813138601931255	0.08298150249930061	-0.41022018285548706	0.24552705903095734	-0.2790193592987598	0.10211224312299962	-0.08245985203959498	1.0000000000000022	-0.6364620560097224	0.2732018571799371	-0.10916854577674581	0.09448038954268342	-0.25054728378633623	0.2042720995908228	-0.2239741867642546	0.1508130606667615	-0.11390885498198752	0.17621770972118295	-0.20157184780203968	0.18409394899498735	-0.12672508858431572	0.08766495683580802	-0.2088994742657488	0.15150490049138873	-0.1639576328410831	0.10151538191574153	-0.13228968794258972
0.06447835896379155	-0.11330910150075987	0.15692255225013604	-0.05970460505239849	0.06983524144113809	-0.07211618010080673	0.10719123438369971	-0.11747967132058196	0.07458352299018343	-0.06855052798880687	0.1904416165097306	-0.15363366532243136	0.13496879364788678	-0.0922181541296552	0.07971814676053873	-0.2019153567413092	0.1784402741662074	-0.1853416659309882	0.06985320966911691	-0.07552630184627919	0.23056057737012778	-0.2485638795337799	0.2555664197786794	-0.10559343890877594	0.08090522720872892	-0.6364620560097224	0.9999999999999999	-0.5153947118239764	0.1122000590702653	-0.0955384781438629	0.16246286649462072	-0.2838452495863553	0.2530066802326666	-0.16091853907918127	0.11018812712817179	-0.14593648428750633	0.20022465114772448	-0.2033899046189198	0.1243399079867447	-0.08708314690962478	0.17186366986098417	-0.14452445125028485	0.151366672175884	-0.09538683104671147	0.11891699155717023
-0.06452281651376153	0.11196613402681042	-0.16475843614832858	0.06150853184441143	-0.07276962457249915	0.07129825376139069	-0.10841663368913058	0.12051396082405696	-0.07752724710909029	0.0707658579736912	-0.19105457749094604	0.1496430990245021	-0.1467345676679272	0.09544999713855327	-0.0838575650800843	0.17470351075947943	-0.18421488104181957	0.19698007934405182	-0.07426781713087334	0.07916949798815474	-0.20576775991804308	0.22750967550625512	-0.4675367166668765	0.12357753244023473	-0.09352800958735615	0.2732018571799371	-0.5153947118239764	0.9999999999999994	-0.14784922398518865	0.10777091559229546	-0.14132448355264332	0.24734650054485738	-0.4988054701998461	0.18071680334275525	-0.12616680877170908	0.12222426324148525	-0.21518349964707995	0.21849695965820135	-0.14227734890643162	0.0967902374803158	-0.17842189468824626	0.14570200820278684	-0.168226220699962	0.10329136831813243	-0.1311595996060406
0.03603137609778033	-0.0640466647366909	0.09744543691034718	-0.04679566369273531	0.05850075866809045	-0.0399348417080559	0.06048378542040351	-0.07292238578896207	0.059539707813417594	-0.05821336479691974	0.09620913305580527	-0.0782796114593785	0.0819173072966057	-0.08488104514106104	0.08124794447141491	-0.08346734047672967	0.08484961566737625	-0.09788727312056097	0.08800564909153005	-0.10194185125307119	0.08388328653621387	-0.09094267715839242	0.1244755911012901	-0.6856201032502277	0.29079501619138537	-0.10916854577674581	0.1122000590702653	-0.14784922398518865	0.9999999999999999	-0.42202144034693256	0.07291650101938069	-0.1110511853137692	0.14055525396615667	-0.43549860516912015	0.2128417485727725	-0.06552554731519465	0.10973564890175624	-0.13262436404792616	0.1931887576348279	-0.1528890995789505	0.10676011401030328	-0.08972652497308503	0.10875325728436744	-0.08698512385965464	0.10671923997003495
-0.03507006533817005	0.0623711707710712	-0.09860356517265528	0.05227862612310306	-0.06812351927147649	0.03868906976706036	-0.05929951392532626	0.07373233197416905	-0.06793248238119823	0.06693778656705084	-0.09144158797626181	0.07400449885649248	-0.08216474015267364	0.09493286753294265	-0.10383454027589092	0.07580293113018549	-0.07867477601562713	0.09030970668501567	-0.11320469172029625	0.13266081862199788	-0.07533470455266861	0.07848871661318546	-0.10493086670208825	0.3082453513491848	-0.7190977037717744	0.09448038954268342	-0.0955384781438629	0.10777091559229546	-0.42202144034693256	0.9999999999999963	-0.06736703913216723	0.09416734136205854	-0.11513684081888341	0.23438761976819075	-0.3299737514408097	0.060062626991641	-0.09953488541016145	0.11949926697876624	-0.19789784811474379	0.17223832698802174	-0.10167489282223802	0.08365595612493792	-0.10389895504148898	0.08523111571014363	-0.10698421995789371
0.041220754617109584	-0.07230927438996876	0.10543379785928554	-0.039953535022416296	0.047223835577020354	-0.04593308630966601	0.06702059615166352	-0.07477984117172311	0.04939987922219618	-0.045841406020763545	0.11834731124794313	-0.09061892003408813	0.08290695688385917	-0.06119049045163225	0.05362933056586845	-0.11159105030027784	0.09835327108922713	-0.10425847867538926	0.04657747616706538	-0.05122571415395736	0.1177383329726436	-0.10660564125085985	0.12230785463938408	-0.07000641965520485	0.05582026413363179	-0.25054728378633623	0.16246286649462072	-0.14132448355264332	0.07291650101938069	-0.06736703913216723	0.9999999999999967	-0.19281944865289752	0.14621826008050537	-0.11673738041685607	0.08291488329790186	-0.8517323599378536	0.18915969999399498	-0.16614629997852978	0.09653569458395886	-0.0680059411630895	0.2391071358616207	-0.185253275373612	0.1426157404115696	-0.08797427813397853	0.10522431598741246
-0.048456648411134985	0.08432681783277203	-0.12589416693730693	0.047601783824085496	-0.05676528808287602	0.05363108412730573	-0.07974164237113467	0.08919128615258529	-0.05940953618666954	0.05487659096644795	-0.14062780079565806	0.10746589577166542	-0.10241860276880912	0.07358551607191108	-0.06552049890831904	0.12515066339235625	-0.12183111233009492	0.1292575564970245	-0.057862007736215255	0.0630402463952678	-0.13530298416971687	0.13568856399804205	-0.18300251660988875	0.09856641098920937	-0.07921182556695243	0.2042720995908228	-0.2838452495863553	0.24734650054485738	-0.1110511853137692	0.09416734136205854	-0.19281944865289752	0.9999999999999993	-0.5382901570636198	0.18036381360099749	-0.1278107578224718	0.1657218230167085	-0.6378915695572513	0.28523748749859407	-0.1541630878992195	0.10191652448024416	-0.2248262430328305	0.20783343966297832	-0.21168804556651472	0.12093653716940794	-0.14900872322206177
0.05364370369478788	-0.09459551678046911	0.13708086856203588	-0.05342902774783888	0.06330272506371316	-0.059743131730700866	0.08891007853587839	-0.1006561447975819	0.06662341730321197	-0.06186834311178215	0.15148469643253126	-0.12162352423816421	0.11499844624201044	-0.08375810719831381	0.0737848192974241	-0.14188269139719586	0.1366922461485574	-0.15449675346736402	0.06603555459738365	-0.07245533522906468	0.14739162194749164	-0.1615725885858418	0.21656066005007807	-0.12402347241146555	0.09524243578324501	-0.2239741867642546	0.2530066802326666	-0.4988054701998461	0.14055525396615667	-0.11513684081888341	0.14621826008050537	-0.5382901570636198	1.0000000000000002	-0.27839227387528714	0.14987528313233373	-0.1367904233856845	0.2904889630967918	-0.42182510938765894	0.18144737873713204	-0.12211440713471113	0.19281990218194095	-0.18825391319935258	0.2093928082005328	-0.12803479022703618	0.15092466476290048
-0.04822247747589459	0.08435562486250332	-0.1310949452877531	0.05540202288861762	-0.06865002819071836	0.05317893680733414	-0.07964098143840796	0.09257057378028566	-0.06982432629479854	0.06619833999059861	-0.13402486719433926	0.10316885978800837	-0.10433392798995982	0.09089007502283135	-0.08694857286964819	0.11229431269631067	-0.11268724180787325	0.12322774031113075	-0.08388020029802083	0.09369139671679555	-0.11473397895254707	0.11652285117871751	-0.15699515696569938	0.24172154509976573	-0.20674291927174748	0.1508130606667615	-0.16091853907918127	0.18071680334275525	-0.43549860516912015	0.23438761976819075	-0.11673738041685607	0.18036381360099749	-0.27839227387528714	1.0000000000000018	-0.4427979014402305	0.10441668933018364	-0.1921056820357575	0.22902047951771543	-0.5135804913319114	0.2741034110039742	-0.17873430042919564	0.15170954683338395	-0.19589420853611975	0.16493009668742276	-0.20499182928992
0.03681697132888602	-0.0653592742787002	0.09883367391561092	-0.04407689462844751	0.054261352940991846	-0.040891418721753954	0.060862022512916315	-0.07190797286394511	0.0553041096327141	-0.05338511112670985	0.09883548912094592	-0.07895928188100199	0.07936813345557013	-0.07465558177198112	0.07039157717455302	-0.08539786466721645	0.0837269652683708	-0.09483306152970059	0.06931410978209468	-0.08122491855858281	0.08370639308057964	-0.08641124990222768	0.10993190971094242	-0.21002405651426886	0.18943082512060527	-0.11390885498198752	0.11018812712817179	-0.12616680877170908	0.2128417485727725	-0.3299737514408097	0.08291488329790186	-0.1278107578224718	0.14987528313233373	-0.4427979014402305	0.9999999999999953	-0.07649115651360876	0.12968820132332698	-0.1819477938775111	0.31456667337493494	-0.6794671559703684	0.12580016305715336	-0.11363146215765242	0.13858563624427514	-0.12922906214778396	0.14346907902007397
-0.035927693449675044	0.062470659314479524	-0.09303725078651663	0.034794206343010094	-0.04134743495077346	0.039832049501197925	-0.058376524980637313	0.06494792400470953	-0.043141568559294165	0.03991113482580915	-0.10491575056481471	0.07823595720131503	-0.07268638945463257	0.05315242968564265	-0.04699730009425202	0.09365817621569375	-0.08593186035518806	0.0897218553862379	-0.04080965915226085	0.04468810782328678	-0.1015385749273114	0.09127744008342287	-0.10905458710946371	0.06209262313336507	-0.04998278688762621	0.17621770972118295	-0.14593648428750633	0.12222426324148525	-0.06552554731519465	0.060062626991641	-0.8517323599378536	0.1657218230167085	-0.1367904233856845	0.10441668933018364	-0.07649115651360876	0.9999999999999973	-0.21783614881958313	0.15532880295730664	-0.09030047318176021	0.06261032657246507	-0.3467328375323002	0.1849654697852834	-0.14694811953219822	0.08536973064005851	-0.10439081469201536
0.04847212228118151	-0.08542056315274028	0.12518257722470885	-0.04843263964626959	0.057496647767783175	-0.05398639065383132	0.07940140437641836	-0.08968452985423502	0.060049481161847676	-0.05593001582062299	0.136084460165877	-0.1069088353886225	0.10025759039771305	-0.07522597806732607	0.06640705375711821	-0.12463862907915169	0.11638777275634216	-0.1278362385050664	0.0587506366518042	-0.0648894890842295	0.12615785551267322	-0.12758463236819	0.15824789781598045	-0.10282913346615706	0.08097253809268173	-0.20157184780203968	0.20022465114772448	-0.21518349964707995	0.10973564890175624	-0.09953488541016145	0.18915969999399498	-0.6378915695572513	0.2904889630967918	-0.1921056820357575	0.12968820132332698	-0.21783614881958313	0.9999999999999986	-0.4654461524506149	0.16453692640445744	-0.11304135766317414	0.24970253823922361	-0.3476927958677436	0.2505540308956957	-0.1427524572602672	0.1626083273840066
-0.051159559163398254	0.08917349213787305	-0.1352355166923872	0.05175826308402122	-0.06212992522106357	0.05657297988973623	-0.0838519383752771	0.09463945770728129	-0.06449815567841724	0.05992514738789604	-0.14614775379218004	0.1112388640123453	-0.10734941267160066	0.08048593643423732	-0.07242565433928298	0.1261330254596882	-0.12320363706065593	0.13229385314624215	-0.06454599340288622	0.0709925588457273	-0.1312217066928225	0.13121735620760241	-0.1759550643204019	0.11945213779924893	-0.09768801107484046	0.18409394899498735	-0.2033899046189198	0.21849695965820135	-0.13262436404792616	0.11949926697876624	-0.16614629997852978	0.28523748749859407	-0.42182510938765894	0.22902047951771543	-0.1819477938775111	0.15532880295730664	-0.4654461524506149	0.9999999999999989	-0.29269674276653934	0.16085678682535076	-0.27226165982647893	0.26743512150210746	-0.5039084598174971	0.21071124978368405	-0.2522368930243993
0.0390560743756918	-0.06904978892921156	0.10413257859078706	-0.04400696700438784	0.053613185440921286	-0.04336558242037295	0.06427854113534558	-0.07477012896896773	0.05495993587405032	-0.052403090054457376	0.10650901615485775	-0.08409642015983254	0.08289375435222729	-0.0723733641427416	0.0667618317634591	-0.09243543777506757	0.08987166314542117	-0.10055367651781313	0.06362483457575908	-0.07279945896514572	0.09141506377047795	-0.09369447701068191	0.1194666397232016	-0.18229686479310053	0.14086382773686454	-0.12672508858431572	0.1243399079867447	-0.14227734890643162	0.1931887576348279	-0.19789784811474379	0.09653569458395886	-0.1541630878992195	0.18144737873713204	-0.5135804913319114	0.31456667337493494	-0.09030047318176021	0.16453692640445744	-0.29269674276653934	0.9999999999999981	-0.6104482034913199	0.15055711987247533	-0.1456949473365917	0.19135466967502932	-0.23483547669116034	0.2041204512669935
-0.027984976242701753	0.04937981161857111	-0.0754804702918824	0.03268460438933612	-0.04032226659545155	0.031000777406746796	-0.046164588022373255	0.05406461459116765	-0.04105705580484647	0.0392617591125542	-0.07625834344273938	0.059867157416026155	-0.06004724681966098	0.05423274681297923	-0.05155579429176111	0.0651074102109605	-0.06405199381528767	0.07139114601908741	-0.04994679150885734	0.05715074057047653	-0.06467998950317652	0.06591372335194752	-0.08481817436905933	0.13338624381736142	-0.13139045099254937	0.08766495683580802	-0.08708314690962478	0.0967902374803158	-0.1528890995789505	0.17223832698802174	-0.0680059411630895	0.10191652448024416	-0.12211440713471113	0.2741034110039742	-0.6794671559703684	0.06261032657246507	-0.11304135766317414	0.16085678682535076	-0.6104482034913199	0.9999999999999984	-0.1073964588369961	0.09838907752813661	-0.13263822892614044	0.1362071937565073	-0.15867415568045387
0.05558605594078674	-0.09867383747539049	0.14514083209907422	-0.05596342845090237	0.0662484257366131	-0.062103636598660965	0.09014278284355563	-0.10242644628574564	0.06882534756535968	-0.06438998323807918	0.15191151312896659	-0.1196368307927821	0.11137125852903952	-0.08610511600859039	0.07548564829559043	-0.13735018078230696	0.12504718651891258	-0.1389836428603371	0.0657825653689176	-0.07326036186034547	0.1317534018954753	-0.1298080140236768	0.15249901948454095	-0.10383632360325737	0.08255228189103202	-0.2088994742657488	0.17186366986098417	-0.17842189468824626	0.10676011401030328	-0.10167489282223802	0.2391071358616207	-0.2248262430328305	0.19281990218194095	-0.17873430042919564	0.12580016305715336	-0.3467328375323002	0.24970253823922361	-0.27226165982647893	0.15055711987247533	-0.1073964588369961	0.9999999999999986	-0.6402247122456864	0.2732525255573458	-0.1651238890416607	0.17861189032713204
-0.04092083287504789	0.07185801073413452	-0.1076900751586778	0.041218217375256945	-0.04917237226331465	0.04544863149990707	-0.06664205903364848	0.07536363656010252	-0.05102400875321933	0.047540854649487665	-0.11478829847238192	0.08831684348230061	-0.083636417743085	0.06363878554298978	-0.05657649103584504	0.10080253966962674	-0.09495249207289226	0.10322762632600145	-0.04975778636365169	0.05503447800554164	-0.10102899798422126	0.09937953896042115	-0.12327138038979395	0.08451637939237285	-0.06813629532511559	0.15150490049138873	-0.14452445125028485	0.14570200820278684	-0.08972652497308503	0.08365595612493792	-0.185253275373612	0.20783343966297832	-0.18825391319935258	0.15170954683338395	-0.11363146215765242	0.1849654697852834	-0.3476927958677436	0.26743512150210746	-0.1456949473365917	0.09838907752813661	-0.6402247122456864	0.9999999999999983	-0.521555054622966	0.18954476816147794	-0.22147065630550336
0.04608647165200965	-0.08155645555848831	0.12077328676122086	-0.047141026157493715	0.056119198521354836	-0.05136490719827274	0.0751051108316539	-0.08557479158995115	0.05823370329859793	-0.05456045904200781	0.12671712845829575	-0.09961678269916399	0.09412302457986307	-0.07340299916364625	0.06499411055956261	-0.11298783221000552	0.10567246815948465	-0.11749670855422148	0.057621716849406944	-0.06429593696927588	0.11017993417407383	-0.11093372631867623	0.13589762066741481	-0.10411711598229033	0.08245937431688154	-0.1639576328410831	0.151366672175884	-0.168226220699962	0.10875325728436744	-0.10389895504148898	0.1426157404115696	-0.21168804556651472	0.2093928082005328	-0.19589420853611975	0.13858563624427514	-0.14694811953219822	0.2505540308956957	-0.5039084598174971	0.19135466967502932	-0.13263822892614044	0.2732525255573458	-0.521555054622966	0.9999999999999982	-0.4199706885085559	0.27588288699154545
