1.0	-0.36924141207324335	0.16198573570550173	-0.12145392425294216	0.16731938117688977	-0.840884762279274	0.20513738111962326	-0.14141747921734363	0.12285184674809306	-0.09850063077993983	0.13830575360203448	-0.19028799997639317	0.12160649885160169	-0.0911444872122162	0.09768890423452438	-0.14975958127724978	0.07533287486308185	-0.06622122849972592	0.06456894314288913	-0.07159223029219754	0.08798457623127805	-0.05707039197773581	0.06479639042273688	-0.06514474616484325	0.052477434546672405	-0.06266583356205703	0.05245466603904588	-0.059911676124334325	0.0670620881111757	-0.05668945308954141	0.05323603762726092	-0.05369681502589112	0.05890731510112509	-0.05976716424701085	0.062023495724743624	-0.06057537633606489	0.05001948411264588	-0.05185656172159062	0.054767209688892156	-0.048593395882420495	0.06274631472105235	-0.043899804166018894	0.052546726319731736	-0.04966344215155493	0.06079328590087276
-0.36924141207324335	1.0	-0.5702160298826693	0.2910303752824587	-0.44216990610951545	0.24448040205406096	-0.2980282855607477	0.20246781787004572	-0.2564809196532882	0.19626030821609675	-0.09730052886740759	0.24335371327979707	-0.20782570591298163	0.15855320377429266	-0.18380323221171463	0.09609716353732807	-0.11280036232842713	0.09856107391955042	-0.11027046872611887	0.12088396816194054	-0.13516876765233504	0.08673332851208113	-0.10297410920958207	0.10793904240958087	-0.08863247747516663	0.09508365613533425	-0.08198074273180389	0.09377421555296753	-0.112020301006539	0.09413061052860938	-0.08506427312204237	0.08586303640355657	-0.09601335333807823	0.09775250249807495	-0.10554590282067826	0.09574826514403692	-0.08158241550054646	0.08421307118634373	-0.09080295679443207	0.08109890920165319	-0.10471139744430258	0.07218263755153077	-0.08784633384060249	0.08218664484297489	-0.10324010288390811
0.16198573570550173	-0.5702160298826693	1.0000000000000004	-0.6683478836109289	0.30497921938803374	-0.16857972561632145	0.18062665445929293	-0.1766031578138375	0.2037432886672524	-0.17159764611613312	0.0653570568418356	-0.20935689068897514	0.150857769216104	-0.12740569267899912	0.13685810466996173	-0.0692889972232955	0.08555506530385464	-0.07669864553783311	0.0846979270156159	-0.09575807447126891	0.09748657833740922	-0.0656337995677356	0.07713620756114827	-0.08388775492278258	0.06768339563822388	-0.07174390605588335	0.061367831231495695	-0.0715267178794685	0.08394413293328984	-0.0729255093875971	0.06329355052582718	-0.06469140242350016	0.07163727879553047	-0.07430246080797728	0.07820587521118978	-0.07257916940939686	0.060844396382606886	-0.06346062524848173	0.06765442817384941	-0.06110557164977432	0.07696703842715873	-0.053768166433346254	0.06479934938956894	-0.061502978023736034	0.07594344698996766
-0.12145392425294216	0.2910303752824587	-0.6683478836109289	0.9999999999999998	-0.5722275948494244	0.12110623302182405	-0.1574044220370263	0.14991084399238977	-0.2969178617929591	0.20567555062325252	-0.05306254767741136	0.18037853889832992	-0.14765797618655493	0.13282543440599118	-0.1510411932027607	0.05526426800792721	-0.078596806345924	0.07052779578200631	-0.08444377396172272	0.09472477629487222	-0.08914041066877867	0.06019513843896444	-0.07177763274410907	0.08070585583653565	-0.0654991950474298	0.06562379494075067	-0.05657356230361689	0.06621832339447627	-0.07977957904156872	0.06943872454621218	-0.05834102028445406	0.05980971134500086	-0.06664189471940028	0.06959166410799346	-0.07393570275994446	0.06675821373293488	-0.05639675691515981	0.05893670648387346	-0.06321211804662144	0.05727279434308672	-0.07130284390846173	0.04983831551590009	-0.060231313040888385	0.057256247498469554	-0.07106220141654065
0.16731938117688977	-0.44216990610951545	0.30497921938803374	-0.5722275948494244	1.0	-0.1877354613765975	0.21052749307222846	-0.19365003726987215	0.279906633660692	-0.3623498123123344	0.08251019671753645	-0.3044842987035596	0.19195497160399397	-0.18586742105283174	0.20803480083466272	-0.08864972821068862	0.12213896159369549	-0.11046561729685997	0.1248015820532851	-0.1453219543137276	0.14132126048984	-0.09617636663807837	0.11202991104068272	-0.12514766862708918	0.1007361712876061	-0.10587637632868663	0.08981400988108691	-0.10501880652384704	0.12364163048553815	-0.1095693900513001	0.09331623921928195	-0.09573526930763387	0.10548230462733633	-0.11045212116316445	0.11554492596151483	-0.10797838779578596	0.08992106451949261	-0.09406515553089195	0.09994859438620934	-0.09101669701987744	0.11360442077918263	-0.0796169443416342	0.09570552090723451	-0.09127291027149852	0.11213696268514248
-0.840884762279274	0.24448040205406096	-0.16857972561632145	0.12110623302182405	-0.1877354613765975	0.9999999999999998	-0.28920257095350993	0.15357892576781737	-0.13767939175277202	0.10667767333395797	-0.18746844923923417	0.1861290036359629	-0.14027808100842407	0.09940099920082326	-0.10898287408836871	0.15219057668032815	-0.07998461985149222	0.06937621531557935	-0.0697452590048086	0.07633241588385459	-0.09514892206377146	0.06022867348946051	-0.06910683258099518	0.0692499717738862	-0.05613862018741374	0.06605711146976519	-0.05572497089326996	0.0632200051224049	-0.07178164255385105	0.060081329529613	-0.05661027146189532	0.05686043218920283	-0.06274709035603095	0.06337190209268403	-0.06647463793694419	0.06386354888694436	-0.053200899198273886	0.05498519213034195	-0.058410905963536465	0.05167574153528443	-0.06706800509528585	0.04670487133884768	-0.05614643474427081	0.05282279392305427	-0.06512733216203123
0.20513738111962326	-0.2980282855607477	0.18062665445929293	-0.1574044220370263	0.21052749307222846	-0.28920257095350993	0.9999999999999994	-0.5933624978726997	0.2187509599180362	-0.17900054349152514	0.08780017478710768	-0.5346932586994366	0.27923299151102987	-0.19610421533881164	0.18367290173250622	-0.0899780764987094	0.1454490370349737	-0.12972700289086836	0.12183189163205818	-0.13463027861269034	0.13037765714152186	-0.0945226629766401	0.11522477088594961	-0.11876773225193743	0.09383817708125093	-0.09767356449633535	0.08730059561069342	-0.1054908937464503	0.11668424886978042	-0.10037408613721821	0.0855908014035162	-0.0887180140525856	0.09907181895515087	-0.10228677283702803	0.10497566045402475	-0.0976424559402113	0.08238726306116784	-0.08680053199863362	0.09183170871015443	-0.08205542769897407	0.10194724824329403	-0.07206636215033273	0.08628507214516165	-0.08255663627990015	0.10071373939774994
-0.14141747921734363	0.20246781787004572	-0.1766031578138375	0.14991084399238977	-0.19365003726987215	0.15357892576781737	-0.5933624978726997	0.999999999999999	-0.3103454592134788	0.2008575826748755	-0.0632463361178521	0.28231694512502337	-0.5909039155587257	0.23904876797022498	-0.23074617578727533	0.06399109501709152	-0.12405691649007103	0.1131392197155652	-0.1294704654174313	0.13479975109106834	-0.10868585907932019	0.07921622088606257	-0.10121768362816225	0.11247917948960358	-0.08957957007718062	0.08176924703203571	-0.07412940501349133	0.09017241151492617	-0.1066182504672044	0.09171225846346091	-0.0724116934528812	0.07559548024884181	-0.08551642369090645	0.08992187688080434	-0.09397634869303845	0.08243674489321692	-0.070477996144376	0.0746497527771958	-0.08003574744998024	0.07201464082620246	-0.08675697293420882	0.06158162398628366	-0.0740560774378747	0.07129129425134678	-0.08778425348736281
0.12285184674809306	-0.2564809196532882	0.2037432886672524	-0.2969178617929591	0.279906633660692	-0.13767939175277202	0.2187509599180362	-0.3103454592134788	0.9999999999999977	-0.6707543805972849	0.06406274308067977	-0.2832416540170001	0.24963621801013605	-0.3310144627338872	0.29374536436699866	-0.0674780644775304	0.11972017325354999	-0.1112696109113492	0.15455550443679827	-0.17865212934679328	0.12277602065960268	-0.08860208586367771	0.1082196382793253	-0.13867129915076803	0.109421222127188	-0.09453017704136955	0.08279322112115327	-0.10053555270796191	0.12438777192541135	-0.1137733899187128	0.08354796262502741	-0.0876240255315072	0.09804911543555024	-0.1065017188539753	0.11103626633731682	-0.09673451317044637	0.08175165476643866	-0.08710131901438987	0.0932877042679798	-0.0860590540102661	0.10067788437870506	-0.0718744063698225	0.08621603544737438	-0.08390334739182065	0.10276569671536775
-0.09850063077993983	0.19626030821609675	-0.17159764611613312	0.20567555062325252	-0.3623498123123344	0.10667767333395797	-0.17900054349152514	0.2008575826748755	-0.6707543805972849	0.9999999999999997	-0.05180252453412086	0.21162245248068132	-0.23335549400786404	0.2625673786967901	-0.5046791396809988	0.05402142662757255	-0.10136042495984647	0.09312272321851499	-0.14470216604774228	0.16079884819271945	-0.10363425022887733	0.07427667958095076	-0.09291960207500227	0.1202491781716223	-0.09922005310586451	0.07910877503223113	-0.07005775704744766	0.08500648424088653	-0.11015364363527204	0.09826555335867575	-0.07062657245091061	0.07411004692648149	-0.08392976727000713	0.09114770705558822	-0.09783987047729847	0.08119998805724793	-0.06955383152702117	0.07404817879052468	-0.08036253582630867	0.07397705691179132	-0.08575247430326816	0.0610956788866083	-0.07377871661592952	0.07164751328959919	-0.08908703990299591
0.13830575360203448	-0.09730052886740759	0.0653570568418356	-0.05306254767741136	0.08251019671753645	-0.18746844923923417	0.08780017478710768	-0.0632463361178521	0.06406274308067977	-0.05180252453412086	0.999999999999997	-0.1051858756383571	0.06545219307131807	-0.05117700995184258	0.05584960321969645	-0.947932502707554	0.07490623969204704	-0.06310386558907986	0.045159080808206964	-0.050180069662724355	0.12025344539722414	-0.06644623158079255	0.05932119191944187	-0.050046836380833314	0.039656883587547966	-0.07887566298639512	0.0559806373794361	-0.056917588844521055	0.05473244113314334	-0.044223380549880925	0.05565295667984475	-0.0530432666743154	0.05390154727239352	-0.05183457827426234	0.04952934895350252	-0.06337824751413393	0.047011279519106663	-0.047649481127523347	0.04770225306625957	-0.04028882130922374	0.0563684161061535	-0.04029380324638336	0.046105726420937396	-0.0435910447011269	0.050209350729112645
-0.19028799997639317	0.24335371327979707	-0.20935689068897514	0.18037853889832992	-0.3044842987035596	0.1861290036359629	-0.5346932586994366	0.28231694512502337	-0.2832416540170001	0.21162245248068132	-0.1051858756383571	0.9999999999999987	-0.3499064640890258	0.2224261460364926	-0.2581738543762542	0.1026595135443613	-0.31130536663620895	0.20732349543636855	-0.17187797902187232	0.17952333604795842	-0.218129729207984	0.1514449907616991	-0.19827873687410766	0.1686741747773958	-0.1377372636558768	0.15249428290978856	-0.14372687714253604	0.16727810817994326	-0.18354082382863302	0.14478218715064867	-0.13803930547737486	0.1401786109693023	-0.16104261650105292	0.15699736340045634	-0.1659019674819605	0.15157123579871212	-0.13231034975612838	0.13664535874589737	-0.1469638463516255	0.12675751733559015	-0.16718801547619871	0.11538457708371205	-0.14026380969656776	0.130434777002995	-0.1628797488170453
0.12160649885160169	-0.20782570591298163	0.150857769216104	-0.14765797618655493	0.19195497160399397	-0.14027808100842407	0.27923299151102987	-0.5909039155587257	0.24963621801013605	-0.23335549400786404	0.06545219307131807	-0.3499064640890258	0.9999999999999996	-0.5117384831086869	0.2665279981477894	-0.06836877617365383	0.1535972029774669	-0.1629393068187816	0.17569861074574994	-0.1880529738822099	0.1277872402450915	-0.09817876990174847	0.1262911509922324	-0.15246161081376264	0.11531608201996502	-0.09965738676099581	0.09080308216153933	-0.11436832890778358	0.1323744309741129	-0.1187342058909262	0.08741022332226636	-0.0926628414611721	0.10430097880490115	-0.11248193862701272	0.11445327037771813	-0.10063934607378384	0.08546808828603877	-0.09170280343476575	0.0974434757018713	-0.08867387713853522	0.10352580631750853	-0.07449859492232927	0.08888986155333184	-0.08683631968111519	0.10534798929914682
-0.0911444872122162	0.15855320377429266	-0.12740569267899912	0.13282543440599118	-0.18586742105283174	0.09940099920082326	-0.19610421533881164	0.23904876797022498	-0.3310144627338872	0.2625673786967901	-0.05117700995184258	0.2224261460364926	-0.5117384831086869	0.9999999999999977	-0.614885151499661	0.05298041395611084	-0.12421746156495356	0.11908353043498099	-0.306951494404332	0.23228699537148126	-0.11159076085721957	0.08429897534037036	-0.11262989811505776	0.17188890567790774	-0.1336129959626755	0.08712988670436081	-0.07979455949929473	0.10057684201095382	-0.1402985043688402	0.12293787705048806	-0.07800635662779165	0.08348980091955657	-0.09632315651317232	0.10832189045993208	-0.1152352827632828	0.08954715799461054	-0.07792054099854936	0.08431211091250897	-0.09252694322984918	0.08527406427435419	-0.09376061397233017	0.06788202441312095	-0.08188864852047323	0.08083771739734265	-0.10032493193959043
0.09768890423452438	-0.18380323221171463	0.13685810466996173	-0.1510411932027607	0.20803480083466272	-0.10898287408836871	0.18367290173250622	-0.23074617578727533	0.29374536436699866	-0.5046791396809988	0.05584960321969645	-0.2581738543762542	0.2665279981477894	-0.614885151499661	0.9999999999999971	-0.058517304232046596	0.1232841748706207	-0.11818210512932184	0.22199504685848162	-0.29960790040317503	0.1204697688837153	-0.09031236445748353	0.11461950222323873	-0.17597056079467482	0.14078690077521408	-0.09496473769133172	0.08477826033326936	-0.10613965032667123	0.1422332333495392	-0.13709927585089146	0.0843732081593237	-0.09017121098916765	0.10238101892749572	-0.11600563255654715	0.12245850136951367	-0.09788424140593252	0.08392117042385486	-0.0908581098486225	0.09858236364864242	-0.09276309107701519	0.10131644102737225	-0.07346598556047408	0.08820388899946084	-0.08745519260818788	0.1075113682282557
-0.14975958127724978	0.09609716353732807	-0.0692889972232955	0.05526426800792721	-0.08864972821068862	0.15219057668032815	-0.0899780764987094	0.06399109501709152	-0.0674780644775304	0.05402142662757255	-0.947932502707554	0.1026595135443613	-0.06836877617365383	0.05298041395611084	-0.058517304232046596	0.999999999999996	-0.08242557919537959	0.06522808758285982	-0.046807050668706614	0.051553068202702265	-0.14445545557489944	0.06900716434018639	-0.06250215145839862	0.05145764389798568	-0.04095201938110547	0.08034210471882182	-0.058928545351196446	0.05882523659130748	-0.05679948865270417	0.04536566045847755	-0.05784137176744603	0.054438001862844455	-0.05592606307354924	0.05323481931692116	-0.0513015441719387	0.06419266778976364	-0.04849161472504941	0.04894482785921294	-0.04931551243979186	0.04144345873813134	-0.05841967856173714	0.04148093457046522	-0.047742982709985476	0.04484626714501297	-0.052036901054366265
0.07533287486308185	-0.11280036232842713	0.08555506530385464	-0.078596806345924	0.12213896159369549	-0.07998461985149222	0.1454490370349737	-0.12405691649007103	0.11972017325354999	-0.10136042495984647	0.07490623969204704	-0.31130536663620895	0.1535972029774669	-0.12421746156495356	0.1232841748706207	-0.08242557919537959	0.9999999999999972	-0.7939628972786049	0.14476323457824844	-0.1513490337391614	0.1712541472384334	-0.22539873526245316	0.26382609831693177	-0.15376175896691535	0.10998505253663045	-0.14569051278665054	0.16987937610880385	-0.2462548408803597	0.1533759494284308	-0.11980592839407778	0.11762645811681714	-0.13206620499033922	0.14700428487738323	-0.1397086765064835	0.11917587751910272	-0.1316485962516739	0.11132886449144772	-0.12295194676501485	0.11833808367782019	-0.09701041767466839	0.12253275007577599	-0.09206758522525868	0.10456187819929544	-0.10283367828159594	0.11433837904972054
-0.06622122849972592	0.09856107391955042	-0.07669864553783311	0.07052779578200631	-0.11046561729685997	0.06937621531557935	-0.12972700289086836	0.1131392197155652	-0.1112696109113492	0.09312272321851499	-0.06310386558907986	0.20732349543636855	-0.1629393068187816	0.11908353043498099	-0.11818210512932184	0.06522808758285982	-0.7939628972786049	0.9999999999999981	-0.1616953792366346	0.14155198235064517	-0.15453781077051934	0.17135947957332578	-0.41772819703442243	0.14588697409301146	-0.1048555722114897	0.1253753856645175	-0.15679555821341976	0.224207521122107	-0.14823824549484085	0.1083813425713438	-0.10522592284250042	0.1168990043906451	-0.13925635413936155	0.12603691028611486	-0.10988430724029132	0.11458837610891631	-0.10039958527556603	0.10980898162296698	-0.10844687026912503	0.08716540439511179	-0.1105871541610692	0.08227824523145233	-0.09466589057286927	0.09207613759186006	-0.10415443039098089
0.06456894314288913	-0.11027046872611887	0.0846979270156159	-0.08444377396172272	0.1248015820532851	-0.0697452590048086	0.12183189163205818	-0.1294704654174313	0.15455550443679827	-0.14470216604774228	0.045159080808206964	-0.17187797902187232	0.17569861074574994	-0.306951494404332	0.22199504685848162	-0.046807050668706614	0.14476323457824844	-0.1616953792366346	0.9999999999999943	-0.6861499253684722	0.12395598993329983	-0.10151213794734827	0.1474777656109224	-0.497740806819805	0.2518059173229519	-0.10250014824246456	0.0969026422279617	-0.13294592312994385	0.22195405265520696	-0.21075149343432703	0.09257217384971149	-0.10372575541726249	0.12299625103309497	-0.1581382041491928	0.16099250232187914	-0.10726045939393607	0.09593663341743956	-0.10821241311147421	0.12152689370313981	-0.1155092979718242	0.11030015019565569	-0.08286646328504846	0.09981565271371137	-0.10298796858500045	0.12691246718754837
-0.07159223029219754	0.12088396816194054	-0.09575807447126891	0.09472477629487222	-0.1453219543137276	0.07633241588385459	-0.13463027861269034	0.13479975109106834	-0.17865212934679328	0.16079884819271945	-0.050180069662724355	0.17952333604795842	-0.1880529738822099	0.23228699537148126	-0.29960790040317503	0.051553068202702265	-0.1513490337391614	0.14155198235064517	-0.6861499253684722	0.9999999999999918	-0.14187737687448115	0.109396514710004	-0.15698862420887347	0.3034804827760052	-0.3952863801582811	0.113699137547996	-0.10680027469637286	0.13880867556783072	-0.2502096582828284	0.2354915209677574	-0.1050862028164465	0.11573619515985444	-0.1395272371346224	0.16700988648271295	-0.2083044233672264	0.12036395933173138	-0.10980627202588075	0.12125554892118014	-0.1409244924242787	0.13641952525703208	-0.12880811942773526	0.09526903927447751	-0.11734430313904662	0.11900530855843557	-0.15674877934861509
0.08798457623127805	-0.13516876765233504	0.09748657833740922	-0.08914041066877867	0.14132126048984	-0.09514892206377146	0.13037765714152186	-0.10868585907932019	0.12277602065960268	-0.10363425022887733	0.12025344539722414	-0.218129729207984	0.1277872402450915	-0.11159076085721957	0.1204697688837153	-0.14445545557489944	0.1712541472384334	-0.15453781077051934	0.12395598993329983	-0.14187737687448115	0.9999999999999969	-0.42798548897760447	0.20120685458194357	-0.1571758643044712	0.12236643463235998	-0.5576765458229846	0.2776072154046896	-0.21558001744427982	0.18339898248183475	-0.14310118995296087	0.2715447952916121	-0.23789427714450276	0.20948599667891285	-0.1908706892257549	0.16310819752563335	-0.3067422218116118	0.19476872905432702	-0.1892514665298459	0.17618701335889866	-0.14028470416509237	0.21811186096184984	-0.1616841753937693	0.17225908382650468	-0.1637934205954722	0.17230374765164402
-0.05707039197773581	0.08673332851208113	-0.0656337995677356	0.06019513843896444	-0.09617636663807837	0.06022867348946051	-0.0945226629766401	0.07921622088606257	-0.08860208586367771	0.07427667958095076	-0.06644623158079255	0.1514449907616991	-0.09817876990174847	0.08429897534037036	-0.09031236445748353	0.06900716434018639	-0.22539873526245316	0.17135947957332578	-0.10151213794734827	0.109396514710004	-0.42798548897760447	0.9999999999999939	-0.28026559585021765	0.1277407143394797	-0.09665531549096655	0.25637852684629914	-0.7406317271309486	0.25333910401893533	-0.16011728720071228	0.10796605156743946	-0.18841446190318092	0.1866935101787079	-0.1891750983131059	0.14817839715706033	-0.12202200891178365	0.17516694598098467	-0.15110651391231225	0.1444319474001648	-0.13716439135248298	0.10110621359664342	-0.1557768440613927	0.11488987278521232	-0.12654916532942598	0.11719350128279625	-0.12565653506353017
0.06479639042273688	-0.10297410920958207	0.07713620756114827	-0.07177763274410907	0.11202991104068272	-0.06910683258099518	0.11522477088594961	-0.10121768362816225	0.1082196382793253	-0.09291960207500227	0.05932119191944187	-0.19827873687410766	0.1262911509922324	-0.11262989811505776	0.11461950222323873	-0.06250215145839862	0.26382609831693177	-0.41772819703442243	0.1474777656109224	-0.15698862420887347	0.20120685458194357	-0.28026559585021765	0.9999999999999963	-0.21449393019503746	0.13342439954959698	-0.18852658663378968	0.24019518470009968	-0.6805336284678966	0.21312143798435434	-0.14767609508621254	0.1512275915341257	-0.18571883175226095	0.22024898198476497	-0.19403688201485328	0.14347932465816032	-0.16820267087064236	0.14734669562313216	-0.1730810785155962	0.15555665185427361	-0.11921590894307522	0.15080537203177144	-0.11772497249167563	0.130444045596636	-0.13044351752113525	0.13778302267576975
-0.06514474616484325	0.10793904240958087	-0.08388775492278258	0.08070585583653565	-0.12514766862708918	0.0692499717738862	-0.11876773225193743	0.11247917948960358	-0.13867129915076803	0.1202491781716223	-0.050046836380833314	0.1686741747773958	-0.15246161081376264	0.17188890567790774	-0.17597056079467482	0.05145764389798568	-0.15376175896691535	0.14588697409301146	-0.497740806819805	0.3034804827760052	-0.1571758643044712	0.1277407143394797	-0.21449393019503746	0.9999999999999911	-0.46181192361858614	0.13032664261022384	-0.12697580486504592	0.1814083165194033	-0.49320234805249286	0.27123512637556385	-0.12111717949810533	0.137861568926297	-0.1734057125729759	0.22899984246731114	-0.2329233007566391	0.13858353967158923	-0.1294581470452655	0.14752600114008466	-0.1764236157910807	0.15514633927557028	-0.14589462179081558	0.11027368366677068	-0.1347699760175414	0.13927357893368386	-0.17549956839988312
0.052477434546672405	-0.08863247747516663	0.06768339563822388	-0.0654991950474298	0.1007361712876061	-0.05613862018741374	0.09383817708125093	-0.08957957007718062	0.109421222127188	-0.09922005310586451	0.039656883587547966	-0.1377372636558768	0.11531608201996502	-0.1336129959626755	0.14078690077521408	-0.04095201938110547	0.10998505253663045	-0.1048555722114897	0.2518059173229519	-0.3952863801582811	0.12236643463235998	-0.09665531549096655	0.13342439954959698	-0.46181192361858614	0.9999999999999909	-0.10362195322596177	0.09384428938916661	-0.12694717200676114	0.2413776814267343	-0.6776043592818725	0.09517674395137654	-0.10824580051170068	0.12824097158239	-0.17545733176436912	0.23461212826698655	-0.11255479291782598	0.10144806590383144	-0.11630063572690208	0.13389486307372858	-0.16342521325015844	0.11606803158886637	-0.08916976785975424	0.10859182154198621	-0.117649349598688	0.15047528572468588
-0.06266583356205703	0.09508365613533425	-0.07174390605588335	0.06562379494075067	-0.10587637632868663	0.06605711146976519	-0.09767356449633535	0.08176924703203571	-0.09453017704136955	0.07910877503223113	-0.07887566298639512	0.15249428290978856	-0.09965738676099581	0.08712988670436081	-0.09496473769133172	0.08034210471882182	-0.14569051278665054	0.1253753856645175	-0.10250014824246456	0.113699137547996	-0.5576765458229846	0.25637852684629914	-0.18852658663378968	0.13032664261022384	-0.10362195322596177	0.9999999999999913	-0.3433741864280165	0.19204030579753317	-0.1671249216583288	0.11841601163344552	-0.5710855004522167	0.24209752868350795	-0.21769367725907754	0.16760116553203164	-0.1448627061569785	0.2781636137584864	-0.20491462505007002	0.1757100861359708	-0.1678087301225952	0.12188691065909871	-0.2303358858224967	0.1568744458261067	-0.17037127308382552	0.14881364737049566	-0.15810284825390702
0.05245466603904588	-0.08198074273180389	0.061367831231495695	-0.05657356230361689	0.08981400988108691	-0.05572497089326996	0.08730059561069342	-0.07412940501349133	0.08279322112115327	-0.07005775704744766	0.0559806373794361	-0.14372687714253604	0.09080308216153933	-0.07979455949929473	0.08477826033326936	-0.058928545351196446	0.16987937610880385	-0.15679555821341976	0.0969026422279617	-0.10680027469637286	0.2776072154046896	-0.7406317271309486	0.24019518470009968	-0.12697580486504592	0.09384428938916661	-0.3433741864280165	0.9999999999999959	-0.37669071178595204	0.1581838942069845	-0.10716915262025871	0.19714526818185	-0.23476367364057246	0.19679813089004425	-0.1540587259049736	0.11797967053553002	-0.1866513969693176	0.15733693111416724	-0.15314570986967915	0.13722271362828817	-0.0999451394200666	0.15320602807788747	-0.11786000317588446	0.12498788316916612	-0.1179018681314877	0.12172864298306474
-0.059911676124334325	0.09377421555296753	-0.0715267178794685	0.06621832339447627	-0.10501880652384704	0.0632200051224049	-0.1054908937464503	0.09017241151492617	-0.10053555270796191	0.08500648424088653	-0.056917588844521055	0.16727810817994326	-0.11436832890778358	0.10057684201095382	-0.10613965032667123	0.05882523659130748	-0.2462548408803597	0.224207521122107	-0.13294592312994385	0.13880867556783072	-0.21558001744427982	0.25333910401893533	-0.6805336284678966	0.1814083165194033	-0.12694717200676114	0.19204030579753317	-0.37669071178595204	0.999999999999994	-0.2785976745941786	0.1392379012517804	-0.16565792634514243	0.20321047673279566	-0.3412611395859458	0.20721448427604927	-0.14553377002774817	0.16996961600913812	-0.16362773955470022	0.18736516502367648	-0.17292522516751982	0.11910581290443534	-0.16011211214223042	0.1238331384089133	-0.13882016778317194	0.1348334383585192	-0.14206468696308425
0.0670620881111757	-0.112020301006539	0.08394413293328984	-0.07977957904156872	0.12364163048553815	-0.07178164255385105	0.11668424886978042	-0.1066182504672044	0.12438777192541135	-0.11015364363527204	0.05473244113314334	-0.18354082382863302	0.1323744309741129	-0.1402985043688402	0.1422332333495392	-0.05679948865270417	0.1533759494284308	-0.14823824549484085	0.22195405265520696	-0.2502096582828284	0.18339898248183475	-0.16011728720071228	0.21312143798435434	-0.49320234805249286	0.2413776814267343	-0.1671249216583288	0.1581838942069845	-0.2785976745941786	0.9999999999999858	-0.3075705572780917	0.1521340531715025	-0.18793547878886402	0.2337506992863176	-0.5558937355976923	0.2266997852900462	-0.18075672794473596	0.16707455352927097	-0.2119691172095329	0.24136844244920047	-0.18327074559780998	0.17557735013991593	-0.14113044847522466	0.16475906464739204	-0.18397526497416894	0.19126506468777965
-0.05668945308954141	0.09413061052860938	-0.0729255093875971	0.06943872454621218	-0.1095693900513001	0.060081329529613	-0.10037408613721821	0.09171225846346091	-0.1137733899187128	0.09826555335867575	-0.044223380549880925	0.14478218715064867	-0.1187342058909262	0.12293787705048806	-0.13709927585089146	0.04536566045847755	-0.11980592839407778	0.1083813425713438	-0.21075149343432703	0.2354915209677574	-0.14310118995296087	0.10796605156743946	-0.14767609508621254	0.27123512637556385	-0.6776043592818725	0.11841601163344552	-0.10716915262025871	0.1392379012517804	-0.3075705572780917	0.9999999999999868	-0.11168605534112457	0.12571725906085018	-0.15261537070823036	0.19757650820895997	-0.45601503302922336	0.13065232718200484	-0.12134592997621127	0.13678152541770613	-0.16564012549662668	0.21118784706697072	-0.14103461185742572	0.10716068975195066	-0.1349422104052919	0.14411487552597158	-0.20848903689081832
0.05323603762726092	-0.08506427312204237	0.06329355052582718	-0.05834102028445406	0.09331623921928195	-0.05661027146189532	0.0855908014035162	-0.0724116934528812	0.08354796262502741	-0.07062657245091061	0.05565295667984475	-0.13803930547737486	0.08741022332226636	-0.07800635662779165	0.0843732081593237	-0.05784137176744603	0.11762645811681714	-0.10522592284250042	0.09257217384971149	-0.1050862028164465	0.2715447952916121	-0.18841446190318092	0.1512275915341257	-0.12111717949810533	0.09517674395137654	-0.5710855004522167	0.19714526818185	-0.16565792634514243	0.1521340531715025	-0.11168605534112457	0.9999999999999917	-0.408916008963593	0.22445513720604116	-0.17182627333763661	0.13370989594044494	-0.5553211380494983	0.24615255843739584	-0.19912031263030125	0.16875600379304462	-0.11846086609424399	0.23936791547539543	-0.18046198308634973	0.1711059261874618	-0.15456904643252725	0.14822412932679074
-0.05369681502589112	0.08586303640355657	-0.06469140242350016	0.05980971134500086	-0.09573526930763387	0.05686043218920283	-0.0887180140525856	0.07559548024884181	-0.0876240255315072	0.07411004692648149	-0.0530432666743154	0.1401786109693023	-0.0926628414611721	0.08348980091955657	-0.09017121098916765	0.054438001862844455	-0.13206620499033922	0.1168990043906451	-0.10372575541726249	0.11573619515985444	-0.23789427714450276	0.1866935101787079	-0.18571883175226095	0.137861568926297	-0.10824580051170068	0.24209752868350795	-0.23476367364057246	0.20321047673279566	-0.18793547878886402	0.12571725906085018	-0.408916008963593	0.9999999999999893	-0.5098827280822058	0.2183274540190646	-0.15467150365144797	0.28644964577357185	-0.5388234113065898	0.2829220132587915	-0.22959332923483144	0.1360729356620368	-0.268474291781439	0.22749339867470098	-0.2194899703071427	0.18382326677928915	-0.17331939981153488
0.05890731510112509	-0.09601335333807823	0.07163727879553047	-0.06664189471940028	0.10548230462733633	-0.06274709035603095	0.09907181895515087	-0.08551642369090645	0.09804911543555024	-0.08392976727000713	0.05390154727239352	-0.16104261650105292	0.10430097880490115	-0.09632315651317232	0.10238101892749572	-0.05592606307354924	0.14700428487738323	-0.13925635413936155	0.12299625103309497	-0.1395272371346224	0.20948599667891285	-0.1891750983131059	0.22024898198476497	-0.1734057125729759	0.12824097158239	-0.21769367725907754	0.19679813089004425	-0.3412611395859458	0.2337506992863176	-0.15261537070823036	0.22445513720604116	-0.5098827280822058	0.9999999999999882	-0.382657581433456	0.1734753384050527	-0.25110593962521605	0.2840757636428902	-0.5003488601630524	0.27804875021812625	-0.15626607179187926	0.2184672339128691	-0.19470110219927883	0.19931455840673407	-0.20190022676110017	0.18181396230193436
-0.05976716424701085	0.09775250249807495	-0.07430246080797728	0.06959166410799346	-0.11045212116316445	0.06337190209268403	-0.10228677283702803	0.08992187688080434	-0.1065017188539753	0.09114770705558822	-0.05183457827426234	0.15699736340045634	-0.11248193862701272	0.10832189045993208	-0.11600563255654715	0.05323481931692116	-0.1397086765064835	0.12603691028611486	-0.1581382041491928	0.16700988648271295	-0.1908706892257549	0.14817839715706033	-0.19403688201485328	0.22899984246731114	-0.17545733176436912	0.16760116553203164	-0.1540587259049736	0.20721448427604927	-0.5558937355976923	0.19757650820895997	-0.17182627333763661	0.2183274540190646	-0.382657581433456	0.9999999999999916	-0.2623256624997748	0.19407024362828892	-0.21184627891236524	0.2740584839425446	-0.503166170766094	0.19333082378022984	-0.2082937563213599	0.16606293975151035	-0.2067283928468313	0.22215754958455625	-0.22819537070803725
0.062023495724743624	-0.10554590282067826	0.07820587521118978	-0.07393570275994446	0.11554492596151483	-0.06647463793694419	0.10497566045402475	-0.09397634869303845	0.11103626633731682	-0.09783987047729847	0.04952934895350252	-0.1659019674819605	0.11445327037771813	-0.1152352827632828	0.12245850136951367	-0.0513015441719387	0.11917587751910272	-0.10988430724029132	0.16099250232187914	-0.2083044233672264	0.16310819752563335	-0.12202200891178365	0.14347932465816032	-0.2329233007566391	0.23461212826698655	-0.1448627061569785	0.11797967053553002	-0.14553377002774817	0.2266997852900462	-0.45601503302922336	0.13370989594044494	-0.15467150365144797	0.1734753384050527	-0.2623256624997748	0.9999999999999882	-0.1675429860056759	0.14722582276451965	-0.17451302151368608	0.20311783621243246	-0.6180455284432912	0.16867567036523487	-0.13713621340224433	0.16873527326416646	-0.2105923235106112	0.28645506464465087
-0.06057537633606489	0.09574826514403692	-0.07257916940939686	0.06675821373293488	-0.10797838779578596	0.06386354888694436	-0.0976424559402113	0.08243674489321692	-0.09673451317044637	0.08119998805724793	-0.06337824751413393	0.15157123579871212	-0.10063934607378384	0.08954715799461054	-0.09788424140593252	0.06419266778976364	-0.1316485962516739	0.11458837610891631	-0.10726045939393607	0.12036395933173138	-0.3067422218116118	0.17516694598098467	-0.16820267087064236	0.13858353967158923	-0.11255479291782598	0.2781636137584864	-0.1866513969693176	0.16996961600913812	-0.18075672794473596	0.13065232718200484	-0.5553211380494983	0.28644964577357185	-0.25110593962521605	0.19407024362828892	-0.1675429860056759	0.9999999999999873	-0.3861601033545288	0.2309466985539474	-0.2163628888609956	0.1465289728607321	-0.4787637530304165	0.25620288940974517	-0.24937819083082552	0.19895661513781493	-0.1951926528402803
0.05001948411264588	-0.08158241550054646	0.060844396382606886	-0.05639675691515981	0.08992106451949261	-0.053200899198273886	0.08238726306116784	-0.070477996144376	0.08175165476643866	-0.06955383152702117	0.047011279519106663	-0.13231034975612838	0.08546808828603877	-0.07792054099854936	0.08392117042385486	-0.04849161472504941	0.11132886449144772	-0.10039958527556603	0.09593663341743956	-0.10980627202588075	0.19476872905432702	-0.15110651391231225	0.14734669562313216	-0.1294581470452655	0.10144806590383144	-0.20491462505007002	0.15733693111416724	-0.16362773955470022	0.16707455352927097	-0.12134592997621127	0.24615255843739584	-0.5388234113065898	0.2840757636428902	-0.21184627891236524	0.14722582276451965	-0.3861601033545288	0.9999999999999859	-0.4428986402957112	0.23816398834581184	-0.1402012663087361	0.28723973867864705	-0.44135270006506555	0.24808389972698808	-0.2170506085374329	0.172317681902194
-0.05185656172159062	0.08421307118634373	-0.06346062524848173	0.05893670648387346	-0.09406515553089195	0.05498519213034195	-0.08680053199863362	0.0746497527771958	-0.08710131901438987	0.07404817879052468	-0.047649481127523347	0.13664535874589737	-0.09170280343476575	0.08431211091250897	-0.0908581098486225	0.04894482785921294	-0.12295194676501485	0.10980898162296698	-0.10821241311147421	0.12125554892118014	-0.1892514665298459	0.1444319474001648	-0.1730810785155962	0.14752600114008466	-0.11630063572690208	0.1757100861359708	-0.15314570986967915	0.18736516502367648	-0.2119691172095329	0.13678152541770613	-0.19912031263030125	0.2829220132587915	-0.5003488601630524	0.2740584839425446	-0.17451302151368608	0.2309466985539474	-0.4428986402957112	0.9999999999999868	-0.5526736664736884	0.16209829177293433	-0.24662902230349545	0.2212844313937387	-0.2612867224178007	0.23664928944759864	-0.20330159406339823
0.054767209688892156	-0.09080295679443207	0.06765442817384941	-0.06321211804662144	0.09994859438620934	-0.058410905963536465	0.09183170871015443	-0.08003574744998024	0.0932877042679798	-0.08036253582630867	0.04770225306625957	-0.1469638463516255	0.0974434757018713	-0.09252694322984918	0.09858236364864242	-0.04931551243979186	0.11833808367782019	-0.10844687026912503	0.12152689370313981	-0.1409244924242787	0.17618701335889866	-0.13716439135248298	0.15555665185427361	-0.1764236157910807	0.13389486307372858	-0.1678087301225952	0.13722271362828817	-0.17292522516751982	0.24136844244920047	-0.16564012549662668	0.16875600379304462	-0.22959332923483144	0.27804875021812625	-0.503166170766094	0.20311783621243246	-0.2163628888609956	0.23816398834581184	-0.5526736664736884	0.9999999999999863	-0.2282796575378338	0.21319663044225767	-0.2006077997893922	0.24396526985837977	-0.40851905512669395	0.23749190694336614
-0.048593395882420495	0.08109890920165319	-0.06110557164977432	0.05727279434308672	-0.09101669701987744	0.05167574153528443	-0.08205542769897407	0.07201464082620246	-0.0860590540102661	0.07397705691179132	-0.04028882130922374	0.12675751733559015	-0.08867387713853522	0.08527406427435419	-0.09276309107701519	0.04144345873813134	-0.09701041767466839	0.08716540439511179	-0.1155092979718242	0.13641952525703208	-0.14028470416509237	0.10110621359664342	-0.11921590894307522	0.15514633927557028	-0.16342521325015844	0.12188691065909871	-0.0999451394200666	0.11910581290443534	-0.18327074559780998	0.21118784706697072	-0.11846086609424399	0.1360729356620368	-0.15626607179187926	0.19333082378022984	-0.6180455284432912	0.1465289728607321	-0.1402012663087361	0.16209829177293433	-0.2282796575378338	0.9999999999999867	-0.16656244876566448	0.13435474089902005	-0.1895956914154608	0.23015168156704122	-0.6146290266687644
0.06274631472105235	-0.10471139744430258	0.07696703842715873	-0.07130284390846173	0.11360442077918263	-0.06706800509528585	0.10194724824329403	-0.08675697293420882	0.10067788437870506	-0.08575247430326816	0.0563684161061535	-0.16718801547619871	0.10352580631750853	-0.09376061397233017	0.10131644102737225	-0.05841967856173714	0.12253275007577599	-0.1105871541610692	0.11030015019565569	-0.12880811942773526	0.21811186096184984	-0.1557768440613927	0.15080537203177144	-0.14589462179081558	0.11606803158886637	-0.2303358858224967	0.15320602807788747	-0.16011211214223042	0.17557735013991593	-0.14103461185742572	0.23936791547539543	-0.268474291781439	0.2184672339128691	-0.2082937563213599	0.16867567036523487	-0.4787637530304165	0.28723973867864705	-0.24662902230349545	0.21319663044225767	-0.16656244876566448	0.9999999999999863	-0.5851959557179449	0.2861571508588775	-0.2714023217731652	0.2009056814088165
-0.043899804166018894	0.07218263755153077	-0.053768166433346254	0.04983831551590009	-0.0796169443416342	0.04670487133884768	-0.07206636215033273	0.06158162398628366	-0.0718744063698225	0.0610956788866083	-0.04029380324638336	0.11538457708371205	-0.07449859492232927	0.06788202441312095	-0.07346598556047408	0.04148093457046522	-0.09206758522525868	0.08227824523145233	-0.08286646328504846	0.09526903927447751	-0.1616841753937693	0.11488987278521232	-0.11772497249167563	0.11027368366677068	-0.08916976785975424	0.1568744458261067	-0.11786000317588446	0.1238331384089133	-0.14113044847522466	0.10716068975195066	-0.18046198308634973	0.22749339867470098	-0.19470110219927883	0.16606293975151035	-0.13713621340224433	0.25620288940974517	-0.44135270006506555	0.2212844313937387	-0.2006077997893922	0.13435474089902005	-0.5851959557179449	0.9999999999999853	-0.5398033381519733	0.24799226438998573	-0.18301363782257232
0.052546726319731736	-0.08784633384060249	0.06479934938956894	-0.060231313040888385	0.09570552090723451	-0.05614643474427081	0.08628507214516165	-0.0740560774378747	0.08621603544737438	-0.07377871661592952	0.046105726420937396	-0.14026380969656776	0.08888986155333184	-0.08188864852047323	0.08820388899946084	-0.047742982709985476	0.10456187819929544	-0.09466589057286927	0.09981565271371137	-0.11734430313904662	0.17225908382650468	-0.12654916532942598	0.130444045596636	-0.1347699760175414	0.10859182154198621	-0.17037127308382552	0.12498788316916612	-0.13882016778317194	0.16475906464739204	-0.1349422104052919	0.1711059261874618	-0.2194899703071427	0.19931455840673407	-0.2067283928468313	0.16873527326416646	-0.24937819083082552	0.24808389972698808	-0.2612867224178007	0.24396526985837977	-0.1895956914154608	0.2861571508588775	-0.5398033381519733	0.9999999999999853	-0.5914984399163703	0.241515517070256
-0.04966344215155493	0.08218664484297489	-0.061502978023736034	0.057256247498469554	-0.09127291027149852	0.05282279392305427	-0.08255663627990015	0.07129129425134678	-0.08390334739182065	0.07164751328959919	-0.0435910447011269	0.130434777002995	-0.08683631968111519	0.08083771739734265	-0.08745519260818788	0.04484626714501297	-0.10283367828159594	0.09207613759186006	-0.10298796858500045	0.11900530855843557	-0.1637934205954722	0.11719350128279625	-0.13044351752113525	0.13927357893368386	-0.117649349598688	0.14881364737049566	-0.1179018681314877	0.1348334383585192	-0.18397526497416894	0.14411487552597158	-0.15456904643252725	0.18382326677928915	-0.20190022676110017	0.22215754958455625	-0.2105923235106112	0.19895661513781493	-0.2170506085374329	0.23664928944759864	-0.40851905512669395	0.23015168156704122	-0.2714023217731652	0.24799226438998573	-0.5914984399163703	0.9999999999999856	-0.47782393472144147
