1.0	-0.6521489117182877	0.2870598740115201	-0.19264871621890511	0.11746356464263982	-0.5401392904568763	0.2686224099807252	-0.27610459375051455	0.17832315156497258	-0.11955639683833909	0.1945443974577148	-0.22022416705550715	0.17904533451200302	-0.14812478588302777	0.10526599664567238	-0.1089362367773195	0.1321846629418364	-0.15051400947181387	0.12299673818561462	-0.11133210926718815	0.09415814387100137	-0.11519155763540961	0.11223164775195546	-0.07729999085954105	0.07017439212651792	-0.07164353946793359	0.06328074214690481	-0.13388907624357463	0.0772718195926313	-0.08486946516064044
-0.6521489117182877	1.0000000000000002	-0.577779662287194	0.20459536876105716	-0.13019903542937306	0.2747708859019305	-0.272949385328163	0.23935690786553748	-0.205017152798183	0.1182522821886775	-0.17574123533876784	0.1779831647710662	-0.1628485769188692	0.12390491931927004	-0.09214425627597332	0.08990988273196328	-0.11340114525488199	0.12354959154957691	-0.10621063582126179	0.09273905289848619	-0.0802486782133031	0.09460047506245829	-0.0942587622334681	0.06387087781396122	-0.05852829940468641	0.05829568151653018	-0.052346510407657074	0.10757732592845251	-0.06460440305096046	0.069020263889391
0.2870598740115201	-0.577779662287194	1.0000000000000002	-0.45027362220128553	0.17520677424265946	-0.2955837610260631	0.24150440151470104	-0.4079981435929982	0.272512403592288	-0.17596699470454316	0.18879230756345367	-0.22177864728973773	0.20149313672093755	-0.16359272391476917	0.11400127609094717	-0.10836077905108187	0.13382552690353053	-0.16008700715879065	0.13198868666553104	-0.11930081926694379	0.0947163897269267	-0.11662878819400879	0.11648073757411943	-0.08023221866643535	0.0726569283221446	-0.07235647988476775	0.06410651224142419	-0.13725381281962187	0.08006311891086344	-0.08721458298943076
-0.19264871621890511	0.20459536876105716	-0.45027362220128553	1.0000000000000004	-0.38461530533853855	0.1713191588073738	-0.16302266959115638	0.23760574259254666	-0.6925941330404997	0.26826244742537325	-0.1479548034019405	0.14528916433230235	-0.14790139930303056	0.12100811725023093	-0.0948604858065952	0.07740140170674507	-0.09597308515143288	0.11278516241493536	-0.10079477564566634	0.09311157167605576	-0.06926479407676955	0.08202404287075099	-0.08479422870704652	0.058474735115137635	-0.054230222746722616	0.051181430947953084	-0.045873563774850266	0.09704486536432276	-0.05901638979329227	0.06371501548864338
0.11746356464263982	-0.13019903542937306	0.17520677424265946	-0.38461530533853855	1.0000000000000002	-0.12711994322167922	0.10956472798541748	-0.16058038790503879	0.27653747594516553	-0.8473823523378585	0.11702986423716817	-0.11234547544089497	0.1066358037783571	-0.10227017185620166	0.09924963149652344	-0.0637913135159022	0.07615814081042602	-0.09463261730700745	0.08395042438530283	-0.09932731047825964	0.05634805469874049	-0.06763718633230985	0.07081720358347804	-0.050819782958005315	0.04888552812434606	-0.043270492902180824	0.03833810783170166	-0.08459925336714676	0.050875029291551126	-0.05846967139070934
-0.5401392904568763	0.2747708859019305	-0.2955837610260631	0.1713191588073738	-0.12711994322167922	0.9999999999999997	-0.5984055330639296	0.2775241244852963	-0.2059320407109758	0.11752874398029095	-0.29494895007264493	0.25003278801489237	-0.221200572722776	0.1584223269600894	-0.12026826620300876	0.1283854398578258	-0.16469823992344618	0.16198099505605834	-0.14105150514868878	0.11917609940691969	-0.11498257238135746	0.13068783908935364	-0.12760790291391846	0.08507781628111444	-0.07814386965369999	0.07975067794553568	-0.07231313799135171	0.14287155968214055	-0.08670248103453404	0.09156963936893095
0.2686224099807252	-0.272949385328163	0.24150440151470104	-0.16302266959115638	0.10956472798541748	-0.5984055330639296	0.9999999999999986	-0.49244692830635917	0.18640740588292382	-0.10942067564939599	0.21669644951206182	-0.44144835955892286	0.25898229200466544	-0.1688381767496554	0.11425463589603217	-0.12315932087215456	0.1727765451926676	-0.1682036769294563	0.14100318527050648	-0.11366785834568699	0.10841303168487644	-0.13686759822812483	0.12451177030158685	-0.08122185750523454	0.07231295596373345	-0.07762847672702938	0.07010681221823739	-0.13570487593393943	0.0819207327572195	-0.08409193326849843
-0.27610459375051455	0.23935690786553748	-0.4079981435929982	0.23760574259254666	-0.16058038790503879	0.2775241244852963	-0.49244692830635917	0.9999999999999999	-0.3662974227074807	0.1553926451078086	-0.24379666108316123	0.2896708484839219	-0.46488225415488804	0.20773209187119226	-0.14420321716284124	0.12711232070051898	-0.17576158310036874	0.1947044102887374	-0.17817401047109122	0.1359252383138781	-0.11655016323040546	0.13833041518603476	-0.14455245298046265	0.09386637560185963	-0.08451870065839558	0.08213615665733207	-0.07518529445289315	0.15100450189644554	-0.0955179864190439	0.09620804971875269
0.17832315156497258	-0.205017152798183	0.272512403592288	-0.6925941330404997	0.27653747594516553	-0.2059320407109758	0.18640740588292382	-0.3662974227074807	0.9999999999999992	-0.3980831847499648	0.1627695071411217	-0.18009743884261262	0.17732166833384433	-0.1557591348124694	0.11185116163881459	-0.09106699516774151	0.11289727111067878	-0.13885013251610392	0.1207296223776745	-0.11295778719484151	0.08046432187299389	-0.09804095025247993	0.10075126008840976	-0.06997705953984629	0.06410785084746162	-0.06098794178880093	0.05429491047781238	-0.11714672262589085	0.06992630516914622	-0.07608618896885186
-0.11955639683833909	0.1182522821886775	-0.17596699470454316	0.26826244742537325	-0.8473823523378585	0.11752874398029095	-0.10942067564939599	0.1553926451078086	-0.3980831847499648	0.9999999999999979	-0.12142417779056745	0.10693984758279211	-0.10771830183591412	0.10028270844767727	-0.11106025297240409	0.06188809761377594	-0.07467422319155122	0.09048846184248384	-0.08407338945804071	0.0978420622356038	-0.05550896570674207	0.06499482516799736	-0.06888020494215022	0.049071257712060064	-0.04770720677503539	0.04129645211248721	-0.03694731553806973	0.07988475007983617	-0.04956862422588777	0.05584771610142632
0.1945443974577148	-0.17574123533876784	0.18879230756345367	-0.1479548034019405	0.11702986423716817	-0.29494895007264493	0.21669644951206182	-0.24379666108316123	0.1627695071411217	-0.12142417779056745	0.9999999999999973	-0.31527436274445786	0.24521853130573804	-0.28349932414811385	0.20564747821562226	-0.40876947307569833	0.2711997419685712	-0.3350868086476776	0.24079945404727596	-0.2542222023182553	0.25555970395997507	-0.2871940666446134	0.26298769086086626	-0.1968446465940729	0.1805944407323975	-0.20207266743132893	0.16619175723654017	-0.3862551070564677	0.19139091317395393	-0.2463377222275226
-0.22022416705550715	0.1779831647710662	-0.22177864728973773	0.14528916433230235	-0.11234547544089497	0.25003278801489237	-0.44144835955892286	0.2896708484839219	-0.18009743884261262	0.10693984758279211	-0.31527436274445786	0.9999999999999978	-0.5587137506272358	0.23557995674005108	-0.16567125331685176	0.18458576638194493	-0.40349275889157427	0.24274368573077673	-0.21709831603930355	0.15366549975463556	-0.17560944234225834	0.21717078039896176	-0.1908495413465203	0.11527529821484563	-0.10161407417455086	0.11353949503580796	-0.1078889514547678	0.18485888536174588	-0.11840773764603178	0.11317912591455434
0.17904533451200302	-0.1628485769188692	0.20149313672093755	-0.14790139930303056	0.1066358037783571	-0.221200572722776	0.25898229200466544	-0.46488225415488804	0.17732166833384433	-0.10771830183591412	0.24521853130573804	-0.5587137506272358	0.9999999999999987	-0.4276316024102868	0.17722542535486946	-0.1514543440258282	0.22298767164604297	-0.33854939735317047	0.251428549094183	-0.17232458769817707	0.1364140367246495	-0.17875977019501516	0.18692256123994944	-0.11907787707961101	0.10017953835576862	-0.09916806639193651	0.09058168143945163	-0.1884460135254722	0.11738217880218071	-0.11314186693552603
-0.14812478588302777	0.12390491931927004	-0.16359272391476917	0.12100811725023093	-0.10227017185620166	0.1584223269600894	-0.1688381767496554	0.20773209187119226	-0.1557591348124694	0.10028270844767727	-0.28349932414811385	0.23557995674005108	-0.4276316024102868	0.9999999999999977	-0.3847252380263775	0.14008432422787878	-0.19457708869131646	0.28373980342494887	-0.6317614731565668	0.2666835518827362	-0.13447686773762832	0.15524488774140172	-0.2035723281706706	0.15085090044113286	-0.12996605120808238	0.093874647348016	-0.08788639699579659	0.19411755931906416	-0.1510903023354943	0.13624588985278702
0.10526599664567238	-0.09214425627597332	0.11400127609094717	-0.0948604858065952	0.09924963149652344	-0.12026826620300876	0.11425463589603217	-0.14420321716284124	0.11185116163881459	-0.11106025297240409	0.20564747821562226	-0.16567125331685176	0.17722542535486946	-0.3847252380263775	0.9999999999999967	-0.10886832016677903	0.13270897072333082	-0.20506108569590278	0.2559220614068266	-0.8180914442210288	0.09966908572917674	-0.11918702434419538	0.14818815662637336	-0.1258394877312023	0.15121855878629947	-0.07677508778432462	0.06924064561167942	-0.16877044759615734	0.12197831267936117	-0.1708955218526237
-0.1089362367773195	0.08990988273196328	-0.10836077905108187	0.07740140170674507	-0.0637913135159022	0.1283854398578258	-0.12315932087215456	0.12711232070051898	-0.09106699516774151	0.06188809761377594	-0.40876947307569833	0.18458576638194493	-0.1514543440258282	0.14008432422787878	-0.10886832016677903	0.9999999999999948	-0.3790187279781094	0.1850727687633647	-0.13840009476587697	0.11447135356098387	-0.7425317603922639	0.28978761093674904	-0.1760400147958036	0.10179401424668895	-0.08828183132002768	0.15919313463347595	-0.15177504675857348	0.18242455067766206	-0.10473286909889765	0.10307647176791579
0.1321846629418364	-0.11340114525488199	0.13382552690353053	-0.09597308515143288	0.07615814081042602	-0.16469823992344618	0.1727765451926676	-0.17576158310036874	0.11289727111067878	-0.07467422319155122	0.2711997419685712	-0.40349275889157427	0.22298767164604297	-0.19457708869131646	0.13270897072333082	-0.3790187279781094	0.9999999999999977	-0.3255197441138288	0.18755558166192443	-0.13990963761800837	0.2803133559554869	-0.6241543242003533	0.2323392168590756	-0.1273852003339748	0.10166263357659573	-0.194156666760528	0.1746582139224244	-0.22840289138898065	0.1264414374642766	-0.11658363861839374
-0.15051400947181387	0.12354959154957691	-0.16008700715879065	0.11278516241493536	-0.09463261730700745	0.16198099505605834	-0.1682036769294563	0.1947044102887374	-0.13885013251610392	0.09048846184248384	-0.3350868086476776	0.24274368573077673	-0.33854939735317047	0.28373980342494887	-0.20506108569590278	0.1850727687633647	-0.3255197441138288	0.999999999999996	-0.507471808238216	0.20035187103474353	-0.1855198433718338	0.2301949235166935	-0.5011637616142147	0.1923725042581672	-0.14781212800999796	0.12688887308256558	-0.12331072331439621	0.2794812759872968	-0.19526021543671113	0.15268864385461067
0.12299673818561462	-0.10621063582126179	0.13198868666553104	-0.10079477564566634	0.08395042438530283	-0.14105150514868878	0.14100318527050648	-0.17817401047109122	0.1207296223776745	-0.08407338945804071	0.24079945404727596	-0.21709831603930355	0.251428549094183	-0.6317614731565668	0.2559220614068266	-0.13840009476587697	0.18755558166192443	-0.507471808238216	0.999999999999995	-0.332521814700113	0.12924388481710092	-0.16372077746588526	0.23284859315988027	-0.21390576558291152	0.14214890565992594	-0.0991361177126167	0.09117379276192664	-0.23792707269757926	0.17408139185972504	-0.15362330856315076
-0.11133210926718815	0.09273905289848619	-0.11930081926694379	0.09311157167605576	-0.09932731047825964	0.11917609940691969	-0.11366785834568699	0.1359252383138781	-0.11295778719484151	0.0978420622356038	-0.2542222023182553	0.15366549975463556	-0.17232458769817707	0.2666835518827362	-0.8180914442210288	0.11447135356098387	-0.13990963761800837	0.20035187103474353	-0.332521814700113	0.9999999999999951	-0.10853286794909961	0.12123954320683669	-0.15978350901895355	0.13644519095961824	-0.19556722095368237	0.07763123189912086	-0.07165319613358521	0.16673847571490263	-0.13832031499838873	0.1714919516062951
0.09415814387100137	-0.0802486782133031	0.0947163897269267	-0.06926479407676955	0.05634805469874049	-0.11498257238135746	0.10841303168487644	-0.11655016323040546	0.08046432187299389	-0.05550896570674207	0.25555970395997507	-0.17560944234225834	0.1364140367246495	-0.13447686773762832	0.09966908572917674	-0.7425317603922639	0.2803133559554869	-0.1855198433718338	0.12924388481710092	-0.10853286794909961	0.999999999999996	-0.4723716377519038	0.17793897254053165	-0.10310808860404377	0.08424951380482544	-0.22288685297381847	0.17890903959801255	-0.19756282311865353	0.10327031549288343	-0.10051248772880049
-0.11519155763540961	0.09460047506245829	-0.11662878819400879	0.08202404287075099	-0.06763718633230985	0.13068783908935364	-0.13686759822812483	0.13833041518603476	-0.09804095025247993	0.06499482516799736	-0.2871940666446134	0.21717078039896176	-0.17875977019501516	0.15524488774140172	-0.11918702434419538	0.28978761093674904	-0.6241543242003533	0.2301949235166935	-0.16372077746588526	0.12123954320683669	-0.4723716377519038	0.9999999999999953	-0.30894084086826373	0.12660626864293825	-0.09977948369664708	0.22387120710678754	-0.2904265048974971	0.22393738664393648	-0.12990076722847424	0.11011108088501731
0.11223164775195546	-0.0942587622334681	0.11648073757411943	-0.08479422870704652	0.07081720358347804	-0.12760790291391846	0.12451177030158685	-0.14455245298046265	0.10075126008840976	-0.06888020494215022	0.26298769086086626	-0.1908495413465203	0.18692256123994944	-0.2035723281706706	0.14818815662637336	-0.1760400147958036	0.2323392168590756	-0.5011637616142147	0.23284859315988027	-0.15978350901895355	0.17793897254053165	-0.30894084086826373	0.9999999999999947	-0.3190689243102572	0.1615332470290857	-0.15231215615881316	0.14578728657264808	-0.6152795294986951	0.2518779166885501	-0.17811210545874923
-0.07729999085954105	0.06387087781396122	-0.08023221866643535	0.058474735115137635	-0.050819782958005315	0.08507781628111444	-0.08122185750523454	0.09386637560185963	-0.06997705953984629	0.049071257712060064	-0.1968446465940729	0.11527529821484563	-0.11907787707961101	0.15085090044113286	-0.1258394877312023	0.10179401424668895	-0.1273852003339748	0.1923725042581672	-0.21390576558291152	0.13644519095961824	-0.10310808860404377	0.12660626864293825	-0.3190689243102572	0.9999999999999948	-0.3587997636596562	0.08230669520308438	-0.0797386354228786	0.2700000098807907	-0.7736916961171353	0.2509990585470691
0.07017439212651792	-0.05852829940468641	0.0726569283221446	-0.054230222746722616	0.04888552812434606	-0.07814386965369999	0.07231295596373345	-0.08451870065839558	0.06410785084746162	-0.04770720677503539	0.1805944407323975	-0.10161407417455086	0.10017953835576862	-0.12996605120808238	0.15121855878629947	-0.08828183132002768	0.10166263357659573	-0.14781212800999796	0.14214890565992594	-0.19556722095368237	0.08424951380482544	-0.09977948369664708	0.1615332470290857	-0.3587997636596562	0.9999999999999947	-0.06824904524793696	0.06276145240217193	-0.19267018270087516	0.2393701741845678	-0.845988038942322
-0.07164353946793359	0.05829568151653018	-0.07235647988476775	0.051181430947953084	-0.043270492902180824	0.07975067794553568	-0.07762847672702938	0.08213615665733207	-0.06098794178880093	0.04129645211248721	-0.20207266743132893	0.11353949503580796	-0.09916806639193651	0.093874647348016	-0.07677508778432462	0.15919313463347595	-0.194156666760528	0.12688887308256558	-0.0991361177126167	0.07763123189912086	-0.22288685297381847	0.22387120710678754	-0.15231215615881316	0.08230669520308438	-0.06824904524793696	0.9999999999999937	-0.8979533240137603	0.1685477760884047	-0.09415074679125221	0.07423421210197068
0.06328074214690481	-0.052346510407657074	0.06410651224142419	-0.045873563774850266	0.03833810783170166	-0.07231313799135171	0.07010681221823739	-0.07518529445289315	0.05429491047781238	-0.03694731553806973	0.16619175723654017	-0.1078889514547678	0.09058168143945163	-0.08788639699579659	0.06924064561167942	-0.15177504675857348	0.1746582139224244	-0.12331072331439621	0.09117379276192664	-0.07165319613358521	0.17890903959801255	-0.2904265048974971	0.14578728657264808	-0.0797386354228786	0.06276145240217193	-0.8979533240137603	0.9999999999999947	-0.1954653130121216	0.08899402288073766	-0.0696610617806995
-0.13388907624357463	0.10757732592845251	-0.13725381281962187	0.09704486536432276	-0.08459925336714676	0.14287155968214055	-0.13570487593393943	0.15100450189644554	-0.11714672262589085	0.07988475007983617	-0.3862551070564677	0.18485888536174588	-0.1884460135254722	0.19411755931906416	-0.16877044759615734	0.18242455067766206	-0.22840289138898065	0.2794812759872968	-0.23792707269757926	0.16673847571490263	-0.19756282311865353	0.22393738664393648	-0.6152795294986951	0.2700000098807907	-0.19267018270087516	0.1685477760884047	-0.1954653130121216	0.9999999999999947	-0.4200977034486503	0.19098191516595237
0.0772718195926313	-0.06460440305096046	0.08006311891086344	-0.05901638979329227	0.050875029291551126	-0.08670248103453404	0.0819207327572195	-0.0955179864190439	0.06992630516914622	-0.04956862422588777	0.19139091317395393	-0.11840773764603178	0.11738217880218071	-0.1510903023354943	0.12197831267936117	-0.10473286909889765	0.1264414374642766	-0.19526021543671113	0.17408139185972504	-0.13832031499838873	0.10327031549288343	-0.12990076722847424	0.2518779166885501	-0.7736916961171353	0.2393701741845678	-0.09415074679125221	0.08899402288073766	-0.4200977034486503	0.9999999999999949	-0.2937814291776947
-0.08486946516064044	0.069020263889391	-0.08721458298943076	0.06371501548864338	-0.05846967139070934	0.09156963936893095	-0.08409193326849843	0.09620804971875269	-0.07608618896885186	0.05584771610142632	-0.2463377222275226	0.11317912591455434	-0.11314186693552603	0.13624588985278702	-0.1708955218526237	0.10307647176791579	-0.11658363861839374	0.15268864385461067	-0.15362330856315076	0.1714919516062951	-0.10051248772880049	0.11011108088501731	-0.17811210545874923	0.2509990585470691	-0.845988038942322	0.07423421210197068	-0.0696610617806995	0.19098191516595237	-0.2937814291776947	0.9999999999999947
