1.0	-0.6685167098838308	0.23720178089651578	-0.09579475284147788	0.07216215512730419	-0.31371258127554663	0.29746351986624514	-0.2571143831980962	0.10102736388986122	-0.08215306505124619	0.2073072059025498	-0.31662502267547393	0.24307892860821032	-0.10393958905164098	0.10025305604864153	-0.28900497091545474	0.22148457860236515	-0.13344219950999925	0.10302781175030566	-0.09191425619168157	0.13895179911814706	-0.1566211491317934	0.13823605658098193	-0.1095037900032223	0.09067105109536948	-0.08682052131101436	0.10584789950636612	-0.08129596940852574	0.0807040344321799	-0.06381708829134844	0.07716565050622937	-0.0666495066058777	0.051116679607464584	-0.04561890872375834	0.06311479398982288	-0.07486618293327492	0.05434390431208921	-0.05083117320306875	0.05942316942975489	-0.06342510233535979	0.03602329144527804	-0.034518219405690845	0.0529371477416382	-0.04254668838743088	0.05526841802050266
-0.6685167098838308	1.0000000000000009	-0.3632203661735942	0.0755345051927659	-0.05816211570434445	0.18158390517036177	-0.5185193687693114	0.25611903791995533	-0.08126726762493414	0.0643531714176988	-0.1487025760868529	0.2518036275493585	-0.20137434084606343	0.08026137610300559	-0.07701431981225097	0.1820989036766164	-0.18033002470685183	0.0984942726701291	-0.07730766649877098	0.06816089438037101	-0.09859400659405283	0.10993267241665268	-0.10180277428970533	0.07882633266030838	-0.06608209455067753	0.060485142248228735	-0.07462697812983564	0.05717382412928223	-0.0570838020008972	0.045131632835440826	-0.053580572018309784	0.04569658320996791	-0.03562326190016178	0.03174718658753421	-0.0447530910131703	0.05128499555062574	-0.03743656536304139	0.03507903784647837	-0.041202652278805	0.0438923180895858	-0.024779262394430897	0.02368426105064006	-0.036634111039452404	0.029410997579246662	-0.038386577814366454
0.23720178089651578	-0.3632203661735942	1.0000000000000009	-0.12410558036879336	0.08796194225608128	-0.1536423588352172	0.25299864429189073	-0.8179047304021991	0.1158560286639881	-0.09288494456129041	0.11903579498252095	-0.2072337061844065	0.20920946587018943	-0.09938143270207683	0.09338880290033726	-0.17135041299255505	0.1517300085568795	-0.10225465627546272	0.08714218933505827	-0.0789036326103709	0.09039619866279965	-0.10220611141239172	0.10291275894278623	-0.087422687033821	0.0729476108353414	-0.05773743352458722	0.07113959974188659	-0.058282757914954214	0.058050296679625094	-0.04828670436128694	0.051832673039555445	-0.045344782431341185	0.036288571697963144	-0.032473972678382784	0.04750528909778122	-0.05053382690376414	0.03710218380604805	-0.0358292516054702	0.042323509825971904	-0.045961486830330855	0.024970996961005194	-0.023887557245535145	0.037586558065003293	-0.030335646195800828	0.039846452651648726
-0.09579475284147788	0.0755345051927659	-0.12410558036879336	1.0000000000000009	-0.8206587647746937	0.07205303495959593	-0.08399731105281959	0.11003232940888877	-0.35855517677420545	0.2906239161889554	-0.05800775200294998	0.08653150858426238	-0.16628756098246622	0.18317736241140958	-0.22993408037904536	0.09567644344674268	-0.09716489723689925	0.10673533805099852	-0.14673859829802688	0.13383222619610302	-0.06147192485216255	0.06868172674727303	-0.11176068712717661	0.11718234944497274	-0.11145637854496121	0.04350001590640868	-0.05564467764828565	0.05779240105383647	-0.059587238776459744	0.05949098592794405	-0.040755848446461185	0.03755964784764994	-0.035885767995147574	0.032215586048450345	-0.0592270716936303	0.04051785189501521	-0.03132984161811698	0.034506732810927254	-0.04277103149373606	0.048573958788204315	-0.022616728860780026	0.021398233635734346	-0.03761915592785752	0.030624581129047947	-0.0423549894698031
0.07216215512730419	-0.05816211570434445	0.08796194225608128	-0.8206587647746937	1.0000000000000004	-0.05749403304830008	0.06410111222679916	-0.08689332284793255	0.2579838826638826	-0.4553874961642302	0.0457565031549523	-0.06769761805128353	0.12378108989869618	-0.1577654225810278	0.18152357134816513	-0.07700545272113836	0.07513714486944993	-0.08546568333110754	0.11399923622408116	-0.11415338348003332	0.04822092944335071	-0.05423952141358849	0.0856607989601291	-0.09715923026927914	0.08707895365831463	-0.03430510339528913	0.04360760841822403	-0.045821889320523945	0.046721485420697435	-0.04720229274175337	0.03207545835886437	-0.029732228268618238	0.0280446859621186	-0.025310216710563965	0.04595980469275912	-0.03210313333885012	0.024684669088590332	-0.027088911413340914	0.033375797579171626	-0.03837975439010599	0.017738077720642394	-0.016839286029039315	0.029332445783778572	-0.023982402072901136	0.032954319196605915
-0.31371258127554663	0.18158390517036177	-0.1536423588352172	0.07205303495959593	-0.05749403304830008	1.0000000000000002	-0.24405962383235577	0.1428074661939304	-0.08531390383601281	0.06724553494211083	-0.7743697348641779	0.2628113624341239	-0.24483695094993568	0.09229365798005781	-0.09065784573597228	0.28607091655966743	-0.26974811779424424	0.12771922056594745	-0.09622432210362959	0.08285346958309692	-0.17002444123600213	0.15573636310900957	-0.14271524263567958	0.09875234404287131	-0.08479592856388099	0.095139313753499	-0.12188185549790181	0.0811776186308046	-0.08293557749260541	0.05996937023439046	-0.08368841222472383	0.06661136060178241	-0.051196829316179276	0.04505742976546361	-0.060563030618731306	0.07524148690084477	-0.055493868329661716	0.04957032343270758	-0.05818288707634897	0.059435211112639226	-0.035754821868733605	0.03387075926843809	-0.051774838119683746	0.04101320949469901	-0.053342397841669414
0.29746351986624514	-0.5185193687693114	0.25299864429189073	-0.08399731105281959	0.06410111222679916	-0.24405962383235577	1.0000000000000007	-0.34293809946815057	0.09289790637832121	-0.07436936652123184	0.19814834940901394	-0.5940318344199634	0.23552056882112607	-0.09552458099436181	0.08973223613069498	-0.2405370712298575	0.22782274768787955	-0.12318548690880114	0.0921757483755506	-0.08164841526130512	0.12338007012163646	-0.14518579193339565	0.12316434023926404	-0.09540768144314356	0.07889371054264482	-0.07536211528748764	0.09154602283989184	-0.06978140409774702	0.06914900898980642	-0.05441094435952259	0.06590764825198167	-0.05623362869010126	0.043142408889542294	-0.03851583518169919	0.053733898844973274	-0.06334838176893998	0.04587540582657568	-0.04261777307934662	0.04983989422942789	-0.05313230364681836	0.030198406817511434	-0.02892783295696672	0.04432248274778554	-0.03560962937942586	0.04629120154722425
-0.2571143831980962	0.25611903791995533	-0.8179047304021991	0.11003232940888877	-0.08689332284793255	0.1428074661939304	-0.34293809946815057	0.9999999999999996	-0.13466697209300574	0.0955305260603587	-0.11807010840570545	0.20547575108181257	-0.2627338538544663	0.10584180225788228	-0.09885499569715203	0.15900360345786838	-0.1592087148503227	0.10408985446183841	-0.09086279573105255	0.08071800451572722	-0.08918949118661738	0.09990668612864338	-0.1053110180043186	0.08747411341611393	-0.07409191873172556	0.05642724532306992	-0.07007135784111161	0.057490445518688926	-0.057561210887125555	0.04788657422619965	-0.05059786808671777	0.043939414567530415	-0.03562607019178889	0.031838784396687594	-0.0472889881012868	0.04892889571301454	-0.03607245470153663	0.03492718485371673	-0.04142108899792028	0.044884354163989344	-0.02428188007789675	0.023184101329798083	-0.03673777215153755	0.029619783800386417	-0.03906440151495383
0.10102736388986122	-0.08126726762493414	0.1158560286639881	-0.35855517677420545	0.2579838826638826	-0.08531390383601281	0.09289790637832121	-0.13466697209300574	1.0000000000000007	-0.6750958653307014	0.06771945565362777	-0.10140306607296141	0.19002015140439277	-0.4607963133990191	0.29303082272487624	-0.1155093827767066	0.1113139937373218	-0.14096823987718707	0.20269224067525832	-0.20044375568990452	0.07173437404725966	-0.08168870377044389	0.13224390858479795	-0.16477861889150877	0.1389672209135202	-0.05133044832476307	0.06494136533026278	-0.07049555977860503	0.07138678868996619	-0.07337403551705504	0.047712195590563895	-0.044444246501700785	0.04201149914210429	-0.03812862511577302	0.0700636828923019	-0.04800772347230768	0.03677287689944453	-0.0404480346839283	0.04974855483298289	-0.05792539169121708	0.02633425507891573	-0.025061062964104715	0.04360023614453532	-0.035798456499508365	0.049112832987031355
-0.08215306505124619	0.0643531714176988	-0.09288494456129041	0.2906239161889554	-0.4553874961642302	0.06724553494211083	-0.07436936652123184	0.0955305260603587	-0.6750958653307014	1.0000000000000004	-0.053927584145608644	0.08039895510829727	-0.1610824397851267	0.26570652328152605	-0.4068216260977581	0.09129271215927186	-0.09164815349096898	0.11471388893994217	-0.18054898639653164	0.17637606951321344	-0.05858574574506457	0.06638551339811181	-0.11428269073946595	0.13413705085668634	-0.1275125685034936	0.04204255552741111	-0.053574775659460255	0.05869305678289029	-0.060311842457435774	0.06329858472571151	-0.03922647659478125	0.03652484543771268	-0.03539080936153368	0.03200336563642334	-0.061614991039302666	0.03933015443656225	-0.03037530393799089	0.033900405958486306	-0.04210219442164336	0.048845943862476655	-0.021951475527597124	0.020819785687250437	-0.0368743130034333	0.030207938097342284	-0.041909375481451044
0.2073072059025498	-0.1487025760868529	0.11903579498252095	-0.05800775200294998	0.0457565031549523	-0.7743697348641779	0.19814834940901394	-0.11807010840570545	0.06771945565362777	-0.053927584145608644	0.9999999999999989	-0.3434743946144727	0.19171286395803833	-0.07426065717552321	0.07198028678523356	-0.4264779358038893	0.22381261838759167	-0.10571312166439818	0.07720127080530333	-0.06691573398704644	0.14915098059436077	-0.14126065491703718	0.11441597507430362	-0.08027615614693644	0.06788287453665046	-0.08165631650828144	0.10008683611070504	-0.06623825127042916	0.06675480274396267	-0.04833214971319411	0.06926777628172233	-0.055218971087021465	0.04118365500307948	-0.03638748625362706	0.04847684022429523	-0.06288180191251001	0.04557593283951268	-0.0401717605315069	0.04680032220918964	-0.04801173352325775	0.029104566146482658	-0.02769987352638821	0.04165861021379512	-0.03306777609108699	0.042748015667205715
-0.31662502267547393	0.2518036275493585	-0.2072337061844065	0.08653150858426238	-0.06769761805128353	0.2628113624341239	-0.5940318344199634	0.20547575108181257	-0.10140306607296141	0.08039895510829727	-0.3434743946144727	0.9999999999999999	-0.3585509070297624	0.11325298705768264	-0.10573087668735348	0.2681742203305289	-0.42459188314951346	0.15493878595520685	-0.11160071936199173	0.09607661115140083	-0.15917388987851802	0.18238495100947869	-0.15553915218452163	0.11163323581092933	-0.09322651928247008	0.092281015258958	-0.11346679701442207	0.0832731931898426	-0.08297295771952962	0.06358718388468397	-0.07976979081749049	0.06624737326105719	-0.050915968903053645	0.04532225441746901	-0.0630900551004339	0.07482986159641247	-0.054318262112814195	0.04976047091174869	-0.058259889444389173	0.06146697188568544	-0.03537687841008803	0.03379827572121254	-0.051735112453736784	0.04142732584136269	-0.053891774616540544
0.24307892860821032	-0.20137434084606343	0.20920946587018943	-0.16628756098246622	0.12378108989869618	-0.24483695094993568	0.23552056882112607	-0.2627338538544663	0.19002015140439277	-0.1610824397851267	0.19171286395803833	-0.3585509070297624	0.9999999999999971	-0.29536670759748224	0.20839458934741256	-0.315231137375277	0.2696380314481126	-0.28669976382221507	0.21109925221895023	-0.1918958544583601	0.1713101402901644	-0.19731110083129447	0.23711887806153936	-0.212021088483321	0.168406745293945	-0.11551702216318573	0.14249295895291728	-0.12970415636859015	0.12722694884324925	-0.11072210965549927	0.10541071593502219	-0.09538791993739239	0.07909116820538604	-0.07132319435817444	0.10687283676528683	-0.10520088233185444	0.077864584300859	-0.07814645330732561	0.09267592130877392	-0.10353830088686025	0.05342511568672142	-0.051220214851216625	0.08209749666511157	-0.06684503778355344	0.08808764511104289
-0.10393958905164098	0.08026137610300559	-0.09938143270207683	0.18317736241140958	-0.1577654225810278	0.09229365798005781	-0.09552458099436181	0.10584180225788228	-0.4607963133990191	0.26570652328152605	-0.07426065717552321	0.11325298705768264	-0.29536670759748224	0.9999999999999951	-0.5976891958238616	0.12719636683030694	-0.1300766628362449	0.18704784248727735	-0.4446611181851779	0.2777812304433481	-0.08230091781153641	0.09460134504358297	-0.17798234226359147	0.20718320066747917	-0.19380586823054222	0.05913203378018899	-0.07522683488950012	0.08488860448420137	-0.08728640089760951	0.09177838520301719	-0.05482968098220683	0.05112688643447122	-0.05001333995066602	0.045335261770484414	-0.08893574676853674	0.05506829744035526	-0.04245653788670028	0.04751470730195375	-0.059082551666803235	0.06882733587180971	-0.030609230247334657	0.029058420841441536	-0.05159792292989444	0.04234081254436445	-0.05884489687129475
0.10025305604864153	-0.07701431981225097	0.09338880290033726	-0.22993408037904536	0.18152357134816513	-0.09065784573597228	0.08973223613069498	-0.09885499569715203	0.29303082272487624	-0.4068216260977581	0.07198028678523356	-0.10573087668735348	0.20839458934741256	-0.5976891958238616	0.9999999999999958	-0.1267269564509908	0.12380246413042588	-0.17881138039477817	0.2902008244180727	-0.4704545627083705	0.08104177851906083	-0.0930561868352884	0.16408833841728196	-0.23705419096865699	0.21064509308373425	-0.05952407256049351	0.07552613561425828	-0.08819855585775721	0.08979962781432674	-0.10181213853941216	0.055455205882060384	-0.0524097272830357	0.05145119307106604	-0.04702516630872992	0.09360532231077041	-0.05625453458392306	0.0434321615715892	-0.04926604593656675	0.06117881170346926	-0.07328680155490104	0.03146094146073386	-0.02993517336120301	0.053344957159824395	-0.04410230281576757	0.061173923856774615
-0.28900497091545474	0.1820989036766164	-0.17135041299255505	0.09567644344674268	-0.07700545272113836	0.28607091655966743	-0.2405370712298575	0.15900360345786838	-0.1155093827767066	0.09129271215927186	-0.4264779358038893	0.2681742203305289	-0.315231137375277	0.12719636683030694	-0.1267269564509908	0.9999999999999991	-0.4572877138292354	0.19290475117545441	-0.1397574082102794	0.11966061152469222	-0.41448234446348653	0.2808877789105893	-0.22478791791843583	0.1466291326734782	-0.126238370227073	0.18435765399722792	-0.23145759004034608	0.13418376102502674	-0.137362979854497	0.09263619663271813	-0.1543766647173567	0.11479187265455558	-0.08373815575484261	0.07336700489067652	-0.09401184717505605	0.1316384838496714	-0.09589320450523021	0.08083288317798755	-0.09387213721407849	0.09337374278995923	-0.059625177422206216	0.05639719059087945	-0.08361005083212875	0.06571821904282557	-0.0845253374452085
0.22148457860236515	-0.18033002470685183	0.1517300085568795	-0.09716489723689925	0.07513714486944993	-0.26974811779424424	0.22782274768787955	-0.1592087148503227	0.1113139937373218	-0.09164815349096898	0.22381261838759167	-0.42459188314951346	0.2696380314481126	-0.1300766628362449	0.12380246413042588	-0.4572877138292354	1.0	-0.2950081194846807	0.14986011088583484	-0.12885993712977398	0.2685612052826599	-0.4891898971735517	0.23768868636907273	-0.15774391985291408	0.12570402929554136	-0.15468380988430305	0.17499985898674142	-0.12567162212268443	0.1205533118866454	-0.0888227758573949	0.12402877214566685	-0.10309860088428421	0.07328327295555921	-0.06570075395992608	0.08711287234975944	-0.1189077582466477	0.08275952246506936	-0.07234952204191943	0.08296892516424882	-0.08707042717342157	0.052322563719994046	-0.050514068161985955	0.07370557775338778	-0.05909338003292151	0.0754686246136019
-0.13344219950999925	0.0984942726701291	-0.10225465627546272	0.10673533805099852	-0.08546568333110754	0.12771922056594745	-0.12318548690880114	0.10408985446183841	-0.14096823987718707	0.11471388893994217	-0.10571312166439818	0.15493878595520685	-0.28669976382221507	0.18704784248727735	-0.17881138039477817	0.19290475117545441	-0.2950081194846807	0.9999999999999998	-0.3726481151764253	0.20759359607724215	-0.14819967138361745	0.18577387370026874	-0.7418268834805457	0.2335170142919989	-0.19507336000412936	0.09844050309743894	-0.12534395314026683	0.1474291915473209	-0.14564705427093774	0.10833994234528677	-0.08664272105803988	0.07713497275801108	-0.07562288421748135	0.06773330520493255	-0.10781806914670922	0.08446833991706765	-0.0636001104229835	0.06670246288814528	-0.08134600635204078	0.08864838787362506	-0.04360083644422211	0.04149860229863532	-0.07041068375100021	0.05716382599663545	-0.07720850849068472
0.10302781175030566	-0.07730766649877098	0.08714218933505827	-0.14673859829802688	0.11399923622408116	-0.09622432210362959	0.0921757483755506	-0.09086279573105255	0.20269224067525832	-0.18054898639653164	0.07720127080530333	-0.11160071936199173	0.21109925221895023	-0.4446611181851779	0.2902008244180727	-0.1397574082102794	0.14986011088583484	-0.3726481151764253	1.000000000000001	-0.5780398375020557	0.0953388539399073	-0.11301689451828041	0.24528933617708182	-0.3998158132300951	0.27234643650787277	-0.0705693534730748	0.0897974696828295	-0.11358321496330098	0.11571387316597596	-0.12472645085840316	0.06491081206189313	-0.06137998172612518	0.06251357658231971	-0.05735593937933137	0.11528420523983202	-0.0658031785663061	0.05087473424439943	-0.05824562534244641	0.07271520257233642	-0.08656684664468124	0.03677433042302751	-0.03496802593412185	0.06301063671349807	-0.05208248259760413	0.07261099305487329
-0.09191425619168157	0.06816089438037101	-0.0789036326103709	0.13383222619610302	-0.11415338348003332	0.08285346958309692	-0.08164841526130512	0.08071800451572722	-0.20044375568990452	0.17637606951321344	-0.06691573398704644	0.09607661115140083	-0.1918958544583601	0.2777812304433481	-0.4704545627083705	0.11966061152469222	-0.12885993712977398	0.20759359607724215	-0.5780398375020557	0.9999999999999989	-0.08402366454595088	0.096549885040176	-0.21107279229027454	0.29497763373768393	-0.4828777262461953	0.06355444298137528	-0.08200906958057094	0.10399120839052985	-0.11079260189913732	0.14476057759471309	-0.05970444473792531	0.05720108017500989	-0.06117325759732412	0.05577854615531398	-0.13847329809397932	0.060599070635147925	-0.048003679085447955	0.057727688583833967	-0.07400288051436592	0.08979036689896458	-0.035835680676003304	0.03385343818184322	-0.06408960920341061	0.0529849977617687	-0.07640595197027428
0.13895179911814706	-0.09859400659405283	0.09039619866279965	-0.06147192485216255	0.04822092944335071	-0.17002444123600213	0.12338007012163646	-0.08918949118661738	0.07173437404725966	-0.05858574574506457	0.14915098059436077	-0.15917388987851802	0.1713101402901644	-0.08230091781153641	0.08104177851906083	-0.41448234446348653	0.2685612052826599	-0.14819967138361745	0.0953388539399073	-0.08402366454595088	0.9999999999999993	-0.6740685607664142	0.16706135352765744	-0.11101205065889393	0.0894131244431475	-0.4012841966263418	0.25775989500381374	-0.1273979255623399	0.11665928655579087	-0.07251928861687437	0.182893896880633	-0.12996772324186584	0.07083160544413795	-0.06333282080647523	0.07135309875638982	-0.16365502515931235	0.10114682379824644	-0.07252989352727189	0.07860284802122675	-0.07672212709108803	0.05728117850088327	-0.05592781248151056	0.07050742367750484	-0.055401228973287676	0.06724264878661464
-0.1566211491317934	0.10993267241665268	-0.10220611141239172	0.06868172674727303	-0.05423952141358849	0.15573636310900957	-0.14518579193339565	0.09990668612864338	-0.08168870377044389	0.06638551339811181	-0.14126065491703718	0.18238495100947869	-0.19731110083129447	0.09460134504358297	-0.0930561868352884	0.2808877789105893	-0.4891898971735517	0.18577387370026874	-0.11301689451828041	0.096549885040176	-0.6740685607664142	0.9999999999999977	-0.2454800824176743	0.12511904088364367	-0.10178763868902614	0.22513222112631048	-0.268606541537332	0.12908305444198137	-0.12561518426200577	0.07738312395160736	-0.16519113710026243	0.11414154260957586	-0.0728982160431007	0.06448640604416529	-0.07704406247859145	0.13498310139055605	-0.09305161739141155	0.07088146731524636	-0.07955562453123334	0.07810494006564832	-0.05386337908950501	0.051604585521077495	-0.07070514129286104	0.05554990366306725	-0.06927981220064952
0.13823605658098193	-0.10180277428970533	0.10291275894278623	-0.11176068712717661	0.0856607989601291	-0.14271524263567958	0.12316434023926404	-0.1053110180043186	0.13224390858479795	-0.11428269073946595	0.11441597507430362	-0.15553915218452163	0.23711887806153936	-0.17798234226359147	0.16408833841728196	-0.22478791791843583	0.23768868636907273	-0.7418268834805457	0.24528933617708182	-0.21107279229027454	0.16706135352765744	-0.2454800824176743	0.999999999999999	-0.31071811790988485	0.19634106596539888	-0.11674234113817004	0.14375240554219576	-0.2118484851070052	0.16979520784182753	-0.12067046208798565	0.09959802215326832	-0.09076344335877311	0.08624451873738452	-0.07905859208895435	0.11475965351696471	-0.09986293343044474	0.073495727759338	-0.07596569545797408	0.09080912966318264	-0.10027928454846027	0.04951286971269896	-0.04759612780204445	0.07829055179932445	-0.06412940621435839	0.08470626849612664
-0.1095037900032223	0.07882633266030838	-0.087422687033821	0.11718234944497274	-0.09715923026927914	0.09875234404287131	-0.09540768144314356	0.08747411341611393	-0.16477861889150877	0.13413705085668634	-0.08027615614693644	0.11163323581092933	-0.212021088483321	0.20718320066747917	-0.23705419096865699	0.1466291326734782	-0.15774391985291408	0.2335170142919989	-0.3998158132300951	0.29497763373768393	-0.11101205065889393	0.12511904088364367	-0.31071811790988485	0.9999999999999971	-0.6700173067879214	0.08954775136228382	-0.11864957743374008	0.16879531019077582	-0.2088725848956197	0.21298591595758948	-0.08520478589153976	0.0831410347416001	-0.09876409302548338	0.09015161306752562	-0.2215912297417408	0.08684758189238523	-0.0705402201857556	0.08902938857256872	-0.116677331834779	0.13686108657878948	-0.054031304262606036	0.05068021826670026	-0.10031395422342784	0.08237378956196112	-0.12105331123489976
0.09067105109536948	-0.06608209455067753	0.0729476108353414	-0.11145637854496121	0.08707895365831463	-0.08479592856388099	0.07889371054264482	-0.07409191873172556	0.1389672209135202	-0.1275125685034936	0.06788287453665046	-0.09322651928247008	0.168406745293945	-0.19380586823054222	0.21064509308373425	-0.126238370227073	0.12570402929554136	-0.19507336000412936	0.27234643650787277	-0.4828777262461953	0.0894131244431475	-0.10178763868902614	0.19634106596539888	-0.6700173067879214	0.9999999999999972	-0.07415083575187917	0.09570709892015732	-0.14362103597663373	0.1523669033733726	-0.32277401419696544	0.07052561327345236	-0.07083310237466835	0.0799598021325044	-0.07526549382167741	0.21041804876608566	-0.07377571106231158	0.059396840906044954	-0.07634336415530002	0.09870866233436984	-0.13381647995501927	0.0454158833327855	-0.0430908980355377	0.0845451168975227	-0.07175354963826305	0.10419799637923653
-0.08682052131101436	0.060485142248228735	-0.05773743352458722	0.04350001590640868	-0.03430510339528913	0.095139313753499	-0.07536211528748764	0.05642724532306992	-0.05133044832476307	0.04204255552741111	-0.08165631650828144	0.092281015258958	-0.11551702216318573	0.05913203378018899	-0.05952407256049351	0.18435765399722792	-0.15468380988430305	0.09844050309743894	-0.0705693534730748	0.06355444298137528	-0.4012841966263418	0.22513222112631048	-0.11674234113817004	0.08954775136228382	-0.07415083575187917	0.9999999999999968	-0.6870897567359014	0.15797559309536388	-0.14728402599941146	0.07172993761275567	-0.4438864706502332	0.1857184830318596	-0.08391620285880624	0.07404876777547416	-0.07103091862832468	0.24187010398867756	-0.1473193612826217	0.08664806834089864	-0.09004462046374935	0.08079371487751433	-0.07405848570146699	0.07154234695499992	-0.08128017337555196	0.06215922726934613	-0.07202679476756763
0.10584789950636612	-0.07462697812983564	0.07113959974188659	-0.05564467764828565	0.04360760841822403	-0.12188185549790181	0.09154602283989184	-0.07007135784111161	0.06494136533026278	-0.053574775659460255	0.10008683611070504	-0.11346679701442207	0.14249295895291728	-0.07522683488950012	0.07552613561425828	-0.23145759004034608	0.17499985898674142	-0.12534395314026683	0.0897974696828295	-0.08200906958057094	0.25775989500381374	-0.268606541537332	0.14375240554219576	-0.11864957743374008	0.09570709892015732	-0.6870897567359014	0.9999999999999967	-0.28437614990560894	0.19283514419413417	-0.09603461722147127	0.2771043161775189	-0.275314314001837	0.10875380350034677	-0.09953228782308006	0.09212017799491944	-0.3038841100040183	0.18094252523710289	-0.11266573871276306	0.1147716932650015	-0.10712332234628014	0.09160926357790146	-0.09242024169622623	0.10285433691784959	-0.08045383801499462	0.09200216783849625
-0.08129596940852574	0.05717382412928223	-0.058282757914954214	0.05779240105383647	-0.045821889320523945	0.0811776186308046	-0.06978140409774702	0.057490445518688926	-0.07049555977860503	0.05869305678289029	-0.06623825127042916	0.0832731931898426	-0.12970415636859015	0.08488860448420137	-0.08819855585775721	0.13418376102502674	-0.12567162212268443	0.1474291915473209	-0.11358321496330098	0.10399120839052985	-0.1273979255623399	0.12908305444198137	-0.2118484851070052	0.16879531019077582	-0.14362103597663373	0.15797559309536388	-0.28437614990560894	0.999999999999996	-0.8166219756295755	0.16742508527796196	-0.12902520797508762	0.1241958837037026	-0.21449085034348658	0.1850729832555586	-0.16637428712165098	0.1294038302605594	-0.10083330086102212	0.11771668056724019	-0.1448663969231943	0.1319095627100034	-0.06525460219208147	0.06247543791947381	-0.11222275223944575	0.09117095057773499	-0.11562697862251044
0.0807040344321799	-0.0570838020008972	0.058050296679625094	-0.059587238776459744	0.046721485420697435	-0.08293557749260541	0.06914900898980642	-0.057561210887125555	0.07138678868996619	-0.060311842457435774	0.06675480274396267	-0.08297295771952962	0.12722694884324925	-0.08728640089760951	0.08979962781432674	-0.137362979854497	0.1205533118866454	-0.14564705427093774	0.11571387316597596	-0.11079260189913732	0.11665928655579087	-0.12561518426200577	0.16979520784182753	-0.2088725848956197	0.1523669033733726	-0.14728402599941146	0.19283514419413417	-0.8166219756295755	0.9999999999999941	-0.22698282168214415	0.11787266889146422	-0.1253822888019309	0.1968656932928343	-0.2494004092906435	0.17019251146074793	-0.13073988224664773	0.0983127709736684	-0.12102443587938272	0.1445043980386696	-0.14426247890601748	0.06391727604264244	-0.0625937761165638	0.10968058123413582	-0.09323277134614372	0.11421225998670104
-0.06381708829134844	0.045131632835440826	-0.04828670436128694	0.05949098592794405	-0.04720229274175337	0.05996937023439046	-0.05441094435952259	0.04788657422619965	-0.07337403551705504	0.06329858472571151	-0.04833214971319411	0.06358718388468397	-0.11072210965549927	0.09177838520301719	-0.10181213853941216	0.09263619663271813	-0.0888227758573949	0.10833994234528677	-0.12472645085840316	0.14476057759471309	-0.07251928861687437	0.07738312395160736	-0.12067046208798565	0.21298591595758948	-0.32277401419696544	0.07172993761275567	-0.09603461722147127	0.16742508527796196	-0.22698282168214415	0.9999999999999962	-0.0736378360176349	0.0803591605714612	-0.109615387512953	0.10277508339385345	-0.8078614106350317	0.07933481361651665	-0.0706242793106534	0.11005946647682727	-0.15815597605246326	0.2264712210559775	-0.06110365622320524	0.0567839115302364	-0.1331279864527056	0.11317351895777561	-0.18836511261856043
0.07716565050622937	-0.053580572018309784	0.051832673039555445	-0.040755848446461185	0.03207545835886437	-0.08368841222472383	0.06590764825198167	-0.05059786808671777	0.047712195590563895	-0.03922647659478125	0.06926777628172233	-0.07976979081749049	0.10541071593502219	-0.05482968098220683	0.055455205882060384	-0.1543766647173567	0.12402877214566685	-0.08664272105803988	0.06491081206189313	-0.05970444473792531	0.182893896880633	-0.16519113710026243	0.09959802215326832	-0.08520478589153976	0.07052561327345236	-0.4438864706502332	0.2771043161775189	-0.12902520797508762	0.11787266889146422	-0.0736378360176349	0.9999999999999963	-0.3608111389041541	0.09433981460514074	-0.08428147031426006	0.0720784888167274	-0.6929368381329213	0.2546472046204092	-0.12499871565341102	0.11597528360474615	-0.10017259098387399	0.12810976862590528	-0.12917137392002648	0.11061802576177726	-0.08313886257460909	0.0884354142571768
-0.0666495066058777	0.04569658320996791	-0.045344782431341185	0.03755964784764994	-0.029732228268618238	0.06661136060178241	-0.05623362869010126	0.043939414567530415	-0.044444246501700785	0.03652484543771268	-0.055218971087021465	0.06624737326105719	-0.09538791993739239	0.05112688643447122	-0.0524097272830357	0.11479187265455558	-0.10309860088428421	0.07713497275801108	-0.06137998172612518	0.05720108017500989	-0.12996772324186584	0.11414154260957586	-0.09076344335877311	0.0831410347416001	-0.07083310237466835	0.1857184830318596	-0.275314314001837	0.1241958837037026	-0.1253822888019309	0.0803591605714612	-0.3608111389041541	0.9999999999999976	-0.14571919157045787	0.11730136529636641	-0.08098518451421628	0.2943558308372949	-0.7695450686865392	0.19835717526870633	-0.1872943396368072	0.12441395748418396	-0.1349554655089423	0.12430341731215515	-0.16833794691624582	0.11464807025351229	-0.12100964283378504
0.051116679607464584	-0.03562326190016178	0.036288571697963144	-0.035885767995147574	0.0280446859621186	-0.051196829316179276	0.043142408889542294	-0.03562607019178889	0.04201149914210429	-0.03539080936153368	0.04118365500307948	-0.050915968903053645	0.07909116820538604	-0.05001333995066602	0.05145119307106604	-0.08373815575484261	0.07328327295555921	-0.07562288421748135	0.06251357658231971	-0.06117325759732412	0.07083160544413795	-0.0728982160431007	0.08624451873738452	-0.09876409302548338	0.0799598021325044	-0.08391620285880624	0.10875380350034677	-0.21449085034348658	0.1968656932928343	-0.109615387512953	0.09433981460514074	-0.14571919157045787	0.9999999999999962	-0.85328118864692	0.10223128439958362	-0.11035085247334149	0.12054395304733276	-0.2821939735230226	0.246155127928569	-0.17139287545377468	0.0716325787007191	-0.07156311264388485	0.1601801579274416	-0.1430986747454454	0.1309859959696416
-0.04561890872375834	0.03174718658753421	-0.032473972678382784	0.032215586048450345	-0.025310216710563965	0.04505742976546361	-0.03851583518169919	0.031838784396687594	-0.03812862511577302	0.03200336563642334	-0.03638748625362706	0.04532225441746901	-0.07132319435817444	0.045335261770484414	-0.04702516630872992	0.07336700489067652	-0.06570075395992608	0.06773330520493255	-0.05735593937933137	0.05577854615531398	-0.06333282080647523	0.06448640604416529	-0.07905859208895435	0.09015161306752562	-0.07526549382167741	0.07404876777547416	-0.09953228782308006	0.1850729832555586	-0.2494004092906435	0.10277508339385345	-0.08428147031426006	0.11730136529636641	-0.85328118864692	0.9999999999999932	-0.10069081249477735	0.09482650814595896	-0.1057913519181283	0.21502163755417103	-0.3267005846457841	0.15432154982677593	-0.06670508705723477	0.06469700076776412	-0.15506690564339073	0.13177487467501334	-0.1285658503222576
0.06311479398982288	-0.0447530910131703	0.04750528909778122	-0.0592270716936303	0.04595980469275912	-0.060563030618731306	0.053733898844973274	-0.0472889881012868	0.0700636828923019	-0.061614991039302666	0.04847684022429523	-0.0630900551004339	0.10687283676528683	-0.08893574676853674	0.09360532231077041	-0.09401184717505605	0.08711287234975944	-0.10781806914670922	0.11528420523983202	-0.13847329809397932	0.07135309875638982	-0.07704406247859145	0.11475965351696471	-0.2215912297417408	0.21041804876608566	-0.07103091862832468	0.09212017799491944	-0.16637428712165098	0.17019251146074793	-0.8078614106350317	0.0720784888167274	-0.08098518451421628	0.10223128439958362	-0.10069081249477735	0.9999999999999941	-0.07973278702253972	0.0697661415324397	-0.11099548568121444	0.15272155260753192	-0.3659485782029833	0.05835276718292792	-0.05553814439229614	0.12570696728201455	-0.11656440295274893	0.1823060111928204
-0.07486618293327492	0.05128499555062574	-0.05053382690376414	0.04051785189501521	-0.03210313333885012	0.07524148690084477	-0.06334838176893998	0.04892889571301454	-0.04800772347230768	0.03933015443656225	-0.06288180191251001	0.07482986159641247	-0.10520088233185444	0.05506829744035526	-0.05625453458392306	0.1316384838496714	-0.1189077582466477	0.08446833991706765	-0.0658031785663061	0.060599070635147925	-0.16365502515931235	0.13498310139055605	-0.09986293343044474	0.08684758189238523	-0.07377571106231158	0.24187010398867756	-0.3038841100040183	0.1294038302605594	-0.13073988224664773	0.07933481361651665	-0.6929368381329213	0.2943558308372949	-0.11035085247334149	0.09482650814595896	-0.07973278702253972	0.999999999999995	-0.4427654707376424	0.15292342579439958	-0.1452168849678462	0.11270645425486947	-0.20147362710978517	0.15923906746431615	-0.14170942580521523	0.09955398866190063	-0.10654330126501949
0.05434390431208921	-0.03743656536304139	0.03710218380604805	-0.03132984161811698	0.024684669088590332	-0.055493868329661716	0.04587540582657568	-0.03607245470153663	0.03677287689944453	-0.03037530393799089	0.04557593283951268	-0.054318262112814195	0.077864584300859	-0.04245653788670028	0.0434321615715892	-0.09589320450523021	0.08275952246506936	-0.0636001104229835	0.05087473424439943	-0.048003679085447955	0.10114682379824644	-0.09305161739141155	0.073495727759338	-0.0705402201857556	0.059396840906044954	-0.1473193612826217	0.18094252523710289	-0.10083330086102212	0.0983127709736684	-0.0706242793106534	0.2546472046204092	-0.7695450686865392	0.12054395304733276	-0.1057913519181283	0.0697661415324397	-0.4427654707376424	0.9999999999999928	-0.2661207068137784	0.17106391330916912	-0.11827310782210805	0.13639961028701678	-0.1442208800397784	0.15934602383654511	-0.11196840327242537	0.10840012719300336
-0.05083117320306875	0.03507903784647837	-0.0358292516054702	0.034506732810927254	-0.027088911413340914	0.04957032343270758	-0.04261777307934662	0.03492718485371673	-0.0404480346839283	0.033900405958486306	-0.0401717605315069	0.04976047091174869	-0.07814645330732561	0.04751470730195375	-0.04926604593656675	0.08083288317798755	-0.07234952204191943	0.06670246288814528	-0.05824562534244641	0.057727688583833967	-0.07252989352727189	0.07088146731524636	-0.07596569545797408	0.08902938857256872	-0.07634336415530002	0.08664806834089864	-0.11266573871276306	0.11771668056724019	-0.12102443587938272	0.11005946647682727	-0.12499871565341102	0.19835717526870633	-0.2821939735230226	0.21502163755417103	-0.11099548568121444	0.15292342579439958	-0.2661207068137784	0.9999999999999948	-0.6099967101002176	0.23705611276881783	-0.14251338426453508	0.13647342604894547	-0.5427698785983165	0.26907789462353565	-0.2409642546796825
0.05942316942975489	-0.041202652278805	0.042323509825971904	-0.04277103149373606	0.033375797579171626	-0.05818288707634897	0.04983989422942789	-0.04142108899792028	0.04974855483298289	-0.04210219442164336	0.04680032220918964	-0.058259889444389173	0.09267592130877392	-0.059082551666803235	0.06117881170346926	-0.09387213721407849	0.08296892516424882	-0.08134600635204078	0.07271520257233642	-0.07400288051436592	0.07860284802122675	-0.07955562453123334	0.09080912966318264	-0.116677331834779	0.09870866233436984	-0.09004462046374935	0.1147716932650015	-0.1448663969231943	0.1445043980386696	-0.15815597605246326	0.11597528360474615	-0.1872943396368072	0.246155127928569	-0.3267005846457841	0.15272155260753192	-0.1452168849678462	0.17106391330916912	-0.6099967101002176	0.9999999999999947	-0.41680424405536215	0.11289434237639685	-0.11516176376343487	0.29936346550290716	-0.3727964489298372	0.26260729827239415
-0.06342510233535979	0.0438923180895858	-0.045961486830330855	0.048573958788204315	-0.03837975439010599	0.059435211112639226	-0.05313230364681836	0.044884354163989344	-0.05792539169121708	0.048845943862476655	-0.04801173352325775	0.06146697188568544	-0.10353830088686025	0.06882733587180971	-0.07328680155490104	0.09337374278995923	-0.08707042717342157	0.08864838787362506	-0.08656684664468124	0.08979036689896458	-0.07672212709108803	0.07810494006564832	-0.10027928454846027	0.13686108657878948	-0.13381647995501927	0.08079371487751433	-0.10712332234628014	0.1319095627100034	-0.14426247890601748	0.2264712210559775	-0.10017259098387399	0.12441395748418396	-0.17139287545377468	0.15432154982677593	-0.3659485782029833	0.11270645425486947	-0.11827310782210805	0.23705611276881783	-0.41680424405536215	0.999999999999994	-0.11772336993312456	0.10822449904067001	-0.31095169759119035	0.2831317837682665	-0.6276024599526168
0.03602329144527804	-0.024779262394430897	0.024970996961005194	-0.022616728860780026	0.017738077720642394	-0.035754821868733605	0.030198406817511434	-0.02428188007789675	0.02633425507891573	-0.021951475527597124	0.029104566146482658	-0.03537687841008803	0.05342511568672142	-0.030609230247334657	0.03146094146073386	-0.059625177422206216	0.052322563719994046	-0.04360083644422211	0.03677433042302751	-0.035835680676003304	0.05728117850088327	-0.05386337908950501	0.04951286971269896	-0.054031304262606036	0.0454158833327855	-0.07405848570146699	0.09160926357790146	-0.06525460219208147	0.06391727604264244	-0.06110365622320524	0.12810976862590528	-0.1349554655089423	0.0716325787007191	-0.06670508705723477	0.05835276718292792	-0.20147362710978517	0.13639961028701678	-0.14251338426453508	0.11289434237639685	-0.11772336993312456	0.999999999999994	-0.9241950781027917	0.17366563273715907	-0.126910492256094	0.09960768622204019
-0.034518219405690845	0.02368426105064006	-0.023887557245535145	0.021398233635734346	-0.016839286029039315	0.03387075926843809	-0.02892783295696672	0.023184101329798083	-0.025061062964104715	0.020819785687250437	-0.02769987352638821	0.03379827572121254	-0.051220214851216625	0.029058420841441536	-0.02993517336120301	0.05639719059087945	-0.050514068161985955	0.04149860229863532	-0.03496802593412185	0.03385343818184322	-0.05592781248151056	0.051604585521077495	-0.04759612780204445	0.05068021826670026	-0.0430908980355377	0.07154234695499992	-0.09242024169622623	0.06247543791947381	-0.0625937761165638	0.0567839115302364	-0.12917137392002648	0.12430341731215515	-0.07156311264388485	0.06469700076776412	-0.05553814439229614	0.15923906746431615	-0.1442208800397784	0.13647342604894547	-0.11516176376343487	0.10822449904067001	-0.9241950781027917	0.9999999999999946	-0.22335502706401647	0.12337042548722145	-0.10313207045776644
0.0529371477416382	-0.036634111039452404	0.037586558065003293	-0.03761915592785752	0.029332445783778572	-0.051774838119683746	0.04432248274778554	-0.03673777215153755	0.04360023614453532	-0.0368743130034333	0.04165861021379512	-0.051735112453736784	0.08209749666511157	-0.05159792292989444	0.053344957159824395	-0.08361005083212875	0.07370557775338778	-0.07041068375100021	0.06301063671349807	-0.06408960920341061	0.07050742367750484	-0.07070514129286104	0.07829055179932445	-0.10031395422342784	0.0845451168975227	-0.08128017337555196	0.10285433691784959	-0.11222275223944575	0.10968058123413582	-0.1331279864527056	0.11061802576177726	-0.16833794691624582	0.1601801579274416	-0.15506690564339073	0.12570696728201455	-0.14170942580521523	0.15934602383654511	-0.5427698785983165	0.29936346550290716	-0.31095169759119035	0.17366563273715907	-0.22335502706401647	0.999999999999994	-0.5981308634896276	0.2735868745719181
