1.0	-0.3069599915705528	0.18984372342413827	-0.10889725585635109	0.07137471731293457	-0.37636180836055366	0.2263688812144275	-0.1781905318132688	0.0792262150018524	-0.06338406173178468	0.2658243577580204	-0.15746919789575148	0.13501758924778412	-0.09051130685751868	0.09346188712948222	-0.12793995316904858	0.12069918774857102	-0.15885055759980826	0.11953120093198334	-0.12920900102103317	0.11101318419820827	-0.11852509566772962	0.12095783166658117	-0.10293898678116574	0.11960783842815502	-0.11826449241577608	0.09357736798830565	-0.09109192226688423	0.10576071711536694	-0.08672731072340455	0.08486971040585163	-0.08782550708003546	0.0945814466851652	-0.08685775597329473	0.09207266881714668	-0.05884323295050676	0.06593358413432182	-0.06880564847770824	0.06854985175273559	-0.07573710317062929	0.08091326092140785	-0.06715135169386888	0.07429407183432832	-0.04395841408521401	0.04314896510477476
-0.3069599915705528	1.0000000000000002	-0.4904836861361436	0.07681976025755903	-0.04787056408585645	0.14227495935150594	-0.7348868386084604	0.29176856216679664	-0.06485654954921077	0.043538494428294584	-0.14375346348890966	0.15409200979557433	-0.14825964784230353	0.06414462857108218	-0.06340794758960973	0.07969238060197581	-0.09252886610468065	0.11725783491981134	-0.08101602433665131	0.07997949905163489	-0.07163738931737827	0.08018369709653954	-0.0795840533406283	0.06470372213818165	-0.07344001071618711	0.06378433272265792	-0.05583213177371685	0.05436081444361484	-0.06339718708192563	0.05112952939092749	-0.04687781559539217	0.05031651573438557	-0.05532214764263161	0.0502875231815712	-0.05375555212517715	0.03214208012500212	-0.03640877809555858	0.0377536003419404	-0.03841968092595266	0.04195777351366038	-0.04396815738122557	0.03620379021731228	-0.04015173837039788	0.024230190263355433	-0.023834727837705003
0.18984372342413827	-0.4904836861361436	1.0000000000000002	-0.11812802911627711	0.06743585969983358	-0.10528413183537481	0.31113957189002905	-0.7218584355185321	0.1015960566268209	-0.06342200520309585	0.11050004560814461	-0.22399704689138486	0.21056193862334957	-0.09529418143962629	0.08881843590921835	-0.10377724953147256	0.12221224062378491	-0.17090939868530655	0.10909485645335879	-0.10881555801836479	0.0909548748623218	-0.10759730178128242	0.103195866915052	-0.08488093265013659	0.09412347776497877	-0.08075814434770495	0.07137856907189034	-0.06988247866008526	0.08085605385367822	-0.06557658470049604	0.05880553834723586	-0.06414736185232753	0.070163108662648	-0.06412391646545383	0.06806419657768834	-0.04028757262962449	0.04575477448631861	-0.047518986381832475	0.04845217732367927	-0.053083591733250134	0.05478731531803242	-0.045359420940011684	0.0500481309790773	-0.030526161974729522	0.029963174502811267
-0.10889725585635109	0.07681976025755903	-0.11812802911627711	1.0000000000000007	-0.4014795743671534	0.049530088385177085	-0.09398264152412035	0.11720383192682507	-0.6944874446364652	0.2720769551199436	-0.06169004469580903	0.10187410326101888	-0.1037645993289675	0.3067589650490379	-0.39721304785585393	0.0865080914362538	-0.0981796042970994	0.13841457072225336	-0.19740757789382635	0.19215072592125404	-0.08520929095488118	0.09624277186101322	-0.12172250236673564	0.11257781747407201	-0.14221313697612953	0.09110950281647351	-0.08255881851181279	0.08390757188156825	-0.10821311484333929	0.08944608352090345	-0.07111514440134127	0.07550388038629566	-0.08822251558221339	0.08241989644710801	-0.09394605200665686	0.04891422032708332	-0.05627455516147634	0.05839561165376451	-0.06231778570709053	0.06715647755870499	-0.06772182032578944	0.05535257154070336	-0.06288904092289165	0.03867015869219841	-0.0384592476380049
0.07137471731293457	-0.04787056408585645	0.06743585969983358	-0.4014795743671534	1.0	-0.03247738602449952	0.056603764877484815	-0.07011485209773415	0.24879956471270492	-0.8230050077041908	0.04050937857419091	-0.07103336620910712	0.06839771321125886	-0.2543211656264527	0.2590309847979703	-0.06206519773982688	0.0673178414153065	-0.10123385205366373	0.1303203255108268	-0.16194891365569802	0.05832359537295505	-0.06786417342668125	0.08144657213563292	-0.07834307695226478	0.09398777523285226	-0.06521071044010805	0.05641321119392412	-0.05770955719817526	0.07222130045166439	-0.06183072328962114	0.04844285815955878	-0.05230425190335874	0.05936156380071189	-0.05669591680485615	0.06241193983213714	-0.03349076821555712	0.038476496692350905	-0.04033145942342944	0.042483940348364106	-0.04683648751847399	0.04569225790166334	-0.038256716387108244	0.042567728561733686	-0.026685316150583102	0.026270634379070575
-0.37636180836055366	0.14227495935150594	-0.10528413183537481	0.049530088385177085	-0.03247738602449952	1.0000000000000007	-0.17565753386014876	0.10440042662012135	-0.03791245774703482	0.028995009864056738	-0.8676908794752569	0.09910382371797019	-0.08437642477125691	0.04230286704551482	-0.04344244692215656	0.07682769876946828	-0.06994260496649228	0.08093766515472091	-0.05856263699220752	0.059802452257899825	-0.06671858050928588	0.06261240444815205	-0.06092678658797871	0.0497223023677607	-0.056972419951158794	0.05313588836898592	-0.04477661795873919	0.04323679536451172	-0.05007411729436835	0.040448120704968595	-0.038682067594686814	0.04080034925944209	-0.04438130838644942	0.04029220430905079	-0.04285703882869263	0.02659333731820226	-0.029935531281114317	0.031071977291963614	-0.031254615102465855	0.03424741624391855	-0.036486294081859716	0.03004283933684075	-0.033290604174305086	0.01984680198299577	-0.019508519458564622
0.2263688812144275	-0.7348868386084604	0.31113957189002905	-0.09398264152412035	0.056603764877484815	-0.17565753386014876	0.9999999999999991	-0.4548756028586234	0.07916362467109216	-0.05229164631251328	0.15145357865417378	-0.22005240659980438	0.1823812124688689	-0.07811208736853269	0.0752614100452974	-0.09701852497179052	0.11357234126833347	-0.14652791896371806	0.09655302382836903	-0.09594482593549884	0.0852424966703701	-0.09847633570753746	0.09445794956212326	-0.07705128399723016	0.08624381012896569	-0.07543545510909737	0.06612758063915974	-0.06443568435834848	0.07457340678148008	-0.06028391736388917	0.05503407551760511	-0.059523250916959244	0.06507942040064496	-0.05927397173575641	0.06301191227452095	-0.03772933568962197	0.04275577300325875	-0.04437444827253489	0.045098306529800396	-0.049359647058479186	0.05144987738349183	-0.042497681521662944	0.04697634106207957	-0.028455268041765992	0.027951059707918675
-0.1781905318132688	0.29176856216679664	-0.7218584355185321	0.11720383192682507	-0.07011485209773415	0.10440042662012135	-0.4548756028586234	0.9999999999999987	-0.12311555401673945	0.06522811542038903	-0.11435549783702124	0.22253299456847317	-0.33032100634936823	0.0984932139056072	-0.09258011218905346	0.09944886476303019	-0.1269267585728025	0.16882190462146604	-0.11289347923063414	0.10568198439523516	-0.0909697605967976	0.10525030544233696	-0.10540967282130201	0.08448264108274524	-0.09493988833673524	0.07703247519714278	-0.07047682252928365	0.06882723137692781	-0.08072351167456855	0.06471375721901058	-0.057301390495987696	0.062478859560692844	-0.06946475926580611	0.0629730438699645	-0.06764759445063973	0.039110604863313574	-0.044545942619911474	0.04607690681376822	-0.0474030800569436	0.05150709437735336	-0.05338291871006745	0.04382370023634197	-0.04867714206635782	0.029667599172400243	-0.02921458997446207
0.0792262150018524	-0.06485654954921077	0.1015960566268209	-0.6944874446364652	0.24879956471270492	-0.03791245774703482	0.07916362467109216	-0.12311555401673945	0.9999999999999979	-0.3041656538138243	0.046163158473078905	-0.08558902941388792	0.08748813796058476	-0.5457327959351906	0.29308190931442124	-0.06708861313363043	0.07624627424850336	-0.11476245681032844	0.1580643094283859	-0.16181830854657134	0.0640112673754734	-0.0744427926056543	0.0905235444172692	-0.08673270918265961	0.10290198196527077	-0.0675623338921398	0.06061960257782748	-0.06202822430377983	0.07855457683539169	-0.0659384432849119	0.05130448728187417	-0.055476571457391814	0.06385289454681624	-0.06039563260812605	0.06732312669128479	-0.035325894032850184	0.04067619895467371	-0.04242400866000532	0.045054860024531504	-0.04912254694331487	0.048409292718421926	-0.04010270644018627	0.04499160974194874	-0.028078391688851366	0.027754704435249015
-0.06338406173178468	0.043538494428294584	-0.06342200520309585	0.2720769551199436	-0.8230050077041908	0.028995009864056738	-0.05229164631251328	0.06522811542038903	-0.3041656538138243	0.9999999999999984	-0.036129441768284476	0.0634640539215658	-0.06267321614193029	0.23431661011606553	-0.3788565761698628	0.054983188592847676	-0.061050828498943756	0.09030648198015548	-0.12613225766489916	0.1468888893635724	-0.052679574902262376	0.0608813706285619	-0.07522251354144009	0.07195853104370888	-0.0887393562850536	0.057686076307046336	-0.05110832319242601	0.05235047135076295	-0.06661844727184849	0.056492635300425094	-0.04367076368256579	0.04705897453981471	-0.05416818281152106	0.05146645688839982	-0.057591635135915364	0.030123320695342525	-0.034687214091875355	0.03623817767745877	-0.03850728397517044	0.042090648749352914	-0.041276648785978635	0.03428947198296975	-0.03844657089317267	0.024037128906030075	-0.023754094277907496
0.2658243577580204	-0.14375346348890966	0.11050004560814461	-0.06169004469580903	0.04050937857419091	-0.8676908794752569	0.15145357865417378	-0.11435549783702124	0.046163158473078905	-0.036129441768284476	1.0000000000000002	-0.1251743669626449	0.09824322451860686	-0.05259452062451125	0.054113476019926936	-0.1014096782305293	0.08595153924381876	-0.1010412955251603	0.07286407237781352	-0.07565029924385518	0.08250329256286854	-0.07872978837304807	0.07584811020674023	-0.06251039103792078	0.07150078135924565	-0.06822722486122704	0.05655110252472947	-0.054670464819581314	0.06308373582646583	-0.05116263458891658	0.04930226157930094	-0.05187690125595383	0.056110537447829865	-0.05109300594154621	0.05415816428754184	-0.03396250168560098	0.03817438436631264	-0.03968719075095579	0.0397690334177846	-0.04370498635218183	0.04656926906063925	-0.038460109956060085	0.042540076540035957	-0.025327409003198176	0.024872183899083997
-0.15746919789575148	0.15409200979557433	-0.22399704689138486	0.10187410326101888	-0.07103336620910712	0.09910382371797019	-0.22005240659980438	0.22253299456847317	-0.08558902941388792	0.0634640539215658	-0.1251743669626449	0.9999999999999966	-0.7288366254679176	0.10155768288245452	-0.10492735593572748	0.18454622305328136	-0.3953624698059028	0.28598322246936564	-0.18045592358017498	0.1519147080607872	-0.17924374517734556	0.21205342961441748	-0.19816268481960625	0.14279771481860062	-0.15847772933343363	0.12264349022650053	-0.1245577528786019	0.11771990731534299	-0.136364948311468	0.10568158598271421	-0.09370404567241016	0.10431234802104958	-0.11747585145752597	0.10342708485973698	-0.11149609703311948	0.06316497160670086	-0.07229579672794231	0.07399357488135208	-0.07667626926195657	0.08207176045877555	-0.08616440966170721	0.06968968249341288	-0.07772170349681501	0.047358017060499524	-0.04676764052157722
0.13501758924778412	-0.14825964784230353	0.21056193862334957	-0.1037645993289675	0.06839771321125886	-0.08437642477125691	0.1823812124688689	-0.33032100634936823	0.08748813796058476	-0.06267321614193029	0.09824322451860686	-0.7288366254679176	0.9999999999999979	-0.10645025384129336	0.10213301123646264	-0.1668362103736827	0.24464641491354455	-0.4298763123897284	0.17462599060856848	-0.15376771721098928	0.14583324911593729	-0.18907616744672687	0.170289722603	-0.13125773536946403	0.13800321320495615	-0.11017128480272924	0.10671026277405166	-0.10404336522621663	0.11840864977275287	-0.09396406564648495	0.08137681976819021	-0.09205599226176915	0.10148504010771439	-0.09138492844556044	0.09669877153103903	-0.055179570286761515	0.06314571119391228	-0.06515878608389125	0.0671652790779921	-0.07285608151524768	0.0745728977883275	-0.06133421477685519	0.06764000361957723	-0.04176629080312898	0.041019467625065885
-0.09051130685751868	0.06414462857108218	-0.09529418143962629	0.3067589650490379	-0.2543211656264527	0.04230286704551482	-0.07811208736853269	0.0984932139056072	-0.5457327959351906	0.23431661011606553	-0.05259452062451125	0.10155768288245452	-0.10645025384129336	0.9999999999999958	-0.6441824090267739	0.08546973837855795	-0.09942132504013716	0.15151639814602394	-0.2864750505435002	0.2348707881794761	-0.08315887357023546	0.09706241267443938	-0.1245186389328236	0.12228117580507315	-0.14563724015899945	0.08761344169791267	-0.08033388700471827	0.08299574776754744	-0.10759598599609332	0.08989256124648413	-0.06718264612715961	0.07309333019192212	-0.08532249125251723	0.08103556404104094	-0.09133540939886964	0.0461932651759085	-0.05342836364560516	0.055700834650046174	-0.059835630517608845	0.06499020570233567	-0.06328743934434009	0.052380287023369596	-0.058943104157765304	0.03707175852202465	-0.03670102214521613
0.09346188712948222	-0.06340794758960973	0.08881843590921835	-0.39721304785585393	0.2590309847979703	-0.04344244692215656	0.0752614100452974	-0.09258011218905346	0.29308190931442124	-0.3788565761698628	0.054113476019926936	-0.10492735593572748	0.10213301123646264	-0.6441824090267739	0.9999999999999972	-0.09204257721584123	0.10245202236423939	-0.16046040105927462	0.23633735666307218	-0.3751022833907545	0.08700115227284969	-0.10320051308974751	0.1274225632110047	-0.12834147389102946	0.1548001478107276	-0.09552437451791203	0.08483002740970214	-0.08807665721307797	0.11202740600867711	-0.09797392178667529	0.071274490520268	-0.07817205252569934	0.08969060626793005	-0.08675862480613136	0.09620722006626678	-0.049201206582374556	0.05689046321536506	-0.05971800360936922	0.06378099624999506	-0.07034892313960879	0.06688077429067316	-0.056180937457190626	0.06250904708091254	-0.03983399151146372	0.03920710966095556
-0.12793995316904858	0.07969238060197581	-0.10377724953147256	0.0865080914362538	-0.06206519773982688	0.07682769876946828	-0.09701852497179052	0.09944886476303019	-0.06708861313363043	0.054983188592847676	-0.1014096782305293	0.18454622305328136	-0.1668362103736827	0.08546973837855795	-0.09204257721584123	0.999999999999996	-0.4231541231409664	0.21935343536492163	-0.16221386590904674	0.1467822748545237	-0.7740846078031308	0.29705464761052963	-0.21841152295705302	0.15454440727307037	-0.16870499941501865	0.1547510172919702	-0.15342199744750512	0.13774442308997079	-0.15269816845750436	0.11664519320606415	-0.11550237454554865	0.12585748362342203	-0.1367670833164206	0.11761694769585848	-0.12406675122305383	0.07633989632858776	-0.08578272345759182	0.08683669275684325	-0.08778073011919284	0.09357461300477249	-0.10438351664902858	0.08219300517135811	-0.09116220723793389	0.05432180431101658	-0.05352632090441109
0.12069918774857102	-0.09252886610468065	0.12221224062378491	-0.0981796042970994	0.0673178414153065	-0.06994260496649228	0.11357234126833347	-0.1269267585728025	0.07624627424850336	-0.061050828498943756	0.08595153924381876	-0.3953624698059028	0.24464641491354455	-0.09942132504013716	0.10245202236423939	-0.4231541231409664	0.9999999999999936	-0.4194489599604414	0.19218815593083044	-0.17577611386774294	0.28688447553686447	-0.5780386469693651	0.24505335813860737	-0.17947053564601792	0.17285933178552382	-0.15873407095637407	0.1675907116434713	-0.15302122495583742	0.15725569148402677	-0.1225423627961058	0.11271465074932664	-0.13658903397154662	0.13983817771886892	-0.12296180539437235	0.12468462531662462	-0.07552822598370974	0.08618845617339183	-0.08829651480125879	0.08870657175981585	-0.09626122461911264	0.10022300782398583	-0.08254516221385876	0.08935700650393893	-0.055114566099934106	0.05376506968813862
-0.15885055759980826	0.11725783491981134	-0.17090939868530655	0.13841457072225336	-0.10123385205366373	0.08093766515472091	-0.14652791896371806	0.16882190462146604	-0.11476245681032844	0.09030648198015548	-0.1010412955251603	0.28598322246936564	-0.4298763123897284	0.15151639814602394	-0.16046040105927462	0.21935343536492163	-0.4194489599604414	0.9999999999999949	-0.44574723153626605	0.25859746551026674	-0.226642048707496	0.26536303577464454	-0.36374695958196585	0.2418592628072043	-0.26034781289068243	0.17386767174626863	-0.17985166981667783	0.17924093715361722	-0.21531639291848018	0.1654618206621731	-0.13560996315715632	0.1514020290138103	-0.1778643485900493	0.15782374833561927	-0.17283628053444697	0.09156424190350723	-0.10573872282778808	0.10847498902149423	-0.11501233467725842	0.12257126300386206	-0.1250700232390073	0.10135972671357614	-0.11379216070685247	0.07043780935081913	-0.06973429977450012
0.11953120093198334	-0.08101602433665131	0.10909485645335879	-0.19740757789382635	0.1303203255108268	-0.05856263699220752	0.09655302382836903	-0.11289347923063414	0.1580643094283859	-0.12613225766489916	0.07286407237781352	-0.18045592358017498	0.17462599060856848	-0.2864750505435002	0.23633735666307218	-0.16221386590904674	0.19218815593083044	-0.44574723153626605	0.9999999999999959	-0.6415519247055924	0.14949206018874073	-0.19363004785175733	0.24459324936976032	-0.33350203401479683	0.26055450478525416	-0.15420742305058985	0.14280552853329245	-0.15477594698315272	0.19571877904621884	-0.16775141930510779	0.11280081060074929	-0.12969078466997996	0.14823815712809796	-0.14729279334014939	0.15574416545204253	-0.07760605826548495	0.09041649877261555	-0.09534130227448727	0.10262789504765046	-0.11396766299655259	0.10380704309522622	-0.08835150412713681	0.0970020508187887	-0.06377454106148062	0.06227738655619281
-0.12920900102103317	0.07997949905163489	-0.10881555801836479	0.19215072592125404	-0.16194891365569802	0.059802452257899825	-0.09594482593549884	0.10568198439523516	-0.16181830854657134	0.1468888893635724	-0.07565029924385518	0.1519147080607872	-0.15376771721098928	0.2348707881794761	-0.3751022833907545	0.1467822748545237	-0.17577611386774294	0.25859746551026674	-0.6415519247055924	0.9999999999999936	-0.14846429620877047	0.17414213667163764	-0.2482484493385474	0.2523036504229678	-0.39575586410222674	0.15877791400928953	-0.15191141708736444	0.1604304124545083	-0.22065466883007911	0.1928371605422558	-0.12433607507733928	0.13714112542274795	-0.16584681981851354	0.16040221153001225	-0.19180556675535695	0.08535088411261436	-0.09992887359830241	0.10428830119830271	-0.11587198899145018	0.12496844114566194	-0.11674416344538352	0.09676113968972731	-0.10966837749574902	0.07071673183265709	-0.07036446052102652
0.11101318419820827	-0.07163738931737827	0.0909548748623218	-0.08520929095488118	0.05832359537295505	-0.06671858050928588	0.0852424966703701	-0.0909697605967976	0.0640112673754734	-0.052679574902262376	0.08250329256286854	-0.17924374517734556	0.14583324911593729	-0.08315887357023546	0.08700115227284969	-0.7740846078031308	0.28688447553686447	-0.226642048707496	0.14949206018874073	-0.14846429620877047	0.9999999999999918	-0.4525228838178032	0.20624554034314982	-0.1566655784737784	0.15292972405804867	-0.1762274651602384	0.15746181697337241	-0.1422305235030615	0.14394455332563938	-0.11293910993559685	0.1146840902198283	-0.13239376589776128	0.13194091795109236	-0.1158845959936179	0.11548795657396102	-0.07594748302240173	0.08469428139576483	-0.08661447335648864	0.08491289889430925	-0.09268931127692208	0.10074715209288088	-0.08179898052041013	0.08771708759300431	-0.053244402422907705	0.051742875582761694
-0.11852509566772962	0.08018369709653954	-0.10759730178128242	0.09624277186101322	-0.06786417342668125	0.06261240444815205	-0.09847633570753746	0.10525030544233696	-0.0744427926056543	0.0608813706285619	-0.07872978837304807	0.21205342961441748	-0.18907616744672687	0.09706241267443938	-0.10320051308974751	0.29705464761052963	-0.5780386469693651	0.26536303577464454	-0.19363004785175733	0.17414213667163764	-0.4525228838178032	0.999999999999993	-0.4179330645346253	0.21690326839835036	-0.20916893081494461	0.18884961360665525	-0.27268675019073724	0.19889768841459576	-0.19766988837880828	0.14542430278315782	-0.13974853763959252	0.17257595998393566	-0.1790928147049098	0.14851499843949073	-0.15001126921857913	0.09169414163550908	-0.10546104559569269	0.10594741341526193	-0.10624744528249344	0.11338098828811505	-0.12156307467484331	0.0983588023389873	-0.10673001373997265	0.06518750746764237	-0.06372125093774456
0.12095783166658117	-0.0795840533406283	0.103195866915052	-0.12172250236673564	0.08144657213563292	-0.06092678658797871	0.09445794956212326	-0.10540967282130201	0.0905235444172692	-0.07522251354144009	0.07584811020674023	-0.19816268481960625	0.170289722603	-0.1245186389328236	0.1274225632110047	-0.21841152295705302	0.24505335813860737	-0.36374695958196585	0.24459324936976032	-0.2482484493385474	0.20624554034314982	-0.4179330645346253	0.9999999999999916	-0.5805001032601149	0.2744020642485668	-0.21441558175511238	0.22129790798235338	-0.3215691799304413	0.2652362973597086	-0.2066524407284341	0.14892225499951478	-0.19075178617819633	0.21430421072027486	-0.2007103171771589	0.18589350097919372	-0.10159868602968451	0.11870575656701889	-0.125297347352196	0.13040106885927097	-0.14539117474117183	0.13143994385965357	-0.1141291153898823	0.12121326328923847	-0.08094794173158912	0.07776434415013642
-0.10293898678116574	0.06470372213818165	-0.08488093265013659	0.11257781747407201	-0.07834307695226478	0.0497223023677607	-0.07705128399723016	0.08448264108274524	-0.08673270918265961	0.07195853104370888	-0.06251039103792078	0.14279771481860062	-0.13125773536946403	0.12228117580507315	-0.12834147389102946	0.15454440727307037	-0.17947053564601792	0.2418592628072043	-0.33350203401479683	0.2523036504229678	-0.1566655784737784	0.21690326839835036	-0.5805001032601149	0.9999999999999933	-0.5027174272123582	0.17663590825337674	-0.18294092022833805	0.22385094551698242	-0.3995229522891625	0.24068044055781987	-0.13081031089041892	0.15940009243402142	-0.19844624678743847	0.2044698026424188	-0.2117479732802556	0.08965886120715325	-0.10705539378198663	0.1135849658254327	-0.12947129881333305	0.1410589984562492	-0.11787369249618546	0.10211799763997757	-0.11168590902303899	0.07780571870593694	-0.0757759560485308
0.11960783842815502	-0.07344001071618711	0.09412347776497877	-0.14221313697612953	0.09398777523285226	-0.056972419951158794	0.08624381012896569	-0.09493988833673524	0.10290198196527077	-0.0887393562850536	0.07150078135924565	-0.15847772933343363	0.13800321320495615	-0.14563724015899945	0.1548001478107276	-0.16870499941501865	0.17285933178552382	-0.26034781289068243	0.26055450478525416	-0.39575586410222674	0.15292972405804867	-0.20916893081494461	0.2744020642485668	-0.5027174272123582	0.9999999999999922	-0.20589825423577446	0.17972969207390288	-0.21150230233899076	0.2852715114528922	-0.5036642363930536	0.14349290379830668	-0.17362009947445595	0.19875435140674078	-0.23689582671962073	0.26503438449836575	-0.10082863289428974	0.12072959299862626	-0.13230976062785857	0.15134656325559276	-0.181333757552563	0.1308914971057799	-0.1189555491608398	0.12764695704927578	-0.09502617303291666	0.09128701540987266
-0.11826449241577608	0.06378433272265792	-0.08075814434770495	0.09110950281647351	-0.06521071044010805	0.05313588836898592	-0.07543545510909737	0.07703247519714278	-0.0675623338921398	0.057686076307046336	-0.06822722486122704	0.12264349022650053	-0.11017128480272924	0.08761344169791267	-0.09552437451791203	0.1547510172919702	-0.15873407095637407	0.17386767174626863	-0.15420742305058985	0.15877791400928953	-0.1762274651602384	0.18884961360665525	-0.21441558175511238	0.17663590825337674	-0.20589825423577446	0.9999999999999933	-0.43181624286639153	0.2496052011825068	-0.2452354715209973	0.17181095498239907	-0.5633137490301974	0.3082610775802421	-0.28725085552668755	0.20600919748179222	-0.19970545122425895	0.26577916636006743	-0.23128521972947866	0.20612098035315568	-0.17242495369261482	0.17413722606873205	-0.38500554748834537	0.20959182758771921	-0.23118107418144074	0.10779767251223799	-0.10578152672288224
0.09357736798830565	-0.05583213177371685	0.07137856907189034	-0.08255881851181279	0.05641321119392412	-0.04477661795873919	0.06612758063915974	-0.07047682252928365	0.06061960257782748	-0.05110832319242601	0.05655110252472947	-0.1245577528786019	0.10671026277405166	-0.08033388700471827	0.08483002740970214	-0.15342199744750512	0.1675907116434713	-0.17985166981667783	0.14280552853329245	-0.15191141708736444	0.15746181697337241	-0.27268675019073724	0.22129790798235338	-0.18294092022833805	0.17972969207390288	-0.43181624286639153	0.9999999999999906	-0.5256832694322373	0.23997047820388137	-0.1670735156735731	0.25024579870026276	-0.5428074538914814	0.29780577219480375	-0.2117510361812505	0.17349297420550008	-0.15875895756762431	0.18185033699316286	-0.17511561904897263	0.14563035449436498	-0.15494233741111643	0.18921692494665437	-0.15816699490753836	0.15579925982999165	-0.08990830071213977	0.08528616478241856
-0.09109192226688423	0.05436081444361484	-0.06988247866008526	0.08390757188156825	-0.05770955719817526	0.04323679536451172	-0.06443568435834848	0.06882723137692781	-0.06202822430377983	0.05235047135076295	-0.054670464819581314	0.11771990731534299	-0.10404336522621663	0.08299574776754744	-0.08807665721307797	0.13774442308997079	-0.15302122495583742	0.17924093715361722	-0.15477594698315272	0.1604304124545083	-0.1422305235030615	0.19889768841459576	-0.3215691799304413	0.22385094551698242	-0.21150230233899076	0.2496052011825068	-0.5256832694322373	0.9999999999999896	-0.43326729010076864	0.20061470052616756	-0.19730399278454927	0.2846438040443466	-0.5336486898727691	0.26129476497809445	-0.21182244389769844	0.1271691308405183	-0.15386542725334354	0.15433759282317894	-0.15770119315010112	0.1608425623696566	-0.16214166061478663	0.13491719892651116	-0.14390812947076195	0.0920024065889494	-0.08852871177347335
0.10576071711536694	-0.06339718708192563	0.08085605385367822	-0.10821311484333929	0.07222130045166439	-0.05007411729436835	0.07457340678148008	-0.08072351167456855	0.07855457683539169	-0.06661844727184849	0.06308373582646583	-0.136364948311468	0.11840864977275287	-0.10759598599609332	0.11202740600867711	-0.15269816845750436	0.15725569148402677	-0.21531639291848018	0.19571877904621884	-0.22065466883007911	0.14394455332563938	-0.19766988837880828	0.2652362973597086	-0.3995229522891625	0.2852715114528922	-0.2452354715209973	0.23997047820388137	-0.43326729010076864	0.9999999999999927	-0.41843648016896073	0.1711644036925244	-0.2317043415908624	0.2882408034533169	-0.46923350543713	0.29039429131557926	-0.1198251352870892	0.14702238134150933	-0.16366475056129712	0.1981223703042004	-0.2211974175873906	0.1514770429404163	-0.1403923712984121	0.14909528120587903	-0.11843089675847243	0.11049860925185126
-0.08672731072340455	0.05112952939092749	-0.06557658470049604	0.08944608352090345	-0.06183072328962114	0.040448120704968595	-0.06028391736388917	0.06471375721901058	-0.0659384432849119	0.056492635300425094	-0.05116263458891658	0.10568158598271421	-0.09396406564648495	0.08989256124648413	-0.09797392178667529	0.11664519320606415	-0.1225423627961058	0.1654618206621731	-0.16775141930510779	0.1928371605422558	-0.11293910993559685	0.14542430278315782	-0.2066524407284341	0.24068044055781987	-0.5036642363930536	0.17181095498239907	-0.1670735156735731	0.20061470052616756	-0.41843648016896073	0.9999999999999919	-0.1318785194303352	0.1593868203020033	-0.2157617269584431	0.2723571242097796	-0.6294090864628193	0.09279460800063966	-0.11652783687507093	0.12750214918279135	-0.17234015913453352	0.19247953852786498	-0.12189942360073178	0.1101845962088713	-0.12461449029500427	0.09879208899584842	-0.10012899081119761
0.08486971040585163	-0.04687781559539217	0.05880553834723586	-0.07111514440134127	0.04844285815955878	-0.038682067594686814	0.05503407551760511	-0.057301390495987696	0.05130448728187417	-0.04367076368256579	0.04930226157930094	-0.09370404567241016	0.08137681976819021	-0.06718264612715961	0.071274490520268	-0.11550237454554865	0.11271465074932664	-0.13560996315715632	0.11280081060074929	-0.12433607507733928	0.1146840902198283	-0.13974853763959252	0.14892225499951478	-0.13081031089041892	0.14349290379830668	-0.5633137490301974	0.25024579870026276	-0.19730399278454927	0.1711644036925244	-0.1318785194303352	0.9999999999999905	-0.4334190796999818	0.21737313146211976	-0.16956332289493062	0.14533618340939392	-0.5242873847734563	0.2342839252065687	-0.2161741449247008	0.14418750889826057	-0.15497520821469163	0.3071676105823791	-0.21732328861270572	0.18744923245969503	-0.09310992400640102	0.08700707239036808
-0.08782550708003546	0.05031651573438557	-0.06414736185232753	0.07550388038629566	-0.05230425190335874	0.04080034925944209	-0.059523250916959244	0.062478859560692844	-0.055476571457391814	0.04705897453981471	-0.05187690125595383	0.10431234802104958	-0.09205599226176915	0.07309333019192212	-0.07817205252569934	0.12585748362342203	-0.13658903397154662	0.1514020290138103	-0.12969078466997996	0.13714112542274795	-0.13239376589776128	0.17257595998393566	-0.19075178617819633	0.15940009243402142	-0.17362009947445595	0.3082610775802421	-0.5428074538914814	0.2846438040443466	-0.2317043415908624	0.1593868203020033	-0.4334190796999818	0.9999999999999939	-0.4543891348058773	0.22033579433138636	-0.1848127090172266	0.21701100178698315	-0.31309687710381884	0.2182381256790904	-0.1684198874151951	0.16601105401680546	-0.25473290686408223	0.1959842783258596	-0.19596420010992127	0.10009867602897107	-0.0958784566777976
0.0945814466851652	-0.05532214764263161	0.070163108662648	-0.08822251558221339	0.05936156380071189	-0.04438130838644942	0.06507942040064496	-0.06946475926580611	0.06385289454681624	-0.05416818281152106	0.056110537447829865	-0.11747585145752597	0.10148504010771439	-0.08532249125251723	0.08969060626793005	-0.1367670833164206	0.13983817771886892	-0.1778643485900493	0.14823815712809796	-0.16584681981851354	0.13194091795109236	-0.1790928147049098	0.21430421072027486	-0.19844624678743847	0.19875435140674078	-0.28725085552668755	0.29780577219480375	-0.5336486898727691	0.2882408034533169	-0.2157617269584431	0.21737313146211976	-0.4543891348058773	0.9999999999999938	-0.47273159401994796	0.23405513397625113	-0.15021665886873345	0.188613151941239	-0.21151122141101888	0.19942649485776365	-0.20815963880994937	0.17762337978210158	-0.16704291826807924	0.16907882069086233	-0.1171304715479923	0.10838120288401965
-0.08685775597329473	0.0502875231815712	-0.06412391646545383	0.08241989644710801	-0.05669591680485615	0.04029220430905079	-0.05927397173575641	0.0629730438699645	-0.06039563260812605	0.05146645688839982	-0.05109300594154621	0.10342708485973698	-0.09138492844556044	0.08103556404104094	-0.08675862480613136	0.11761694769585848	-0.12296180539437235	0.15782374833561927	-0.14729279334014939	0.16040221153001225	-0.1158845959936179	0.14851499843949073	-0.2007103171771589	0.2044698026424188	-0.23689582671962073	0.20600919748179222	-0.2117510361812505	0.26129476497809445	-0.46923350543713	0.2723571242097796	-0.16956332289493062	0.22033579433138636	-0.47273159401994796	0.9999999999999918	-0.48769795869260946	0.11985274947022932	-0.16234449302287565	0.1835414450307803	-0.3674653516371922	0.2581145429031051	-0.15419745174938995	0.1439439159884349	-0.16570231049198278	0.14631349860747467	-0.1419342432844013
0.09207266881714668	-0.05375555212517715	0.06806419657768834	-0.09394605200665686	0.06241193983213714	-0.04285703882869263	0.06301191227452095	-0.06764759445063973	0.06732312669128479	-0.057591635135915364	0.05415816428754184	-0.11149609703311948	0.09669877153103903	-0.09133540939886964	0.09620722006626678	-0.12406675122305383	0.12468462531662462	-0.17283628053444697	0.15574416545204253	-0.19180556675535695	0.11548795657396102	-0.15001126921857913	0.18589350097919372	-0.2117479732802556	0.26503438449836575	-0.19970545122425895	0.17349297420550008	-0.21182244389769844	0.29039429131557926	-0.6294090864628193	0.14533618340939392	-0.1848127090172266	0.23405513397625113	-0.48769795869260946	0.9999999999999921	-0.1056667012601079	0.13660840585280024	-0.15898496542220383	0.22847598648168677	-0.32922573420161105	0.13470123842721798	-0.13142360784606705	0.1448415064486491	-0.1367575169850996	0.132878231605994
-0.05884323295050676	0.03214208012500212	-0.04028757262962449	0.04891422032708332	-0.03349076821555712	0.02659333731820226	-0.03772933568962197	0.039110604863313574	-0.035325894032850184	0.030123320695342525	-0.03396250168560098	0.06316497160670086	-0.055179570286761515	0.0461932651759085	-0.049201206582374556	0.07633989632858776	-0.07552822598370974	0.09156424190350723	-0.07760605826548495	0.08535088411261436	-0.07594748302240173	0.09169414163550908	-0.10159868602968451	0.08965886120715325	-0.10082863289428974	0.26577916636006743	-0.15875895756762431	0.1271691308405183	-0.1198251352870892	0.09279460800063966	-0.5242873847734563	0.21701100178698315	-0.15021665886873345	0.11985274947022932	-0.1056667012601079	0.9999999999999909	-0.33456277816888597	0.20893044570989727	-0.12118578069459862	0.1232841857028268	-0.6982012895074139	0.21943201173226196	-0.18864707711704365	0.07749970491953603	-0.07239782802743411
0.06593358413432182	-0.03640877809555858	0.04575477448631861	-0.05627455516147634	0.038476496692350905	-0.029935531281114317	0.04275577300325875	-0.044545942619911474	0.04067619895467371	-0.034687214091875355	0.03817438436631264	-0.07229579672794231	0.06314571119391228	-0.05342836364560516	0.05689046321536506	-0.08578272345759182	0.08618845617339183	-0.10573872282778808	0.09041649877261555	-0.09992887359830241	0.08469428139576483	-0.10546104559569269	0.11870575656701889	-0.10705539378198663	0.12072959299862626	-0.23128521972947866	0.18185033699316286	-0.15386542725334354	0.14702238134150933	-0.11652783687507093	0.2342839252065687	-0.31309687710381884	0.188613151941239	-0.16234449302287565	0.13660840585280024	-0.33456277816888597	0.9999999999999901	-0.6459350256491612	0.19990526977717732	-0.1961549832831212	0.26413440013646733	-0.46093290365556544	0.3002167954683682	-0.123573235324618	0.11043519846516706
-0.06880564847770824	0.0377536003419404	-0.047518986381832475	0.05839561165376451	-0.04033145942342944	0.031071977291963614	-0.04437444827253489	0.04607690681376822	-0.04242400866000532	0.03623817767745877	-0.03968719075095579	0.07399357488135208	-0.06515878608389125	0.055700834650046174	-0.05971800360936922	0.08683669275684325	-0.08829651480125879	0.10847498902149423	-0.09534130227448727	0.10428830119830271	-0.08661447335648864	0.10594741341526193	-0.125297347352196	0.1135849658254327	-0.13230976062785857	0.20612098035315568	-0.17511561904897263	0.15433759282317894	-0.16366475056129712	0.12750214918279135	-0.2161741449247008	0.2182381256790904	-0.21151122141101888	0.1835414450307803	-0.15898496542220383	0.20893044570989727	-0.6459350256491612	0.999999999999989	-0.35023510446324985	0.2275094816123907	-0.2569569151245149	0.30132997092855207	-0.46960075500881937	0.15570899177412245	-0.14538861117868232
0.06854985175273559	-0.03841968092595266	0.04845217732367927	-0.06231778570709053	0.042483940348364106	-0.031254615102465855	0.045098306529800396	-0.0474030800569436	0.045054860024531504	-0.03850728397517044	0.0397690334177846	-0.07667626926195657	0.0671652790779921	-0.059835630517608845	0.06378099624999506	-0.08778073011919284	0.08870657175981585	-0.11501233467725842	0.10262789504765046	-0.11587198899145018	0.08491289889430925	-0.10624744528249344	0.13040106885927097	-0.12947129881333305	0.15134656325559276	-0.17242495369261482	0.14563035449436498	-0.15770119315010112	0.1981223703042004	-0.17234015913453352	0.14418750889826057	-0.1684198874151951	0.19942649485776365	-0.3674653516371922	0.22847598648168677	-0.12118578069459862	0.19990526977717732	-0.35023510446324985	0.9999999999999891	-0.6576945601914366	0.14995699530905113	-0.17741427778373423	0.21120653824652935	-0.3769404720554387	0.26444869546264616
-0.07573710317062929	0.04195777351366038	-0.053083591733250134	0.06715647755870499	-0.04683648751847399	0.03424741624391855	-0.049359647058479186	0.05150709437735336	-0.04912254694331487	0.042090648749352914	-0.04370498635218183	0.08207176045877555	-0.07285608151524768	0.06499020570233567	-0.07034892313960879	0.09357461300477249	-0.09626122461911264	0.12257126300386206	-0.11396766299655259	0.12496844114566194	-0.09268931127692208	0.11338098828811505	-0.14539117474117183	0.1410589984562492	-0.181333757552563	0.17413722606873205	-0.15494233741111643	0.1608425623696566	-0.2211974175873906	0.19247953852786498	-0.15497520821469163	0.16601105401680546	-0.20815963880994937	0.2581145429031051	-0.32922573420161105	0.1232841857028268	-0.1961549832831212	0.2275094816123907	-0.6576945601914366	0.9999999999999891	-0.1651687921350699	0.1707875051823547	-0.2329640727532829	0.2808843036014693	-0.4173122200028997
0.08091326092140785	-0.04396815738122557	0.05478731531803242	-0.06772182032578944	0.04569225790166334	-0.036486294081859716	0.05144987738349183	-0.05338291871006745	0.048409292718421926	-0.041276648785978635	0.04656926906063925	-0.08616440966170721	0.0745728977883275	-0.06328743934434009	0.06688077429067316	-0.10438351664902858	0.10022300782398583	-0.1250700232390073	0.10380704309522622	-0.11674416344538352	0.10074715209288088	-0.12156307467484331	0.13143994385965357	-0.11787369249618546	0.1308914971057799	-0.38500554748834537	0.18921692494665437	-0.16214166061478663	0.1514770429404163	-0.12189942360073178	0.3071676105823791	-0.25473290686408223	0.17762337978210158	-0.15419745174938995	0.13470123842721798	-0.6982012895074139	0.26413440013646733	-0.2569569151245149	0.14995699530905113	-0.1651687921350699	0.9999999999999892	-0.3430607601389734	0.22657053735353444	-0.10101695967607385	0.09253453887207656
-0.06715135169386888	0.03620379021731228	-0.045359420940011684	0.05535257154070336	-0.038256716387108244	0.03004283933684075	-0.042497681521662944	0.04382370023634197	-0.04010270644018627	0.03428947198296975	-0.038460109956060085	0.06968968249341288	-0.06133421477685519	0.052380287023369596	-0.056180937457190626	0.08219300517135811	-0.08254516221385876	0.10135972671357614	-0.08835150412713681	0.09676113968972731	-0.08179898052041013	0.0983588023389873	-0.1141291153898823	0.10211799763997757	-0.1189555491608398	0.20959182758771921	-0.15816699490753836	0.13491719892651116	-0.1403923712984121	0.1101845962088713	-0.21732328861270572	0.1959842783258596	-0.16704291826807924	0.1439439159884349	-0.13142360784606705	0.21943201173226196	-0.46093290365556544	0.30132997092855207	-0.17741427778373423	0.1707875051823547	-0.3430607601389734	0.9999999999999889	-0.710985193218885	0.13187388276587492	-0.1248657232363253
0.07429407183432832	-0.04015173837039788	0.0500481309790773	-0.06288904092289165	0.042567728561733686	-0.033290604174305086	0.04697634106207957	-0.04867714206635782	0.04499160974194874	-0.03844657089317267	0.042540076540035957	-0.07772170349681501	0.06764000361957723	-0.058943104157765304	0.06250904708091254	-0.09116220723793389	0.08935700650393893	-0.11379216070685247	0.0970020508187887	-0.10966837749574902	0.08771708759300431	-0.10673001373997265	0.12121326328923847	-0.11168590902303899	0.12764695704927578	-0.23118107418144074	0.15579925982999165	-0.14390812947076195	0.14909528120587903	-0.12461449029500427	0.18744923245969503	-0.19596420010992127	0.16907882069086233	-0.16570231049198278	0.1448415064486491	-0.18864707711704365	0.3002167954683682	-0.46960075500881937	0.21120653824652935	-0.2329640727532829	0.22657053735353444	-0.710985193218885	0.9999999999999889	-0.19515252952441461	0.15314268339200143
