1.0	-0.510233829201683	0.1793393912787824	-0.13942240164981734	0.11063674363673728	-0.7418242600843458	0.2809764677449763	-0.19155475246511974	0.1531745863209122	-0.09617882669876046	0.1562323302841659	-0.20926289050384944	0.16014230760649883	-0.13746960299845334	0.12137181083924646	-0.11998859162143873	0.1395785398637627	-0.13082084532787078	0.0973139170092019	-0.08968953640632746	0.12830919824099762	-0.10763444096047811	0.1534767778417216	-0.10653358547020506	0.1100013246791517
-0.510233829201683	1.0000000000000004	-0.40134825582224465	0.23545541700461287	-0.2072919031857124	0.2942289188863885	-0.41564355386137924	0.2747550886431846	-0.27533044899366965	0.16605563521453648	-0.23379600593585848	0.2594213968552653	-0.25227229871622353	0.21821468439960404	-0.21751530402027153	0.167683801548702	-0.22435836071898313	0.20241600901038123	-0.15919313990139866	0.15177052892418938	-0.21404585452123606	0.167469434049346	-0.26324159117637247	0.1675196564564458	-0.19726209112490672
0.1793393912787824	-0.40134825582224465	1.0000000000000002	-0.5937534617437131	0.22411167287834483	-0.17847717917120862	0.23252563807791704	-0.5092002216303887	0.29598194823223106	-0.19820837246399253	0.1493350011007771	-0.22461477155393175	0.23129183912024331	-0.22971220922746843	0.19251045571251058	-0.11854630294625652	0.16078719153908103	-0.1736875483582283	0.13695762505453388	-0.1346415037303243	0.14148057767354222	-0.12292153415013518	0.18658610379028484	-0.14984825620699144	0.154219673064218
-0.13942240164981734	0.23545541700461287	-0.5937534617437131	1.0000000000000009	-0.44177515618571866	0.13169024299710105	-0.1853544294427562	0.27506090367839847	-0.4910224338490137	0.25701961434226633	-0.1315226543052144	0.17556558501736105	-0.19705603163666063	0.24200714393445558	-0.24200023193014666	0.10252220048546326	-0.14286629267441345	0.15051030558174702	-0.13674945924139773	0.1452583743029694	-0.1271486359460621	0.10808852763534989	-0.1724778147643697	0.14354766967562896	-0.17159023094830014
0.11063674363673728	-0.2072919031857124	0.22411167287834483	-0.44177515618571866	1.0000000000000009	-0.11145367455215398	0.14274077231169396	-0.20176695563883487	0.267588578914442	-0.7350005970113633	0.1117268831731083	-0.15249489250146245	0.15749573213067317	-0.25346420064238845	0.26289348723737815	-0.08951609694794341	0.12223504013051742	-0.13485654151239246	0.131157096689218	-0.16447332910353407	0.1090213073023995	-0.0948381113088927	0.14750375618633238	-0.1461121213470152	0.15953563740233848
-0.7418242600843458	0.2942289188863885	-0.17847717917120862	0.13169024299710105	-0.11145367455215398	1.0000000000000013	-0.4860002855625214	0.19097594849761262	-0.15915783585647156	0.09491346715942617	-0.18812797165410738	0.21616897678962668	-0.1744901464495012	0.1362365129038183	-0.1237380989792862	0.12793249232033746	-0.15055763032803177	0.1339739864839782	-0.0986692161340345	0.08959253191397942	-0.13610871852601014	0.11146550485616964	-0.15991288359702488	0.10536490473759542	-0.1115644946311155
0.2809764677449763	-0.41564355386137924	0.23252563807791704	-0.1853544294427562	0.14274077231169396	-0.4860002855625214	1.0000000000000016	-0.38942034775562234	0.21406622267585618	-0.1280659547619692	0.18791382075057292	-0.5205761882237815	0.2701785422454468	-0.19833043793808688	0.1609800522302314	-0.14997724962580034	0.19850479258662038	-0.19260526949270065	0.1336100461102953	-0.11887431807069485	0.16183177827996134	-0.14644360735810583	0.20191082966262883	-0.14465966886931048	0.14142960580257902
-0.19155475246511974	0.2747550886431846	-0.5092002216303887	0.27506090367839847	-0.20176695563883487	0.19097594849761262	-0.38942034775562234	1.0000000000000007	-0.4318117006674751	0.1763041900975251	-0.17018656987670985	0.2810999989469972	-0.4651155237204976	0.25434843054608786	-0.21015501320301658	0.13355008291153622	-0.19709709178777374	0.21278583821026864	-0.15805905137643741	0.14159190783593573	-0.16020551718152928	0.1411613940216906	-0.22598390958544323	0.161302892404001	-0.16820926031434397
0.1531745863209122	-0.27533044899366965	0.29598194823223106	-0.4910224338490137	0.267588578914442	-0.15915783585647156	0.21406622267585618	-0.4318117006674751	0.9999999999999998	-0.3305716056434111	0.15156732866032294	-0.22888547983962773	0.25015963983997486	-0.4916582808427056	0.27235088122897	-0.12242915551163126	0.16980348936596895	-0.19292327239750529	0.1784180583083371	-0.17816811929041476	0.14663897363362316	-0.12992350060577162	0.20082621305912057	-0.19239168637381276	0.19040550707376652
-0.09617882669876046	0.16605563521453648	-0.19820837246399253	0.25701961434226633	-0.7350005970113633	0.09491346715942617	-0.1280659547619692	0.1763041900975251	-0.3305716056434111	1.0	-0.10046880453196368	0.13431763887526996	-0.14856946690121273	0.24599917237282787	-0.45201033801945983	0.07999160758344159	-0.11217215108297257	0.12373088653596487	-0.13085197622876757	0.1739476400627476	-0.09878254390869981	0.08569427324614383	-0.137596086627929	0.13685547712939644	-0.1813125643392504
0.1562323302841659	-0.23379600593585848	0.1493350011007771	-0.1315226543052144	0.1117268831731083	-0.18812797165410738	0.18791382075057292	-0.17018656987670985	0.15156732866032294	-0.10046880453196368	0.9999999999999992	-0.262375251847149	0.18307813047296034	-0.15735924719150488	0.13388493552184255	-0.7459774139042094	0.2550632552178192	-0.20168284442527934	0.1291462382753901	-0.10940728418390801	0.26919703196631817	-0.23114910859374682	0.21896346798866045	-0.14745302025356907	0.13021200385180107
-0.20926289050384944	0.2594213968552653	-0.22461477155393175	0.17556558501736105	-0.15249489250146245	0.21616897678962668	-0.5205761882237815	0.2810999989469972	-0.22888547983962773	0.13431763887526996	-0.262375251847149	0.9999999999999981	-0.556915070720507	0.22291213384837183	-0.18805594705678416	0.19026170190697406	-0.3375343743822741	0.25645222928955214	-0.16567830415310744	0.13548308039790916	-0.21010082314959105	0.19168882150609337	-0.26645132075596667	0.1677913545765257	-0.16415640803728118
0.16014230760649883	-0.25227229871622353	0.23129183912024331	-0.19705603163666063	0.15749573213067317	-0.1744901464495012	0.2701785422454468	-0.4651155237204976	0.25015963983997486	-0.14856946690121273	0.18307813047296034	-0.556915070720507	0.999999999999997	-0.3510912573239928	0.20473674932557626	-0.1560479263138841	0.2430193013004044	-0.40879502775323023	0.19089610068154703	-0.15081963728942266	0.17342023850230961	-0.17155012011936221	0.25585815835074266	-0.1948526847296036	0.16868037821641288
-0.13746960299845334	0.21821468439960404	-0.22971220922746843	0.24200714393445558	-0.25346420064238845	0.1362365129038183	-0.19833043793808688	0.25434843054608786	-0.4916582808427056	0.24599917237282787	-0.15735924719150488	0.22291213384837183	-0.3510912573239928	1.0	-0.548025439825279	0.12590120612704495	-0.18925889249947433	0.21898055600840233	-0.29674120173301616	0.2396881874728455	-0.15609622464262696	0.13826593705296059	-0.232862030834514	0.2333366169131585	-0.2740669450050673
0.12137181083924646	-0.21751530402027153	0.19251045571251058	-0.24200023193014666	0.26289348723737815	-0.1237380989792862	0.1609800522302314	-0.21015501320301658	0.27235088122897	-0.45201033801945983	0.13388493552184255	-0.18805594705678416	0.20473674932557626	-0.548025439825279	0.9999999999999956	-0.10934425569721531	0.15404854056695144	-0.18297963798285116	0.21512166253365908	-0.4350845007204243	0.132746944089215	-0.11875816259850375	0.18844478497434755	-0.23029575663840035	0.27347347283133655
-0.11998859162143873	0.167683801548702	-0.11854630294625652	0.10252220048546326	-0.08951609694794341	0.12793249232033746	-0.14997724962580034	0.13355008291153622	-0.12242915551163126	0.07999160758344159	-0.7459774139042094	0.19026170190697406	-0.1560479263138841	0.12590120612704495	-0.10934425569721531	0.9999999999999944	-0.3559991835151614	0.18572305887026527	-0.11319902145210406	0.08970630937143748	-0.43090707361317787	0.24729032050994856	-0.21679696960014863	0.12351528837009663	-0.1076671820198247
0.1395785398637627	-0.22435836071898313	0.16078719153908103	-0.14286629267441345	0.12223504013051742	-0.15055763032803177	0.19850479258662038	-0.19709709178777374	0.16980348936596895	-0.11217215108297257	0.2550632552178192	-0.3375343743822741	0.2430193013004044	-0.18925889249947433	0.15404854056695144	-0.3559991835151614	0.9999999999999954	-0.4731862753323785	0.18572492243033026	-0.13452168259130126	0.30187727692738864	-0.5310505136287463	0.30792563847803733	-0.20516600920420114	0.15264317602810243
-0.13082084532787078	0.20241600901038123	-0.1736875483582283	0.15051030558174702	-0.13485654151239246	0.1339739864839782	-0.19260526949270065	0.21278583821026864	-0.19292327239750529	0.12373088653596487	-0.20168284442527934	0.25645222928955214	-0.40879502775323023	0.21898055600840233	-0.18297963798285116	0.18572305887026527	-0.4731862753323785	0.9999999999999941	-0.35842994946496937	0.16455358195496417	-0.2261573225096752	0.24418405718234928	-0.5582589274498161	0.25683033687784634	-0.18731817103600965
0.0973139170092019	-0.15919313990139866	0.13695762505453388	-0.13674945924139773	0.131157096689218	-0.0986692161340345	0.1336100461102953	-0.15805905137643741	0.1784180583083371	-0.13085197622876757	0.1291462382753901	-0.16567830415310744	0.19089610068154703	-0.29674120173301616	0.21512166253365908	-0.11319902145210406	0.18572492243033026	-0.35842994946496937	0.9999999999999942	-0.3311241913545837	0.13748336742903933	-0.13729875116690407	0.24440218014194234	-0.7515518723130109	0.26560712990894186
-0.08968953640632746	0.15177052892418938	-0.1346415037303243	0.1452583743029694	-0.16447332910353407	0.08959253191397942	-0.11887431807069485	0.14159190783593573	-0.17816811929041476	0.1739476400627476	-0.10940728418390801	0.13548308039790916	-0.15081963728942266	0.2396881874728455	-0.4350845007204243	0.08970630937143748	-0.13452168259130126	0.16455358195496417	-0.3311241913545837	0.9999999999999937	-0.1123453434670599	0.10118814825556466	-0.17507940882880674	0.2583441484817205	-0.7490277427292313
0.12830919824099762	-0.21404585452123606	0.14148057767354222	-0.1271486359460621	0.1090213073023995	-0.13610871852601014	0.16183177827996134	-0.16020551718152928	0.14663897363362316	-0.09878254390869981	0.26919703196631817	-0.21010082314959105	0.17342023850230961	-0.15609622464262696	0.132746944089215	-0.43090707361317787	0.30187727692738864	-0.2261573225096752	0.13748336742903933	-0.1123453434670599	0.999999999999994	-0.6598019284734202	0.2631933295788167	-0.16006322003669923	0.13233405506085563
-0.10763444096047811	0.167469434049346	-0.12292153415013518	0.10808852763534989	-0.0948381113088927	0.11146550485616964	-0.14644360735810583	0.1411613940216906	-0.12992350060577162	0.08569427324614383	-0.23114910859374682	0.19168882150609337	-0.17155012011936221	0.13826593705296059	-0.11875816259850375	0.24729032050994856	-0.5310505136287463	0.24418405718234928	-0.13729875116690407	0.10118814825556466	-0.6598019284734202	0.9999999999999938	-0.38203641529647814	0.14969092179237947	-0.11978680080050236
0.1534767778417216	-0.26324159117637247	0.18658610379028484	-0.1724778147643697	0.14750375618633238	-0.15991288359702488	0.20191082966262883	-0.22598390958544323	0.20082621305912057	-0.137596086627929	0.21896346798866045	-0.26645132075596667	0.25585815835074266	-0.232862030834514	0.18844478497434755	-0.21679696960014863	0.30792563847803733	-0.5582589274498161	0.24440218014194234	-0.17507940882880674	0.2631933295788167	-0.38203641529647814	0.999999999999994	-0.320005501532158	0.19566018575124303
-0.10653358547020506	0.1675196564564458	-0.14984825620699144	0.14354766967562896	-0.1461121213470152	0.10536490473759542	-0.14465966886931048	0.161302892404001	-0.19239168637381276	0.13685547712939644	-0.14745302025356907	0.1677913545765257	-0.1948526847296036	0.2333366169131585	-0.23029575663840035	0.12351528837009663	-0.20516600920420114	0.25683033687784634	-0.7515518723130109	0.2583441484817205	-0.16006322003669923	0.14969092179237947	-0.320005501532158	0.9999999999999942	-0.37340454734643186
0.1100013246791517	-0.19726209112490672	0.154219673064218	-0.17159023094830014	0.15953563740233848	-0.1115644946311155	0.14142960580257902	-0.16820926031434397	0.19040550707376652	-0.1813125643392504	0.13021200385180107	-0.16415640803728118	0.16868037821641288	-0.2740669450050673	0.27347347283133655	-0.1076671820198247	0.15264317602810243	-0.18731817103600965	0.26560712990894186	-0.7490277427292313	0.13233405506085563	-0.11978680080050236	0.19566018575124303	-0.37340454734643186	0.999999999999994
