1.0	-0.8138761248939779	0.2864688637834252	-0.41452032658042026	0.013871395512250306	-0.22804178040288964	0.17724320771488952	-0.17332417773613853	0.15710215210971804	-0.013537486677255803	0.06516631150571603	-0.09199333189972636	0.10461963108726771	-0.08993107864147108	0.05390427212555657	-0.06666600211098318	0.06687243087897268	-0.0825072657226153	0.1008189488426487	-0.04369715917431775	0.04967696205351613	-0.07063844458806023	0.05859901264890787	-0.06013675123383783	0.045877173073054126	-0.0348896722317386	0.061166088654151976	-0.07138278379048257	0.05341342791191751	-0.039657481495522395
-0.8138761248939779	1.0000000000000002	-0.4424034581661178	0.28963124684360175	-0.012092191633791077	0.1678161755105596	-0.18731321270087634	0.1579265035625745	-0.1503552856735605	0.01173177473487984	-0.05646597898731121	0.0804705494918697	-0.09669748840496518	0.08135413598381273	-0.04876819918477153	0.05661860820012365	-0.05840611568694076	0.07090127674144746	-0.09267639322761656	0.0391622303206106	-0.043391535382219536	0.060490300744871696	-0.05074480925857067	0.05274036249028077	-0.04080314985258648	0.03024654110197604	-0.05345456603497431	0.060784456598837175	-0.04735080041467787	0.03492515767930558
0.2864688637834252	-0.4424034581661178	0.9999999999999999	-0.8092595657456788	0.013396849636973041	-0.13916180737998277	0.15436467569270232	-0.22409274340384364	0.1558111351251016	-0.013088245382861399	0.052407898325346695	-0.0781061674818015	0.1001544253298514	-0.08261842061404041	0.04552500712581688	-0.052829390805017404	0.05529288624456533	-0.06752965859334735	0.08754451816225811	-0.03688515775671197	0.03946941432353297	-0.05647918447629555	0.04741043937997568	-0.04918445877207573	0.03774509935335268	-0.02762445039785931	0.048678401963372864	-0.056166238132759685	0.04352542369373978	-0.03236608705642389
-0.41452032658042026	0.28963124684360175	-0.8092595657456788	0.9999999999999992	-0.01758711698999729	0.16091198578545612	-0.18069619657054814	0.19403505781655686	-0.20813325891030746	0.016977420184312468	-0.06328215718397767	0.0913289454050041	-0.1181186326882914	0.10103436651815845	-0.057718332547575774	0.06316244581893134	-0.06655839798196378	0.08079621325942017	-0.11145710094818931	0.04632833898484573	-0.04886683044011755	0.06826527331157363	-0.05778898107706147	0.06098447972336724	-0.047382171663082145	0.03402074639486429	-0.060312704805784836	0.06841067239278395	-0.0545847140251247	0.040379303887162134
0.013871395512250306	-0.012092191633791077	0.013396849636973041	-0.01758711698999729	0.9999999999999993	-0.03218429139568208	0.021367410213086226	-0.026449932353989226	0.03882206565644772	-0.9950989423652006	0.014289219558317393	-0.021304078383859237	0.02286803110053508	-0.029227452195663695	0.05805061747889207	-0.0155602848381579	0.016516099195410944	-0.022236720451720503	0.03028226518765827	-0.04948527529541239	0.012209716128288507	-0.01938622668160174	0.017197576727579617	-0.027038080695574646	0.024719651132782475	-0.008825901559710832	0.015449442085702928	-0.020962615156572627	0.020765427384306628	-0.022366650238414852
-0.22804178040288964	0.1678161755105596	-0.13916180737998277	0.16091198578545612	-0.03218429139568208	0.9999999999999992	-0.6362639405990174	0.3139275825108174	-0.45183395599598847	0.03084747019624502	-0.19866999248565206	0.22541269373767442	-0.269116002950787	0.23618435290816625	-0.16159217189875802	0.17273690204259445	-0.1748405590889405	0.20026951899640472	-0.3062182507740306	0.12530607380334324	-0.14465276639606547	0.17685203140464303	-0.1523530737251601	0.16354180915856706	-0.13307705134224182	0.09761651072084589	-0.17709349076451114	0.17879010128784492	-0.15613635908680146	0.11102229931727332
0.17724320771488952	-0.18731321270087634	0.15436467569270232	-0.18069619657054814	0.021367410213086226	-0.6362639405990174	0.9999999999999993	-0.5868466082992002	0.29275613475387263	-0.020763361373180352	0.1505482630339023	-0.2496401139166889	0.23971353083897493	-0.18837889086727774	0.10631961541691269	-0.15327656233092563	0.15370371211519795	-0.1837560223620356	0.20037920197070802	-0.08698310848389444	0.10323550646329245	-0.15375223967176727	0.12499261471627135	-0.12216152302126188	0.09182726392190453	-0.07281394076477478	0.1265264068460771	-0.1480742696055477	0.1073048936083131	-0.07956242950262879
-0.17332417773613853	0.1579265035625745	-0.22409274340384364	0.19403505781655686	-0.026449932353989226	0.3139275825108174	-0.5868466082992002	0.9999999999999991	-0.5189805628343488	0.025662957548501876	-0.14442689972138115	0.22621197509977575	-0.3946253921851934	0.2413657471615086	-0.12189742418624547	0.1408703835233861	-0.15497524581709596	0.18330302007305413	-0.24575055859440195	0.09846708780605819	-0.1024037606224424	0.14854777081584708	-0.12628721382896874	0.12902321651201326	-0.09917029138615183	0.07145060303162254	-0.12622971796964264	0.14394248717219002	-0.11360472293971553	0.08433086753121108
0.15710215210971804	-0.1503552856735605	0.1558111351251016	-0.20813325891030746	0.03882206565644772	-0.45183395599598847	0.29275613475387263	-0.5189805628343488	0.9999999999999981	-0.03959349026438611	0.16344404800011586	-0.2578429871977546	0.2906147400912717	-0.47858683437196	0.1506018251432624	-0.17733899328841551	0.17995811113842464	-0.2374284901428674	0.2866473650391969	-0.1315543199657249	0.12242114342512918	-0.19397332590842495	0.15994149359752957	-0.17402432570700122	0.12464782807694758	-0.0882722104826025	0.15180000619408476	-0.1959281882698363	0.1404655440365832	-0.1111873518523401
-0.013537486677255803	0.01173177473487984	-0.013088245382861399	0.016977420184312468	-0.9950989423652006	0.03084747019624502	-0.020763361373180352	0.025662957548501876	-0.03959349026438611	0.9999999999999979	-0.013805578163071989	0.020570655296577835	-0.0223203849840152	0.028607679339801434	-0.06175038357944854	0.014987987067423122	-0.015949388305812082	0.021419492939497433	-0.02979664749606115	0.04766310641080291	-0.011797218397323856	0.018651824226426635	-0.016582498348904816	0.02600917523666157	-0.024112654450433875	0.008514855433769737	-0.014925918655770448	0.02013743171901075	-0.020154202004968775	0.02149457615142561
0.06516631150571603	-0.05646597898731121	0.052407898325346695	-0.06328215718397767	0.014289219558317393	-0.19866999248565206	0.1505482630339023	-0.14442689972138115	0.16344404800011586	-0.013805578163071989	0.9999999999999969	-0.4023366867200907	0.20969277275607956	-0.14141512499649384	0.08756190965104405	-0.8075584402042715	0.2586288899324754	-0.23329501354784835	0.1645585235065079	-0.07187310316151826	0.13971332116394014	-0.20104569582978402	0.14930992081509675	-0.11403288473415706	0.08268805853046671	-0.10105492469302432	0.14655292276691226	-0.1635985445508413	0.09980184252874082	-0.07150286975428957
-0.09199333189972636	0.0804705494918697	-0.0781061674818015	0.0913289454050041	-0.021304078383859237	0.22541269373767442	-0.2496401139166889	0.22621197509977575	-0.2578429871977546	0.020570655296577835	-0.4023366867200907	0.9999999999999984	-0.5563546289216096	0.23195592992895273	-0.1325986607681656	0.2746886799275073	-0.47187627575961943	0.28290368274598676	-0.26997205559991216	0.10642563492788049	-0.1539387139013373	0.23432703299867225	-0.19356298146299733	0.1527331917434016	-0.11620400383213862	0.10497445154988413	-0.18523534802678676	0.18882197637571818	-0.13740854559207488	0.09754919323608854
0.10461963108726771	-0.09669748840496518	0.1001544253298514	-0.1181186326882914	0.02286803110053508	-0.269116002950787	0.23971353083897493	-0.3946253921851934	0.2906147400912717	-0.0223203849840152	0.20969277275607956	-0.5563546289216096	0.9999999999999987	-0.45297062115242037	0.1392228380829283	-0.22090526519989545	0.25149001438273977	-0.33443789899970444	0.2807772160126467	-0.11849910290698322	0.12997992495857455	-0.22450564930144473	0.18316302620363986	-0.1637088777040005	0.11751157240092024	-0.09309588058637852	0.1599293608321292	-0.19707340424672798	0.13474295599050357	-0.10205079651634912
-0.08993107864147108	0.08135413598381273	-0.08261842061404041	0.10103436651815845	-0.029227452195663695	0.23618435290816625	-0.18837889086727774	0.2413657471615086	-0.47858683437196	0.028607679339801434	-0.14141512499649384	0.23195592992895273	-0.45297062115242037	0.9999999999999957	-0.22017348608559345	0.14376056959863304	-0.16554121291050042	0.21142313800155887	-0.6253891891548546	0.1702585762923183	-0.10410038317672898	0.16258599739070434	-0.14498274118047494	0.18079410055860137	-0.13915563496284775	0.0737984492065926	-0.13007413898830072	0.16028613601902844	-0.14553129328742825	0.11466733753285899
0.05390427212555657	-0.04876819918477153	0.04552500712581688	-0.057718332547575774	0.05805061747889207	-0.16159217189875802	0.10631961541691269	-0.12189742418624547	0.1506018251432624	-0.06175038357944854	0.08756190965104405	-0.1325986607681656	0.1392228380829283	-0.22017348608559345	0.9999999999999976	-0.09651758905182613	0.10679473028028164	-0.14840310737953194	0.22540800261434515	-0.8440536486257478	0.07943216325665936	-0.13123968095248625	0.12224861224237005	-0.24061776833105047	0.24271494310063527	-0.057822358964348126	0.10195740116932347	-0.14574240099642724	0.17047608837654238	-0.2213228083742197
-0.06666600211098318	0.05661860820012365	-0.052829390805017404	0.06316244581893134	-0.0155602848381579	0.17273690204259445	-0.15327656233092563	0.1408703835233861	-0.17733899328841551	0.014987987067423122	-0.8075584402042715	0.2746886799275073	-0.22090526519989545	0.14376056959863304	-0.09651758905182613	0.9999999999999964	-0.35983558767258994	0.22348739257255817	-0.18374638238818197	0.0775690703820846	-0.18033757825560087	0.20121363340772286	-0.15960641731571745	0.11946607112702419	-0.08995731053574954	0.11489827338925987	-0.17176396736833585	0.1652086609202209	-0.10906435058640115	0.07629545391672267
0.06687243087897268	-0.05840611568694076	0.05529288624456533	-0.06655839798196378	0.016516099195410944	-0.1748405590889405	0.15370371211519795	-0.15497524581709596	0.17995811113842464	-0.015949388305812082	0.2586288899324754	-0.47187627575961943	0.25149001438273977	-0.16554121291050042	0.10679473028028164	-0.35983558767258994	0.999999999999995	-0.5659053199234723	0.20277776231998954	-0.0882204181836974	0.163479463373362	-0.4506278984838039	0.2588272139343153	-0.1525954165953462	0.10724547797843559	-0.11567509306296493	0.19984136695937368	-0.22011349408873115	0.1307593331279842	-0.09106706771926341
-0.0825072657226153	0.07090127674144746	-0.06752965859334735	0.08079621325942017	-0.022236720451720503	0.20026951899640472	-0.1837560223620356	0.18330302007305413	-0.2374284901428674	0.021419492939497433	-0.23329501354784835	0.28290368274598676	-0.33443789899970444	0.21142313800155887	-0.14840310737953194	0.22348739257255817	-0.5659053199234723	0.9999999999999984	-0.3113296664903196	0.12091201650252947	-0.19663413842826408	0.3132269693652406	-0.46242883723428096	0.2033168369457053	-0.14961412960082116	0.13319955972660738	-0.2530138957372462	0.26315974261675656	-0.18242726010207017	0.12262857540716222
0.1008189488426487	-0.09267639322761656	0.08754451816225811	-0.11145710094818931	0.03028226518765827	-0.3062182507740306	0.20037920197070802	-0.24575055859440195	0.2866473650391969	-0.02979664749606115	0.1645585235065079	-0.26997205559991216	0.2807772160126467	-0.6253891891548546	0.22540800261434515	-0.18374638238818197	0.20277776231998954	-0.3113296664903196	0.9999999999999928	-0.2584993094683736	0.1318036184304549	-0.22292209347266204	0.1990986275282893	-0.3172115251252417	0.1898582533283871	-0.09574689922604512	0.16626137270220925	-0.22719330487573317	0.1962599630347089	-0.16456625330049596
-0.04369715917431775	0.0391622303206106	-0.03688515775671197	0.04632833898484573	-0.04948527529541239	0.12530607380334324	-0.08698310848389444	0.09846708780605819	-0.1315543199657249	0.04766310641080291	-0.07187310316151826	0.10642563492788049	-0.11849910290698322	0.1702585762923183	-0.8440536486257478	0.0775690703820846	-0.0882204181836974	0.12091201650252947	-0.2584993094683736	0.9999999999999968	-0.0670194083585619	0.10644508121344887	-0.10370187026168688	0.20606691791301315	-0.35009824498201786	0.04815826644765443	-0.0862858324171555	0.11799681703213326	-0.16715452359111707	0.1932512674011342
0.04967696205351613	-0.043391535382219536	0.03946941432353297	-0.04886683044011755	0.012209716128288507	-0.14465276639606547	0.10323550646329245	-0.1024037606224424	0.12242114342512918	-0.011797218397323856	0.13971332116394014	-0.1539387139013373	0.12997992495857455	-0.10410038317672898	0.07943216325665936	-0.18033757825560087	0.163479463373362	-0.19663413842826408	0.1318036184304549	-0.0670194083585619	0.9999999999999946	-0.3046189321954258	0.18859781163486217	-0.13206326731848475	0.08809445137642023	-0.7797538852827781	0.3128054484028848	-0.32315360969087903	0.11378259052763878	-0.08196950161654065
-0.07063844458806023	0.060490300744871696	-0.05647918447629555	0.06826527331157363	-0.01938622668160174	0.17685203140464303	-0.15375223967176727	0.14854777081584708	-0.19397332590842495	0.018651824226426635	-0.20104569582978402	0.23432703299867225	-0.22450564930144473	0.16258599739070434	-0.13123968095248625	0.20121363340772286	-0.4506278984838039	0.3132269693652406	-0.22292209347266204	0.10644508121344887	-0.3046189321954258	0.9999999999999966	-0.5557612352772322	0.20365591330977573	-0.14751570176346288	0.1965474978150063	-0.40112468400106105	0.3072612975086768	-0.18579464357007336	0.12131502235826255
0.05859901264890787	-0.05074480925857067	0.04741043937997568	-0.05778898107706147	0.017197576727579617	-0.1523530737251601	0.12499261471627135	-0.12628721382896874	0.15994149359752957	-0.016582498348904816	0.14930992081509675	-0.19356298146299733	0.18316302620363986	-0.14498274118047494	0.12224861224237005	-0.15960641731571745	0.2588272139343153	-0.46242883723428096	0.1990986275282893	-0.10370187026168688	0.18859781163486217	-0.5557612352772322	0.9999999999999954	-0.30605982620997724	0.15702561829865266	-0.13827244416622025	0.2606072303650842	-0.5243844519558581	0.19725156326873555	-0.1317533799715681
-0.06013675123383783	0.05274036249028077	-0.04918445877207573	0.06098447972336724	-0.027038080695574646	0.16354180915856706	-0.12216152302126188	0.12902321651201326	-0.17402432570700122	0.02600917523666157	-0.11403288473415706	0.1527331917434016	-0.1637088777040005	0.18079410055860137	-0.24061776833105047	0.11946607112702419	-0.1525954165953462	0.2033168369457053	-0.3172115251252417	0.20606691791301315	-0.13206326731848475	0.20365591330977573	-0.30605982620997724	0.9999999999999958	-0.5221993629049997	0.09273355029644019	-0.17561472633784467	0.23176651734851833	-0.5728914835480039	0.3067081406312503
0.045877173073054126	-0.04080314985258648	0.03774509935335268	-0.047382171663082145	0.024719651132782475	-0.13307705134224182	0.09182726392190453	-0.09917029138615183	0.12464782807694758	-0.024112654450433875	0.08268805853046671	-0.11620400383213862	0.11751157240092024	-0.13915563496284775	0.24271494310063527	-0.08995731053574954	0.10724547797843559	-0.14961412960082116	0.1898582533283871	-0.35009824498201786	0.08809445137642023	-0.14751570176346288	0.15702561829865266	-0.5221993629049997	0.9999999999999958	-0.06388502226909387	0.11618510908575273	-0.17430217546245774	0.3148020386245406	-0.6434656322821048
-0.0348896722317386	0.03024654110197604	-0.02762445039785931	0.03402074639486429	-0.008825901559710832	0.09761651072084589	-0.07281394076477478	0.07145060303162254	-0.0882722104826025	0.008514855433769737	-0.10105492469302432	0.10497445154988413	-0.09309588058637852	0.0737984492065926	-0.057822358964348126	0.11489827338925987	-0.11567509306296493	0.13319955972660738	-0.09574689922604512	0.04815826644765443	-0.7797538852827781	0.1965474978150063	-0.13827244416622025	0.09273355029644019	-0.06388502226909387	0.9999999999999959	-0.5273206901687689	0.2239909277014795	-0.08336534119127044	0.05826848317559521
0.061166088654151976	-0.05345456603497431	0.048678401963372864	-0.060312704805784836	0.015449442085702928	-0.17709349076451114	0.1265264068460771	-0.12622971796964264	0.15180000619408476	-0.014925918655770448	0.14655292276691226	-0.18523534802678676	0.1599293608321292	-0.13007413898830072	0.10195740116932347	-0.17176396736833585	0.19984136695937368	-0.2530138957372462	0.16626137270220925	-0.0862858324171555	0.3128054484028848	-0.40112468400106105	0.2606072303650842	-0.17561472633784467	0.11618510908575273	-0.5273206901687689	0.9999999999999961	-0.5494041885136114	0.15338089880691147	-0.10928758102219621
-0.07138278379048257	0.060784456598837175	-0.056166238132759685	0.06841067239278395	-0.020962615156572627	0.17879010128784492	-0.1480742696055477	0.14394248717219002	-0.1959281882698363	0.02013743171901075	-0.1635985445508413	0.18882197637571818	-0.19707340424672798	0.16028613601902844	-0.14574240099642724	0.1652086609202209	-0.22011349408873115	0.26315974261675656	-0.22719330487573317	0.11799681703213326	-0.32315360969087903	0.3072612975086768	-0.5243844519558581	0.23176651734851833	-0.17430217546245774	0.2239909277014795	-0.5494041885136114	0.9999999999999959	-0.2668157539620257	0.15373820864960958
0.05341342791191751	-0.04735080041467787	0.04352542369373978	-0.0545847140251247	0.020765427384306628	-0.15613635908680146	0.1073048936083131	-0.11360472293971553	0.1404655440365832	-0.020154202004968775	0.09980184252874082	-0.13740854559207488	0.13474295599050357	-0.14553129328742825	0.17047608837654238	-0.10906435058640115	0.1307593331279842	-0.18242726010207017	0.1962599630347089	-0.16715452359111707	0.11378259052763878	-0.18579464357007336	0.19725156326873555	-0.5728914835480039	0.3148020386245406	-0.08336534119127044	0.15338089880691147	-0.2668157539620257	0.9999999999999961	-0.6344479945781304
-0.039657481495522395	0.03492515767930558	-0.03236608705642389	0.040379303887162134	-0.022366650238414852	0.11102229931727332	-0.07956242950262879	0.08433086753121108	-0.1111873518523401	0.02149457615142561	-0.07150286975428957	0.09754919323608854	-0.10205079651634912	0.11466733753285899	-0.2213228083742197	0.07629545391672267	-0.09106706771926341	0.12262857540716222	-0.16456625330049596	0.1932512674011342	-0.08196950161654065	0.12131502235826255	-0.1317533799715681	0.3067081406312503	-0.6434656322821048	0.05826848317559521	-0.10928758102219621	0.15373820864960958	-0.6344479945781304	0.9999999999999958
