1.0	-0.553925803558889	0.24083186652845795	-0.09729025444823465	0.08106539109077256	-0.6275779807564581	0.31216490414074155	-0.26930153828317716	0.08144536139652016	-0.0699283732834288	0.24246592864078387	-0.23401674315525864	0.1623481547692766	-0.11970143061872429	0.12429702896883495	-0.12317022852079915	0.13740897554770337	-0.12696188248580811	0.12219896293660248	-0.08259349765717164	0.09736382412878403	-0.11899191303305238	0.11881156028665639	-0.09216634222923581	0.06489969680230026	-0.11999860621290054	0.07367404974975246	-0.07437367957070815	0.07504116184269598	-0.08362780896196059	0.09244223717491483	-0.08617523217796738	0.07441208644205363	-0.06204172012903472	0.06917867134806731	-0.06199219563362064	0.05522351716654189	-0.03693443328635076	0.03477140652127982	-0.03677630829269104	0.07904513178737588	-0.06363871371315323	0.038769897335124315	-0.02625588172879953	0.028487674184289605
-0.553925803558889	0.9999999999999999	-0.4891849559960598	0.07867953419904503	-0.06574785702890429	0.2898344108468104	-0.5553667367190388	0.30030738762955417	-0.06573719839343156	0.054495310877646606	-0.19164548659437558	0.18052819690630134	-0.1341117577243291	0.09086183952734919	-0.0953902940387966	0.08730963834723532	-0.10554972551646989	0.09594992980082212	-0.09131603957074384	0.05828242087988464	-0.06975646976552219	0.08175942261229527	-0.08717003190362811	0.06653617548901804	-0.04630869415937959	0.08162640832892011	-0.05113887076041256	0.051980387369213045	-0.05334657389231512	0.05868866914306976	-0.06413011030147006	0.05902923120468007	-0.05217413139202805	0.043327890508538434	-0.048470083974138226	0.04252153023585097	-0.03796607630828573	0.025369903207624816	-0.02405038562871411	0.025346737725282873	-0.054630221854330994	0.043465400373644124	-0.026692408961332723	0.018107426664694656	-0.019661288734192674
0.24083186652845795	-0.4891849559960598	0.9999999999999998	-0.10323938736425772	0.07659071745450799	-0.23525544258613285	0.2967384206280526	-0.7612568627288271	0.07627550589178289	-0.061615152137176325	0.15304098838552008	-0.15847401613595696	0.13973865733330806	-0.09898627302364979	0.09919276150425264	-0.08316806254459477	0.09753117858497069	-0.09911190812708173	0.09113798002393421	-0.059411432444739724	0.06634595367827574	-0.08232506828101599	0.08669940651159208	-0.0673138928200229	0.046824478822428905	-0.07962351072322162	0.05109895958002076	-0.0521633945672835	0.0536141490897539	-0.05946335686378396	0.06297339524290436	-0.05908967000943133	0.052072379175071196	-0.043527823472104606	0.048501697153911734	-0.042016447367152335	0.03782665478897633	-0.025335068377847207	0.024083143200250835	-0.025430563981473513	0.05395365761237765	-0.04338482877554517	0.026615889138137127	-0.0181366982342283	0.019681312181269173
-0.09729025444823465	0.07867953419904503	-0.10323938736425772	1.0000000000000002	-0.6380224252401859	0.08866426093124871	-0.08709239377101549	0.09232476802844486	-0.5883054328045094	0.3284140313648894	-0.1150618635932342	0.10926716588381818	-0.1746012912789347	0.24629656322174587	-0.3174633330907855	0.08403847238483578	-0.10314656392082065	0.12042973642739806	-0.13939856973091794	0.08928328093813992	-0.07408208580961581	0.10427322702042446	-0.12097548602855586	0.09604677570739582	-0.07115533593118668	0.08650846972243147	-0.0666145968596217	0.06959565052221776	-0.07704369847931578	0.08367474001776207	-0.0797106780626856	0.07547731202135712	-0.07086602256936607	0.06001595533458971	-0.06808122879118947	0.052628373298314705	-0.04893978488135943	0.03309131724553253	-0.032642770106648185	0.034314992534063324	-0.07023612507773297	0.05539922941174596	-0.03498429488160181	0.02438662748948563	-0.026610852406803123
0.08106539109077256	-0.06574785702890429	0.07659071745450799	-0.6380224252401859	1.0	-0.07724203403314142	0.07261511973608165	-0.07630126822736016	0.31927611729133526	-0.6308610091754311	0.09761712487493669	-0.09636114733275535	0.1430293252178099	-0.22850700151172584	0.2525189645618885	-0.07710095913552559	0.09117584696846562	-0.10741292828493232	0.11946081159283009	-0.08508388281166179	0.067732865545387	-0.1012425569179239	0.10725611024714021	-0.08818095648061533	0.06549963024351191	-0.0819397473396419	0.06326701603979648	-0.0656760557452177	0.07106718633586678	-0.07962087647921949	0.07492754941960467	-0.07291560953782841	0.06610427737087018	-0.05660397990356932	0.06349699110847959	-0.05011914101249685	0.04682789116136359	-0.03172181649114253	0.03102568181075188	-0.03283162393907525	0.0663903837565754	-0.0535221628285351	0.03338882104144675	-0.023281127320629043	0.025348454221252825
-0.6275779807564581	0.2898344108468104	-0.23525544258613285	0.08866426093124871	-0.07724203403314142	1.0000000000000002	-0.4764351920456318	0.22334920128367364	-0.07829078480366929	0.06638808212524606	-0.44386185475343276	0.2547691081436269	-0.17245619370757187	0.11527018465349861	-0.12249891561147194	0.12334516814468478	-0.14694020087671453	0.1263561440581235	-0.12139239616013532	0.07661920775981547	-0.09765101220392197	0.10849378589429505	-0.11626604221680308	0.08798981977818598	-0.061147124936587145	0.11153284507680535	-0.06819350454725899	0.06908746954153097	-0.07073778281980235	0.07746288495186432	-0.08680180526398555	0.07861907436650803	-0.06956388329661331	0.05749153034406916	-0.06445349065986034	0.05723563753750887	-0.05072857513117318	0.03382507925747247	-0.03197462325854896	0.0336482123225565	-0.07350534438359542	0.05799577849900604	-0.035625002931750506	0.02407135374079872	-0.026142685325419045
0.31216490414074155	-0.5553667367190388	0.2967384206280526	-0.08709239377101549	0.07261511973608165	-0.4764351920456318	1.0	-0.470044278619855	0.07451691490246834	-0.06270557046220102	0.24239438662908208	-0.31082357996753457	0.1669745551894918	-0.11156626460369878	0.11113020927894397	-0.11342078641203396	0.13484136864984797	-0.1217585429556832	0.11005116314812892	-0.07093226422758792	0.08640573380729591	-0.10035466962114291	0.10532089184861375	-0.08115127309348212	0.056048468730560325	-0.10243996459809825	0.06227262129419407	-0.0632520370220823	0.06451493948542536	-0.07140715466077117	0.0777906791154427	-0.07204537067781717	0.06310361003616394	-0.05248826024199591	0.05843727597261236	-0.05178220534622904	0.04611393607880929	-0.03079294824529632	0.029086017786686364	-0.030686467301392975	0.06596036535812388	-0.052911929280518015	0.032342464036587165	-0.021917613394957257	0.023766724532545414
-0.26930153828317716	0.30030738762955417	-0.7612568627288271	0.09232476802844486	-0.07630126822736016	0.22334920128367364	-0.470044278619855	1.0000000000000004	-0.0777440254799247	0.06235874557448619	-0.17411391596536552	0.17071085365387928	-0.1756957915757875	0.10432712613554786	-0.10581181463038723	0.08690771058134907	-0.10715821576801528	0.10785396998202983	-0.09886251025635971	0.06136694823902978	-0.06993655603098532	0.08404366958349485	-0.09305729250026036	0.07089911601393963	-0.04884962233468632	0.081192409313779	-0.05260184435318555	0.05390216129481798	-0.055954957265635125	0.061389501185388204	-0.06493883054512946	0.060283937037543034	-0.05396620210564038	0.044911349973441636	-0.050178557084759795	0.042994850525716465	-0.038709571808797485	0.025901147216478484	-0.02471380371006819	0.02602787637667214	-0.05546215113013938	0.04419964048884341	-0.027256675946030533	0.01857651681643862	-0.020169989544465784
0.08144536139652016	-0.06573719839343156	0.07627550589178289	-0.5883054328045094	0.31927611729133526	-0.07829078480366929	0.07451691490246834	-0.0777440254799247	1.0000000000000018	-0.5742131769462729	0.10249137897396396	-0.10552329166261046	0.17308046605995195	-0.4157278384519228	0.2872415983498501	-0.08074248712675773	0.09671297184936864	-0.12215839850113062	0.13235679824241658	-0.08733634453466796	0.06904336102694686	-0.10129443259650867	0.11244411133203554	-0.09392089607053695	0.06775462566328992	-0.0827803801850971	0.06326313651531873	-0.06629067018507641	0.07288473120377773	-0.08112280897750612	0.07388199899894277	-0.0722334432999974	0.06632769628163214	-0.056890147691213214	0.06353607753264952	-0.049329382159448126	0.04618576287210674	-0.03127539036289154	0.030732118015463314	-0.03246697192940795	0.06501922285341706	-0.05263511939557369	0.032900080953544575	-0.023013064080533885	0.025025878274292337
-0.0699283732834288	0.054495310877646606	-0.061615152137176325	0.3284140313648894	-0.6308610091754311	0.06638808212524606	-0.06270557046220102	0.06235874557448619	-0.5742131769462729	1.0000000000000018	-0.08870195164960584	0.08812396386027657	-0.14424572315679535	0.24593809013290985	-0.39280079340162904	0.06930511391456935	-0.08348085306254885	0.1015101780797267	-0.1144751927444542	0.07893205880749268	-0.06026302262696123	0.08855961294714197	-0.09872985709278663	0.08130297991791935	-0.061316396896187564	0.071954745912688	-0.05563085946486546	0.058213416916380746	-0.06445037292180307	0.07138624869171711	-0.06525339017494909	0.0634992033750389	-0.058585329298878955	0.050213299037265395	-0.05637923696043117	0.0435044375820818	-0.040744362972439746	0.02760993943191448	-0.02719981331641838	0.028717700094007058	-0.05758047054904206	0.04638997013171184	-0.02907615760070722	0.020356686617241573	-0.022162904116449333
0.24246592864078387	-0.19164548659437558	0.15304098838552008	-0.1150618635932342	0.09761712487493669	-0.44386185475343276	0.24239438662908208	-0.17411391596536552	0.10249137897396396	-0.08870195164960584	1.0000000000000016	-0.6722981188475151	0.24347350410167454	-0.17082690556011357	0.16160476874307686	-0.23216201579381487	0.23435883098373086	-0.19769465905741662	0.17040682714425248	-0.1132848024645742	0.15304996807662632	-0.16563290939078273	0.16514360767724431	-0.12908628037252406	0.08867201808356778	-0.18588253188614132	0.10150592817847183	-0.10222032649427099	0.10227940916299369	-0.11441463639912855	0.12828189511406696	-0.1184921411215321	0.10113577059063707	-0.08406875241693547	0.0929174755919878	-0.08600080085519016	0.07530826231156086	-0.05011311335121301	0.04672270299070488	-0.049376134325464206	0.10706827423236116	-0.08689145846941279	0.05246886565489429	-0.03530146243761589	0.038180460609987976
-0.23401674315525864	0.18052819690630134	-0.15847401613595696	0.10926716588381818	-0.09636114733275535	0.2547691081436269	-0.31082357996753457	0.17071085365387928	-0.10552329166261046	0.08812396386027657	-0.6722981188475151	1.000000000000004	-0.3870156053871178	0.17636242391170057	-0.17044940513815965	0.20803023145945948	-0.3445972456364146	0.22019782037965094	-0.1837961984182189	0.10710604814933261	-0.15154449423560182	0.15091766592482414	-0.17244730251877063	0.12846557343169562	-0.08579915357737032	0.16194599515206592	-0.09418348455684976	0.09588467976745074	-0.09869934582064517	0.10758500202707046	-0.11838457544073748	0.10704846754088577	-0.09535402668465781	0.07852646097942304	-0.08721282850750109	0.07759571606554913	-0.06848841631088223	0.0455006055569241	-0.04293302201860506	0.04509774136207104	-0.09828054420618587	0.07808037467594019	-0.04783864703868533	0.0322769197697467	-0.034955076373473226
0.1623481547692766	-0.1341117577243291	0.13973865733330806	-0.1746012912789347	0.1430293252178099	-0.17245619370757187	0.1669745551894918	-0.1756957915757875	0.17308046605995195	-0.14424572315679535	0.24347350410167454	-0.3870156053871178	1.0000000000000029	-0.4476203799930187	0.25755185696786365	-0.2034193037044394	0.24751661676482864	-0.5247049256192634	0.2676613732052914	-0.16213960738869548	0.15082155781142298	-0.21083959474309877	0.24375565172194036	-0.19792187212311627	0.1258599160628164	-0.18131741299817392	0.1270829352649237	-0.1349574720430253	0.14106168865765903	-0.15873101261409278	0.1438081843375696	-0.14392761605735543	0.1297346819420456	-0.11039835044264651	0.12014585759823009	-0.09657959289303626	0.08998367828474012	-0.060540878619391995	0.058532423956219506	-0.06188305248776044	0.12362286148873187	-0.10278545377837686	0.06329862249217233	-0.04391211320802927	0.04743804618838218
-0.11970143061872429	0.09086183952734919	-0.09898627302364979	0.24629656322174587	-0.22850700151172584	0.11527018465349861	-0.11156626460369878	0.10432712613554786	-0.4157278384519228	0.24593809013290985	-0.17082690556011357	0.17636242391170057	-0.4476203799930187	1.0000000000000024	-0.6137007482518659	0.12891328720789338	-0.1634477726046591	0.21993869952765585	-0.2624020395663009	0.13631688876787307	-0.10796652984003301	0.15215823039549178	-0.1899827963886808	0.15620473734781987	-0.10889955999216473	0.1256863297668057	-0.09591389502390388	0.10185340517236333	-0.11594083341828593	0.12548622511997232	-0.11005408483680258	0.10749379852803456	-0.10167620760710537	0.08690233960533111	-0.09684884953066018	0.07303725247587284	-0.06857313029405163	0.04640262458044858	-0.046001134016962694	0.048404704531336384	-0.09594850504774044	0.07764134228404454	-0.04883889435885202	0.03430991098592208	-0.037279976663922576
0.12429702896883495	-0.0953902940387966	0.09919276150425264	-0.3174633330907855	0.2525189645618885	-0.12249891561147194	0.11113020927894397	-0.10581181463038723	0.2872415983498501	-0.39280079340162904	0.16160476874307686	-0.17044940513815965	0.25755185696786365	-0.6137007482518659	1.000000000000003	-0.1380585230972086	0.1598758709936984	-0.20196203761972253	0.21421103805249442	-0.18059981367753597	0.11854160577314614	-0.18540768941929267	0.19045177521901535	-0.16628921065993205	0.1293833354898933	-0.146439747072065	0.11388683929300333	-0.11904946561532269	0.13079291917565586	-0.1502713199987046	0.13120995424792317	-0.13175878564138338	0.11814665508867928	-0.10298425841537873	0.11419246300950506	-0.08855733883509168	0.08356289719944575	-0.05677295477368932	0.05573599333098547	-0.059212941390389615	0.1162306736085815	-0.09591926572542185	0.0595097824757448	-0.041842334872738376	0.045435411732716244
-0.12317022852079915	0.08730963834723532	-0.08316806254459477	0.08403847238483578	-0.07710095913552559	0.12334516814468478	-0.11342078641203396	0.08690771058134907	-0.08074248712675773	0.06930511391456935	-0.23216201579381487	0.20803023145945948	-0.2034193037044394	0.12891328720789338	-0.1380585230972086	1.0000000000000029	-0.6427744914830659	0.21415497180093182	-0.18810657639836934	0.10243302707844486	-0.5498842477203946	0.16364128743948125	-0.1816496347587386	0.12772100340941722	-0.08415774097155242	0.27621472437180516	-0.10671300808048195	0.10218272944394195	-0.0999258503740902	0.10599346973004274	-0.16797113308517794	0.12082282589302887	-0.10363963732172082	0.08124529959050444	-0.09100184915334816	0.10085011424928127	-0.0796609672895561	0.05122662924340147	-0.045680458493330155	0.04739108802419031	-0.12402112562852599	0.08997697733580849	-0.05424403676169911	0.03451211484789266	-0.03726110148068219
0.13740897554770337	-0.10554972551646989	0.09753117858497069	-0.10314656392082065	0.09117584696846562	-0.14694020087671453	0.13484136864984797	-0.10715821576801528	0.09671297184936864	-0.08348085306254885	0.23435883098373086	-0.3445972456364146	0.24751661676482864	-0.1634477726046591	0.1598758709936984	-0.6427744914830659	1.000000000000002	-0.39506863156298966	0.21865984277529715	-0.12894826937587306	0.26163347039271073	-0.20996729334756803	0.21213836674852055	-0.1609123642098462	0.10263110683267562	-0.2948476615855783	0.12491809855426615	-0.12285661120558743	0.11955563050193149	-0.1314467413612989	0.1634035950413319	-0.1426160577764705	0.11977175522506558	-0.09684700613476067	0.10615066983757587	-0.10777461599897716	0.08983571321428528	-0.05869707674102888	0.0531937364480044	-0.05573826648080149	0.1281088423156491	-0.10320607823674319	0.06137717329081574	-0.04018661789253136	0.043235030463681864
-0.12696188248580811	0.09594992980082212	-0.09911190812708173	0.12042973642739806	-0.10741292828493232	0.1263561440581235	-0.1217585429556832	0.10785396998202983	-0.12215839850113062	0.1015101780797267	-0.19769465905741662	0.22019782037965094	-0.5247049256192634	0.21993869952765585	-0.20196203761972253	0.21415497180093182	-0.39506863156298966	1.0000000000000018	-0.4866497431149366	0.1656967833095132	-0.16116951534786722	0.20787215400241094	-0.4196971030033517	0.24450067409679227	-0.13850743196924542	0.17313710607835484	-0.13042274467872444	0.14370014797863517	-0.15789019611064284	0.16484225292744079	-0.14014615093588736	0.13876469828665666	-0.13777455942270292	0.11331258496769793	-0.12335274031689354	0.09205158613261631	-0.08700558225405193	0.058372216161324465	-0.05763984165960002	0.06022739103369409	-0.11890224976205398	0.09728197878658065	-0.061300194041395854	0.042806443625633316	-0.04623290852364201
0.12219896293660248	-0.09131603957074384	0.09113798002393421	-0.13939856973091794	0.11946081159283009	-0.12139239616013532	0.11005116314812892	-0.09886251025635971	0.13235679824241658	-0.1144751927444542	0.17040682714425248	-0.1837961984182189	0.2676613732052914	-0.2624020395663009	0.21421103805249442	-0.18810657639836934	0.21865984277529715	-0.4866497431149366	1.0000000000000042	-0.28300414168857785	0.14662508538153252	-0.24627096543292368	0.3154414302513976	-0.5353568946983429	0.21871160914471358	-0.1804964217030833	0.15102253275899064	-0.17199876762142582	0.2329843314275524	-0.264328574410199	0.1546906597817033	-0.1668809891218641	0.1632182627208682	-0.15561538029118357	0.162745433620609	-0.10462103576679116	0.10285527840440756	-0.07082930657513672	0.07415013738795197	-0.07841138655606673	0.13523208843808918	-0.11637439208446483	0.07383225713177702	-0.054801271575166274	0.058910801767127714
-0.08259349765717164	0.05828242087988464	-0.059411432444739724	0.08928328093813992	-0.08508388281166179	0.07661920775981547	-0.07093226422758792	0.06136694823902978	-0.08733634453466796	0.07893205880749268	-0.1132848024645742	0.10710604814933261	-0.16213960738869548	0.13631688876787307	-0.18059981367753597	0.10243302707844486	-0.12894826937587306	0.1656967833095132	-0.28300414168857785	1.0000000000000016	-0.09432245924466222	0.1593068138230657	-0.2557132251691911	0.26799702034536016	-0.810569683050069	0.10849133297629197	-0.11232596703704553	0.13201720527740446	-0.247698654362016	0.24479456325939206	-0.11438117290890676	0.11722222456469003	-0.14092576829135647	0.13654938839292732	-0.1701111636768573	0.07510563760172952	-0.0762676099139792	0.05433610963142819	-0.0648499805515023	0.06674326842587032	-0.10279846528887134	0.08301261859754433	-0.05785055824203151	0.04628409489376011	-0.05127209254504775
0.09736382412878403	-0.06975646976552219	0.06634595367827574	-0.07408208580961581	0.067732865545387	-0.09765101220392197	0.08640573380729591	-0.06993655603098532	0.06904336102694686	-0.06026302262696123	0.15304996807662632	-0.15154449423560182	0.15082155781142298	-0.10796652984003301	0.11854160577314614	-0.5498842477203946	0.26163347039271073	-0.16116951534786722	0.14662508538153252	-0.09432245924466222	1.0000000000000024	-0.18137100349145063	0.15124142284990663	-0.1113685378389399	0.07590544129547848	-0.6842727113615604	0.11502164266618949	-0.10356990460258497	0.09189564423360361	-0.09967656687533585	0.20347157102162347	-0.13862516751894166	0.10361147026768995	-0.0796967180903752	0.08831526802195847	-0.12889971682847756	0.08908942306233204	-0.056211105803174816	0.04667410668658423	-0.04850926590365105	0.13641624629683982	-0.10362901570395398	0.0587565004174645	-0.035720046132046546	0.03821204489925415
-0.11899191303305238	0.08175942261229527	-0.08232506828101599	0.10427322702042446	-0.1012425569179239	0.10849378589429505	-0.10035466962114291	0.08404366958349485	-0.10129443259650867	0.08855961294714197	-0.16563290939078273	0.15091766592482414	-0.21083959474309877	0.15215823039549178	-0.18540768941929267	0.16364128743948125	-0.20996729334756803	0.20787215400241094	-0.24627096543292368	0.1593068138230657	-0.18137100349145063	1.0	-0.40561830774459434	0.20798287861072398	-0.13969341812141067	0.19552945191979884	-0.5727766899585184	0.27060174693993827	-0.1908431921249021	0.18390745109996676	-0.27209884117342403	0.29485234658590687	-0.291404112534157	0.17365923098958397	-0.20200584850052947	0.16829943383188437	-0.1940504558202613	0.11446663940849017	-0.0986260760141878	0.09802155205559265	-0.24401091330319297	0.18326575725554373	-0.12537006377238824	0.07356991938733154	-0.07992665313949181
0.11881156028665639	-0.08717003190362811	0.08669940651159208	-0.12097548602855586	0.10725611024714021	-0.11626604221680308	0.10532089184861375	-0.09305729250026036	0.11244411133203554	-0.09872985709278663	0.16514360767724431	-0.17244730251877063	0.24375565172194036	-0.1899827963886808	0.19045177521901535	-0.1816496347587386	0.21213836674852055	-0.4196971030033517	0.3154414302513976	-0.2557132251691911	0.15124142284990663	-0.40561830774459434	1.000000000000001	-0.4919635484173545	0.20625083213275294	-0.1853151527646091	0.2158536211955597	-0.28962785734554786	0.23803154077040914	-0.259926089686456	0.17645479231388966	-0.21551377553823076	0.22035926921413032	-0.17746437448993946	0.1823725260956749	-0.11932767358163734	0.1259765467058891	-0.08484708807728879	0.08448787995613101	-0.08831849371062861	0.1559498386382744	-0.13907949806755987	0.08806024096782805	-0.06253274468595472	0.06687375382847491
-0.09216634222923581	0.06653617548901804	-0.0673138928200229	0.09604677570739582	-0.08818095648061533	0.08798981977818598	-0.08115127309348212	0.07089911601393963	-0.09392089607053695	0.08130297991791935	-0.12908628037252406	0.12846557343169562	-0.19792187212311627	0.15620473734781987	-0.16628921065993205	0.12772100340941722	-0.1609123642098462	0.24450067409679227	-0.5353568946983429	0.26799702034536016	-0.1113685378389399	0.20798287861072398	-0.4919635484173545	1.0000000000000024	-0.36532727821867433	0.13043682520645183	-0.1405853910453118	0.17221138597456803	-0.41906507767747125	0.27874313160274894	-0.1294713832956191	0.1421430866890056	-0.16906461906604472	0.16334388720510637	-0.1757520396874311	0.08599919426872495	-0.08895159907459957	0.06240442237470066	-0.07168667134828394	0.07379377047690894	-0.11503844283570319	0.09710912397644555	-0.0656670926263405	0.05138571990339495	-0.055599504929994145
0.06489969680230026	-0.04630869415937959	0.046824478822428905	-0.07115533593118668	0.06549963024351191	-0.061147124936587145	0.056048468730560325	-0.04884962233468632	0.06775462566328992	-0.061316396896187564	0.08867201808356778	-0.08579915357737032	0.1258599160628164	-0.10889955999216473	0.1293833354898933	-0.08415774097155242	0.10263110683267562	-0.13850743196924542	0.21871160914471358	-0.810569683050069	0.07590544129547848	-0.13969341812141067	0.20625083213275294	-0.36532727821867433	0.9999999999999994	-0.08984263756563494	0.09477367632297395	-0.11542570936457971	0.23044795051937927	-0.334396800608109	0.09200352764863903	-0.10004713576712333	0.11691493180310018	-0.12342811705010828	0.14295290001339434	-0.06135495729253987	0.06335750351955267	-0.045463175338584585	0.05484279640148095	-0.05716396232744431	0.08259444147272865	-0.06965621267207493	0.04790312017543189	-0.039256902774277874	0.042854008224769244
-0.11999860621290054	0.08162640832892011	-0.07962351072322162	0.08650846972243147	-0.0819397473396419	0.11153284507680535	-0.10243996459809825	0.081192409313779	-0.0827803801850971	0.071954745912688	-0.18588253188614132	0.16194599515206592	-0.18131741299817392	0.1256863297668057	-0.146439747072065	0.27621472437180516	-0.2948476615855783	0.17313710607835484	-0.1804964217030833	0.10849133297629197	-0.6842727113615604	0.19552945191979884	-0.1853151527646091	0.13043682520645183	-0.08984263756563494	1.000000000000001	-0.14595371816751068	0.12546853264261623	-0.11109263151967624	0.11651612216653609	-0.40289215202329554	0.17114615498461908	-0.13143405268505196	0.09732621528147717	-0.11042560958462513	0.18359313425322552	-0.11863107053888337	0.07246168237839226	-0.05871595755546317	0.060079016952962104	-0.2118962160691878	0.13272702789715876	-0.07741778437702694	0.044952832295097764	-0.04826835169609202
0.07367404974975246	-0.05113887076041256	0.05109895958002076	-0.0666145968596217	0.06326701603979648	-0.06819350454725899	0.06227262129419407	-0.05260184435318555	0.06326313651531873	-0.05563085946486546	0.10150592817847183	-0.09418348455684976	0.1270829352649237	-0.09591389502390388	0.11388683929300333	-0.10671300808048195	0.12491809855426615	-0.13042274467872444	0.15102253275899064	-0.11232596703704553	0.11502164266618949	-0.5727766899585184	0.2158536211955597	-0.1405853910453118	0.09477367632297395	-0.14595371816751068	0.999999999999997	-0.43705265192760867	0.14093731334625764	-0.13995873384749632	0.1931071134562374	-0.5577103447259779	0.2711945510202243	-0.14644878519377916	0.15237059424929902	-0.1317921821561874	0.18874824334634904	-0.1064734813203672	0.07847807267142579	-0.07812253874816298	0.16971885637578454	-0.18542353743650739	0.10673240338854015	-0.05935074559051051	0.06215374813166821
-0.07437367957070815	0.051980387369213045	-0.0521633945672835	0.06959565052221776	-0.0656760557452177	0.06908746954153097	-0.0632520370220823	0.05390216129481798	-0.06629067018507641	0.058213416916380746	-0.10222032649427099	0.09588467976745074	-0.1349574720430253	0.10185340517236333	-0.11904946561532269	0.10218272944394195	-0.12285661120558743	0.14370014797863517	-0.17199876762142582	0.13201720527740446	-0.10356990460258497	0.27060174693993827	-0.28962785734554786	0.17221138597456803	-0.11542570936457971	0.12546853264261623	-0.43705265192760867	1.0000000000000029	-0.2209922536615199	0.18401854133081483	-0.1612995935389492	0.2567341713637173	-0.712844861468987	0.21964791042311302	-0.23060521795557676	0.10776122394338294	-0.14068464338915784	0.09590071281662903	-0.09529881814894119	0.09339206584175767	-0.1447369756729116	0.13819742757157902	-0.09921478086547496	0.06754972106968243	-0.07211468796762538
0.07504116184269598	-0.05334657389231512	0.0536141490897539	-0.07704369847931578	0.07106718633586678	-0.07073778281980235	0.06451493948542536	-0.055954957265635125	0.07288473120377773	-0.06445037292180307	0.10227940916299369	-0.09869934582064517	0.14106168865765903	-0.11594083341828593	0.13079291917565586	-0.0999258503740902	0.11955563050193149	-0.15789019611064284	0.2329843314275524	-0.247698654362016	0.09189564423360361	-0.1908431921249021	0.23803154077040914	-0.41906507767747125	0.23044795051937927	-0.11109263151967624	0.14093731334625764	-0.2209922536615199	1.0000000000000009	-0.7135185180129436	0.11847105642172849	-0.1457580131700889	0.19690901655127094	-0.31759942588403706	0.2530195805930311	-0.08053367644011168	0.08914059899368333	-0.06773349240096435	0.09517672443928835	-0.09806831910288132	0.10726645772185212	-0.09736072806901935	0.07023036039027412	-0.0662987229549694	0.06955251340497126
-0.08362780896196059	0.05868866914306976	-0.05946335686378396	0.08367474001776207	-0.07962087647921949	0.07746288495186432	-0.07140715466077117	0.061389501185388204	-0.08112280897750612	0.07138624869171711	-0.11441463639912855	0.10758500202707046	-0.15873101261409278	0.12548622511997232	-0.1502713199987046	0.10599346973004274	-0.1314467413612989	0.16484225292744079	-0.264328574410199	0.24479456325939206	-0.09967656687533585	0.18390745109996676	-0.259926089686456	0.27874313160274894	-0.334396800608109	0.11651612216653609	-0.13995873384749632	0.18401854133081483	-0.7135185180129436	0.999999999999998	-0.128563849147429	0.14358126750626615	-0.20075570889186659	0.24490578699893598	-0.3441992907710478	0.08564013463746392	-0.09248573324732157	0.07012853089129327	-0.09995303679661423	0.10237615372131019	-0.11673655239684388	0.099757049527077	-0.07419210242099981	0.06853528705407594	-0.07584479210542928
0.09244223717491483	-0.06413011030147006	0.06297339524290436	-0.0797106780626856	0.07492754941960467	-0.08680180526398555	0.0777906791154427	-0.06493883054512946	0.07388199899894277	-0.06525339017494909	0.12828189511406696	-0.11838457544073748	0.1438081843375696	-0.11005408483680258	0.13120995424792317	-0.16797113308517794	0.1634035950413319	-0.14014615093588736	0.1546906597817033	-0.11438117290890676	0.20347157102162347	-0.27209884117342403	0.17645479231388966	-0.1294713832956191	0.09200352764863903	-0.40289215202329554	0.1931071134562374	-0.1612995935389492	0.11847105642172849	-0.128563849147429	0.9999999999999996	-0.33320176963633663	0.16140146489214008	-0.11647476409302521	0.12580558613170997	-0.5972384715654134	0.19650141192333445	-0.11427167295577773	0.07644421620260984	-0.07858918786230919	0.3084471188881659	-0.23932813874017556	0.11535832494765694	-0.0604857659329497	0.06275087253572267
-0.08617523217796738	0.05902923120468007	-0.05908967000943133	0.07547731202135712	-0.07291560953782841	0.07861907436650803	-0.07204537067781717	0.060283937037543034	-0.0722334432999974	0.0634992033750389	-0.1184921411215321	0.10704846754088577	-0.14392761605735543	0.10749379852803456	-0.13175878564138338	0.12082282589302887	-0.1426160577764705	0.13876469828665666	-0.1668809891218641	0.11722222456469003	-0.13862516751894166	0.29485234658590687	-0.21551377553823076	0.1421430866890056	-0.10004713576712333	0.17114615498461908	-0.5577103447259779	0.2567341713637173	-0.1457580131700889	0.14358126750626615	-0.33320176963633663	1.0000000000000007	-0.32409924199675727	0.15694506255527904	-0.17448988912382327	0.1972550503133942	-0.42222624371012246	0.1578489586116906	-0.10001620216914901	0.09571069930794353	-0.26477981255044336	0.2605743052691669	-0.1672182741123747	0.07675904595251404	-0.08004612467590791
0.07441208644205363	-0.05217413139202805	0.052072379175071196	-0.07086602256936607	0.06610427737087018	-0.06956388329661331	0.06310361003616394	-0.05396620210564038	0.06632769628163214	-0.058585329298878955	0.10113577059063707	-0.09535402668465781	0.1297346819420456	-0.10167620760710537	0.11814665508867928	-0.10363963732172082	0.11977175522506558	-0.13777455942270292	0.1632182627208682	-0.14092576829135647	0.10361147026768995	-0.291404112534157	0.22035926921413032	-0.16906461906604472	0.11691493180310018	-0.13143405268505196	0.2711945510202243	-0.712844861468987	0.19690901655127094	-0.20075570889186659	0.16140146489214008	-0.32409924199675727	1.0000000000000013	-0.3629830573304695	0.24195615676736162	-0.11423560824307763	0.15170005340240836	-0.11611545256205813	0.11113246250525011	-0.11142251876766926	0.14655346181643417	-0.16065243988790864	0.11076119875007774	-0.08003990946350664	0.08139977783282104
-0.06204172012903472	0.043327890508538434	-0.043527823472104606	0.06001595533458971	-0.05660397990356932	0.05749153034406916	-0.05248826024199591	0.044911349973441636	-0.056890147691213214	0.050213299037265395	-0.08406875241693547	0.07852646097942304	-0.11039835044264651	0.08690233960533111	-0.10298425841537873	0.08124529959050444	-0.09684700613476067	0.11331258496769793	-0.15561538029118357	0.13654938839292732	-0.0796967180903752	0.17365923098958397	-0.17746437448993946	0.16334388720510637	-0.12342811705010828	0.09732621528147717	-0.14644878519377916	0.21964791042311302	-0.31759942588403706	0.24490578699893598	-0.11647476409302521	0.15694506255527904	-0.3629830573304695	1.0000000000000013	-0.756889873065918	0.08093591220155112	-0.10105750142431356	0.0926231484583323	-0.224128487152281	0.18234099564553327	-0.10826844668697572	0.10714983259398969	-0.09583930715479924	0.12341711712684458	-0.12806449190915623
0.06917867134806731	-0.048470083974138226	0.048501697153911734	-0.06808122879118947	0.06349699110847959	-0.06445349065986034	0.05843727597261236	-0.050178557084759795	0.06353607753264952	-0.05637923696043117	0.0929174755919878	-0.08721282850750109	0.12014585759823009	-0.09684884953066018	0.11419246300950506	-0.09100184915334816	0.10615066983757587	-0.12335274031689354	0.162745433620609	-0.1701111636768573	0.08831526802195847	-0.20200584850052947	0.1823725260956749	-0.1757520396874311	0.14295290001339434	-0.11042560958462513	0.15237059424929902	-0.23060521795557676	0.2530195805930311	-0.3441992907710478	0.12580558613170997	-0.17448988912382327	0.24195615676736162	-0.756889873065918	0.9999999999999994	-0.08946821799187278	0.10826517274272271	-0.09720760269837649	0.18666861792218858	-0.2376849373952777	0.11702119561001331	-0.12061176147748316	0.09839368048866409	-0.13030730583566338	0.13333260289233276
-0.06199219563362064	0.04252153023585097	-0.042016447367152335	0.052628373298314705	-0.05011914101249685	0.05723563753750887	-0.05178220534622904	0.042994850525716465	-0.049329382159448126	0.0435044375820818	-0.08600080085519016	0.07759571606554913	-0.09657959289303626	0.07303725247587284	-0.08855733883509168	0.10085011424928127	-0.10777461599897716	0.09205158613261631	-0.10462103576679116	0.07510563760172952	-0.12889971682847756	0.16829943383188437	-0.11932767358163734	0.08599919426872495	-0.06135495729253987	0.18359313425322552	-0.1317921821561874	0.10776122394338294	-0.08053367644011168	0.08564013463746392	-0.5972384715654134	0.1972550503133942	-0.11423560824307763	0.08093591220155112	-0.08946821799187278	0.9999999999999986	-0.2126874709333312	0.10207846193589797	-0.0603215744852077	0.05960019219568206	-0.6799890539889778	0.21966501412037873	-0.10996405020489176	0.04852785574791565	-0.04993604165015632
0.05522351716654189	-0.03796607630828573	0.03782665478897633	-0.04893978488135943	0.04682789116136359	-0.05072857513117318	0.04611393607880929	-0.038709571808797485	0.04618576287210674	-0.040744362972439746	0.07530826231156086	-0.06848841631088223	0.08998367828474012	-0.06857313029405163	0.08356289719944575	-0.0796609672895561	0.08983571321428528	-0.08700558225405193	0.10285527840440756	-0.0762676099139792	0.08908942306233204	-0.1940504558202613	0.1259765467058891	-0.08895159907459957	0.06335750351955267	-0.11863107053888337	0.18874824334634904	-0.14068464338915784	0.08914059899368333	-0.09248573324732157	0.19650141192333445	-0.42222624371012246	0.15170005340240836	-0.10105750142431356	0.10826517274272271	-0.2126874709333312	0.9999999999999998	-0.34316938735805835	0.09953574284502152	-0.09135183814507598	0.23701852216648409	-0.7099075376400253	0.24676950590915314	-0.08354983910104243	0.0787569684951839
-0.03693443328635076	0.025369903207624816	-0.025335068377847207	0.03309131724553253	-0.03172181649114253	0.03382507925747247	-0.03079294824529632	0.025901147216478484	-0.03127539036289154	0.02760993943191448	-0.05011311335121301	0.0455006055569241	-0.060540878619391995	0.04640262458044858	-0.05677295477368932	0.05122662924340147	-0.05869707674102888	0.058372216161324465	-0.07082930657513672	0.05433610963142819	-0.056211105803174816	0.11446663940849017	-0.08484708807728879	0.06240442237470066	-0.045463175338584585	0.07246168237839226	-0.1064734813203672	0.09590071281662903	-0.06773349240096435	0.07012853089129327	-0.11427167295577773	0.1578489586116906	-0.11611545256205813	0.0926231484583323	-0.09720760269837649	0.10207846193589797	-0.34316938735805835	0.999999999999999	-0.19729270704008547	0.13971785826354954	-0.13487739774681373	0.23941267256698762	-0.8527069541440906	0.15553447300666404	-0.13616277857627324
0.03477140652127982	-0.02405038562871411	0.024083143200250835	-0.032642770106648185	0.03102568181075188	-0.03197462325854896	0.029086017786686364	-0.02471380371006819	0.030732118015463314	-0.02719981331641838	0.04672270299070488	-0.04293302201860506	0.058532423956219506	-0.046001134016962694	0.05573599333098547	-0.045680458493330155	0.0531937364480044	-0.05763984165960002	0.07415013738795197	-0.0648499805515023	0.04667410668658423	-0.0986260760141878	0.08448787995613101	-0.07168667134828394	0.05484279640148095	-0.05871595755546317	0.07847807267142579	-0.09529881814894119	0.09517672443928835	-0.09995303679661423	0.07644421620260984	-0.10001620216914901	0.11113246250525011	-0.224128487152281	0.18666861792218858	-0.0603215744852077	0.09953574284502152	-0.19729270704008547	0.9999999999999981	-0.6626113251782999	0.07921519782325037	-0.10697343433744183	0.1727806772940922	-0.5756934705202303	0.32438934021807453
-0.03677630829269104	0.025346737725282873	-0.025430563981473513	0.034314992534063324	-0.03283162393907525	0.0336482123225565	-0.030686467301392975	0.02602787637667214	-0.03246697192940795	0.028717700094007058	-0.049376134325464206	0.04509774136207104	-0.06188305248776044	0.048404704531336384	-0.059212941390389615	0.04739108802419031	-0.05573826648080149	0.06022739103369409	-0.07841138655606673	0.06674326842587032	-0.04850926590365105	0.09802155205559265	-0.08831849371062861	0.07379377047690894	-0.05716396232744431	0.060079016952962104	-0.07812253874816298	0.09339206584175767	-0.09806831910288132	0.10237615372131019	-0.07858918786230919	0.09571069930794353	-0.11142251876766926	0.18234099564553327	-0.2376849373952777	0.05960019219568206	-0.09135183814507598	0.13971785826354954	-0.6626113251782999	0.9999999999999976	-0.08049456154111606	0.09626103211442591	-0.1551604508479608	0.3238271071760804	-0.5915438737093572
0.07904513178737588	-0.054630221854330994	0.05395365761237765	-0.07023612507773297	0.0663903837565754	-0.07350534438359542	0.06596036535812388	-0.05546215113013938	0.06501922285341706	-0.05758047054904206	0.10706827423236116	-0.09828054420618587	0.12362286148873187	-0.09594850504774044	0.1162306736085815	-0.12402112562852599	0.1281088423156491	-0.11890224976205398	0.13523208843808918	-0.10279846528887134	0.13641624629683982	-0.24401091330319297	0.1559498386382744	-0.11503844283570319	0.08259444147272865	-0.2118962160691878	0.16971885637578454	-0.1447369756729116	0.10726645772185212	-0.11673655239684388	0.3084471188881659	-0.26477981255044336	0.14655346181643417	-0.10826844668697572	0.11702119561001331	-0.6799890539889778	0.23701852216648409	-0.13487739774681373	0.07921519782325037	-0.08049456154111606	0.9999999999999973	-0.3986051373795527	0.13794421877017427	-0.06442139692648308	0.06546603905077397
-0.06363871371315323	0.043465400373644124	-0.04338482877554517	0.05539922941174596	-0.0535221628285351	0.05799577849900604	-0.052911929280518015	0.04419964048884341	-0.05263511939557369	0.04638997013171184	-0.08689145846941279	0.07808037467594019	-0.10278545377837686	0.07764134228404454	-0.09591926572542185	0.08997697733580849	-0.10320607823674319	0.09728197878658065	-0.11637439208446483	0.08301261859754433	-0.10362901570395398	0.18326575725554373	-0.13907949806755987	0.09710912397644555	-0.06965621267207493	0.13272702789715876	-0.18542353743650739	0.13819742757157902	-0.09736072806901935	0.099757049527077	-0.23932813874017556	0.2605743052691669	-0.16065243988790864	0.10714983259398969	-0.12061176147748316	0.21966501412037873	-0.7099075376400253	0.23941267256698762	-0.10697343433744183	0.09626103211442591	-0.3986051373795527	0.9999999999999984	-0.31223329280998485	0.09020672624343924	-0.0890020018622232
0.038769897335124315	-0.026692408961332723	0.026615889138137127	-0.03498429488160181	0.03338882104144675	-0.035625002931750506	0.032342464036587165	-0.027256675946030533	0.032900080953544575	-0.02907615760070722	0.05246886565489429	-0.04783864703868533	0.06329862249217233	-0.04883889435885202	0.0595097824757448	-0.05424403676169911	0.06137717329081574	-0.061300194041395854	0.07383225713177702	-0.05785055824203151	0.0587565004174645	-0.12537006377238824	0.08806024096782805	-0.0656670926263405	0.04790312017543189	-0.07741778437702694	0.10673240338854015	-0.09921478086547496	0.07023036039027412	-0.07419210242099981	0.11535832494765694	-0.1672182741123747	0.11076119875007774	-0.09583930715479924	0.09839368048866409	-0.10996405020489176	0.24676950590915314	-0.8527069541440906	0.1727806772940922	-0.1551604508479608	0.13794421877017427	-0.31223329280998485	0.9999999999999991	-0.1975790100253572	0.1397404212420465
