1.0	-0.8357085865458883	0.1196034006650964	-0.08141342188116305	0.11548316494879733	-0.3507814702083727	0.268617160504204	-0.16655305943544774	0.10830985648434505	-0.10268891855499374	0.17540490486051238	-0.21870389133618678	0.12897078096858314	-0.07896671912419076	0.06922054777570492	-0.16340603133473594	0.1530184398609435	-0.13864384474568117	0.07591763521812582	-0.05876838475867377	0.04266694963924489	-0.04756870154413759	0.067972380456537	-0.06868540340591436	0.08390420051493612	-0.038015825145184645	0.04363269454290127	-0.05218605806600785	0.051776339853765535	-0.05386134246799578	0.043810101088244034	-0.04211261957039801	0.043026435425455936	-0.05129698407050105	0.07645368668859903
-0.8357085865458883	1.0	-0.13309771951205746	0.0829284276324394	-0.1178716925518506	0.2323862829161778	-0.40586687251422576	0.16158772581517097	-0.10949374937160147	0.09689451504045107	-0.15522983567550389	0.19128298131093793	-0.12493996463605639	0.07455979659111452	-0.06652561942169273	0.1346922236393252	-0.1448166688576112	0.12520497092460087	-0.07232178519653927	0.055607473831167584	-0.038753168278929585	0.043006342044482476	-0.06359801243579255	0.06403683760547203	-0.08050632630158595	0.03487686561309623	-0.0404625382418984	0.048421067173528495	-0.048540171068723305	0.05025732681960234	-0.04063249086630728	0.038904137683919704	-0.0400677345380893	0.04742686000587415	-0.07245943714557876
0.1196034006650964	-0.13309771951205746	1.0000000000000002	-0.7329653219000297	0.3215014998197243	-0.16573881377052554	0.1673295435980864	-0.29141062157210795	0.18256463967816058	-0.21596963193061786	0.11060937757054602	-0.15784627521838018	0.16195932566382346	-0.14659043806870548	0.12578857645825903	-0.1297991302308771	0.12684016941511525	-0.19620279332420562	0.12469578961072164	-0.10082575693615357	0.05679344006778081	-0.06552033919192737	0.10525125674304303	-0.1145600193357625	0.1393987405859017	-0.05707323521880214	0.06779719209992253	-0.08419350298117592	0.08537359768295283	-0.0929338336964633	0.06699579766478789	-0.06751410533727499	0.07028005775229383	-0.08677057383270372	0.13113896678899595
-0.08141342188116305	0.0829284276324394	-0.7329653219000297	1.0	-0.5824698933608794	0.10540846607948684	-0.11247796203806586	0.16739934819317764	-0.13840645115632857	0.15536931123365627	-0.07188566697594236	0.10126311021960341	-0.10752421207554497	0.10080011736336639	-0.09148220797471548	0.08320911355938053	-0.0833141202256386	0.12386518545481963	-0.0849489751795014	0.0684791791613484	-0.03741336355147222	0.042983581770702786	-0.06987523237620638	0.07606017955662071	-0.09529710354067049	0.03758181546133162	-0.0448247754563769	0.0554975154827356	-0.05674722359593528	0.06134045289994902	-0.04434123185477678	0.044447321660620584	-0.04645106185056745	0.05695652561337694	-0.08740543436768691
0.11548316494879733	-0.1178716925518506	0.3215014998197243	-0.5824698933608794	1.0	-0.18743388595000518	0.17326351263698925	-0.2584034903191513	0.2161668725036472	-0.32563618405412803	0.12434184585429489	-0.17450037303300486	0.1736056208604937	-0.1887410482248088	0.16692586605631113	-0.15037945235317307	0.144210281353392	-0.22500680631625233	0.15647805278708526	-0.12858282411614824	0.07010031072453222	-0.08114385756922947	0.13014038437833775	-0.1444067756037119	0.17658026065801385	-0.07144297123425054	0.08504443223189169	-0.10543289423916538	0.10764501044969299	-0.11837243185511352	0.08408734279266682	-0.08515642148381251	0.08866575589432243	-0.11020550262355483	0.16748012708935864
-0.3507814702083727	0.2323862829161778	-0.16573881377052554	0.10540846607948684	-0.18743388595000518	1.000000000000001	-0.41192033788064136	0.2074397780517022	-0.16106455814365575	0.13893836565597162	-0.6240779202588956	0.29950979405054556	-0.19734644998481557	0.11143836976607291	-0.10259413731228553	0.28003726867124873	-0.3185012685535832	0.19311305932197761	-0.120133290643861	0.09078483547516453	-0.07146101367954959	0.07651035457542255	-0.10761177708532918	0.10526096095278327	-0.1374221307310112	0.06085226746221394	-0.069998836486421	0.08096060633941593	-0.08179929733279637	0.08360741050594526	-0.0713746141525661	0.06616900589223297	-0.06779232289660242	0.07869529879997994	-0.12462786223793308
0.268617160504204	-0.40586687251422576	0.1673295435980864	-0.11247796203806586	0.17326351263698925	-0.41192033788064136	1.000000000000002	-0.4219282115573743	0.1962219277857792	-0.17565998264654262	0.2500031166130997	-0.5159071239689962	0.2415230520797462	-0.13328201556573618	0.11490913857461255	-0.2453576371549781	0.24311596755922155	-0.24084299979110912	0.12109415951309538	-0.09343517260302699	0.06512860312624598	-0.07294455337423593	0.10745784520335323	-0.10800324132523241	0.13070557650367487	-0.05829831395131711	0.0671802197312324	-0.08156134672689795	0.08047529205849324	-0.08306892004190035	0.06702840936475642	-0.06473851950669213	0.06643172726629414	-0.07897700079349654	0.11665941374059284
-0.16655305943544774	0.16158772581517097	-0.29141062157210795	0.16739934819317764	-0.2584034903191513	0.2074397780517022	-0.4219282115573743	1.0000000000000004	-0.49556473069640017	0.2539104543847518	-0.1595758418601782	0.24699899775820044	-0.46436454801955307	0.19167344849829476	-0.17401413473433755	0.16516249852555587	-0.19189865170888284	0.2766415373878715	-0.16358354582031687	0.12327547078118213	-0.06779605634110576	0.07618055708516533	-0.13296396583306896	0.13346995070130244	-0.1743693548167095	0.06502531284282008	-0.07824101778266151	0.09763725319618893	-0.09938144388081954	0.10100977764114195	-0.07701629082535229	0.07506182829757253	-0.07963694027560421	0.09320346295396952	-0.14567692232843454
0.10830985648434505	-0.10949374937160147	0.18256463967816058	-0.13840645115632857	0.2161668725036472	-0.16106455814365575	0.1962219277857792	-0.49556473069640017	1.0000000000000007	-0.6205155114496792	0.11409849525024325	-0.1729231124049867	0.2092783436325161	-0.383199738418625	0.26963871022836755	-0.12958123059935917	0.13591555194349317	-0.2249010791509951	0.1712723938442986	-0.14034631370613773	0.05847369454034426	-0.06701213317339443	0.11590421311855731	-0.13364263495245737	0.16807770189999083	-0.05798425021204112	0.06971013916774968	-0.08904542852094195	0.0917677015042488	-0.09519007015054054	0.06798561506283703	-0.0680742467125569	0.07194769564356687	-0.08641249816791233	0.12918161576542467
-0.10268891855499374	0.09689451504045107	-0.21596963193061786	0.15536931123365627	-0.32563618405412803	0.13893836565597162	-0.17565998264654262	0.2539104543847518	-0.6205155114496792	1.0000000000000013	-0.10215794300221008	0.14534484580191204	-0.18020007215642916	0.30100905480785245	-0.4905693284073445	0.11473617515403099	-0.12550052401192086	0.1821206246764351	-0.19329740875335485	0.16139765623953736	-0.06027855900605823	0.06833963564017481	-0.12163847271470651	0.13992859611173883	-0.20814141493118132	0.06053773855609342	-0.0738431120357105	0.09276870547961125	-0.09915790054274673	0.10192350237912695	-0.07243406349394399	0.0715374139097168	-0.0766157527831294	0.09061240865960295	-0.14548764179433815
0.17540490486051238	-0.15522983567550389	0.11060937757054602	-0.07188566697594236	0.12434184585429489	-0.6240779202588956	0.2500031166130997	-0.1595758418601782	0.11409849525024325	-0.10215794300221008	1.0000000000000009	-0.43384361653240994	0.16735818717048329	-0.08231642798618338	0.07395183238832302	-0.5346189649133434	0.29801703057568824	-0.1734815190468481	0.0875768727892	-0.06632257426376093	0.0651010385544769	-0.06912199114792013	0.08296699039999803	-0.07982046713236464	0.09671404667692393	-0.05051013243354146	0.05484226330708774	-0.06273443901219643	0.06109529994067035	-0.06231163652791993	0.0558992137725772	-0.05172331788662265	0.05143612928983425	-0.06024874156047498	0.08883681445488542
-0.21870389133618678	0.19128298131093793	-0.15784627521838018	0.10126311021960341	-0.17450037303300486	0.29950979405054556	-0.5159071239689962	0.24699899775820044	-0.1729231124049867	0.14534484580191204	-0.43384361653240994	1.0000000000000007	-0.35378776834967884	0.11735729981106412	-0.10596311697334748	0.2912802214453073	-0.47157814754956834	0.2533502371357445	-0.12333167672246076	0.09235222946030769	-0.07185357430975634	0.07865191993101375	-0.11364337355782916	0.10869633333538378	-0.13434526227278432	0.06129706765095463	-0.07037321010179605	0.08388157839945987	-0.08272343192425252	0.08388463973458138	-0.07070437039581981	0.06667674031723687	-0.06840177175850695	0.07977191919806634	-0.12040432902970276
0.12897078096858314	-0.12493996463605639	0.16195932566382346	-0.10752421207554497	0.1736056208604937	-0.19734644998481557	0.2415230520797462	-0.46436454801955307	0.2092783436325161	-0.18020007215642916	0.16735818717048329	-0.35378776834967884	1.0000000000000007	-0.15210770150134995	0.1273890854365497	-0.1845609655551255	0.21911148926733093	-0.6938135549955075	0.1509505313855817	-0.11196014292528603	0.06922498662942689	-0.0798791680372257	0.14657905299893803	-0.13634971485233524	0.14696704086018392	-0.0657566372188193	0.07814546198070907	-0.10552155914172452	0.09739466712444429	-0.09762724246292592	0.07508597189986853	-0.07525357704209973	0.07899906866271858	-0.0935201588505423	0.1295266514233599
-0.07896671912419076	0.07455979659111452	-0.14659043806870548	0.10080011736336639	-0.1887410482248088	0.11143836976607291	-0.13328201556573618	0.19167344849829476	-0.383199738418625	0.30100905480785245	-0.08231642798618338	0.11735729981106412	-0.15210770150134995	0.9999999999999999	-0.7430859839418401	0.09423048937114158	-0.10287454947794918	0.16087250613051593	-0.3159794916554055	0.21135183017222425	-0.05714053773712751	0.06531761646673861	-0.1240386182864432	0.1619025669782502	-0.22663773524091488	0.05828940680160937	-0.07185986471971685	0.09371576704418653	-0.10363618610910065	0.1032382037488322	-0.06912909063480543	0.06951691324428175	-0.07525781588526384	0.08898719157999654	-0.13751535089870728
0.06922054777570492	-0.06652561942169273	0.12578857645825903	-0.09148220797471548	0.16692586605631113	-0.10259413731228553	0.11490913857461255	-0.17401413473433755	0.26963871022836755	-0.4905693284073445	0.07395183238832302	-0.10596311697334748	0.1273890854365497	-0.7430859839418401	1.0000000000000018	-0.08619509345685138	0.09112080667834958	-0.14737242812910128	0.2191530401085764	-0.2423877740511698	0.05083640836953019	-0.05881581545614799	0.10733426655672168	-0.14691882660257652	0.19625453148136474	-0.0523604730192003	0.06390917783378394	-0.0839061984576309	0.09064375546820548	-0.09404022419748248	0.06145458318284862	-0.06276370307026558	0.06713431886608269	-0.08125578936349495	0.11970920566754592
-0.16340603133473594	0.1346922236393252	-0.1297991302308771	0.08320911355938053	-0.15037945235317307	0.28003726867124873	-0.2453576371549781	0.16516249852555587	-0.12958123059935917	0.11473617515403099	-0.5346189649133434	0.2912802214453073	-0.1845609655551255	0.09423048937114158	-0.08619509345685138	0.9999999999999961	-0.6836453234531598	0.19745741025586758	-0.10678033398661059	0.07992716150890958	-0.10604505091830993	0.10079830797483062	-0.10528953550053001	0.09793858281939564	-0.11911086440732488	0.06999566563170294	-0.07319349994266894	0.07900829865948722	-0.07645071038128952	0.07707554796347443	-0.07604804065632896	0.06738104617281297	-0.0653226798076588	0.07542715514024012	-0.11097224478204007
0.1530184398609435	-0.1448166688576112	0.12684016941511525	-0.0833141202256386	0.144210281353392	-0.3185012685535832	0.24311596755922155	-0.19189865170888284	0.13591555194349317	-0.12550052401192086	0.29801703057568824	-0.47157814754956834	0.21911148926733093	-0.10287454947794918	0.09112080667834958	-0.6836453234531598	0.9999999999999966	-0.30474773581572284	0.11285605648573803	-0.08515237540793774	0.09244820601501431	-0.10392514967826673	0.11357648329300782	-0.10674897770572277	0.12000676132333346	-0.06989380723109537	0.07436018911334547	-0.08555899055818378	0.08043185790918964	-0.08173339326770841	0.07555709464766659	-0.07008132465658412	0.06844537428250422	-0.08073283513756943	0.1118456330710511
-0.13864384474568117	0.12520497092460087	-0.19620279332420562	0.12386518545481963	-0.22500680631625233	0.19311305932197761	-0.24084299979110912	0.2766415373878715	-0.2249010791509951	0.1821206246764351	-0.1734815190468481	0.2533502371357445	-0.6938135549955075	0.16087250613051593	-0.14737242812910128	0.19745741025586758	-0.30474773581572284	0.9999999999999971	-0.22578358445557312	0.1471840951887555	-0.09232787511857399	0.10444726567996626	-0.24194835762323538	0.1823222058069473	-0.20500433969837611	0.08731958280320185	-0.10718359963880647	0.1445699534461297	-0.13570865906349966	0.1295031149763358	-0.10176281944793722	0.10026373942801592	-0.10864118467833578	0.12300221311658625	-0.17821180753801788
0.07591763521812582	-0.07232178519653927	0.12469578961072164	-0.0849489751795014	0.15647805278708526	-0.120133290643861	0.12109415951309538	-0.16358354582031687	0.1712723938442986	-0.19329740875335485	0.0875768727892	-0.12333167672246076	0.1509505313855817	-0.3159794916554055	0.2191530401085764	-0.10678033398661059	0.11285605648573803	-0.22578358445557312	0.9999999999999987	-0.602215795287021	0.08549348504060075	-0.10170305511523524	0.2072930840355459	-0.463764423539046	0.3166586078635867	-0.09086692993755265	0.11233443886802441	-0.16351613395588555	0.1848500074615576	-0.18433289512818013	0.1037738934474707	-0.11060756791558132	0.11981369588913102	-0.1464730749427706	0.19557835533816662
-0.05876838475867377	0.055607473831167584	-0.10082575693615357	0.0684791791613484	-0.12858282411614824	0.09078483547516453	-0.09343517260302699	0.12327547078118213	-0.14034631370613773	0.16139765623953736	-0.06632257426376093	0.09235222946030769	-0.11196014292528603	0.21135183017222425	-0.2423877740511698	0.07992716150890958	-0.08515237540793774	0.1471840951887555	-0.602215795287021	0.9999999999999969	-0.06364910756983659	0.07399873427723928	-0.15104837595463824	0.23142450739550607	-0.6636834093794146	0.06697750935591926	-0.08355307807060004	0.11452339319826949	-0.13259551926744306	0.1294633021002248	-0.07824505241367129	0.08131742722942001	-0.08893738629160783	0.10641912312354126	-0.15345238003592804
0.04266694963924489	-0.038753168278929585	0.05679344006778081	-0.03741336355147222	0.07010031072453222	-0.07146101367954959	0.06512860312624598	-0.06779605634110576	0.05847369454034426	-0.06027855900605823	0.0651010385544769	-0.07185357430975634	0.06922498662942689	-0.05714053773712751	0.05083640836953019	-0.10604505091830993	0.09244820601501431	-0.09232787511857399	0.08549348504060075	-0.06364910756983659	0.9999999999999992	-0.8277246295214717	0.17638760641629556	-0.12873221323223852	0.08931971022217723	-0.40771312415557465	0.20856305159507518	-0.14834080061222354	0.10749303089106418	-0.1012079567917764	0.22845209112989168	-0.1733915211288653	0.11480404765412314	-0.13067863024459905	0.11459212566466015
-0.04756870154413759	0.043006342044482476	-0.06552033919192737	0.042983581770702786	-0.08114385756922947	0.07651035457542255	-0.07294455337423593	0.07618055708516533	-0.06701213317339443	0.06833963564017481	-0.06912199114792013	0.07865191993101375	-0.0798791680372257	0.06531761646673861	-0.05881581545614799	0.10079830797483062	-0.10392514967826673	0.10444726567996626	-0.10170305511523524	0.07399873427723928	-0.8277246295214717	0.9999999999999963	-0.2580032649569481	0.14618921632469803	-0.106679761069399	0.2667570865384054	-0.24864310059745007	0.16758571373583983	-0.12733740504808272	0.11435818397391621	-0.2839223007440966	0.18135113314159723	-0.13245027494052353	0.14035255719098655	-0.1374657890015029
0.067972380456537	-0.06359801243579255	0.10525125674304303	-0.06987523237620638	0.13014038437833775	-0.10761177708532918	0.10745784520335323	-0.13296396583306896	0.11590421311855731	-0.12163847271470651	0.08296699039999803	-0.11364337355782916	0.14657905299893803	-0.1240386182864432	0.10733426655672168	-0.10528953550053001	0.11357648329300782	-0.24194835762323538	0.2072930840355459	-0.15104837595463824	0.17638760641629556	-0.2580032649569481	0.9999999999999973	-0.48934787815624736	0.19063921893292377	-0.18112262108637425	0.22107913444409816	-0.5887853241644759	0.28237191165998576	-0.24661133827536894	0.18090130483180158	-0.2108022951395147	0.22414793470007627	-0.26471925504043503	0.23336677839546457
-0.06868540340591436	0.06403683760547203	-0.1145600193357625	0.07606017955662071	-0.1444067756037119	0.10526096095278327	-0.10800324132523241	0.13346995070130244	-0.13364263495245737	0.13992859611173883	-0.07982046713236464	0.10869633333538378	-0.13634971485233524	0.1619025669782502	-0.14691882660257652	0.09793858281939564	-0.10674897770572277	0.1823222058069473	-0.463764423539046	0.23142450739550607	-0.12873221323223852	0.14618921632469803	-0.48934787815624736	0.9999999999999987	-0.3209822221453474	0.13086999527206122	-0.17504978587703396	0.2733660266217124	-0.4390513407240142	0.2555202600810338	-0.1520439756570643	0.1571215964804541	-0.18695663659653203	0.2005292216891169	-0.30363255625103863
0.08390420051493612	-0.08050632630158595	0.1393987405859017	-0.09529710354067049	0.17658026065801385	-0.1374221307310112	0.13070557650367487	-0.1743693548167095	0.16807770189999083	-0.20814141493118132	0.09671404667692393	-0.13434526227278432	0.14696704086018392	-0.22663773524091488	0.19625453148136474	-0.11911086440732488	0.12000676132333346	-0.20500433969837611	0.3166586078635867	-0.6636834093794146	0.08931971022217723	-0.106679761069399	0.19063921893292377	-0.3209822221453474	0.9999999999999972	-0.09686691048552999	0.117590268634002	-0.16066610016184582	0.17359966144440575	-0.19731426478810085	0.11123912093390023	-0.11943527576508634	0.12628433141370934	-0.16091160688353476	0.2118682624167016
-0.038015825145184645	0.03487686561309623	-0.05707323521880214	0.03758181546133162	-0.07144297123425054	0.06085226746221394	-0.05829831395131711	0.06502531284282008	-0.05798425021204112	0.06053773855609342	-0.05051013243354146	0.06129706765095463	-0.0657566372188193	0.05828940680160937	-0.0523604730192003	0.06999566563170294	-0.06989380723109537	0.08731958280320185	-0.09086692993755265	0.06697750935591926	-0.40771312415557465	0.2667570865384054	-0.18112262108637425	0.13086999527206122	-0.09686691048552999	0.999999999999996	-0.5372278170070074	0.1801538681760929	-0.13056721114787592	0.11579913835468737	-0.6127906365341198	0.29634191021750905	-0.16100519744765476	0.16613302964951396	-0.13660525627983316
0.04363269454290127	-0.0404625382418984	0.06779719209992253	-0.0448247754563769	0.08504443223189169	-0.069998836486421	0.0671802197312324	-0.07824101778266151	0.06971013916774968	-0.0738431120357105	0.05484226330708774	-0.07037321010179605	0.07814546198070907	-0.07185986471971685	0.06390917783378394	-0.07319349994266894	0.07436018911334547	-0.10718359963880647	0.11233443886802441	-0.08355307807060004	0.20856305159507518	-0.24864310059745007	0.22107913444409816	-0.17504978587703396	0.117590268634002	-0.5372278170070074	0.9999999999999959	-0.3405221942724798	0.17831096859484455	-0.16214035581635605	0.3228320463063	-0.5916316422466424	0.22870388051947582	-0.24770602756333368	0.17003276683249735
-0.05218605806600785	0.048421067173528495	-0.08419350298117592	0.0554975154827356	-0.10543289423916538	0.08096060633941593	-0.08156134672689795	0.09763725319618893	-0.08904542852094195	0.09276870547961125	-0.06273443901219643	0.08388157839945987	-0.10552155914172452	0.09371576704418653	-0.0839061984576309	0.07900829865948722	-0.08555899055818378	0.1445699534461297	-0.16351613395588555	0.11452339319826949	-0.14834080061222354	0.16758571373583983	-0.5887853241644759	0.2733660266217124	-0.16066610016184582	0.1801538681760929	-0.3405221942724798	0.9999999999999971	-0.46690333636850734	0.24254491248737398	-0.19075867850822503	0.2271516745876733	-0.3610380095331881	0.2643532095414961	-0.2511260461373406
0.051776339853765535	-0.048540171068723305	0.08537359768295283	-0.05674722359593528	0.10764501044969299	-0.08179929733279637	0.08047529205849324	-0.09938144388081954	0.0917677015042488	-0.09915790054274673	0.06109529994067035	-0.08272343192425252	0.09739466712444429	-0.10363618610910065	0.09064375546820548	-0.07645071038128952	0.08043185790918964	-0.13570865906349966	0.1848500074615576	-0.13259551926744306	0.10749303089106418	-0.12733740504808272	0.28237191165998576	-0.4390513407240142	0.17359966144440575	-0.13056721114787592	0.17831096859484455	-0.46690333636850734	0.999999999999998	-0.6024970947029388	0.14177588121382312	-0.16822544855306445	0.2043923671596675	-0.2531316897736765	0.2887932482133742
-0.05386134246799578	0.05025732681960234	-0.0929338336964633	0.06134045289994902	-0.11837243185511352	0.08360741050594526	-0.08306892004190035	0.10100977764114195	-0.09519007015054054	0.10192350237912695	-0.06231163652791993	0.08388463973458138	-0.09762724246292592	0.1032382037488322	-0.09404022419748248	0.07707554796347443	-0.08173339326770841	0.1295031149763358	-0.18433289512818013	0.1294633021002248	-0.1012079567917764	0.11435818397391621	-0.24661133827536894	0.2555202600810338	-0.19731426478810085	0.11579913835468737	-0.16214035581635605	0.24254491248737398	-0.6024970947029388	0.9999999999999969	-0.1375435523459387	0.14652180360546738	-0.18433237253376344	0.20214258021638543	-0.6233999501054545
0.043810101088244034	-0.04063249086630728	0.06699579766478789	-0.04434123185477678	0.08408734279266682	-0.0713746141525661	0.06702840936475642	-0.07701629082535229	0.06798561506283703	-0.07243406349394399	0.0558992137725772	-0.07070437039581981	0.07508597189986853	-0.06912909063480543	0.06145458318284862	-0.07604804065632896	0.07555709464766659	-0.10176281944793722	0.1037738934474707	-0.07824505241367129	0.22845209112989168	-0.2839223007440966	0.18090130483180158	-0.1520439756570643	0.11123912093390023	-0.6127906365341198	0.3228320463063	-0.19075867850822503	0.14177588121382312	-0.1375435523459387	0.9999999999999974	-0.5755735176083516	0.20836422080768896	-0.246195002688637	0.15540771959640365
-0.04211261957039801	0.038904137683919704	-0.06751410533727499	0.044447321660620584	-0.08515642148381251	0.06616900589223297	-0.06473851950669213	0.07506182829757253	-0.0680742467125569	0.0715374139097168	-0.05172331788662265	0.06667674031723687	-0.07525357704209973	0.06951691324428175	-0.06276370307026558	0.06738104617281297	-0.07008132465658412	0.10026373942801592	-0.11060756791558132	0.08131742722942001	-0.1733915211288653	0.18135113314159723	-0.2108022951395147	0.1571215964804541	-0.11943527576508634	0.29634191021750905	-0.5916316422466424	0.2271516745876733	-0.16822544855306445	0.14652180360546738	-0.5755735176083516	0.9999999999999976	-0.36400332866512936	0.2514474479115551	-0.18095293293043435
0.043026435425455936	-0.0400677345380893	0.07028005775229383	-0.04645106185056745	0.08866575589432243	-0.06779232289660242	0.06643172726629414	-0.07963694027560421	0.07194769564356687	-0.0766157527831294	0.05143612928983425	-0.06840177175850695	0.07899906866271858	-0.07525781588526384	0.06713431886608269	-0.0653226798076588	0.06844537428250422	-0.10864118467833578	0.11981369588913102	-0.08893738629160783	0.11480404765412314	-0.13245027494052353	0.22414793470007627	-0.18695663659653203	0.12628433141370934	-0.16100519744765476	0.22870388051947582	-0.3610380095331881	0.2043923671596675	-0.18433237253376344	0.20836422080768896	-0.36400332866512936	0.9999999999999976	-0.7713382736032514	0.2009814393084328
-0.05129698407050105	0.04742686000587415	-0.08677057383270372	0.05695652561337694	-0.11020550262355483	0.07869529879997994	-0.07897700079349654	0.09320346295396952	-0.08641249816791233	0.09061240865960295	-0.06024874156047498	0.07977191919806634	-0.0935201588505423	0.08898719157999654	-0.08125578936349495	0.07542715514024012	-0.08073283513756943	0.12300221311658625	-0.1464730749427706	0.10641912312354126	-0.13067863024459905	0.14035255719098655	-0.26471925504043503	0.2005292216891169	-0.16091160688353476	0.16613302964951396	-0.24770602756333368	0.2643532095414961	-0.2531316897736765	0.20214258021638543	-0.246195002688637	0.2514474479115551	-0.7713382736032514	0.9999999999999976	-0.2926081446047211
0.07645368668859903	-0.07245943714557876	0.13113896678899595	-0.08740543436768691	0.16748012708935864	-0.12462786223793308	0.11665941374059284	-0.14567692232843454	0.12918161576542467	-0.14548764179433815	0.08883681445488542	-0.12040432902970276	0.1295266514233599	-0.13751535089870728	0.11970920566754592	-0.11097224478204007	0.1118456330710511	-0.17821180753801788	0.19557835533816662	-0.15345238003592804	0.11459212566466015	-0.1374657890015029	0.23336677839546457	-0.30363255625103863	0.2118682624167016	-0.13660525627983316	0.17003276683249735	-0.2511260461373406	0.2887932482133742	-0.6233999501054545	0.15540771959640365	-0.18095293293043435	0.2009814393084328	-0.2926081446047211	0.9999999999999977
