0.9999999999999999	-0.5069644412946406	0.29973987065465313	-0.1426177369551005	0.12126530066927509	-0.44721055767255297	0.24267882152389617	-0.2297519881256813	0.2184325412651591	-0.14269538485664882	0.2601545677473169	-0.2561823286462416	0.20585845541774686	-0.22879236069173944	0.1772131628019966	-0.3065467411311588	0.2177754552796822	-0.28738953121936556	0.18267145971544796	-0.24675519393097006	0.1628966791181112	-0.17679862672254004	0.13624105703959355	-0.1645878741408755	0.18134032427949923	-0.1585862382550657	0.14441192602365344	-0.163170657156019	0.1455448877986262	-0.17443252364301456	0.10783720922460796	-0.1520065068192634	0.12520850278511286	-0.13111654000565218	0.09218305895223279	-0.114842646871609	0.10736469502309617	-0.11753243296412685	0.09885271975608409	-0.07969037798400977
-0.5069644412946406	1.0	-0.7683714370078139	0.13688318190490004	-0.12452907819163256	0.18428590380465046	-0.1983554758953721	0.1634621242908007	-0.14608990151287926	0.09962195757140095	-0.14253118681652432	0.13875018111122883	-0.12772842646377244	0.13096189590878532	-0.11814048459592175	0.152305804861035	-0.11838534768632616	0.15351834903034345	-0.10284567243247086	0.13576467060371364	-0.08500300426440782	0.09183166593219813	-0.07151789215905671	0.08563144842999881	-0.09918501205451782	0.08147880408473517	-0.07544156256300638	0.08473069958500651	-0.07677203631230899	0.09171665394358978	-0.05591365407131312	0.07837739076865854	-0.06524109730271538	0.06811387145554179	-0.048335014193867355	0.059130454636092275	-0.05581838676737357	0.06084563890832808	-0.051729866388336834	0.04148828227153006
0.29973987065465313	-0.7683714370078139	1.0	-0.2250692813201065	0.15919918347791145	-0.21146345169030306	0.19982252589164648	-0.21836082262935458	0.18423657867213772	-0.13413570177646966	0.16191465022723334	-0.17888211621633032	0.16141444757755496	-0.17705956477449009	0.15295900496668105	-0.2042401070843556	0.15343934202450693	-0.2140240989976601	0.1391007432056046	-0.18915745438372922	0.11425514683554852	-0.1251051443800393	0.09830062489669172	-0.11906689681785847	0.13520479440786143	-0.11187745160412123	0.10289083594588143	-0.11765477727706865	0.10589167721100025	-0.12820660139592033	0.07701963624830072	-0.1090050076223852	0.0902077390350729	-0.09496445104596755	0.06684555152329613	-0.08210896250164504	0.07713519411653363	-0.08464448508735958	0.07150695394706028	-0.05768668214273172
-0.1426177369551005	0.13688318190490004	-0.2250692813201065	0.9999999999999998	-0.8701216522900648	0.0940026219305019	-0.1042681805975785	0.10342035155780231	-0.24058401273325924	0.23812850849055905	-0.08440406674530751	0.09480828439917773	-0.09754065717564261	0.11873641611691273	-0.23943256475855626	0.10136336333789832	-0.08529793233641325	0.12633235236135484	-0.09430252543177806	0.13618829395454174	-0.06221731761540822	0.06825844349561536	-0.05624086187414789	0.06781216342772678	-0.09087823329153323	0.0602930435264586	-0.057218711081665	0.06642904356358302	-0.06256826722205094	0.07715654990478817	-0.04261618813803826	0.06019651412047306	-0.0510365778359562	0.054033979878987407	-0.03868216246159342	0.045060420125486375	-0.04325069054561543	0.047382085998219345	-0.04102233312107925	0.032884336429666226
0.12126530066927509	-0.12452907819163256	0.15919918347791145	-0.8701216522900648	1.0000000000000002	-0.08814639531570641	0.0940358940022751	-0.0963475640560924	0.20283003165610672	-0.3418982838272363	0.07849732027251854	-0.09096033072525907	0.09107727636226431	-0.11545912332619969	0.20811816324585852	-0.0988059332498576	0.08164942328265026	-0.12574158117592543	0.09109094497662433	-0.1370885637400699	0.06050966352474482	-0.06684022835087985	0.055146390049290825	-0.06699712689921436	0.08725576971740785	-0.059220577915323036	0.055952930583352184	-0.06556330565743186	0.06125054851157631	-0.07643240842816233	0.04183436554773901	-0.05942928269746371	0.05015041077945638	-0.053338072648061105	0.037926428256997345	-0.04444206692922807	0.0424827863120499	-0.046748211341468136	0.040225324718799665	-0.0323883657533095
-0.44721055767255297	0.18428590380465046	-0.21146345169030306	0.0940026219305019	-0.08814639531570641	0.9999999999999996	-0.3803137106527705	0.22608917831921685	-0.19011686547574114	0.1086132041075376	-0.6700187329183377	0.2524176339237716	-0.20693002798264518	0.17491794537345903	-0.14135139215519255	0.24870085005896814	-0.21019246240652684	0.19053791558775263	-0.1366273891614426	0.16185376264575554	-0.13134706056103435	0.13129897607212726	-0.09600306716701029	0.10910243048805082	-0.12899742378257043	0.11279497325197042	-0.10656489827015868	0.10911413063426678	-0.09992806495855253	0.1120254977309913	-0.07522438216961781	0.10069545315466107	-0.08533512093980986	0.08537564521378582	-0.06239800137223108	0.07669384081346832	-0.07339717985008276	0.07761728241459576	-0.06715457482648562	0.05258351626950392
0.24267882152389617	-0.1983554758953721	0.19982252589164648	-0.1042681805975785	0.0940358940022751	-0.3803137106527705	1.0000000000000007	-0.7099000271022636	0.22023452332022608	-0.1311545783104272	0.23951856459709947	-0.2937597957634458	0.27670530273779353	-0.2456428393904386	0.15867556506551195	-0.23213406392795538	0.1992346037053929	-0.24118528590556784	0.16864901374873595	-0.19777278559403277	0.12544947769095702	-0.13605116085560898	0.10226016633714036	-0.1193790279887403	0.14219548235357973	-0.11588760827481669	0.1089352028719753	-0.1175255067197037	0.10727545985008036	-0.12538447714884116	0.07801082392763438	-0.10735674466196736	0.09040128394714428	-0.0923168724240905	0.06650764706222044	-0.08109607969085697	0.07719199037611492	-0.08306708781003334	0.07123179616385342	-0.05646283209143689
-0.2297519881256813	0.1634621242908007	-0.21836082262935458	0.10342035155780231	-0.0963475640560924	0.22608917831921685	-0.7099000271022636	1.0000000000000013	-0.281586878505558	0.13750572007323666	-0.20943430695757434	0.24105235611918135	-0.46298283836405435	0.23921802797737227	-0.16769625582816108	0.18737057511429553	-0.18463692075295718	0.21109313127320478	-0.1684822930253058	0.1791105335800176	-0.1089905927110314	0.11698301491088925	-0.08984703188379023	0.10358914788229895	-0.13118444751114888	0.098952238866045	-0.09518994061493777	0.10200097389618767	-0.09502596494980013	0.11037189363518805	-0.06771092639692754	0.0926389141003831	-0.07901080453201419	0.08057639250190383	-0.058678122103641865	0.06987181431947619	-0.06732283893184568	0.07211348910959405	-0.06270043571023408	0.0494211258748672
0.2184325412651591	-0.14608990151287926	0.18423657867213772	-0.24058401273325924	0.20283003165610672	-0.19011686547574114	0.22023452332022608	-0.281586878505558	1.0000000000000027	-0.5347559554700382	0.17752813500581974	-0.2251219555080516	0.23281816511566722	-0.33835719543857395	0.3206650733347965	-0.23209970674211472	0.19714222648095558	-0.33148978046760724	0.2352713640317148	-0.3560986392205321	0.14615540651668574	-0.16404198681966606	0.13682693076344424	-0.16803250382338888	0.21162156708575755	-0.14455730358073327	0.13718282306540674	-0.1636804254078365	0.15190765704484663	-0.19448152882076905	0.10269640883273384	-0.14725433687462053	0.12409725918504176	-0.13301849250534328	0.09384605553352096	-0.10964030842730337	0.10474228929566254	-0.1160957437330981	0.09936385635248794	-0.08049536553318046
-0.14269538485664882	0.09962195757140095	-0.13413570177646966	0.23812850849055905	-0.3418982838272363	0.1086132041075376	-0.1311545783104272	0.13750572007323666	-0.5347559554700382	1.0000000000000007	-0.1035252043678363	0.12414935966560874	-0.13771834764088392	0.1852417228100132	-0.6710544349627677	0.12675182992718675	-0.1120498968052898	0.17792218785035227	-0.1432534571826328	0.21631843594036743	-0.0810223051393123	0.08974597900311523	-0.07567335294048629	0.09162864261444909	-0.13137859173042452	0.0787246214634069	-0.0756161255995824	0.08913614810376064	-0.08528659837245856	0.10752517653800166	-0.056160400838427396	0.07968136142462043	-0.06809490763377558	0.07254241239980125	-0.05202681056328929	0.05938621083440772	-0.05736396216663325	0.06308087985730716	-0.0549134994746899	0.044073444082180585
0.2601545677473169	-0.14253118681652432	0.16191465022723334	-0.08440406674530751	0.07849732027251854	-0.6700187329183377	0.23951856459709947	-0.20943430695757434	0.17752813500581974	-0.1035252043678363	1.0000000000000027	-0.4241119657634612	0.21160919853316762	-0.18834505846058325	0.13627814319202974	-0.4126287091143849	0.2563841177597329	-0.20667798394658807	0.14255902593215458	-0.16687685665521837	0.1571872589301441	-0.15741969140698414	0.10650305242605343	-0.1201325175753694	0.13419853054554667	-0.13417780174042684	0.12203990866183688	-0.12053155703763889	0.10762214501200155	-0.11830242077977465	0.08433480373146002	-0.11168009068119215	0.09341005975874828	-0.09160590992181043	0.06673042711268055	-0.08572266091569766	0.08065818169943836	-0.08479060615038723	0.0721988084288841	-0.05640956761299484
-0.2561823286462416	0.13875018111122883	-0.17888211621633032	0.09480828439917773	-0.09096033072525907	0.2524176339237716	-0.2937597957634458	0.24105235611918135	-0.2251219555080516	0.12414935966560874	-0.4241119657634612	1.0000000000000022	-0.47041714860850375	0.242832489292482	-0.17058953948367334	0.2921424371793842	-0.5444330824354785	0.23713233119226684	-0.1862059458053309	0.1863338443066217	-0.1669927355864579	0.1816576458868091	-0.12075410233676151	0.1295219063023605	-0.15468024530797395	0.1375585884488968	-0.13971389976264817	0.12997186510757885	-0.11902465610557487	0.1272125983235021	-0.0896451820574247	0.11749137480768841	-0.10118988862239185	0.09751978598508138	-0.07252124209757925	0.08921869549896708	-0.08651613444267396	0.089871783313172	-0.07828445573807986	0.06034359321610065
0.20585845541774686	-0.12772842646377244	0.16141444757755496	-0.09754065717564261	0.09107727636226431	-0.20693002798264518	0.27670530273779353	-0.46298283836405435	0.23281816511566722	-0.13771834764088392	0.21160919853316762	-0.47041714860850375	1.0000000000000022	-0.544343267864343	0.18248448777873547	-0.22008623946616163	0.23395138301269322	-0.30533676506448526	0.23874552613139918	-0.21910329969277162	0.12499391404712987	-0.13864919041667906	0.10406926524487607	-0.11838541426355734	0.15152873126322977	-0.11275117671632845	0.10931450724938335	-0.11531590130540495	0.10734977074465513	-0.12372481620264843	0.07597753181558073	-0.10349766617541689	0.0886226366785587	-0.08935782884484074	0.06536501824560369	-0.07796444345173605	0.07524496549426232	-0.08031460172109604	0.06984147958726533	-0.05482400124577874
-0.22879236069173944	0.13096189590878532	-0.17705956477449009	0.11873641611691273	-0.11545912332619969	0.17491794537345903	-0.2456428393904386	0.23921802797737227	-0.33835719543857395	0.1852417228100132	-0.18834505846058325	0.242832489292482	-0.544343267864343	1.0000000000000009	-0.29296894200255935	0.19279195706892582	-0.2146709250695708	0.307184975763738	-0.5215456164702275	0.26854060990515277	-0.1233063516306314	0.1330128909945001	-0.1097015630793327	0.12441386766973755	-0.18760923018217848	0.11149714696104236	-0.11070375891499679	0.1204012821134536	-0.11771632749937257	0.13742279486067802	-0.07829022399501834	0.10691264473011672	-0.0935298894632247	0.09571174190429567	-0.0710059878352409	0.08020249831609137	-0.07892678580652301	0.08435831814410963	-0.07523367068516512	0.058849459235384954
0.1772131628019966	-0.11814048459592175	0.15295900496668105	-0.23943256475855626	0.20811816324585852	-0.14135139215519255	0.15867556506551195	-0.16769625582816108	0.3206650733347965	-0.6710544349627677	0.13627814319202974	-0.17058953948367334	0.18248448777873547	-0.29296894200255935	1.0000000000000016	-0.1748662809250999	0.15389621797404696	-0.26629379593839886	0.21139457181834964	-0.3948982702049381	0.11349143666362987	-0.12716017512303934	0.10860866903350475	-0.1331124281245139	0.18961070457355775	-0.11159766075438854	0.10725757482009267	-0.12882365994490105	0.12296434748533844	-0.16011496724152824	0.0798965970508357	-0.11426027400291514	0.09754473174929797	-0.10476439023036527	0.07459361334134063	-0.08488864050919914	0.08188355621840668	-0.09065719392979865	0.07855099658114566	-0.06341526128801442
-0.3065467411311588	0.152305804861035	-0.2042401070843556	0.10136336333789832	-0.0988059332498576	0.24870085005896814	-0.23213406392795538	0.18737057511429553	-0.23209970674211472	0.12675182992718675	-0.4126287091143849	0.2921424371793842	-0.22008623946616163	0.19279195706892582	-0.1748662809250999	1.0000000000000002	-0.5625468207594205	0.22850793132909197	-0.16533828677158116	0.19008751549275427	-0.38413408301317636	0.25245887411410295	-0.15883739881662545	0.16327773674154014	-0.18246219978923434	0.21774546325552874	-0.20503806439575556	0.17036557942716687	-0.15390069785412336	0.15190553508857074	-0.13199533689117077	0.15848165808624334	-0.13648174229630025	0.12451250128994858	-0.09462724381256937	0.12414850017257652	-0.11952618325774295	0.11895812161662236	-0.10363624482768298	0.07805585481154764
0.2177754552796822	-0.11838534768632616	0.15343934202450693	-0.08529793233641325	0.08164942328265026	-0.21019246240652684	0.1992346037053929	-0.18463692075295718	0.19714222648095558	-0.1120498968052898	0.2563841177597329	-0.5444330824354785	0.23395138301269322	-0.2146709250695708	0.15389621797404696	-0.5625468207594205	1.0000000000000013	-0.29592902813442895	0.1767698644964714	-0.18853267608474691	0.23290315819718538	-0.3379333263222756	0.1561244890118092	-0.16526109926486937	0.16581860969240741	-0.19423047368095836	0.19109199734993826	-0.16575439929291363	0.14096713198138744	-0.1432376970985182	0.11408708649068643	-0.14833811315984766	0.12435266519806158	-0.1143494921734715	0.08443316074754166	-0.11272127181873626	0.10647645923039444	-0.10953454458198203	0.09218384994806887	-0.07064572871402656
-0.28738953121936556	0.15351834903034345	-0.2140240989976601	0.12633235236135484	-0.12574158117592543	0.19053791558775263	-0.24118528590556784	0.21109313127320478	-0.33148978046760724	0.17792218785035227	-0.20667798394658807	0.23713233119226684	-0.30533676506448526	0.307184975763738	-0.26629379593839886	0.22850793132909197	-0.29592902813442895	1.000000000000001	-0.6122355951575791	0.2988092071979693	-0.15697095541441913	0.16940136985479684	-0.16282534706106047	0.16456560166875667	-0.25151082120364077	0.1389132531253955	-0.14275268191381565	0.15419737963757513	-0.15448327612962903	0.1703103017323244	-0.09896053194681556	0.1333424674543425	-0.12019210791753004	0.12052138790933696	-0.09154564634976466	0.09984025410839967	-0.10040770379660956	0.10612651232254888	-0.09688557877237038	0.0745811909024344
0.18267145971544796	-0.10284567243247086	0.1391007432056046	-0.09430252543177806	0.09109094497662433	-0.1366273891614426	0.16864901374873595	-0.1684822930253058	0.2352713640317148	-0.1432534571826328	0.14255902593215458	-0.1862059458053309	0.23874552613139918	-0.5215456164702275	0.21139457181834964	-0.16533828677158116	0.1767698644964714	-0.6122355951575791	0.9999999999999998	-0.46388181220924646	0.10870276762894795	-0.12035818696576032	0.10871747391154496	-0.12381831139292004	0.19992675303770757	-0.10017214870174006	0.10029001370819986	-0.11384908851789409	0.11366530355907012	-0.13810499232384013	0.0709814287047383	-0.09785084279487	0.08679611107667999	-0.0895167668541262	0.06647312391656152	-0.07291089673496785	0.07229211180889356	-0.07789284914418457	0.06988396370062472	-0.05478888769695624
-0.24675519393097006	0.13576467060371364	-0.18915745438372922	0.13618829395454174	-0.1370885637400699	0.16185376264575554	-0.19777278559403277	0.1791105335800176	-0.3560986392205321	0.21631843594036743	-0.16687685665521837	0.1863338443066217	-0.21910329969277162	0.26854060990515277	-0.3948982702049381	0.19008751549275427	-0.18853267608474691	0.2988092071979693	-0.46388181220924646	0.9999999999999992	-0.13751820533649814	0.14978599435742077	-0.14128011902341353	0.16690948137714942	-0.48750074158331724	0.12987594813890874	-0.13190605102452904	0.15812770663760306	-0.17699744140887774	0.22454015441101538	-0.09625090883785398	0.1340743355385897	-0.12207653578946544	0.13031997037364254	-0.09885017764750234	0.09925248937132318	-0.10054327354991847	0.1091919990083645	-0.10170044792746818	0.07970450408286078
0.1628966791181112	-0.08500300426440782	0.11425514683554852	-0.06221731761540822	0.06050966352474482	-0.13134706056103435	0.12544947769095702	-0.1089905927110314	0.14615540651668574	-0.0810223051393123	0.1571872589301441	-0.1669927355864579	0.12499391404712987	-0.1233063516306314	0.11349143666362987	-0.38413408301317636	0.23290315819718538	-0.15697095541441913	0.10870276762894795	-0.13751820533649814	0.9999999999999976	-0.5087365207441246	0.1916369724858187	-0.19641065805517838	0.15730793355863443	-0.6128146142302068	0.30342132597843924	-0.21712571414785853	0.1641442234877241	-0.14634743331291059	0.19471681488219617	-0.21447814060136622	0.16342739570549086	-0.13381194854058148	0.09862016623404113	-0.18536772164291299	0.14915665155933763	-0.14424541597814955	0.11161624853200236	-0.08375186027515011
-0.17679862672254004	0.09183166593219813	-0.1251051443800393	0.06825844349561536	-0.06684022835087985	0.13129897607212726	-0.13605116085560898	0.11698301491088925	-0.16404198681966606	0.08974597900311523	-0.15741969140698414	0.1816576458868091	-0.13864919041667906	0.1330128909945001	-0.12716017512303934	0.25245887411410295	-0.3379333263222756	0.16940136985479684	-0.12035818696576032	0.14978599435742077	-0.5087365207441246	0.999999999999998	-0.33913414227214866	0.23403706063751986	-0.18649203586825133	0.3026966347362961	-0.5491778079109544	0.2540523502896781	-0.2022235554691353	0.162938660785598	-0.16888283019996514	0.20518742956943686	-0.18456067514252267	0.14306088595718258	-0.10936494247255392	0.15058120863681365	-0.1511022346285106	0.14592150999269152	-0.12203302840380642	0.08915489882692636
0.13624105703959355	-0.07151789215905671	0.09830062489669172	-0.05624086187414789	0.055146390049290825	-0.09600306716701029	0.10226016633714036	-0.08984703188379023	0.13682693076344424	-0.07567335294048629	0.10650305242605343	-0.12075410233676151	0.10406926524487607	-0.1097015630793327	0.10860866903350475	-0.15883739881662545	0.1561244890118092	-0.16282534706106047	0.10871747391154496	-0.14128011902341353	0.1916369724858187	-0.33913414227214866	1.0000000000000018	-0.7560223708009076	0.19692786509391552	-0.18281753010799007	0.22458585568706674	-0.39315252367363523	0.24080349345202412	-0.19011463779260082	0.12386444274919418	-0.17789627146766712	0.1842926450972982	-0.15232639272084536	0.10935107791994259	-0.1230246287871821	0.12907574853972964	-0.14548752888312605	0.11869933810822682	-0.08937879412841879
-0.1645878741408755	0.08563144842999881	-0.11906689681785847	0.06781216342772678	-0.06699712689921436	0.10910243048805082	-0.1193790279887403	0.10358914788229895	-0.16803250382338888	0.09162864261444909	-0.1201325175753694	0.1295219063023605	-0.11838541426355734	0.12441386766973755	-0.1331124281245139	0.16327773674154014	-0.16526109926486937	0.16456560166875667	-0.12381831139292004	0.16690948137714942	-0.19641065805517838	0.23403706063751986	-0.7560223708009076	0.9999999999999983	-0.2842568417766274	0.1709750291780551	-0.21515201028165756	0.2744552234850464	-0.345329470182138	0.22133124185520395	-0.1275344788946491	0.1721357293494129	-0.18960797519184722	0.1664047174449674	-0.12835795279891118	0.12316085959855469	-0.13550231210954378	0.14456062798763777	-0.13576879072965467	0.0992031497788061
0.18134032427949923	-0.09918501205451782	0.13520479440786143	-0.09087823329153323	0.08725576971740785	-0.12899742378257043	0.14219548235357973	-0.13118444751114888	0.21162156708575755	-0.13137859173042452	0.13419853054554667	-0.15468024530797395	0.15152873126322977	-0.18760923018217848	0.18961070457355775	-0.18246219978923434	0.16581860969240741	-0.25151082120364077	0.19992675303770757	-0.48750074158331724	0.15730793355863443	-0.18649203586825133	0.19692786509391552	-0.2842568417766274	0.9999999999999989	-0.1640177510718857	0.168645104415859	-0.24464770254226154	0.2767300758201269	-0.5941075992246838	0.12474194976378021	-0.18574762464262456	0.17014841408757977	-0.19867358389962006	0.1412768542134823	-0.1333329255256115	0.1342929638348392	-0.15540806749146702	0.13975062877848396	-0.11645197414275259
-0.1585862382550657	0.08147880408473517	-0.11187745160412123	0.0602930435264586	-0.059220577915323036	0.11279497325197042	-0.11588760827481669	0.098952238866045	-0.14455730358073327	0.0787246214634069	-0.13417780174042684	0.1375585884488968	-0.11275117671632845	0.11149714696104236	-0.11159766075438854	0.21774546325552874	-0.19423047368095836	0.1389132531253955	-0.10017214870174006	0.12987594813890874	-0.6128146142302068	0.3026966347362961	-0.18281753010799007	0.1709750291780551	-0.1640177510718857	0.9999999999999989	-0.525809976156281	0.2254693518547359	-0.17936151834247305	0.1454080144132461	-0.33360659360009115	0.23377306690932284	-0.18747175896986387	0.13862935187005732	-0.10717740157224329	0.21028942818174848	-0.17915723380768023	0.15486592572157742	-0.12342933342373999	0.0887812716726484
0.14441192602365344	-0.07544156256300638	0.10289083594588143	-0.057218711081665	0.055952930583352184	-0.10656489827015868	0.1089352028719753	-0.09518994061493777	0.13718282306540674	-0.0756161255995824	0.12203990866183688	-0.13971389976264817	0.10931450724938335	-0.11070375891499679	0.10725757482009267	-0.20503806439575556	0.19109199734993826	-0.14275268191381565	0.10029001370819986	-0.13190605102452904	0.30342132597843924	-0.5491778079109544	0.22458585568706674	-0.21515201028165756	0.168645104415859	-0.525809976156281	0.9999999999999966	-0.4126898660398831	0.20514451862096977	-0.166231146610241	0.20327980178782185	-0.30262904435592985	0.21655423101887933	-0.15420012744135977	0.11278736008433833	-0.18497071663071002	0.1753693177348619	-0.17190292832058027	0.128516152170514	-0.09476206633641568
-0.163170657156019	0.08473069958500651	-0.11765477727706865	0.06642904356358302	-0.06556330565743186	0.10911413063426678	-0.1175255067197037	0.10200097389618767	-0.1636804254078365	0.08913614810376064	-0.12053155703763889	0.12997186510757885	-0.11531590130540495	0.1204012821134536	-0.12882365994490105	0.17036557942716687	-0.16575439929291363	0.15419737963757513	-0.11384908851789409	0.15812770663760306	-0.21712571414785853	0.2540523502896781	-0.39315252367363523	0.2744552234850464	-0.24464770254226154	0.2254693518547359	-0.4126898660398831	0.9999999999999966	-0.46192103878505103	0.2402878455681595	-0.17550324171385925	0.2526051179630224	-0.4487577808242591	0.21691655988620248	-0.16137818891540656	0.16602521688774255	-0.19853288206873831	0.22398608690858893	-0.1806524543792799	0.12795811789219563
0.1455448877986262	-0.07677203631230899	0.10589167721100025	-0.06256826722205094	0.06125054851157631	-0.09992806495855253	0.10727545985008036	-0.09502596494980013	0.15190765704484663	-0.08528659837245856	0.10762214501200155	-0.11902465610557487	0.10734977074465513	-0.11771632749937257	0.12296434748533844	-0.15390069785412336	0.14096713198138744	-0.15448327612962903	0.11366530355907012	-0.17699744140887774	0.1641442234877241	-0.2022235554691353	0.24080349345202412	-0.345329470182138	0.2767300758201269	-0.17936151834247305	0.20514451862096977	-0.46192103878505103	0.9999999999999958	-0.59609203321075	0.1381908529298758	-0.21017425103291787	0.22573001620089442	-0.3237570429144951	0.18413410412735884	-0.14397341942492745	0.15544723825766169	-0.18792020302809714	0.17876366793367032	-0.14107125178169136
-0.17443252364301456	0.09171665394358978	-0.12820660139592033	0.07715654990478817	-0.07643240842816233	0.1120254977309913	-0.12538447714884116	0.11037189363518805	-0.19448152882076905	0.10752517653800166	-0.11830242077977465	0.1272125983235021	-0.12372481620264843	0.13742279486067802	-0.16011496724152824	0.15190553508857074	-0.1432376970985182	0.1703103017323244	-0.13810499232384013	0.22454015441101538	-0.14634743331291059	0.162938660785598	-0.19011463779260082	0.22133124185520395	-0.5941075992246838	0.1454080144132461	-0.166231146610241	0.2402878455681595	-0.59609203321075	0.9999999999999953	-0.11786442534119541	0.16681096322711436	-0.17972346199275416	0.2111562045941559	-0.1860151790786583	0.11946071384304799	-0.1327659244818436	0.14784635680372393	-0.1603932536733186	0.12665037767821358
0.10783720922460796	-0.05591365407131312	0.07701963624830072	-0.04261618813803826	0.04183436554773901	-0.07522438216961781	0.07801082392763438	-0.06771092639692754	0.10269640883273384	-0.056160400838427396	0.08433480373146002	-0.0896451820574247	0.07597753181558073	-0.07829022399501834	0.0798965970508357	-0.13199533689117077	0.11408708649068643	-0.09896053194681556	0.0709814287047383	-0.09625090883785398	0.19471681488219617	-0.16888283019996514	0.12386444274919418	-0.1275344788946491	0.12474194976378021	-0.33360659360009115	0.20327980178782185	-0.17550324171385925	0.1381908529298758	-0.11786442534119541	0.9999999999999961	-0.4512411666325392	0.2082419915913455	-0.14205492793868332	0.1056859152155099	-0.7223503886254365	0.27971329156822516	-0.21521014700195215	0.13182261206950793	-0.09591762564661806
-0.1520065068192634	0.07837739076865854	-0.1090050076223852	0.06019651412047306	-0.05942928269746371	0.10069545315466107	-0.10735674466196736	0.0926389141003831	-0.14725433687462053	0.07968136142462043	-0.11168009068119215	0.11749137480768841	-0.10349766617541689	0.10691264473011672	-0.11426027400291514	0.15848165808624334	-0.14833811315984766	0.1333424674543425	-0.09785084279487	0.1340743355385897	-0.21447814060136622	0.20518742956943686	-0.17789627146766712	0.1721357293494129	-0.18574762464262456	0.23377306690932284	-0.30262904435592985	0.2526051179630224	-0.21017425103291787	0.16681096322711436	-0.4512411666325392	0.9999999999999967	-0.47262705752354084	0.2044431839798034	-0.16401088397586178	0.29553456126219113	-0.4901194057383942	0.29396726952551266	-0.20428007880639706	0.1375333583946985
0.12520850278511286	-0.06524109730271538	0.0902077390350729	-0.0510365778359562	0.05015041077945638	-0.08533512093980986	0.09040128394714428	-0.07901080453201419	0.12409725918504176	-0.06809490763377558	0.09341005975874828	-0.10118988862239185	0.0886226366785587	-0.0935298894632247	0.09754473174929797	-0.13648174229630025	0.12435266519806158	-0.12019210791753004	0.08679611107667999	-0.12207653578946544	0.16342739570549086	-0.18456067514252267	0.1842926450972982	-0.18960797519184722	0.17014841408757977	-0.18747175896986387	0.21655423101887933	-0.4487577808242591	0.22573001620089442	-0.17972346199275416	0.2082419915913455	-0.47262705752354084	0.9999999999999966	-0.30699635594659247	0.18114736553606195	-0.22394346726531705	0.2848866389595761	-0.5478094141610709	0.22593593975010573	-0.16746941267529059
-0.13111654000565218	0.06811387145554179	-0.09496445104596755	0.054033979878987407	-0.053338072648061105	0.08537564521378582	-0.0923168724240905	0.08057639250190383	-0.13301849250534328	0.07254241239980125	-0.09160590992181043	0.09751978598508138	-0.08935782884484074	0.09571174190429567	-0.10476439023036527	0.12451250128994858	-0.1143494921734715	0.12052138790933696	-0.0895167668541262	0.13031997037364254	-0.13381194854058148	0.14306088595718258	-0.15232639272084536	0.1664047174449674	-0.19867358389962006	0.13862935187005732	-0.15420012744135977	0.21691655988620248	-0.3237570429144951	0.2111562045941559	-0.14205492793868332	0.2044431839798034	-0.30699635594659247	0.9999999999999962	-0.6063282922157838	0.14437711448382584	-0.19243416254521814	0.2332078423555816	-0.4852374035233428	0.3027455120382605
0.09218305895223279	-0.048335014193867355	0.06684555152329613	-0.03868216246159342	0.037926428256997345	-0.06239800137223108	0.06650764706222044	-0.058678122103641865	0.09384605553352096	-0.05202681056328929	0.06673042711268055	-0.07252124209757925	0.06536501824560369	-0.0710059878352409	0.07459361334134063	-0.09462724381256937	0.08443316074754166	-0.09154564634976466	0.06647312391656152	-0.09885017764750234	0.09862016623404113	-0.10936494247255392	0.10935107791994259	-0.12835795279891118	0.1412768542134823	-0.10717740157224329	0.11278736008433833	-0.16137818891540656	0.18413410412735884	-0.1860151790786583	0.1056859152155099	-0.16401088397586178	0.18114736553606195	-0.6063282922157838	0.9999999999999966	-0.11619009325492417	0.13931026003722635	-0.19011246727757775	0.31613228821770534	-0.6457436617244989
-0.114842646871609	0.059130454636092275	-0.08210896250164504	0.045060420125486375	-0.04444206692922807	0.07669384081346832	-0.08109607969085697	0.06987181431947619	-0.10964030842730337	0.05938621083440772	-0.08572266091569766	0.08921869549896708	-0.07796444345173605	0.08020249831609137	-0.08488864050919914	0.12414850017257652	-0.11272127181873626	0.09984025410839967	-0.07291089673496785	0.09925248937132318	-0.18536772164291299	0.15058120863681365	-0.1230246287871821	0.12316085959855469	-0.1333329255256115	0.21028942818174848	-0.18497071663071002	0.16602521688774255	-0.14397341942492745	0.11946071384304799	-0.7223503886254365	0.29553456126219113	-0.22394346726531705	0.14437711448382584	-0.11619009325492417	0.9999999999999964	-0.49096787920388596	0.22744542667079568	-0.15064451186529515	0.10142402645978785
0.10736469502309617	-0.05581838676737357	0.07713519411653363	-0.04325069054561543	0.0424827863120499	-0.07339717985008276	0.07719199037611492	-0.06732283893184568	0.10474228929566254	-0.05736396216663325	0.08065818169943836	-0.08651613444267396	0.07524496549426232	-0.07892678580652301	0.08188355621840668	-0.11952618325774295	0.10647645923039444	-0.10040770379660956	0.07229211180889356	-0.10054327354991847	0.14915665155933763	-0.1511022346285106	0.12907574853972964	-0.13550231210954378	0.1342929638348392	-0.17915723380768023	0.1753693177348619	-0.19853288206873831	0.15544723825766169	-0.1327659244818436	0.27971329156822516	-0.4901194057383942	0.2848866389595761	-0.19243416254521814	0.13931026003722635	-0.49096787920388596	0.9999999999999962	-0.571457249788897	0.19548163179980085	-0.14309354575487862
-0.11753243296412685	0.06084563890832808	-0.08464448508735958	0.047382085998219345	-0.046748211341468136	0.07761728241459576	-0.08306708781003334	0.07211348910959405	-0.1160957437330981	0.06308087985730716	-0.08479060615038723	0.089871783313172	-0.08031460172109604	0.08435831814410963	-0.09065719392979865	0.11895812161662236	-0.10953454458198203	0.10612651232254888	-0.07789284914418457	0.1091919990083645	-0.14424541597814955	0.14592150999269152	-0.14548752888312605	0.14456062798763777	-0.15540806749146702	0.15486592572157742	-0.17190292832058027	0.22398608690858893	-0.18792020302809714	0.14784635680372393	-0.21521014700195215	0.29396726952551266	-0.5478094141610709	0.2332078423555816	-0.19011246727757775	0.22744542667079568	-0.571457249788897	0.9999999999999966	-0.36719275381451566	0.18667678329822904
0.09885271975608409	-0.051729866388336834	0.07150695394706028	-0.04102233312107925	0.040225324718799665	-0.06715457482648562	0.07123179616385342	-0.06270043571023408	0.09936385635248794	-0.0549134994746899	0.0721988084288841	-0.07828445573807986	0.06984147958726533	-0.07523367068516512	0.07855099658114566	-0.10363624482768298	0.09218384994806887	-0.09688557877237038	0.06988396370062472	-0.10170044792746818	0.11161624853200236	-0.12203302840380642	0.11869933810822682	-0.13576879072965467	0.13975062877848396	-0.12342933342373999	0.128516152170514	-0.1806524543792799	0.17876366793367032	-0.1603932536733186	0.13182261206950793	-0.20428007880639706	0.22593593975010573	-0.4852374035233428	0.31613228821770534	-0.15064451186529515	0.19548163179980085	-0.36719275381451566	0.9999999999999964	-0.6476655346644871
-0.07969037798400977	0.04148828227153006	-0.05768668214273172	0.032884336429666226	-0.0323883657533095	0.05258351626950392	-0.05646283209143689	0.0494211258748672	-0.08049536553318046	0.044073444082180585	-0.05640956761299484	0.06034359321610065	-0.05482400124577874	0.058849459235384954	-0.06341526128801442	0.07805585481154764	-0.07064572871402656	0.0745811909024344	-0.05478888769695624	0.07970450408286078	-0.08375186027515011	0.08915489882692636	-0.08937879412841879	0.0992031497788061	-0.11645197414275259	0.0887812716726484	-0.09476206633641568	0.12795811789219563	-0.14107125178169136	0.12665037767821358	-0.09591762564661806	0.1375333583946985	-0.16746941267529059	0.3027455120382605	-0.6457436617244989	0.10142402645978785	-0.14309354575487862	0.18667678329822904	-0.6476655346644871	0.9999999999999967
