1.0	-0.673000990646624	0.22702511094830197	-0.11083127084158778	0.09662594847226329	-0.5800922240190165	0.31998164964583725	-0.2243922264602664	0.0970161377098107	-0.0813219522657066	0.10660764552095318	-0.13183655182153795	0.15848832263131438	-0.11942875886077968	0.07634131545302997	-0.06953314708101895	0.0856913424695621	-0.0964850227147178	0.07970448934175686	-0.08423295773593269	0.08527624802943613	-0.08110839726976829	0.07095988068220749	-0.10069724503886435	0.07315462118769421	-0.11142436857351061	0.05874057910235509	-0.06313698026885368	0.07335407302276561	-0.0616135773868899	0.025375377976383034	-0.03590297832351536	0.05325138020070784	-0.057310819162080306	0.049788140692046894	-0.0345208519867943	0.03083402728718876	-0.05570333562697029	0.03886607357209712	-0.03450870786127608
-0.673000990646624	0.9999999999999998	-0.38629238291112744	0.1272666969315795	-0.1141366178031558	0.31233896596132626	-0.49582869026285986	0.23165424154008182	-0.11040521312749887	0.08706867481957922	-0.1134093000242514	0.1324978318966666	-0.1687785642673747	0.11171485692359169	-0.07440800250577517	0.0686797667755418	-0.08290679018357248	0.08912673390396017	-0.07488746951428644	0.07908049440393902	-0.08712825199132689	0.07563396664791601	-0.06597732623140518	0.09171584245721838	-0.06750650395072566	0.09911484839033051	-0.05344875746773819	0.057058110308957764	-0.06721311752686347	0.05574064293595052	-0.022761381554638766	0.03212832106773304	-0.048210544641436114	0.05177334155281977	-0.04534445462911441	0.03087508240293688	-0.02767171096635737	0.04993419046718885	-0.03529165397125308	0.031205114790067746
0.22702511094830197	-0.38629238291112744	0.9999999999999998	-0.3635047336408748	0.21679205232650695	-0.20569306858187458	0.2245216052470909	-0.6406070765838779	0.21287201715920953	-0.1770922744370985	0.10438662639008495	-0.13099759943694367	0.2683046590660299	-0.2069040859152452	0.13265045306458226	-0.07819609921159927	0.11513727467430879	-0.14636654919677733	0.13007493465247755	-0.14400590335431454	0.09615096097373572	-0.11498217541872903	0.10663418646708121	-0.16062348837338591	0.11356246702959137	-0.1675363739367237	0.08714305248056228	-0.09480827256986396	0.10998926840346797	-0.09611343273226242	0.03867370708770533	-0.05485090960131469	0.08048089788785914	-0.08733530867135259	0.07610004987438417	-0.05280287905706875	0.04704126649971548	-0.08515912777666819	0.05920366768523314	-0.05287251651082682
-0.11083127084158778	0.1272666969315795	-0.3635047336408748	0.9999999999999996	-0.6712670870862759	0.0922949322862201	-0.10467140467237948	0.21308854079698925	-0.5232540255243264	0.3059300862894417	-0.05780948661361987	0.06918803189832201	-0.16513915095109016	0.15028062135168904	-0.13134258610250144	0.04422923911355532	-0.06995837131891927	0.088081275755747	-0.09591775871831927	0.12031030362444921	-0.0557057786446122	0.06895178862032421	-0.06654179288951002	0.1026237591862674	-0.07587431661473756	0.0965313252964972	-0.052096158882283854	0.05648700005293868	-0.06840943294116944	0.060597643439821755	-0.023138188699620706	0.032697627550808156	-0.04880440032450083	0.053264348405214185	-0.04776858850927479	0.03148098153223093	-0.02822010500042582	0.05103807016325253	-0.0366769991999764	0.03258936488065818
0.09662594847226329	-0.1141366178031558	0.21679205232650695	-0.6712670870862759	1.0000000000000009	-0.08890161364185631	0.09524629913356317	-0.205667174638082	0.3268833096971226	-0.565419809880689	0.06006672059308893	-0.07269940030525203	0.16161586221793933	-0.18132388415231274	0.16410252440601256	-0.04803390805771668	0.07890985832546264	-0.10219024686722333	0.11428284268281118	-0.15830512384786125	0.06010120940288206	-0.07939595026220754	0.07725217810742156	-0.12281739211907522	0.0890319892198778	-0.11275391419314351	0.060454034914692485	-0.06582348732333239	0.07916144734007252	-0.07182383278238917	0.027077518895589202	-0.03831788586775715	0.05687842877954545	-0.062300557936628725	0.05579666803804531	-0.03691217737377527	0.03303498067538563	-0.05982947027792272	0.04278828526244597	-0.03818262407407199
-0.5800922240190165	0.31233896596132626	-0.20569306858187458	0.0922949322862201	-0.08890161364185631	1.0	-0.6947123140620335	0.18921454016205982	-0.08843985750357594	0.07028347970695954	-0.15039593230346454	0.1617915323892519	-0.1585666884893273	0.09923994632856632	-0.06629056650623119	0.08187666913263147	-0.08849956029269841	0.08618317610440267	-0.0688691031910508	0.07049007146856391	-0.10476531773216499	0.07678387926001175	-0.06428128881155333	0.08464718258543515	-0.06348879034833117	0.09347871719616539	-0.05169093088301496	0.054461096847387175	-0.06458691025561933	0.051740559472362786	-0.021353823988239554	0.030043873062558443	-0.045786717019538827	0.048798732717846155	-0.04282140814243312	0.028835632713005103	-0.02594857571831422	0.04672793434358165	-0.03335109486828212	0.029304864620287287
0.31998164964583725	-0.49582869026285986	0.2245216052470909	-0.10467140467237948	0.09524629913356317	-0.6947123140620335	1.0000000000000007	-0.2773425897150351	0.09703737902178519	-0.07893846131934748	0.1548388305291078	-0.23123663186715585	0.1724598628829271	-0.11544460984809102	0.07465479884405432	-0.08880824820778235	0.09803569413059267	-0.0990493604014316	0.07839695053234905	-0.08102605646199858	0.10805018839079947	-0.08708957454336139	0.07288629835365822	-0.09790561213062052	0.07167385549466723	-0.10776628522010809	0.05864202815602162	-0.062220674975266635	0.07253447415203464	-0.059281850950753216	0.02444821252543021	-0.03447759932877148	0.052048083700827204	-0.05561314536087423	0.04851218818199034	-0.03310909226682754	0.029705584971449303	-0.053583243804619575	0.03782732844365881	-0.03339586693852932
-0.2243922264602664	0.23165424154008182	-0.6406070765838779	0.21308854079698925	-0.205667174638082	0.18921454016205982	-0.2773425897150351	1.0	-0.23353294690126872	0.1599180737700432	-0.10935452415907018	0.1308558868303427	-0.5161061978863714	0.1958249993871196	-0.12967448196074693	0.07621404845843179	-0.11116216022025525	0.13607197566503415	-0.1239527875304874	0.13074426561039168	-0.09620741794400223	0.10567216339141121	-0.09960739139337318	0.14306891270081348	-0.10422577936414093	0.14360269817600338	-0.07749453762050403	0.08354411766739774	-0.0994382173834116	0.08482675143175149	-0.03370516084403258	0.04761551770174834	-0.07121223081346109	0.07702503996795074	-0.06815077456979891	0.045799439748288845	-0.04103817940624489	0.07413731796014579	-0.05274098013814896	0.046734304566574625
0.0970161377098107	-0.11040521312749887	0.21287201715920953	-0.5232540255243264	0.3268833096971226	-0.08843985750357594	0.09703737902178519	-0.23353294690126872	0.9999999999999997	-0.6865169936348265	0.06155263576021602	-0.07392105773865523	0.17554804689324138	-0.21484208156933868	0.1866797019676226	-0.049035576572706	0.0817598095013972	-0.10568750832196137	0.12620163397111003	-0.17494927499921678	0.061700417690529176	-0.08168138410145237	0.08055392914869702	-0.12887623105478904	0.09375030944943162	-0.1131740215214273	0.06162270905373161	-0.06698653884460579	0.08155782539169311	-0.07421892850955794	0.027494362801098474	-0.03885288175179561	0.05809683271271955	-0.0637125150413954	0.057594970671391896	-0.03742507179272951	0.033574440479655354	-0.06079058397891621	0.04397527641275603	-0.03916905300317329
-0.0813219522657066	0.08706867481957922	-0.1770922744370985	0.3059300862894417	-0.565419809880689	0.07028347970695954	-0.07893846131934748	0.1599180737700432	-0.6865169936348265	0.9999999999999989	-0.0521348395403401	0.06130308223754165	-0.15438888335839024	0.18239486557998374	-0.2616161504322828	0.041357529905732084	-0.0704924863349741	0.08942162654681103	-0.1189625564101474	0.17056938121491444	-0.052698322115679534	0.06923140089967678	-0.06965931700903089	0.11107405166110088	-0.08465568255117609	0.09313673934584277	-0.05199674000816057	0.05629755036617743	-0.07054386357806289	0.06412676837653751	-0.023126387452140778	0.03258753888669344	-0.049358482539243936	0.054240443483297304	-0.04997140960427285	0.03138600662249824	-0.02828630555061959	0.05115830073398663	-0.037860206123075245	0.03355552369844367
0.10660764552095318	-0.1134093000242514	0.10438662639008495	-0.05780948661361987	0.06006672059308893	-0.15039593230346454	0.1548388305291078	-0.10935452415907018	0.06155263576021602	-0.0521348395403401	1.0	-0.7807152755611337	0.14554885693669198	-0.10527899616780227	0.06896942732247546	-0.44347234424075155	0.18456188054621347	-0.14442033752295713	0.08454607300076805	-0.07761154307551647	0.27659742902531115	-0.15752337823099147	0.10505120223311289	-0.11214112602932637	0.08250853201135112	-0.1376670536252358	0.08049775093937736	-0.0817494356490352	0.09071517577418323	-0.0662488196789973	0.028771567091319422	-0.04016834447643622	0.06421736286965364	-0.06623048253118019	0.05707394606640793	-0.038349023612890526	0.03485026692770975	-0.06259414000899813	0.044797156744527666	-0.0388847032305539
-0.13183655182153795	0.1324978318966666	-0.13099759943694367	0.06918803189832201	-0.07269940030525203	0.1617915323892519	-0.23123663186715585	0.1308558868303427	-0.07392105773865523	0.06130308223754165	-0.7807152755611337	0.9999999999999992	-0.19478828023004133	0.11720209463155136	-0.07874160348933154	0.2666873415456676	-0.25523968825706067	0.15568145893851937	-0.0948868425552224	0.08591680879856492	-0.34327605861852395	0.16852060635634367	-0.11747405477055703	0.12104887037701531	-0.0924115171575159	0.14228275506945237	-0.08796953171248982	0.08772938534542346	-0.10182008971824717	0.07226387029722901	-0.03107717194736285	0.043193164829446413	-0.07032925127292854	0.07229641937849923	-0.06317230370711563	0.04121293438121544	-0.037675383654928236	0.06744714669761478	-0.049404955639877506	0.04255402756321586
0.15848832263131438	-0.1687785642673747	0.2683046590660299	-0.16513915095109016	0.16161586221793933	-0.1585666884893273	0.1724598628829271	-0.5161061978863714	0.17554804689324138	-0.15438888335839024	0.14554885693669198	-0.19478828023004133	0.9999999999999974	-0.44288459714373374	0.21126585173884352	-0.11801301132472305	0.1935346868573074	-0.2820130787863589	0.23199603612660186	-0.23586184999109297	0.1433076734471148	-0.1967527563281841	0.1904534570735197	-0.2860313905076265	0.191381323820642	-0.2789088194173576	0.14634642689371666	-0.16003937365622686	0.18331595056033625	-0.16227589133382056	0.06461423605850176	-0.0916960857618983	0.13471092926798847	-0.14625460702236948	0.1274037182439963	-0.08828029639627474	0.07863654947098689	-0.14254199584155092	0.09896459252576878	-0.08857552401965418
-0.11942875886077968	0.11171485692359169	-0.2069040859152452	0.15028062135168904	-0.18132388415231274	0.09923994632856632	-0.11544460984809102	0.1958249993871196	-0.21484208156933868	0.18239486557998374	-0.10527899616780227	0.11720209463155136	-0.44288459714373374	0.9999999999999993	-0.5192846322343171	0.08481901848255799	-0.16335361184058347	0.19814727851400155	-0.4799919228617372	0.312449811934104	-0.11217609647141105	0.1506337463587268	-0.16910024710256505	0.2628987127015665	-0.20971948486674666	0.17807712830991035	-0.11045423244120246	0.1174386894033351	-0.16297915626626483	0.13816294440764648	-0.047595886027155136	0.06622960036075728	-0.10610522144440081	0.11622375248031014	-0.11359838174462615	0.0636697367488599	-0.058490024312588755	0.10508327770629708	-0.08448067066361596	0.07294550032394176
0.07634131545302997	-0.07440800250577517	0.13265045306458226	-0.13134258610250144	0.16410252440601256	-0.06629056650623119	0.07465479884405432	-0.12967448196074693	0.1866797019676226	-0.2616161504322828	0.06896942732247546	-0.07874160348933154	0.21126585173884352	-0.5192846322343171	0.9999999999999987	-0.05835682027922015	0.11468837949356678	-0.15340472569428998	0.2799479172123045	-0.6986915757969706	0.07555285203383362	-0.11378940211101161	0.12410787718505635	-0.22154756974003575	0.16043725240946294	-0.13687346007569987	0.08186227225584836	-0.08875304962891103	0.11505009125584745	-0.11550083671262606	0.036235048252612055	-0.05088486015078323	0.07899941416881913	-0.08828341594915969	0.08462294111012388	-0.04906975612733204	0.04457910088400281	-0.08094947619896023	0.06245160271114521	-0.05573585007305168
-0.06953314708101895	0.0686797667755418	-0.07819609921159927	0.04422923911355532	-0.04803390805771668	0.08187666913263147	-0.08880824820778235	0.07621404845843179	-0.049035576572706	0.041357529905732084	-0.44347234424075155	0.2666873415456676	-0.11801301132472305	0.08481901848255799	-0.05835682027922015	0.9999999999999989	-0.21572907127367552	0.13302109120905228	-0.07451935282166598	0.06490952932967234	-0.8057405342419214	0.1617957686739202	-0.10398055819155111	0.09817168233165875	-0.07543988117638505	0.12843121135657212	-0.07966479313304509	0.07662785378413857	-0.08739651068123415	0.058504438360947035	-0.025922738486385103	0.035808742540631044	-0.06001268753554711	0.060507307740336684	-0.05244901846335917	0.03405488296129613	-0.03133518525241	0.055936138588912485	-0.04119166670624837	0.035198892647685096
0.0856913424695621	-0.08290679018357248	0.11513727467430879	-0.06995837131891927	0.07890985832546264	-0.08849956029269841	0.09803569413059267	-0.11116216022025525	0.0817598095013972	-0.0704924863349741	0.18456188054621347	-0.25523968825706067	0.1935346868573074	-0.16335361184058347	0.11468837949356678	-0.21572907127367552	1.000000000000001	-0.5041657007860927	0.16883664890618671	-0.13227027493048263	0.21215017451408694	-0.6601154200577012	0.30211281613378926	-0.2349189486128613	0.15148731284403036	-0.22238892359296095	0.17034657908383014	-0.1709729348968566	0.16133552935588827	-0.11485892543259833	0.04924707852846846	-0.06848719926895629	0.11721479976748149	-0.11702463585107334	0.10009460503193748	-0.06504472560907129	0.0599065445532461	-0.10818621193510301	0.07809971384694529	-0.06737508786880157
-0.0964850227147178	0.08912673390396017	-0.14636654919677733	0.088081275755747	-0.10219024686722333	0.08618317610440267	-0.0990493604014316	0.13607197566503415	-0.10568750832196137	0.08942162654681103	-0.14442033752295713	0.15568145893851937	-0.2820130787863589	0.19814727851400155	-0.15340472569428998	0.13302109120905228	-0.5041657007860927	1.0000000000000004	-0.27150465428659065	0.1652438747725071	-0.17461687537401457	0.3176782855633365	-0.6169197712896716	0.2786923647247799	-0.19455265414201509	0.19925410069261384	-0.1642290152811364	0.1663475101455224	-0.1861164939142017	0.13129357933278712	-0.05160215490180763	0.07102523645772965	-0.1267229849796097	0.12635592411602808	-0.11563743720185442	0.06756505965711572	-0.06312732300341924	0.11288381947968246	-0.08815744245354608	0.07489496554004572
0.07970448934175686	-0.07488746951428644	0.13007493465247755	-0.09591775871831927	0.11428284268281118	-0.0688691031910508	0.07839695053234905	-0.1239527875304874	0.12620163397111003	-0.1189625564101474	0.08454607300076805	-0.0948868425552224	0.23199603612660186	-0.4799919228617372	0.2799479172123045	-0.07451935282166598	0.16883664890618671	-0.27150465428659065	1.0000000000000016	-0.4841590353564312	0.09688718284731723	-0.17292902533896343	0.21420247330892847	-0.5659421256024983	0.2047936321583656	-0.16305223824020046	0.10725396308165586	-0.11620066276350875	0.1467883240841193	-0.1406914218777558	0.043687090127257584	-0.06106789165057015	0.0986391621185396	-0.10902407329931454	0.10427881572841213	-0.05873478612908472	0.053819818897337036	-0.09772713205000086	0.07659099684204071	-0.06790814542250664
-0.08423295773593269	0.07908049440393902	-0.14400590335431454	0.12031030362444921	-0.15830512384786125	0.07049007146856391	-0.08102605646199858	0.13074426561039168	-0.17494927499921678	0.17056938121491444	-0.07761154307551647	0.08591680879856492	-0.23586184999109297	0.312449811934104	-0.6986915757969706	0.06490952932967234	-0.13227027493048263	0.1652438747725071	-0.4841590353564312	0.9999999999999993	-0.08584253231474782	0.12443657951564079	-0.144305402847106	0.241723224909417	-0.22315254857126923	0.14374963509163466	-0.09062810154474674	0.0969926639286232	-0.1345216799519524	0.1325855050075836	-0.039779342556088566	0.055453931984504504	-0.08873689817591632	0.099115458842343	-0.10000634820603022	0.05343739189369196	-0.04909533981590976	0.08879097777917963	-0.07242630633172562	0.0636081857555825
0.08527624802943613	-0.08712825199132689	0.09615096097373572	-0.0557057786446122	0.06010120940288206	-0.10476531773216499	0.10805018839079947	-0.09620741794400223	0.061700417690529176	-0.052698322115679534	0.27659742902531115	-0.34327605861852395	0.1433076734471148	-0.11217609647141105	0.07555285203383362	-0.8057405342419214	0.21215017451408694	-0.17461687537401457	0.09688718284731723	-0.08584253231474782	0.9999999999999996	-0.22750523446251275	0.13345341182316245	-0.13194564054796704	0.09825648407750169	-0.19038223763578657	0.10651669443921402	-0.10433557142475547	0.11371677659466384	-0.0780894454074761	0.03500973894532221	-0.04854228450203029	0.07986883990683823	-0.080798748231962	0.06912615498596159	-0.04617550966552929	0.04224315582242578	-0.07563284128222551	0.05447952094612821	-0.04688041528760603
-0.08110839726976829	0.07563396664791601	-0.11498217541872903	0.06895178862032421	-0.07939595026220754	0.07678387926001175	-0.08708957454336139	0.10567216339141121	-0.08168138410145237	0.06923140089967678	-0.15752337823099147	0.16852060635634367	-0.1967527563281841	0.1506337463587268	-0.11378940211101161	0.1617957686739202	-0.6601154200577012	0.3176782855633365	-0.17292902533896343	0.12443657951564079	-0.22750523446251275	1.0000000000000009	-0.5177952599311718	0.22734135197273722	-0.16217890299722135	0.20633957020237453	-0.23073718674569493	0.18383435783007718	-0.17450448977160204	0.11378759081139832	-0.04894034212572846	0.06725166849494313	-0.12449725513751722	0.11884194042394597	-0.1037134050748718	0.06359309014985338	-0.05963454993401219	0.10691553729363285	-0.08047854297718567	0.06810934035361682
0.07095988068220749	-0.06597732623140518	0.10663418646708121	-0.06654179288951002	0.07725217810742156	-0.06428128881155333	0.07288629835365822	-0.09960739139337318	0.08055392914869702	-0.06965931700903089	0.10505120223311289	-0.11747405477055703	0.1904534570735197	-0.16910024710256505	0.12410787718505635	-0.10398055819155111	0.30211281613378926	-0.6169197712896716	0.21420247330892847	-0.144305402847106	0.13345341182316245	-0.5177952599311718	1.0	-0.42852729032440096	0.17068590645491183	-0.18312450566421762	0.16664865717094612	-0.19898872465108206	0.16108633499183236	-0.11949423357620556	0.04605321455144531	-0.06381299409745127	0.11716449701612756	-0.11428669018075803	0.10050476802944983	-0.060500551438855736	0.05646194757490597	-0.10248861330568243	0.0766953791801567	-0.06610240178026136
-0.10069724503886435	0.09171584245721838	-0.16062348837338591	0.1026237591862674	-0.12281739211907522	0.08464718258543515	-0.09790561213062052	0.14306891270081348	-0.12887623105478904	0.11107405166110088	-0.11214112602932637	0.12104887037701531	-0.2860313905076265	0.2628987127015665	-0.22154756974003575	0.09817168233165875	-0.2349189486128613	0.2786923647247799	-0.5659421256024983	0.241723224909417	-0.13194564054796704	0.22734135197273722	-0.42852729032440096	0.9999999999999984	-0.3612380853101754	0.2035136178892765	-0.14761673970211722	0.15591684835254746	-0.21825878538147844	0.19054837180383946	-0.05757257654202724	0.0797255105581445	-0.13530582008154018	0.1484148720703837	-0.14886307444934357	0.0765295621179988	-0.07115803890825975	0.12848624659301036	-0.10707528014807853	0.09292147561125703
0.07315462118769421	-0.06750650395072566	0.11356246702959137	-0.07587431661473756	0.0890319892198778	-0.06348879034833117	0.07167385549466723	-0.10422577936414093	0.09375030944943162	-0.08465568255117609	0.08250853201135112	-0.0924115171575159	0.191381323820642	-0.20971948486674666	0.16043725240946294	-0.07543988117638505	0.15148731284403036	-0.19455265414201509	0.2047936321583656	-0.22315254857126923	0.09825648407750169	-0.16217890299722135	0.17068590645491183	-0.3612380853101754	0.9999999999999984	-0.2567211538628191	0.1468839625974089	-0.16872959279536023	0.22558738808593434	-0.6767953844335068	0.08576684351731745	-0.1227125286138092	0.17840804377164882	-0.23437726976587855	0.2607349020590911	-0.12062885616241123	0.10830621835926667	-0.20604781507038608	0.16585733962574	-0.17181163641931652
-0.11142436857351061	0.09911484839033051	-0.1675363739367237	0.0965313252964972	-0.11275391419314351	0.09347871719616539	-0.10776628522010809	0.14360269817600338	-0.1131740215214273	0.09313673934584277	-0.1376670536252358	0.14228275506945237	-0.2789088194173576	0.17807712830991035	-0.13687346007569987	0.12843121135657212	-0.22238892359296095	0.19925410069261384	-0.16305223824020046	0.14374963509163466	-0.19038223763578657	0.20633957020237453	-0.18312450566421762	0.2035136178892765	-0.2567211538628191	0.9999999999999981	-0.5240483532480036	0.3031282389441534	-0.4685778902681339	0.1891454461097592	-0.1055359322391006	0.13361780470027598	-0.27635361402417585	0.24612633247195137	-0.21456727285254995	0.12397581642232991	-0.12143641489065642	0.2052145190751464	-0.1725649208379369	0.13613724917945857
0.05874057910235509	-0.05344875746773819	0.08714305248056228	-0.052096158882283854	0.060454034914692485	-0.05169093088301496	0.05864202815602162	-0.07749453762050403	0.06162270905373161	-0.05199674000816057	0.08049775093937736	-0.08796953171248982	0.14634642689371666	-0.11045423244120246	0.08186227225584836	-0.07966479313304509	0.17034657908383014	-0.1642290152811364	0.10725396308165586	-0.09062810154474674	0.10651669443921402	-0.23073718674569493	0.16664865717094612	-0.14761673970211722	0.1468839625974089	-0.5240483532480036	0.9999999999999974	-0.7182138425308661	0.25082731109097073	-0.11992714453344197	0.07645792924276046	-0.10616994348998937	0.22265909435452785	-0.1866226064765252	0.13050122461351818	-0.09733660808239458	0.09234535363238218	-0.17311461091124103	0.10872661901271857	-0.09101640742163758
-0.06313698026885368	0.057058110308957764	-0.09480827256986396	0.05648700005293868	-0.06582348732333239	0.054461096847387175	-0.062220674975266635	0.08354411766739774	-0.06698653884460579	0.05629755036617743	-0.0817494356490352	0.08772938534542346	-0.16003937365622686	0.1174386894033351	-0.08875304962891103	0.07662785378413857	-0.1709729348968566	0.1663475101455224	-0.11620066276350875	0.0969926639286232	-0.10433557142475547	0.18383435783007718	-0.19898872465108206	0.15591684835254746	-0.16872959279536023	0.3031282389441534	-0.7182138425308661	0.9999999999999979	-0.3575786369929813	0.1354896307616982	-0.08707671861484423	0.11774099132015951	-0.3810365325237096	0.22284525791056395	-0.15615215814577635	0.10727103039738445	-0.10738930492506821	0.19532864134025618	-0.12978873117732667	0.1054422496514913
0.07335407302276561	-0.06721311752686347	0.10998926840346797	-0.06840943294116944	0.07916144734007252	-0.06458691025561933	0.07253447415203464	-0.0994382173834116	0.08155782539169311	-0.07054386357806289	0.09071517577418323	-0.10182008971824717	0.18331595056033625	-0.16297915626626483	0.11505009125584745	-0.08739651068123415	0.16133552935588827	-0.1861164939142017	0.1467883240841193	-0.1345216799519524	0.11371677659466384	-0.17450448977160204	0.16108633499183236	-0.21825878538147844	0.22558738808593434	-0.4685778902681339	0.25082731109097073	-0.3575786369929813	0.9999999999999978	-0.23970417958375875	0.12375615451357698	-0.17791042648036062	0.2975034080335608	-0.5597720607754002	0.24213539578128362	-0.16934133417685163	0.15245654372182726	-0.287206827813501	0.18507176523249802	-0.1700631339254543
-0.0616135773868899	0.05574064293595052	-0.09611343273226242	0.060597643439821755	-0.07182383278238917	0.051740559472362786	-0.059281850950753216	0.08482675143175149	-0.07421892850955794	0.06412676837653751	-0.0662488196789973	0.07226387029722901	-0.16227589133382056	0.13816294440764648	-0.11550083671262606	0.058504438360947035	-0.11485892543259833	0.13129357933278712	-0.1406914218777558	0.1325855050075836	-0.0780894454074761	0.11378759081139832	-0.11949423357620556	0.19054837180383946	-0.6767953844335068	0.1891454461097592	-0.11992714453344197	0.1354896307616982	-0.23970417958375875	0.9999999999999979	-0.07333625607408459	0.10075738200918521	-0.17098840311852484	0.22241008944518068	-0.5218925182325498	0.0987778050329309	-0.09513579820618812	0.17619020571806177	-0.21972624809570263	0.20076790390442123
0.025375377976383034	-0.022761381554638766	0.03867370708770533	-0.023138188699620706	0.027077518895589202	-0.021353823988239554	0.02444821252543021	-0.03370516084403258	0.027494362801098474	-0.023126387452140778	0.028771567091319422	-0.03107717194736285	0.06461423605850176	-0.047595886027155136	0.036235048252612055	-0.025922738486385103	0.04924707852846846	-0.05160215490180763	0.043687090127257584	-0.039779342556088566	0.03500973894532221	-0.04894034212572846	0.04605321455144531	-0.05757257654202724	0.08576684351731745	-0.1055359322391006	0.07645792924276046	-0.08707671861484423	0.12375615451357698	-0.07333625607408459	0.999999999999998	-0.7548502410046616	0.1624667249002443	-0.11312913540789137	0.09543069611503198	-0.5440240750097834	0.286864288906052	-0.19668826832829436	0.09761677890791476	-0.07383078714013798
-0.03590297832351536	0.03212832106773304	-0.05485090960131469	0.032697627550808156	-0.03831788586775715	0.030043873062558443	-0.03447759932877148	0.04761551770174834	-0.03885288175179561	0.03258753888669344	-0.04016834447643622	0.043193164829446413	-0.0916960857618983	0.06622960036075728	-0.05088486015078323	0.035808742540631044	-0.06848719926895629	0.07102523645772965	-0.06106789165057015	0.055453931984504504	-0.04854228450203029	0.06725166849494313	-0.06381299409745127	0.0797255105581445	-0.1227125286138092	0.13361780470027598	-0.10616994348998937	0.11774099132015951	-0.17791042648036062	0.10075738200918521	-0.7548502410046616	0.9999999999999994	-0.25289304135220575	0.15183219896391562	-0.13552362570557047	0.31454135594469257	-0.4264758417800087	0.22855840285208656	-0.13495766756712685	0.09774636148900256
0.05325138020070784	-0.048210544641436114	0.08048089788785914	-0.04880440032450083	0.05687842877954545	-0.045786717019538827	0.052048083700827204	-0.07121223081346109	0.05809683271271955	-0.049358482539243936	0.06421736286965364	-0.07032925127292854	0.13471092926798847	-0.10610522144440081	0.07899941416881913	-0.06001268753554711	0.11721479976748149	-0.1267229849796097	0.0986391621185396	-0.08873689817591632	0.07986883990683823	-0.12449725513751722	0.11716449701612756	-0.13530582008154018	0.17840804377164882	-0.27635361402417585	0.22265909435452785	-0.3810365325237096	0.2975034080335608	-0.17098840311852484	0.1624667249002443	-0.25289304135220575	0.9999999999999979	-0.5174691885627676	0.2218758219449829	-0.21304734731888547	0.21138845843607199	-0.5271307094545276	0.20163716303004708	-0.1735080125477475
-0.057310819162080306	0.05177334155281977	-0.08733530867135259	0.053264348405214185	-0.062300557936628725	0.048798732717846155	-0.05561314536087423	0.07702503996795074	-0.0637125150413954	0.054240443483297304	-0.06623048253118019	0.07229641937849923	-0.14625460702236948	0.11622375248031014	-0.08828341594915969	0.060507307740336684	-0.11702463585107334	0.12635592411602808	-0.10902407329931454	0.099115458842343	-0.080798748231962	0.11884194042394597	-0.11428669018075803	0.1484148720703837	-0.23437726976587855	0.24612633247195137	-0.1866226064765252	0.22284525791056395	-0.5597720607754002	0.22241008944518068	-0.11312913540789137	0.15183219896391562	-0.5174691885627676	0.9999999999999968	-0.4264343865514943	0.14064580203002408	-0.1437859483670073	0.2627336454890483	-0.2441401723322801	0.20045485998773832
0.049788140692046894	-0.04534445462911441	0.07610004987438417	-0.04776858850927479	0.05579666803804531	-0.04282140814243312	0.04851218818199034	-0.06815077456979891	0.057594970671391896	-0.04997140960427285	0.05707394606640793	-0.06317230370711563	0.1274037182439963	-0.11359838174462615	0.08462294111012388	-0.05244901846335917	0.10009460503193748	-0.11563743720185442	0.10427881572841213	-0.10000634820603022	0.06912615498596159	-0.1037134050748718	0.10050476802944983	-0.14886307444934357	0.2607349020590911	-0.21456727285254995	0.13050122461351818	-0.15615215814577635	0.24213539578128362	-0.5218925182325498	0.09543069611503198	-0.13552362570557047	0.2218758219449829	-0.4264343865514943	0.9999999999999978	-0.13521725401272497	0.12640774809557204	-0.2584785726717167	0.28273483955097156	-0.49095520234011353
-0.0345208519867943	0.03087508240293688	-0.05280287905706875	0.03148098153223093	-0.03691217737377527	0.028835632713005103	-0.03310909226682754	0.045799439748288845	-0.03742507179272951	0.03138600662249824	-0.038349023612890526	0.04121293438121544	-0.08828029639627474	0.0636697367488599	-0.04906975612733204	0.03405488296129613	-0.06504472560907129	0.06756505965711572	-0.05873478612908472	0.05343739189369196	-0.04617550966552929	0.06359309014985338	-0.060500551438855736	0.0765295621179988	-0.12062885616241123	0.12397581642232991	-0.09733660808239458	0.10727103039738445	-0.16934133417685163	0.0987778050329309	-0.5440240750097834	0.31454135594469257	-0.21304734731888547	0.14064580203002408	-0.13521725401272497	0.9999999999999976	-0.6792315576949908	0.24935032803272236	-0.14284062694220676	0.09959044206741512
0.03083402728718876	-0.02767171096635737	0.04704126649971548	-0.02822010500042582	0.03303498067538563	-0.02594857571831422	0.029705584971449303	-0.04103817940624489	0.033574440479655354	-0.02828630555061959	0.03485026692770975	-0.037675383654928236	0.07863654947098689	-0.058490024312588755	0.04457910088400281	-0.03133518525241	0.0599065445532461	-0.06312732300341924	0.053819818897337036	-0.04909533981590976	0.04224315582242578	-0.05963454993401219	0.05646194757490597	-0.07115803890825975	0.10830621835926667	-0.12143641489065642	0.09234535363238218	-0.10738930492506821	0.15245654372182726	-0.09513579820618812	0.286864288906052	-0.4264758417800087	0.21138845843607199	-0.1437859483670073	0.12640774809557204	-0.6792315576949908	0.9999999999999977	-0.46468554640308474	0.14530540822773597	-0.10794056963241841
-0.05570333562697029	0.04993419046718885	-0.08515912777666819	0.05103807016325253	-0.05982947027792272	0.04672793434358165	-0.053583243804619575	0.07413731796014579	-0.06079058397891621	0.05115830073398663	-0.06259414000899813	0.06744714669761478	-0.14254199584155092	0.10508327770629708	-0.08094947619896023	0.055936138588912485	-0.10818621193510301	0.11288381947968246	-0.09772713205000086	0.08879097777917963	-0.07563284128222551	0.10691553729363285	-0.10248861330568243	0.12848624659301036	-0.20604781507038608	0.2052145190751464	-0.17311461091124103	0.19532864134025618	-0.287206827813501	0.17619020571806177	-0.19668826832829436	0.22855840285208656	-0.5271307094545276	0.2627336454890483	-0.2584785726717167	0.24935032803272236	-0.46468554640308474	0.9999999999999969	-0.3704337690132983	0.21305759143986502
0.03886607357209712	-0.03529165397125308	0.05920366768523314	-0.0366769991999764	0.04278828526244597	-0.03335109486828212	0.03782732844365881	-0.05274098013814896	0.04397527641275603	-0.037860206123075245	0.044797156744527666	-0.049404955639877506	0.09896459252576878	-0.08448067066361596	0.06245160271114521	-0.04119166670624837	0.07809971384694529	-0.08815744245354608	0.07659099684204071	-0.07242630633172562	0.05447952094612821	-0.08047854297718567	0.0766953791801567	-0.10707528014807853	0.16585733962574	-0.1725649208379369	0.10872661901271857	-0.12978873117732667	0.18507176523249802	-0.21972624809570263	0.09761677890791476	-0.13495766756712685	0.20163716303004708	-0.2441401723322801	0.28273483955097156	-0.14284062694220676	0.14530540822773597	-0.3704337690132983	0.9999999999999971	-0.7681015725736289
-0.03450870786127608	0.031205114790067746	-0.05287251651082682	0.03258936488065818	-0.03818262407407199	0.029304864620287287	-0.03339586693852932	0.046734304566574625	-0.03916905300317329	0.03355552369844367	-0.0388847032305539	0.04255402756321586	-0.08857552401965418	0.07294550032394176	-0.05573585007305168	0.035198892647685096	-0.06737508786880157	0.07489496554004572	-0.06790814542250664	0.0636081857555825	-0.04688041528760603	0.06810934035361682	-0.06610240178026136	0.09292147561125703	-0.17181163641931652	0.13613724917945857	-0.09101640742163758	0.1054422496514913	-0.1700631339254543	0.20076790390442123	-0.07383078714013798	0.09774636148900256	-0.1735080125477475	0.20045485998773832	-0.49095520234011353	0.09959044206741512	-0.10794056963241841	0.21305759143986502	-0.7681015725736289	0.9999999999999972
