1.0	-0.2840306904133495	0.19735935630049853	-0.1124638217125118	0.09019518770774532	-0.7294343245635568	0.18609851133666125	-0.14743873817858139	0.1315234728323317	-0.09191447366865411	0.2958959069505549	-0.24686715568334688	0.18200399045559418	-0.11224585698962045	0.10788575527900734	-0.2595009179119572	0.18729272293471216	-0.15886629934983745	0.12293830773358334	-0.07250085482842572	0.17967549986594805	-0.17335925871490568	0.12127885473511875	-0.1384363368511421	0.06943285406232691	-0.18563066803674863	0.15463647428868216	-0.1499152293016723	0.11849465677635791	-0.062446770414055205	0.08710346992899667	-0.08423048813578664	0.09459523177253147	-0.08953261011861682	0.06726664928061159	-0.07690350346263926	0.06740936539681901	-0.07220488986318364	0.07523543890382993	-0.033910262301631	0.0985818469768211	-0.0959122858042531	0.0670751413798344	-0.06684866379494134	0.03693802293496725
-0.2840306904133495	0.9999999999999999	-0.8575239997249656	0.18312335279233533	-0.15346014455185408	0.16203832346067348	-0.20154277847373384	0.14198461643599058	-0.15269743042343273	0.11574919684067818	-0.1463305865355015	0.12284774575530147	-0.15825040735680654	0.1143095437042875	-0.1360467709637218	0.11958265792153588	-0.11013138838389332	0.11894552031345203	-0.10261203977350088	0.056324033828212196	-0.10777787534412539	0.11499640065731012	-0.08605668520573605	0.10524140416819651	-0.05404448825482764	0.10695814338069116	-0.10357717355959124	0.10337984438396712	-0.08673628433276107	0.04573467586766243	-0.05660958061406379	0.054758888668775194	-0.06562823195352821	0.06293291788242268	-0.04938822525044808	0.05053604069662658	-0.04481482732556566	0.049588511011601874	-0.0527554369038639	0.02427628800106661	-0.06629063672281887	0.06346326794679051	-0.04646458023396387	0.046102392921676665	-0.02655473598826171
0.19735935630049853	-0.8575239997249656	1.0000000000000004	-0.2624297410399427	0.1589952834687585	-0.15357918014714875	0.16925074590414982	-0.14503825978527307	0.15374662323189558	-0.12924729359850679	0.13283316190082162	-0.12570376080932935	0.15424563876462014	-0.12023520446329855	0.13625886005269358	-0.12438771281168978	0.11113419297279462	-0.1266610898613364	0.1071279561728837	-0.06052182799805757	0.1096633197185785	-0.12478358223154326	0.09199190184804841	-0.11368901607962806	0.05741335417492614	-0.1162244936683458	0.11027848542452544	-0.11238511492867614	0.09253498251553822	-0.049097233540828636	0.06108618679063314	-0.05940553082867674	0.07067787163018184	-0.06814048364625162	0.05273560959407737	-0.05524942319917387	0.04879269654412172	-0.05375656853537237	0.056865881976821374	-0.02615160917854906	0.0724647395043691	-0.07003347412312788	0.05027905778045297	-0.05014382510845705	0.028522755156732495
-0.1124638217125118	0.18312335279233533	-0.2624297410399427	0.9999999999999997	-0.7343895475067809	0.08473904457263451	-0.15856756207187905	0.1417673164566824	-0.3691202607684106	0.29009267501683494	-0.0960123136808959	0.09814602045073409	-0.1724294009367247	0.21245904606448068	-0.3232239062243549	0.09016844631711536	-0.09528451311019638	0.13785195127238664	-0.14272430712286244	0.06919487865204536	-0.09029777111319798	0.11732485018398638	-0.09425977606811071	0.12877078398663247	-0.0657534501293383	0.09468728204838815	-0.10230622432800485	0.10940916074999388	-0.09735434884790763	0.051245614243708805	-0.05487643803006042	0.05347728602674403	-0.06822411503133281	0.06717938507398367	-0.05504266992871012	0.04962721063670232	-0.044441401391396254	0.051181321302929794	-0.05558710289923757	0.026216242602352276	-0.06527772305991783	0.0623381951403465	-0.04806898677137551	0.04773469998262098	-0.028730247731545814
0.09019518770774532	-0.15346014455185408	0.1589952834687585	-0.7343895475067809	1.0000000000000004	-0.06981077779246223	0.12046007917870027	-0.1119950522952381	0.23225135520800744	-0.5234134094184265	0.07924557861112652	-0.08311650595925238	0.1373824221266575	-0.18993539150926037	0.26437915973795384	-0.07706338957671463	0.08057387642131845	-0.12134534773415999	0.12044679635297259	-0.06086970274541223	0.07688052208273138	-0.10407394328986372	0.08252221871590194	-0.1154872515637904	0.05658806038847788	-0.08279580379395417	0.08852651108690436	-0.09699860809838161	0.08436837251744171	-0.04467608513308406	0.047808449868977324	-0.04677920265929827	0.05938159330486962	-0.058988729199090324	0.04758374003765122	-0.04359041793513313	0.03892896710437835	-0.04480434694503089	0.04842178224537936	-0.022831526917721716	0.05713379343531927	-0.05505272444419303	0.04194016119880074	-0.041890069516132576	0.02493414355868643
-0.7294343245635568	0.16203832346067348	-0.15357918014714875	0.08473904457263451	-0.06981077779246223	1.0000000000000009	-0.1937477955382465	0.1295103056580923	-0.10603886013864919	0.07072133677979617	-0.5308918754755613	0.20606029755029145	-0.15355329321655867	0.08854580117969325	-0.08433302247610788	0.20901542977888715	-0.16820297997219916	0.12260004446603974	-0.09556615764483238	0.05453987934059965	-0.15619872438544316	0.12989482017871776	-0.0926885682588245	0.10425497326996196	-0.0525864765788899	0.13539502704841358	-0.11791875534862853	0.11120792509963268	-0.08958470248830566	0.04683292726119247	-0.0648307015122819	0.062134898611909864	-0.07056881762119156	0.06647090568528935	-0.050658742007037266	0.05618401800705412	-0.049546737570336334	0.053415265356521295	-0.05604408835002681	0.02527546838114245	-0.07208290211753868	0.06931307162120001	-0.049700119629993725	0.049259751866172076	-0.02761038711656166
0.18609851133666125	-0.20154277847373384	0.16925074590414982	-0.15856756207187905	0.12046007917870027	-0.1937477955382465	1.0	-0.7488494253451421	0.2288246559121021	-0.14258553088168935	0.17556796989563825	-0.21330539729277284	0.2998278265505129	-0.19261799219118683	0.15302169158043802	-0.16294924132077704	0.17194040546666653	-0.22490355378070695	0.1696335574434358	-0.09449005069373863	0.1496501733148133	-0.20259558047062393	0.14951064896554309	-0.1848289870200397	0.08796141654933086	-0.16076338364718146	0.16312818350765348	-0.17737351367693313	0.14278976696815432	-0.07548591804487481	0.08867748377129549	-0.08686669408307383	0.10608588114751802	-0.10405200051575238	0.0802851224213365	-0.08106865458644663	0.0718246120046681	-0.08068715008015856	0.08569070920905127	-0.03963705061020674	0.10592640013470042	-0.10319934500839065	0.07519707665666342	-0.07542646298172614	0.04311023539512415
-0.14743873817858139	0.14198461643599058	-0.14503825978527307	0.1417673164566824	-0.1119950522952381	0.1295103056580923	-0.7488494253451421	1.0000000000000002	-0.31067534342689185	0.13072923661695862	-0.13834881488944545	0.1580453670711745	-0.4671268203216362	0.19151156694023777	-0.14705129059518413	0.1233064102393021	-0.13957652967895853	0.1925829664386355	-0.15599454682880126	0.07764414417074604	-0.11698789245007987	0.15690074285995115	-0.12321113004581087	0.15143862999011512	-0.07323182848431053	0.12201603652113452	-0.12874403754685465	0.1392648988371317	-0.11670267201413945	0.06085432292129679	-0.06876393005769792	0.06715992945594308	-0.08384086520768683	0.08213486006170453	-0.06511012973228517	0.06221973613009621	-0.055466476636637195	0.06315298787132811	-0.06784849530008785	0.03153894455677976	-0.08123700648026039	0.0783911785186736	-0.05899106847321119	0.05881756409050849	-0.03444178604031757
0.1315234728323317	-0.15269743042343273	0.15374662323189558	-0.3691202607684106	0.23225135520800744	-0.10603886013864919	0.2288246559121021	-0.31067534342689185	1.000000000000002	-0.3351466208004656	0.12698920018151597	-0.14354762323998715	0.2579664603132026	-0.6158844781686879	0.29232199138466064	-0.12653985631133766	0.13895697347840325	-0.24151908713972225	0.24593834265851625	-0.11292743907188225	0.12735269136434238	-0.1885259766640516	0.15341874439910638	-0.23047250007003803	0.10208582335334349	-0.13938903156824106	0.15288557143719098	-0.17575571796711742	0.1527887299454364	-0.08020441002119996	0.081820434875036	-0.08043953246946976	0.10375565644605324	-0.10494182285375793	0.08446390206287764	-0.0747731695957214	0.06693407500408995	-0.07826776307163281	0.08493270700872224	-0.04020852405348921	0.09705801998751935	-0.09410769513749676	0.07290487786742456	-0.07314944378176536	0.04380530503385026
-0.09191447366865411	0.11574919684067818	-0.12924729359850679	0.29009267501683494	-0.5234134094184265	0.07072133677979617	-0.14258553088168935	0.13072923661695862	-0.3351466208004656	0.9999999999999992	-0.08469420792666427	0.0900501708105022	-0.16739848877293126	0.24896757249467888	-0.6719242147483562	0.08145086027653105	-0.08902021713801299	0.13878249449297134	-0.15301731872768978	0.07115437915005972	-0.08322195903664946	0.11372241545502407	-0.09321299746176079	0.13157243274476413	-0.06714479484385096	0.08832331770567406	-0.09775409405344417	0.1068422236964094	-0.09647493357052575	0.050762075186031874	-0.05218180045924391	0.050969888981739604	-0.06601798185685732	0.06559231077152096	-0.05436163420686904	0.047298644247801	-0.042457604144702156	0.049451335043695	-0.053988652097612375	0.02564516325694257	-0.06204085137797916	0.05933094355737534	-0.04641595822207651	0.0461442575676468	-0.028105756753703068
0.2958959069505549	-0.1463305865355015	0.13283316190082162	-0.0960123136808959	0.07924557861112652	-0.5308918754755613	0.17556796989563825	-0.13834881488944545	0.12698920018151597	-0.08469420792666427	1.0000000000000009	-0.45755559405975404	0.19540773552651353	-0.11091063098005789	0.10250538635514524	-0.4655400719051969	0.27339959812165293	-0.17187934358973042	0.1288318951212277	-0.07451907082974521	0.23511924700096784	-0.19208500857838226	0.13248738278138206	-0.1440543200184962	0.0719291156676584	-0.2113435016418853	0.17006231628063495	-0.15901789548980014	0.12516258877327047	-0.06522041807808246	0.0945518947134705	-0.09064062135489778	0.10004653313632526	-0.09376937639114467	0.07049344842826796	-0.08108616117569187	0.07119803581252693	-0.07591167838428746	0.0790709132177882	-0.03536691155791844	0.10223767332668927	-0.09900242590215563	0.0702611770182841	-0.0697182124088992	0.038588912158480516
-0.24686715568334688	0.12284774575530147	-0.12570376080932935	0.09814602045073409	-0.08311650595925238	0.20606029755029145	-0.21330539729277284	0.1580453670711745	-0.14354762323998715	0.0900501708105022	-0.45755559405975404	0.9999999999999987	-0.2840415091629965	0.1253049726822918	-0.11247526154741544	0.27631020984800997	-0.6938516308292356	0.20198560493430673	-0.14940435077489783	0.07887763335283723	-0.21881486053824206	0.21223526749292587	-0.15441839351533124	0.15314311544474526	-0.07747686432744896	0.17682503934417182	-0.175900010475505	0.16246049127184106	-0.1342448136206771	0.06832310605757791	-0.09008536329252026	0.0859947649320988	-0.10155382670702569	0.09490624541396053	-0.07458313759766229	0.07663913427360072	-0.06842971406067135	0.07543800729450853	-0.08047355561899129	0.036337656209353406	-0.09845971119997855	0.09304247560909232	-0.07038622557329173	0.0690535212627926	-0.03992563348443821
0.18200399045559418	-0.15825040735680654	0.15424563876462014	-0.1724294009367247	0.1373824221266575	-0.15355329321655867	0.2998278265505129	-0.4671268203216362	0.2579664603132026	-0.16739848877293126	0.19540773552651353	-0.2840415091629965	0.9999999999999954	-0.2858879935004399	0.19370130022771886	-0.1978655229550417	0.2289069956692371	-0.43507908171028115	0.25344530676301996	-0.13224162657293462	0.1897152741777421	-0.29285451411735053	0.22653923808957277	-0.26520373319625856	0.12268828012192978	-0.2074120312427537	0.22111336787578853	-0.25222318925278936	0.2000044821206009	-0.10443686657047979	0.11777911493254711	-0.11577214435727212	0.14449514323635926	-0.14246367766721638	0.11084842149676198	-0.10761953027964703	0.09575142172679799	-0.10926653315350515	0.11675673575224438	-0.054139325884500024	0.13996765797898697	-0.13636498271417388	0.10161332423131822	-0.10188052334630118	0.058914707954354065
-0.11224585698962045	0.1143095437042875	-0.12023520446329855	0.21245904606448068	-0.18993539150926037	0.08854580117969325	-0.19261799219118683	0.19151156694023777	-0.6158844781686879	0.24896757249467888	-0.11091063098005789	0.1253049726822918	-0.2858879935004399	0.9999999999999983	-0.4649898820376112	0.10906882176391017	-0.126486591629997	0.23257246214357605	-0.4200965283570438	0.11205316021462233	-0.11234237498243599	0.1655453234293305	-0.1467364639969583	0.22164010449866284	-0.10512542404325224	0.12033350496612553	-0.13842924589810324	0.15698290473289997	-0.14978977574059174	0.07615598338996137	-0.0727715278420906	0.07128930217979769	-0.09499982858423175	0.09589657248866025	-0.08116738639750903	0.06574896513750352	-0.059347088915804556	0.07066540617053327	-0.07818440688707873	0.037357460499381864	-0.08532948104158733	0.08174546549286774	-0.06612594526535084	0.06572691933515168	-0.04097788900741198
0.10788575527900734	-0.1360467709637218	0.13625886005269358	-0.3232239062243549	0.26437915973795384	-0.08433302247610788	0.15302169158043802	-0.14705129059518413	0.29232199138466064	-0.6719242147483562	0.10250538635514524	-0.11247526154741544	0.19370130022771886	-0.4649898820376112	0.999999999999998	-0.1023751197477829	0.11133129584896599	-0.19006373568028279	0.20030458264632497	-0.09720414356862084	0.10436073958024815	-0.1520858990694959	0.12369326835975593	-0.18541462165289496	0.08748543289116417	-0.11414928324745575	0.12543753898088247	-0.14284112725747902	0.12545910727204193	-0.06651800433603987	0.0673199167630874	-0.06612574357764484	0.08545608264361346	-0.08628945009473525	0.07022019037476497	-0.06156450982231933	0.05512830930100257	-0.06444312215739034	0.07002018917546578	-0.03332187549903341	0.08017235828647258	-0.07755946216916415	0.060157270374022756	-0.0602921800063929	0.036341249524690096
-0.2595009179119572	0.11958265792153588	-0.12438771281168978	0.09016844631711536	-0.07706338957671463	0.20901542977888715	-0.16294924132077704	0.1233064102393021	-0.12653985631133766	0.08145086027653105	-0.4655400719051969	0.27631020984800997	-0.1978655229550417	0.10906882176391017	-0.1023751197477829	0.9999999999999989	-0.41759664151553266	0.17254439532092944	-0.1331438972225667	0.07505884696231342	-0.5967336430239388	0.1947067096788356	-0.13912141058395094	0.14389948607396602	-0.07402619847847712	0.2500386639052251	-0.2059042913047129	0.16264470623223126	-0.13225250757552942	0.06781034755536508	-0.11011562923025227	0.1009142357066902	-0.10795181615200167	0.09796515311433905	-0.07425686007276772	0.08689724005887012	-0.07708576749485832	0.08057231444481804	-0.08407531899365997	0.03698791584624101	-0.10861124567776478	0.10199952235963167	-0.07459541341627077	0.0728761616748875	-0.04058452107892599
0.18729272293471216	-0.11013138838389332	0.11113419297279462	-0.09528451311019638	0.08057387642131845	-0.16820297997219916	0.17194040546666653	-0.13957652967895853	0.13895697347840325	-0.08902021713801299	0.27339959812165293	-0.6938516308292356	0.2289069956692371	-0.126486591629997	0.11133129584896599	-0.41759664151553266	0.9999999999999962	-0.2659664906482444	0.16370795795596127	-0.08631373037480108	0.23152635576198327	-0.3151886289187317	0.1876452183944931	-0.17587033345374042	0.08388034371528534	-0.20723552970530507	0.19429887217367223	-0.19180539770847926	0.14884665248266635	-0.07520655033353466	0.09988389638843802	-0.09623759567110296	0.11197401976482849	-0.10539604568078074	0.08141495668946906	-0.08501649528418104	0.07560664723645738	-0.08346517378676409	0.08846432553567672	-0.039750220963441475	0.10678637090619164	-0.1023880389980385	0.07715326060777916	-0.07613207038684339	0.04353223685848431
-0.15886629934983745	0.11894552031345203	-0.1266610898613364	0.13785195127238664	-0.12134534773415999	0.12260004446603974	-0.22490355378070695	0.1925829664386355	-0.24151908713972225	0.13878249449297134	-0.17187934358973042	0.20198560493430673	-0.43507908171028115	0.23257246214357605	-0.19006373568028279	0.17254439532092944	-0.2659664906482444	0.9999999999999957	-0.5148685399504781	0.14640779427478565	-0.18277777650309035	0.2907388791440084	-0.4441254477724063	0.29620515205945885	-0.14815981557827032	0.1838868281137745	-0.24143475698625566	0.26486099088412424	-0.24577639601967982	0.11628926019355772	-0.1156273724713159	0.11222949024462194	-0.1549739017621861	0.14805257260053964	-0.12794994826321274	0.10053437221183521	-0.09212145480854396	0.11098727542267293	-0.12470219147897028	0.057853222756223587	-0.1302077307378985	0.12138652273298194	-0.10424462590739296	0.10113428453170684	-0.0641851137845488
0.12293830773358334	-0.10261203977350088	0.1071279561728837	-0.14272430712286244	0.12044679635297259	-0.09556615764483238	0.1696335574434358	-0.15599454682880126	0.24593834265851625	-0.15301731872768978	0.1288318951212277	-0.14940435077489783	0.25344530676301996	-0.4200965283570438	0.20030458264632497	-0.1331438972225667	0.16370795795596127	-0.5148685399504781	0.999999999999997	-0.21491049640452203	0.14039866959357683	-0.24320362578634772	0.24005616844379218	-0.5425947833723169	0.17225147382820655	-0.1536077595644993	0.18772900195219852	-0.23724282646598993	0.2332781417371832	-0.11705096506429734	0.09666990769362933	-0.0954560707894615	0.1331308609807001	-0.14135144022552676	0.12077890898459831	-0.08717759071015249	0.07936862688558617	-0.09859713076705409	0.11083451189252605	-0.053866177046242934	0.11072227242202415	-0.10663776214500201	0.09131279807124397	-0.09138839003324849	0.05886871780141713
-0.07250085482842572	0.056324033828212196	-0.06052182799805757	0.06919487865204536	-0.06086970274541223	0.05453987934059965	-0.09449005069373863	0.07764414417074604	-0.11292743907188225	0.07115437915005972	-0.07451907082974521	0.07887763335283723	-0.13224162657293462	0.11205316021462233	-0.09720414356862084	0.07505884696231342	-0.08631373037480108	0.14640779427478565	-0.21491049640452203	0.999999999999996	-0.08476951643844521	0.12171847049606702	-0.10918686752166532	0.17311400381810754	-0.9038910466592344	0.09329927899139692	-0.11453847267375723	0.13163207568545346	-0.1582787276461104	0.17729331265044967	-0.06419620314177221	0.06315446192907853	-0.09468746760565955	0.10353121988219763	-0.1890654203986391	0.05910858048196482	-0.05446561623710003	0.07079585262675227	-0.08317693133159551	0.06564600079513223	-0.07645903112417225	0.07271242418171338	-0.06953927603081743	0.06964906007095566	-0.07421976482647616
0.17967549986594805	-0.10777787534412539	0.1096633197185785	-0.09029777111319798	0.07688052208273138	-0.15619872438544316	0.1496501733148133	-0.11698789245007987	0.12735269136434238	-0.08322195903664946	0.23511924700096784	-0.21881486053824206	0.1897152741777421	-0.11234237498243599	0.10436073958024815	-0.5967336430239388	0.23152635576198327	-0.18277777650309035	0.14039866959357683	-0.08476951643844521	0.9999999999999926	-0.22525503691197554	0.15279993479026863	-0.1645425829071653	0.08254867833115676	-0.555105502539226	0.25344030220086683	-0.20054557588129945	0.15183936883816931	-0.07897791364496874	0.15655020953400825	-0.14515686072425016	0.13359587653975713	-0.12048889381210152	0.08555965270055578	-0.12009089313909675	0.10340134819834754	-0.10229610622752432	0.10267374416614154	-0.04404894528366242	0.13733783305067404	-0.13483543640256596	0.09232727895874089	-0.0914054261675673	0.04792473886447731
-0.17335925871490568	0.11499640065731012	-0.12478358223154326	0.11732485018398638	-0.10407394328986372	0.12989482017871776	-0.20259558047062393	0.15690074285995115	-0.1885259766640516	0.11372241545502407	-0.19208500857838226	0.21223526749292587	-0.29285451411735053	0.1655453234293305	-0.1520858990694959	0.1947067096788356	-0.3151886289187317	0.2907388791440084	-0.24320362578634772	0.12171847049606702	-0.22525503691197554	0.9999999999999932	-0.6162709745696259	0.2563661894335817	-0.12613448814967962	0.2237313343146001	-0.38557736524600444	0.30613876620211167	-0.25457106749841224	0.11733008591325397	-0.1411359231054568	0.13694123522856588	-0.17696440553177892	0.15897927141479962	-0.1311969025888839	0.11636345151883312	-0.10740714656644403	0.12455528848836954	-0.13739034641319123	0.060935256097000894	-0.14885563837019122	0.13643954449393747	-0.11636664566796273	0.11130884013331174	-0.06778890331349771
0.12127885473511875	-0.08605668520573605	0.09199190184804841	-0.09425977606811071	0.08252221871590194	-0.0926885682588245	0.14951064896554309	-0.12321113004581087	0.15341874439910638	-0.09321299746176079	0.13248738278138206	-0.15441839351533124	0.22653923808957277	-0.1467364639969583	0.12369326835975593	-0.13912141058395094	0.1876452183944931	-0.4441254477724063	0.24005616844379218	-0.10918686752166532	0.15279993479026863	-0.6162709745696259	0.9999999999999957	-0.33713175315170757	0.10931177620505027	-0.16725262459763363	0.2480434656650162	-0.47944830978906317	0.2372343262743396	-0.10449648929752345	0.10631818570818755	-0.10568380353285727	0.14871381146427967	-0.1407498153026739	0.11196393620094358	-0.09146193984764002	0.08425024285453561	-0.1048011001199892	0.11492278661270891	-0.05112504335412366	0.11377022587738778	-0.10769112867389996	0.09473416803827607	-0.09258312273943786	0.056297014580256
-0.1384363368511421	0.10524140416819651	-0.11368901607962806	0.12877078398663247	-0.1154872515637904	0.10425497326996196	-0.1848289870200397	0.15143862999011512	-0.23047250007003803	0.13157243274476413	-0.1440543200184962	0.15314311544474526	-0.26520373319625856	0.22164010449866284	-0.18541462165289496	0.14389948607396602	-0.17587033345374042	0.29620515205945885	-0.5425947833723169	0.17311400381810754	-0.1645425829071653	0.2563661894335817	-0.33713175315170757	0.9999999999999941	-0.18833034434264032	0.17587658578967763	-0.23726401417646617	0.2800834939151758	-0.4955946381096778	0.16564513295095062	-0.12182886405072298	0.11926524108021394	-0.18521665327051196	0.1979341946113584	-0.17765260603519903	0.10793460478793088	-0.10055002631476971	0.13170403924331525	-0.1597320943214429	0.0736966308787549	-0.13752755695998914	0.12892386592873703	-0.12351022079117983	0.12014653088963889	-0.0817692302511517
0.06943285406232691	-0.05404448825482764	0.05741335417492614	-0.0657534501293383	0.05658806038847788	-0.0525864765788899	0.08796141654933086	-0.07323182848431053	0.10208582335334349	-0.06714479484385096	0.0719291156676584	-0.07747686432744896	0.12268828012192978	-0.10512542404325224	0.08748543289116417	-0.07402619847847712	0.08388034371528534	-0.14815981557827032	0.17225147382820655	-0.9038910466592344	0.08254867833115676	-0.12613448814967962	0.10931177620505027	-0.18833034434264032	0.9999999999999909	-0.09383801230556837	0.11186473771981915	-0.1369247196093905	0.1539522274709968	-0.2271589389941311	0.06318532201745318	-0.06280980498676819	0.0920774274247491	-0.1052044643507158	0.1736453754268474	-0.059102900827139426	0.05402315867262075	-0.07025762840563576	0.08103366233223883	-0.063886714265625	0.07504219003098711	-0.07329131560739935	0.06767696980102222	-0.06953552545372352	0.06857881510034314
-0.18563066803674863	0.10695814338069116	-0.1162244936683458	0.09468728204838815	-0.08279580379395417	0.13539502704841358	-0.16076338364718146	0.12201603652113452	-0.13938903156824106	0.08832331770567406	-0.2113435016418853	0.17682503934417182	-0.2074120312427537	0.12033350496612553	-0.11414928324745575	0.2500386639052251	-0.20723552970530507	0.1838868281137745	-0.1536077595644993	0.09329927899139692	-0.555105502539226	0.2237313343146001	-0.16725262459763363	0.17587658578967763	-0.09383801230556837	0.9999999999999916	-0.527628911876544	0.231797533740267	-0.1859441929140275	0.0942023499792242	-0.31869430803023147	0.22043526895657684	-0.18351071540654262	0.14941484291372328	-0.10458399628374543	0.16426955445511252	-0.1480811885306722	0.1339522835148021	-0.133244689948672	0.05391228948198059	-0.1850043020645111	0.16611475226201822	-0.12030029219101798	0.11448377616750033	-0.059208430912609626
0.15463647428868216	-0.10357717355959124	0.11027848542452544	-0.10230622432800485	0.08852651108690436	-0.11791875534862853	0.16312818350765348	-0.12874403754685465	0.15288557143719098	-0.09775409405344417	0.17006231628063495	-0.175900010475505	0.22111336787578853	-0.13842924589810324	0.12543753898088247	-0.2059042913047129	0.19429887217367223	-0.24143475698625566	0.18772900195219852	-0.11453847267375723	0.25344030220086683	-0.38557736524600444	0.2480434656650162	-0.23726401417646617	0.11186473771981915	-0.527628911876544	0.9999999999999937	-0.454985181116362	0.23377804153060963	-0.11698935999440602	0.22877770606342265	-0.27786913654238615	0.2064328511350233	-0.18577230342490247	0.12429624976425273	-0.18026719462951407	0.15936552984637334	-0.15803621364078188	0.15360670298985396	-0.06406301093763717	0.1880426209948539	-0.1946917106946609	0.13576360241935453	-0.1362363869647046	0.0691850466786412
-0.1499152293016723	0.10337984438396712	-0.11238511492867614	0.10940916074999388	-0.09699860809838161	0.11120792509963268	-0.17737351367693313	0.1392648988371317	-0.17575571796711742	0.1068422236964094	-0.15901789548980014	0.16246049127184106	-0.25222318925278936	0.15698290473289997	-0.14284112725747902	0.16264470623223126	-0.19180539770847926	0.26486099088412424	-0.23724282646598993	0.13163207568545346	-0.20054557588129945	0.30613876620211167	-0.47944830978906317	0.2800834939151758	-0.1369247196093905	0.231797533740267	-0.454985181116362	0.9999999999999907	-0.4490505564821143	0.15867514542606923	-0.16368258718642098	0.16343624060210926	-0.27313574236121635	0.22123957800765906	-0.17549078815742064	0.13691110889907315	-0.12935843902572022	0.16905192347540599	-0.186775379015857	0.07787264320074035	-0.1667713356110984	0.15635707001066906	-0.15002541160040392	0.14288176597207541	-0.086449103250001
0.11849465677635791	-0.08673628433276107	0.09253498251553822	-0.09735434884790763	0.08436837251744171	-0.08958470248830566	0.14278976696815432	-0.11670267201413945	0.1527887299454364	-0.09647493357052575	0.12516258877327047	-0.1342448136206771	0.2000044821206009	-0.14978977574059174	0.12545910727204193	-0.13225250757552942	0.14884665248266635	-0.24577639601967982	0.2332781417371832	-0.1582787276461104	0.15183936883816931	-0.25457106749841224	0.2372343262743396	-0.4955946381096778	0.1539522274709968	-0.1859441929140275	0.23377804153060963	-0.4490505564821143	0.9999999999999889	-0.3258919726216553	0.13380340402740673	-0.1378881246500141	0.22744778793742998	-0.4105168066527515	0.2352443061827153	-0.1269622766837793	0.11783038063558214	-0.17602790333532356	0.21307413988403273	-0.09844409780396966	0.1484121910288608	-0.1506801738187517	0.1517289502392914	-0.16263388986788657	0.10261025505013871
-0.062446770414055205	0.04573467586766243	-0.049097233540828636	0.051245614243708805	-0.04467608513308406	0.04683292726119247	-0.07548591804487481	0.06085432292129679	-0.08020441002119996	0.050762075186031874	-0.06522041807808246	0.06832310605757791	-0.10443686657047979	0.07615598338996137	-0.06651800433603987	0.06781034755536508	-0.07520655033353466	0.11628926019355772	-0.11705096506429734	0.17729331265044967	-0.07897791364496874	0.11733008591325397	-0.10449648929752345	0.16564513295095062	-0.2271589389941311	0.0942023499792242	-0.11698935999440602	0.15867514542606923	-0.3258919726216553	0.9999999999999906	-0.07240203432429147	0.07302481348666427	-0.1269192636894885	0.17152890985193828	-0.8392966872109258	0.06888133547186168	-0.06491292882362348	0.09660175047978324	-0.12430913206477519	0.15743303796401134	-0.08383111261204408	0.0828602074314122	-0.09640201653180838	0.10034641109803412	-0.17618397296299837
0.08710346992899667	-0.05660958061406379	0.06108618679063314	-0.05487643803006042	0.047808449868977324	-0.0648307015122819	0.08867748377129549	-0.06876393005769792	0.081820434875036	-0.05218180045924391	0.0945518947134705	-0.09008536329252026	0.11777911493254711	-0.0727715278420906	0.0673199167630874	-0.11011562923025227	0.09988389638843802	-0.1156273724713159	0.09666990769362933	-0.06419620314177221	0.15655020953400825	-0.1411359231054568	0.10631818570818755	-0.12182886405072298	0.06318532201745318	-0.31869430803023147	0.22877770606342265	-0.16368258718642098	0.13380340402740673	-0.07240203432429147	0.9999999999999897	-0.7566428216334524	0.2120350141504738	-0.15765689516197448	0.07820862697563753	-0.3780337662513688	0.2648293696858565	-0.17525188385260915	0.1378096608587474	-0.046624667098367656	0.20041829446773987	-0.21749586885476913	0.12785624922186117	-0.12617145972494487	0.049599245281729966
-0.08423048813578664	0.054758888668775194	-0.05940553082867674	0.05347728602674403	-0.04677920265929827	0.062134898611909864	-0.08686669408307383	0.06715992945594308	-0.08043953246946976	0.050969888981739604	-0.09064062135489778	0.0859947649320988	-0.11577214435727212	0.07128930217979769	-0.06612574357764484	0.1009142357066902	-0.09623759567110296	0.11222949024462194	-0.0954560707894615	0.06315446192907853	-0.14515686072425016	0.13694123522856588	-0.10568380353285727	0.11926524108021394	-0.06280980498676819	0.22043526895657684	-0.27786913654238615	0.16343624060210926	-0.1378881246500141	0.07302481348666427	-0.7566428216334524	0.9999999999999928	-0.2981184999701653	0.16137362040317796	-0.07996024679305458	0.273250062693697	-0.3660208080924997	0.187740492787271	-0.1495684498402323	0.047162406245198844	-0.20807830881003933	0.20198298504435125	-0.13674189694805525	0.12731919839590772	-0.05057450516974328
0.09459523177253147	-0.06562823195352821	0.07067787163018184	-0.06822411503133281	0.05938159330486962	-0.07056881762119156	0.10608588114751802	-0.08384086520768683	0.10375565644605324	-0.06601798185685732	0.10004653313632526	-0.10155382670702569	0.14449514323635926	-0.09499982858423175	0.08545608264361346	-0.10795181615200167	0.11197401976482849	-0.1549739017621861	0.1331308609807001	-0.09468746760565955	0.13359587653975713	-0.17696440553177892	0.14871381146427967	-0.18521665327051196	0.0920774274247491	-0.18351071540654262	0.2064328511350233	-0.27313574236121635	0.22744778793742998	-0.1269192636894885	0.2120350141504738	-0.2981184999701653	0.9999999999999886	-0.46782353695058476	0.1332259535099661	-0.21961015263769781	0.21343449771955592	-0.593442861386056	0.3052692329964874	-0.08418001897810277	0.19090091950937396	-0.21607425991401918	0.24474545918803248	-0.26452516675839544	0.08694761813547265
-0.08953261011861682	0.06293291788242268	-0.06814048364625162	0.06717938507398367	-0.058988729199090324	0.06647090568528935	-0.10405200051575238	0.08213486006170453	-0.10494182285375793	0.06559231077152096	-0.09376937639114467	0.09490624541396053	-0.14246367766721638	0.09589657248866025	-0.08628945009473525	0.09796515311433905	-0.10539604568078074	0.14805257260053964	-0.14135144022552676	0.10353121988219763	-0.12048889381210152	0.15897927141479962	-0.1407498153026739	0.1979341946113584	-0.1052044643507158	0.14941484291372328	-0.18577230342490247	0.22123957800765906	-0.4105168066527515	0.17152890985193828	-0.15765689516197448	0.16137362040317796	-0.46782353695058476	0.9999999999999888	-0.20765251312277985	0.14804607093681033	-0.1513834407250702	0.28767437559269204	-0.6008303051044982	0.09712420733857671	-0.16470552725561965	0.16191962840416008	-0.24143579724750258	0.2330435791209447	-0.10408727722976581
0.06726664928061159	-0.04938822525044808	0.05273560959407737	-0.05504266992871012	0.04758374003765122	-0.050658742007037266	0.0802851224213365	-0.06511012973228517	0.08446390206287764	-0.05436163420686904	0.07049344842826796	-0.07458313759766229	0.11084842149676198	-0.08116738639750903	0.07022019037476497	-0.07425686007276772	0.08141495668946906	-0.12794994826321274	0.12077890898459831	-0.1890654203986391	0.08555965270055578	-0.1311969025888839	0.11196393620094358	-0.17765260603519903	0.1736453754268474	-0.10458399628374543	0.12429624976425273	-0.17549078815742064	0.2352443061827153	-0.8392966872109258	0.07820862697563753	-0.07996024679305458	0.1332259535099661	-0.20765251312277985	0.9999999999999853	-0.07618315244861423	0.07090219471040791	-0.10623232163061416	0.13156131791610434	-0.2286590008880951	0.09085277219590669	-0.09260342253480804	0.10265106330234716	-0.11297632553448299	0.17908272881588183
-0.07690350346263926	0.05053604069662658	-0.05524942319917387	0.04962721063670232	-0.04359041793513313	0.05618401800705412	-0.08106865458644663	0.06221973613009621	-0.0747731695957214	0.047298644247801	-0.08108616117569187	0.07663913427360072	-0.10761953027964703	0.06574896513750352	-0.06156450982231933	0.08689724005887012	-0.08501649528418104	0.10053437221183521	-0.08717759071015249	0.05910858048196482	-0.12009089313909675	0.11636345151883312	-0.09146193984764002	0.10793460478793088	-0.059102900827139426	0.16426955445511252	-0.18026719462951407	0.13691110889907315	-0.1269622766837793	0.06888133547186168	-0.3780337662513688	0.273250062693697	-0.21961015263769781	0.14804607093681033	-0.07618315244861423	0.9999999999999857	-0.7218401135873408	0.19852431461486786	-0.1605557780154266	0.04758771695899385	-0.4001366850781186	0.2866760962838904	-0.15657753944829564	0.1357162218997652	-0.05122132578762717
0.06740936539681901	-0.04481482732556566	0.04879269654412172	-0.044441401391396254	0.03892896710437835	-0.049546737570336334	0.0718246120046681	-0.055466476636637195	0.06693407500408995	-0.042457604144702156	0.07119803581252693	-0.06842971406067135	0.09575142172679799	-0.059347088915804556	0.05512830930100257	-0.07708576749485832	0.07560664723645738	-0.09212145480854396	0.07936862688558617	-0.05446561623710003	0.10340134819834754	-0.10740714656644403	0.08425024285453561	-0.10055002631476971	0.05402315867262075	-0.1480811885306722	0.15936552984637334	-0.12935843902572022	0.11783038063558214	-0.06491292882362348	0.2648293696858565	-0.3660208080924997	0.21343449771955592	-0.1513834407250702	0.07090219471040791	-0.7218401135873408	0.9999999999999862	-0.272963581969398	0.1603847843852291	-0.04608094975136233	0.2771104159278774	-0.4021141875551537	0.15736514378986563	-0.141957001997686	0.04896631398158875
-0.07220488986318364	0.049588511011601874	-0.05375656853537237	0.051181321302929794	-0.04480434694503089	0.053415265356521295	-0.08068715008015856	0.06315298787132811	-0.07826776307163281	0.049451335043695	-0.07591167838428746	0.07543800729450853	-0.10926653315350515	0.07066540617053327	-0.06444312215739034	0.08057231444481804	-0.08346517378676409	0.11098727542267293	-0.09859713076705409	0.07079585262675227	-0.10229610622752432	0.12455528848836954	-0.1048011001199892	0.13170403924331525	-0.07025762840563576	0.1339522835148021	-0.15803621364078188	0.16905192347540599	-0.17602790333532356	0.09660175047978324	-0.17525188385260915	0.187740492787271	-0.593442861386056	0.28767437559269204	-0.10623232163061416	0.19852431461486786	-0.272963581969398	0.9999999999999855	-0.5038526472385029	0.07676889694972734	-0.17963796684238645	0.19085168883287948	-0.4162231674903592	0.27862607575620624	-0.08132340292783172
0.07523543890382993	-0.0527554369038639	0.056865881976821374	-0.05558710289923757	0.04842178224537936	-0.05604408835002681	0.08569070920905127	-0.06784849530008785	0.08493270700872224	-0.053988652097612375	0.0790709132177882	-0.08047355561899129	0.11675673575224438	-0.07818440688707873	0.07002018917546578	-0.08407531899365997	0.08846432553567672	-0.12470219147897028	0.11083451189252605	-0.08317693133159551	0.10267374416614154	-0.13739034641319123	0.11492278661270891	-0.1597320943214429	0.08103366233223883	-0.133244689948672	0.15360670298985396	-0.186775379015857	0.21307413988403273	-0.12430913206477519	0.1378096608587474	-0.1495684498402323	0.3052692329964874	-0.6008303051044982	0.13156131791610434	-0.1605557780154266	0.1603847843852291	-0.5038526472385029	0.9999999999999861	-0.10398094246229836	0.15567446901829274	-0.17196886505545114	0.27957815874590863	-0.4224166791780646	0.10325659126348674
-0.033910262301631	0.02427628800106661	-0.02615160917854906	0.026216242602352276	-0.022831526917721716	0.02527546838114245	-0.03963705061020674	0.03153894455677976	-0.04020852405348921	0.02564516325694257	-0.03536691155791844	0.036337656209353406	-0.054139325884500024	0.037357460499381864	-0.03332187549903341	0.03698791584624101	-0.039750220963441475	0.057853222756223587	-0.053866177046242934	0.06564600079513223	-0.04404894528366242	0.060935256097000894	-0.05112504335412366	0.0736966308787549	-0.063886714265625	0.05391228948198059	-0.06406301093763717	0.07787264320074035	-0.09844409780396966	0.15743303796401134	-0.046624667098367656	0.047162406245198844	-0.08418001897810277	0.09712420733857671	-0.2286590008880951	0.04758771695899385	-0.04608094975136233	0.07676889694972734	-0.10398094246229836	0.9999999999999863	-0.059074554734544815	0.05912781817671109	-0.11029456150512837	0.1242216361486923	-0.9368644802252899
0.0985818469768211	-0.06629063672281887	0.0724647395043691	-0.06527772305991783	0.05713379343531927	-0.07208290211753868	0.10592640013470042	-0.08123700648026039	0.09705801998751935	-0.06204085137797916	0.10223767332668927	-0.09845971119997855	0.13996765797898697	-0.08532948104158733	0.08017235828647258	-0.10861124567776478	0.10678637090619164	-0.1302077307378985	0.11072227242202415	-0.07645903112417225	0.13733783305067404	-0.14885563837019122	0.11377022587738778	-0.13752755695998914	0.07504219003098711	-0.1850043020645111	0.1880426209948539	-0.1667713356110984	0.1484121910288608	-0.08383111261204408	0.20041829446773987	-0.20807830881003933	0.19090091950937396	-0.16470552725561965	0.09085277219590669	-0.4001366850781186	0.2771104159278774	-0.17963796684238645	0.15567446901829274	-0.059074554734544815	0.9999999999999861	-0.7591514299041615	0.17512634389615306	-0.17377547741735555	0.06238916929434643
-0.0959122858042531	0.06346326794679051	-0.07003347412312788	0.0623381951403465	-0.05505272444419303	0.06931307162120001	-0.10319934500839065	0.0783911785186736	-0.09410769513749676	0.05933094355737534	-0.09900242590215563	0.09304247560909232	-0.13636498271417388	0.08174546549286774	-0.07755946216916415	0.10199952235963167	-0.1023880389980385	0.12138652273298194	-0.10663776214500201	0.07271242418171338	-0.13483543640256596	0.13643954449393747	-0.10769112867389996	0.12892386592873703	-0.07329131560739935	0.16611475226201822	-0.1946917106946609	0.15635707001066906	-0.1506801738187517	0.0828602074314122	-0.21749586885476913	0.20198298504435125	-0.21607425991401918	0.16191962840416008	-0.09260342253480804	0.2866760962838904	-0.4021141875551537	0.19085168883287948	-0.17196886505545114	0.05912781817671109	-0.7591514299041615	0.9999999999999861	-0.2253504374911613	0.17332417800191807	-0.06417218792573484
0.0670751413798344	-0.04646458023396387	0.05027905778045297	-0.04806898677137551	0.04194016119880074	-0.049700119629993725	0.07519707665666342	-0.05899106847321119	0.07290487786742456	-0.04641595822207651	0.0702611770182841	-0.07038622557329173	0.10161332423131822	-0.06612594526535084	0.060157270374022756	-0.07459541341627077	0.07715326060777916	-0.10424462590739296	0.09131279807124397	-0.06953927603081743	0.09232727895874089	-0.11636664566796273	0.09473416803827607	-0.12351022079117983	0.06767696980102222	-0.12030029219101798	0.13576360241935453	-0.15002541160040392	0.1517289502392914	-0.09640201653180838	0.12785624922186117	-0.13674189694805525	0.24474545918803248	-0.24143579724750258	0.10265106330234716	-0.15657753944829564	0.15736514378986563	-0.4162231674903592	0.27957815874590863	-0.11029456150512837	0.17512634389615306	-0.2253504374911613	0.9999999999999862	-0.772800765309057	0.11166138788576171
