1.0000000000000002	-0.6848755285397117	0.11951495632537093	-0.09717525957435609	0.07871958597555576	-0.5682126225451346	0.31818697938942875	-0.1477485108734299	0.12266460894150857	-0.06824369574097942	0.2175732342287908	-0.2770455885690176	0.11651763941308017	-0.08734171228566194	0.08512945778375329	-0.046830815502883504	0.03966711268214219	-0.05913978827539416	0.05704681450200021	-0.10254834957370541	0.033359709920811595	-0.03703176502100839	0.04408697981324786	-0.03613699942690026	0.03311413066978101	-0.029592053740446177	0.03337979068795802	-0.04272437980308699	0.03532653142653259	-0.025832638799713554	0.02129160254955816	-0.024680124645885735	0.023022087072378475	-0.039854504440311224	0.030369158288682148	-0.023027769675280946	0.018910909742820465	-0.019977677073726878	0.01761085308622418	-0.019967686015274867	0.011805473052609225	-0.0112996996463133	0.013584515130001092	-0.015795321523618244	0.02671289420532407
-0.6848755285397117	1.0	-0.16289386366749925	0.11708030357366558	-0.09375260784524897	0.30820523358820484	-0.5884310803573659	0.183233544649691	-0.16017760341411025	0.07987464988091722	-0.1836962045787223	0.1948854964118621	-0.13524979703550497	0.09497988299906132	-0.09370344502204314	0.04179771531593363	-0.03635458454141833	0.058650092280269656	-0.05745349454244644	0.10297176936089274	-0.030692826131227837	0.03462512816694108	-0.042972131425355796	0.03535451673521577	-0.032267047015628256	0.027548800803559665	-0.03133613442859833	0.04111883974869426	-0.034243108420351574	0.02509032790422218	-0.020071980248564367	0.023394741831476176	-0.021949247669753945	0.03843704942064528	-0.029422335473164418	0.02178278807866105	-0.017963973957129176	0.019040787305301326	-0.01698361881636047	0.01927428317869053	-0.011239662814311232	0.010756162359254893	-0.012985012835273084	0.015099959286148426	-0.02575917587275188
0.11951495632537093	-0.16289386366749925	0.9999999999999999	-0.7217958675526284	0.18609137700580552	-0.1424501530922418	0.1735426334417305	-0.49333272583948173	0.312041814730041	-0.1747691089933298	0.09798994988167174	-0.12801210174907596	0.20893105142111917	-0.18221129890883617	0.1589639707350977	-0.053955837209736277	0.04880069589521959	-0.10529006720361575	0.09976931513492643	-0.20252839260411734	0.042054766111333665	-0.052700374326695436	0.07098444813063129	-0.06047482336666654	0.05392658598054639	-0.04134744430857566	0.047250555158523416	-0.06929094703360296	0.05684619606062309	-0.04246750765364066	0.031438781348865276	-0.037758272488299174	0.035870245591143456	-0.06629139311385357	0.04910532360717808	-0.03500671738663467	0.029032259326042295	-0.031371933578550205	0.028787769567540977	-0.03297148911528193	0.018325070972652336	-0.017602170688468966	0.021509683532558485	-0.02515696735220059	0.043687452390887685
-0.09717525957435609	0.11708030357366558	-0.7217958675526284	1.0000000000000002	-0.27422503549468535	0.10750952723473683	-0.13992438083178987	0.29379752634008216	-0.5191210822222616	0.2060992204919683	-0.08031488160156709	0.10010406988481459	-0.19462069395401252	0.15802777399079151	-0.16026808209441307	0.04462289576643702	-0.040704564441912575	0.08765176759172519	-0.08577845107701307	0.1695888572489704	-0.0350330811561348	0.04383632380528816	-0.05990195329030314	0.05080767505852891	-0.045474905342362856	0.03435123309572707	-0.03941266403175239	0.05765690769289646	-0.047769083457056875	0.03558950147232695	-0.026148279321298012	0.031362570211430234	-0.029846632440333754	0.05501461880044238	-0.04122470977923517	0.02906029648127937	-0.024145137895432666	0.02605827355450619	-0.02398674345393495	0.02743432061403115	-0.015242942080436285	0.014628978507860348	-0.017890223267243384	0.020900669834314177	-0.036425870079176664
0.07871958597555576	-0.09375260784524897	0.18609137700580552	-0.27422503549468535	1.0000000000000009	-0.09237623991256852	0.10527722504097721	-0.20407430387554515	0.25865041102610487	-0.8135620529319638	0.07421137049562737	-0.09632443216700662	0.17930563531253002	-0.19796367455901648	0.24213166075188636	-0.06301984291062789	0.057619359874291794	-0.12999539582581476	0.12536964182758475	-0.2901125281606012	0.05009113021544649	-0.06422399971348161	0.08777091547972977	-0.07581491782381979	0.06762650446959435	-0.05034013792392542	0.05760778715781191	-0.08661911162334542	0.07096351845909143	-0.05336423453153019	0.03877308677069177	-0.046911443267460246	0.04474630507006143	-0.08374528304207342	0.061607120395890655	-0.04344528439792155	0.036111616977540596	-0.03920843870878437	0.03624001019374556	-0.041587644041666184	0.022862452689597575	-0.021974127969438685	0.026961073211558866	-0.03156875332402815	0.05536308436683781
-0.5682126225451346	0.30820523358820484	-0.1424501530922418	0.10750952723473683	-0.09237623991256852	1.0000000000000009	-0.5507601148564685	0.17482684252753186	-0.15396702752436867	0.07843063271739333	-0.43470385696212266	0.28401976733825324	-0.13874494191208908	0.09658080943451139	-0.09571289286110068	0.05412337580868776	-0.04547649090768524	0.062036731515159316	-0.06072558073514675	0.105287691508121	-0.037987878687739014	0.04010922799238468	-0.04699586716364431	0.0380807038263752	-0.03497052603086797	0.03217220099700192	-0.036439108118513086	0.04490665571056066	-0.037403890461856056	0.02713004798181652	-0.022814440697896697	0.0261433263950342	-0.024300959859905772	0.04133751037927062	-0.03194089486784793	0.024406283340776175	-0.02002223315518842	0.02100523157345904	-0.018382284135398445	0.020778453530009428	-0.012447064033281859	0.011896499004831921	-0.014237045386727118	0.016517812453993426	-0.027616418266204916
0.31818697938942875	-0.5884310803573659	0.1735426334417305	-0.13992438083178987	0.10527722504097721	-0.5507601148564685	1.0000000000000004	-0.32586904799481947	0.18412073257205971	-0.09448000823096565	0.22888795446424667	-0.3068350523701525	0.16222326796516892	-0.11909900716919702	0.10901226236258961	-0.05138294998826129	0.044260870087124565	-0.07187193804834187	0.06935373448240001	-0.12667127951305643	0.03724058684762721	-0.04218682431581736	0.05196786270018802	-0.04289797468880728	0.03895907234560883	-0.0335204926827012	0.03801202858215816	-0.05004194539431041	0.04143385762873782	-0.030393628523617027	0.02436783620085942	-0.0284292219349885	0.026631523471672396	-0.04674999665714393	0.0355509687213259	-0.026479085684704706	0.02180064926407652	-0.023128284388505293	0.020601949739537002	-0.023404282446283918	0.013631806502979956	-0.013054759921106017	0.015743925585600498	-0.018323228732359257	0.031078050217769982
-0.1477485108734299	0.183233544649691	-0.49333272583948173	0.29379752634008216	-0.20407430387554515	0.17482684252753186	-0.32586904799481947	1.000000000000001	-0.5569580450744537	0.18544039652309627	-0.1226158304859376	0.1498276119582301	-0.40545821996049725	0.22026623111843416	-0.18962659101309176	0.05524385565688597	-0.050257832766147696	0.10786597866665035	-0.10482685801232622	0.19728474911366717	-0.04289256589115307	0.05313196659125341	-0.07265663026187037	0.06116663949963485	-0.05442970260594771	0.041543781944208484	-0.047703467446830655	0.06905675034443944	-0.05731630693156736	0.04250985544130715	-0.03136396883865296	0.03746818043641394	-0.035573498510879605	0.06521625257970788	-0.04912582103858441	0.03472476907756033	-0.028811104995742257	0.031016261940225113	-0.028487358844299423	0.03255480068748318	-0.018142731197344608	0.017408553424806357	-0.021230426982886	0.02478937907527695	-0.042767900407566055
0.12266460894150857	-0.16017760341411025	0.312041814730041	-0.5191210822222616	0.25865041102610487	-0.15396702752436867	0.18412073257205971	-0.5569580450744537	1.0	-0.3559035237386655	0.1076846698128992	-0.14180371207349102	0.24853832901457912	-0.2500524039335385	0.21095168301898606	-0.06370235612668251	0.05783600121153694	-0.12717668174412092	0.1217102045060882	-0.24915117014317267	0.04984020938422332	-0.06282502566195065	0.08524966966842568	-0.0728856595215023	0.06477856854452886	-0.04920632174963912	0.05630252761276764	-0.0830802366995014	0.06822773543892045	-0.050982834672988406	0.0374776238508821	-0.04506567311869382	0.042843936038163194	-0.0793847029678435	0.05884908766573414	-0.04176402366875243	0.034651088683414405	-0.03747097778704421	0.034465998576990724	-0.03948697192453082	0.021873175921379363	-0.021012515019992954	0.025687600387993954	-0.03004715039439365	0.052146017057869996
-0.06824369574097942	0.07987464988091722	-0.1747691089933298	0.2060992204919683	-0.8135620529319638	0.07843063271739333	-0.09448000823096565	0.18544039652309627	-0.3559035237386655	0.9999999999999996	-0.06344916632380385	0.08036042659567227	-0.1759424133628029	0.18404502676686707	-0.32351347815618786	0.04809804238968727	-0.044295510903540086	0.09980057872076832	-0.10038406889850919	0.21760068663882018	-0.0382856994747773	0.04882264073857412	-0.06787171759091544	0.05826321011883518	-0.05198473991171431	0.03815542960645333	-0.04388080529381773	0.06549972980581137	-0.05437384554556086	0.04065131229369865	-0.029287001518967615	0.035307249090815486	-0.033704751037793794	0.06271098659353845	-0.04695489340542427	0.032678480768489414	-0.02719956006820674	0.029448768547005736	-0.027301645603577483	0.03126270443805814	-0.01719868735006738	0.01651186535110427	-0.02024596588716644	0.023667163855370384	-0.04143162461245435
0.2175732342287908	-0.1836962045787223	0.09798994988167174	-0.08031488160156709	0.07421137049562737	-0.43470385696212266	0.22888795446424667	-0.1226158304859376	0.1076846698128992	-0.06344916632380385	1.0000000000000007	-0.8247589735011238	0.12590573979743278	-0.0919208197447151	0.08768583268923175	-0.09161073155596995	0.06789872768423427	-0.06730214235293233	0.06460042276243745	-0.10506348319384959	0.05571633319729018	-0.053473728191454704	0.054519474381602075	-0.04286660438805117	0.03971310403211404	-0.043501105421378305	0.04824983634387033	-0.05266933344518117	0.04339223494550228	-0.030806427428000983	0.029057219492890744	-0.032241203025960535	0.029253454102487128	-0.04673016028003244	0.03648713929764415	-0.030310855138521667	0.024477181792143705	-0.025160789621020495	0.021000722671795192	-0.023554148954630007	0.014997111951912544	-0.014316646053317377	0.016772337711424744	-0.01939017808720979	0.03066164765109005
-0.2770455885690176	0.1948854964118621	-0.12801210174907596	0.10010406988481459	-0.09632443216700662	0.28401976733825324	-0.3068350523701525	0.1498276119582301	-0.14180371207349102	0.08036042659567227	-0.8247589735011238	1.0000000000000018	-0.17453762764352554	0.11217928445830659	-0.11145911686488838	0.08544614011051138	-0.07297143651573486	0.07653680580752248	-0.07543131642331685	0.12027618407362768	-0.05889523972320385	0.05769485578723018	-0.06194439905892272	0.048699820586433684	-0.04531893690621514	0.046485793333635984	-0.05273174690017992	0.05860907863647648	-0.04909203512182512	0.034916704949621416	-0.0317888726261644	0.0354368698044537	-0.03249567555539325	0.05241393933117951	-0.04145517035237341	0.03319619467884608	-0.02706087456948285	0.027874792120071924	-0.023637655184971785	0.026502058180976194	-0.01664294047672981	0.015861661303234707	-0.01871110757353979	0.0216049910616332	-0.0349039948161304
0.11651763941308017	-0.13524979703550497	0.20893105142111917	-0.19462069395401252	0.17930563531253002	-0.13874494191208908	0.16222326796516892	-0.40545821996049725	0.24853832901457912	-0.1759424133628029	0.12590573979743278	-0.17453762764352554	0.9999999999999996	-0.6540424153159107	0.29337992393168405	-0.09028735218484651	0.08340301222981679	-0.21337857103993138	0.19185376167967774	-0.36249613905768796	0.07103126349310783	-0.09157935426953971	0.12944374975151168	-0.11008535805525649	0.09507599064066057	-0.07076244960596646	0.08148981543679858	-0.12256065226001397	0.10057066432730581	-0.07476514579243247	0.05369220127184083	-0.06463826084346501	0.06139585595181798	-0.11442101692784576	0.08516811071801239	-0.05981021968898472	0.04957877393578158	-0.05364162993228786	0.04963773191267526	-0.056931023752322014	0.03119011680041345	-0.029983270263604568	0.03656531085832307	-0.04278796962327101	0.07285481635816554
-0.08734171228566194	0.09497988299906132	-0.18221129890883617	0.15802777399079151	-0.19796367455901648	0.09658080943451139	-0.11909900716919702	0.22026623111843416	-0.2500524039335385	0.18404502676686707	-0.0919208197447151	0.11217928445830659	-0.6540424153159107	1.0000000000000004	-0.5749263283085904	0.06896383183430857	-0.06523066567424321	0.1621531612895619	-0.1969612265915051	0.2839414266455837	-0.05524979452334743	0.07115002553913415	-0.10570359882631618	0.09128436014322634	-0.07834778330668603	0.0546788450003255	-0.06381209045733416	0.09581169419709276	-0.08192186801156909	0.060089318368439525	-0.041492422113960106	0.049756858868061256	-0.04749437331255391	0.08811769229960753	-0.0683039104853878	0.04593148139331058	-0.038259017592561596	0.04125077897898334	-0.038715242264719105	0.044229674302932884	-0.024034237435716768	0.02305293525969356	-0.028143196213316398	0.032829790912472616	-0.05591673847426236
0.08512945778375329	-0.09370344502204314	0.1589639707350977	-0.16026808209441307	0.24213166075188636	-0.09571289286110068	0.10901226236258961	-0.18962659101309176	0.21095168301898606	-0.32351347815618786	0.08768583268923175	-0.11145911686488838	0.29337992393168405	-0.5749263283085904	0.9999999999999997	-0.09169538072527846	0.0853130950736521	-0.20640480724457633	0.21307323052399813	-0.5678992648541479	0.07365168843201718	-0.09568335284434636	0.1357373312301104	-0.11885216398118544	0.10423163982718232	-0.07429165560372976	0.08575968003101918	-0.1305578432452803	0.10860319656053756	-0.08135069303311929	0.05709077794493919	-0.06902972360209468	0.06596349159384715	-0.12382646990748483	0.09297048887624497	-0.06379496790986514	0.05310925428636217	-0.057615529012760784	0.05384569790868171	-0.06174204208911751	0.033531875883765924	-0.0322127041756638	0.039487753673528275	-0.0461855430286494	0.08002438839204569
-0.046830815502883504	0.04179771531593363	-0.053955837209736277	0.04462289576643702	-0.06301984291062789	0.05412337580868776	-0.05138294998826129	0.05524385565688597	-0.06370235612668251	0.04809804238968727	-0.09161073155596995	0.08544614011051138	-0.09028735218484651	0.06896383183430857	-0.09169538072527846	0.9999999999999996	-0.6591906818515927	0.15598529864345537	-0.1483960577038471	0.11109507566698724	-0.5368809840166172	0.2905577311876001	-0.19143054273668844	0.12534974454173697	-0.12177179265138288	0.2549188199325047	-0.27961467314644434	0.17907087237796043	-0.14750875565213334	0.09203805651995241	-0.14112024285842942	0.1339801888653709	-0.11162103505041947	0.12858661742465435	-0.11177444831844621	0.12830089980925174	-0.09908668574540684	0.09232920532403362	-0.062393462753309	0.06667164205860361	-0.05683333122739976	0.053543007197486704	-0.05738966350195728	0.06464829729247737	-0.0768445374911304
0.03966711268214219	-0.03635458454141833	0.04880069589521959	-0.040704564441912575	0.057619359874291794	-0.04547649090768524	0.044260870087124565	-0.050257832766147696	0.05783600121153694	-0.044295510903540086	0.06789872768423427	-0.07297143651573486	0.08340301222981679	-0.06523066567424321	0.0853130950736521	-0.6591906818515927	0.9999999999999993	-0.19762081949080007	0.1485532894523185	-0.11134377325781249	0.2711859721935862	-0.5658943846841381	0.19660075891710632	-0.12952201836760252	0.11618835489879226	-0.24588544558427688	0.2565731184229537	-0.1917384775530725	0.14099085076551673	-0.09059117688998777	0.12935632843085912	-0.13487839112715627	0.10668119015419905	-0.1310213964236737	0.10611663241954271	-0.12990695058697788	0.09510489735010426	-0.09201179340915878	0.06136492991508493	-0.0666597144533939	0.055010067582820614	-0.05295222697608578	0.056180128694459	-0.06457879377459276	0.07294553582517797
-0.05913978827539416	0.058650092280269656	-0.10529006720361575	0.08765176759172519	-0.12999539582581476	0.062036731515159316	-0.07187193804834187	0.10786597866665035	-0.12717668174412092	0.09980057872076832	-0.06730214235293233	0.07653680580752248	-0.21337857103993138	0.1621531612895619	-0.20640480724457633	0.15598529864345537	-0.19762081949080007	0.9999999999999984	-0.6680994972572503	0.25102941910200627	-0.13094744175075743	0.18544294957172272	-0.4994707226269556	0.2514517084563954	-0.19986059927712604	0.1245302729314049	-0.15939022345358247	0.23268724983951292	-0.21723725628518234	0.14241013640729078	-0.08881646236446294	0.10272824543017083	-0.09721720379667205	0.1720519628557151	-0.1549563557759819	0.09382830640305065	-0.07825556573567885	0.08196082325231002	-0.07924603685015326	0.08910571944179085	-0.047607732078723326	0.04538513637807794	-0.05403174869084688	0.06226733629735174	-0.0925801517959936
0.05704681450200021	-0.05745349454244644	0.09976931513492643	-0.08577845107701307	0.12536964182758475	-0.06072558073514675	0.06935373448240001	-0.10482685801232622	0.1217102045060882	-0.10038406889850919	0.06460042276243745	-0.07543131642331685	0.19185376167967774	-0.1969612265915051	0.21307323052399813	-0.1483960577038471	0.1485532894523185	-0.6680994972572503	0.9999999999999996	-0.43220202254024803	0.11916295883926416	-0.16943177194257944	0.2849632244229708	-0.3355302185841702	0.19609634151375063	-0.12173089089426029	0.14651957267674898	-0.24582397052051297	0.21150203028226802	-0.15178692166764257	0.08866342179927036	-0.10625014718457525	0.10028257346505233	-0.19233361006733088	0.15284288979856053	-0.0971870970057768	0.08016544394095866	-0.08630007758898031	0.0839304653347965	-0.09680967983530166	0.04891286440314517	-0.04712047997906811	0.05620817500643211	-0.06566127741755969	0.09446938857636329
-0.10254834957370541	0.10297176936089274	-0.20252839260411734	0.1695888572489704	-0.2901125281606012	0.105287691508121	-0.12667127951305643	0.19728474911366717	-0.24915117014317267	0.21760068663882018	-0.10506348319384959	0.12027618407362768	-0.36249613905768796	0.2839414266455837	-0.5678992648541479	0.11109507566698724	-0.11134377325781249	0.25102941910200627	-0.43220202254024803	1.0000000000000004	-0.0945307842780267	0.12000106645997757	-0.19749408604953023	0.16820541227346744	-0.15950287625609474	0.09208625454474344	-0.11097261636457895	0.1627940543296358	-0.15566132762113263	0.11317786921934071	-0.07130273402349192	0.08471859615168116	-0.0828505477360352	0.15037778391634923	-0.13291316152582064	0.07774127250695978	-0.0662233824278657	0.07074107943901993	-0.06936519295225882	0.07796740485056486	-0.04196634151956538	0.03985586278775308	-0.04948298141429021	0.057019164926202875	-0.104676990081483
0.033359709920811595	-0.030692826131227837	0.042054766111333665	-0.0350330811561348	0.05009113021544649	-0.037987878687739014	0.03724058684762721	-0.04289256589115307	0.04984020938422332	-0.0382856994747773	0.05571633319729018	-0.05889523972320385	0.07103126349310783	-0.05524979452334743	0.07365168843201718	-0.5368809840166172	0.2711859721935862	-0.13094744175075743	0.11916295883926416	-0.0945307842780267	0.9999999999999981	-0.32643697515770054	0.16426605813492282	-0.11532356801971816	0.109794055684642	-0.6293085162355593	0.27992920077182015	-0.19089091839777386	0.13490285001201638	-0.08662358117455655	0.19831907417740585	-0.18159522115979254	0.13006102623380736	-0.13411431366279963	0.1054066339693011	-0.1916440964792748	0.12329714658200935	-0.11531829710522902	0.06403073264779158	-0.0681299072156754	0.0696999347854059	-0.06752851507569502	0.06719715600854945	-0.07710506176660713	0.07549757495303754
-0.03703176502100839	0.03462512816694108	-0.052700374326695436	0.04383632380528816	-0.06422399971348161	0.04010922799238468	-0.04218682431581736	0.05313196659125341	-0.06282502566195065	0.04882264073857412	-0.053473728191454704	0.05769485578723018	-0.09157935426953971	0.07115002553913415	-0.09568335284434636	0.2905577311876001	-0.5658943846841381	0.18544294957172272	-0.16943177194257944	0.12000106645997757	-0.32643697515770054	0.9999999999999982	-0.3119211848590628	0.16344259811096531	-0.14845783117365638	0.25754625301073014	-0.5501832523705626	0.24337318346174663	-0.18984540385214466	0.11238127408570021	-0.14771970120051978	0.15208102934771373	-0.1255148671860908	0.14963644528858613	-0.13079922103363567	0.13566699068170476	-0.10853413511808566	0.10149639543303415	-0.07169727732097134	0.07721996564563337	-0.060770865158289444	0.05741667526244713	-0.062180604616240746	0.07016368121480435	-0.08206914029749296
0.04408697981324786	-0.042972131425355796	0.07098444813063129	-0.05990195329030314	0.08777091547972977	-0.04699586716364431	0.05196786270018802	-0.07265663026187037	0.08524966966842568	-0.06787171759091544	0.054519474381602075	-0.06194439905892272	0.12944374975151168	-0.10570359882631618	0.1357373312301104	-0.19143054273668844	0.19660075891710632	-0.4994707226269556	0.2849632244229708	-0.19749408604953023	0.16426605813492282	-0.3119211848590628	0.9999999999999981	-0.45805173559100076	0.23872181244145158	-0.17117990417893686	0.22621295923770393	-0.4662196580035127	0.2880878184399646	-0.19295011025588715	0.11624138515231072	-0.1374215278654194	0.12558773101683024	-0.23285385085930635	0.1846746939343611	-0.12428746175121036	0.10111913658711157	-0.10701801689956196	0.10125412256947725	-0.11678633102083084	0.06010893865535105	-0.05797152260617452	0.06750645256781287	-0.07868465181962035	0.10109189477878767
-0.03613699942690026	0.03535451673521577	-0.06047482336666654	0.05080767505852891	-0.07581491782381979	0.0380807038263752	-0.04289797468880728	0.06116663949963485	-0.0728856595215023	0.05826321011883518	-0.04286660438805117	0.048699820586433684	-0.11008535805525649	0.09128436014322634	-0.11885216398118544	0.12534974454173697	-0.12952201836760252	0.2514517084563954	-0.3355302185841702	0.16820541227346744	-0.11532356801971816	0.16344259811096531	-0.45805173559100076	0.9999999999999988	-0.5128658401552779	0.11722681577402722	-0.15751798537726694	0.28627131168934006	-0.5225858936858808	0.25605757320633926	-0.08813247573730787	0.10686700315694843	-0.10589052164037813	0.22093480702560397	-0.22581750396962	0.0949540132738498	-0.0811882605543971	0.0879954669481757	-0.10143891408713553	0.11599203510003717	-0.048452522296057426	0.04646742814424744	-0.05612530157168268	0.06505146302495605	-0.0855994460240892
0.03311413066978101	-0.032267047015628256	0.05392658598054639	-0.045474905342362856	0.06762650446959435	-0.03497052603086797	0.03895907234560883	-0.05442970260594771	0.06477856854452886	-0.05198473991171431	0.03971310403211404	-0.04531893690621514	0.09507599064066057	-0.07834778330668603	0.10423163982718232	-0.12177179265138288	0.11618835489879226	-0.19986059927712604	0.19609634151375063	-0.15950287625609474	0.109794055684642	-0.14845783117365638	0.23872181244145158	-0.5128658401552779	0.9999999999999979	-0.11629297408890364	0.14215980847802745	-0.25955222283296847	0.2921532954607951	-0.609894161251735	0.09723203872928944	-0.12641041891090024	0.12922750404652206	-0.32359920263099784	0.28835797292580795	-0.1106145344924839	0.09596703358706472	-0.11013818026596128	0.13776710677565407	-0.17327430777413	0.057381745556552864	-0.055697850058612094	0.06878226916817345	-0.08122149691859104	0.10023306993162248
-0.029592053740446177	0.027548800803559665	-0.04134744430857566	0.03435123309572707	-0.05034013792392542	0.03217220099700192	-0.0335204926827012	0.041543781944208484	-0.04920632174963912	0.03815542960645333	-0.043501105421378305	0.046485793333635984	-0.07076244960596646	0.0546788450003255	-0.07429165560372976	0.2549188199325047	-0.24588544558427688	0.1245302729314049	-0.12173089089426029	0.09208625454474344	-0.6293085162355593	0.25754625301073014	-0.17117990417893686	0.11722681577402722	-0.11629297408890364	0.9999999999999971	-0.504392933929591	0.19569724547038642	-0.1484283755775588	0.08991615937013177	-0.34763938981119635	0.20387080216085676	-0.15022215050159723	0.13444495657637479	-0.11183584096091202	0.20746938462737136	-0.14380962298195324	0.1234826786208823	-0.06657743477484722	0.06930265579322259	-0.0776771843113965	0.07252919025254433	-0.07195790065099729	0.07996324407849652	-0.07825184090677233
0.03337979068795802	-0.03133613442859833	0.047250555158523416	-0.03941266403175239	0.05760778715781191	-0.036439108118513086	0.03801202858215816	-0.047703467446830655	0.05630252761276764	-0.04388080529381773	0.04824983634387033	-0.05273174690017992	0.08148981543679858	-0.06381209045733416	0.08575968003101918	-0.27961467314644434	0.2565731184229537	-0.15939022345358247	0.14651957267674898	-0.11097261636457895	0.27992920077182015	-0.5501832523705626	0.22621295923770393	-0.15751798537726694	0.14215980847802745	-0.504392933929591	0.999999999999996	-0.40150485234088534	0.19855703061206884	-0.1145581493333925	0.19618479012207718	-0.22994473142173344	0.15097216899721386	-0.16291416129609657	0.1317323930489276	-0.18280270121662653	0.13465590800484165	-0.1250785649228657	0.07657695438299789	-0.08211068368568164	0.07250194002583034	-0.06965705735757113	0.07218528745103106	-0.08206025691688551	0.0840616030425946
-0.04272437980308699	0.04111883974869426	-0.06929094703360296	0.05765690769289646	-0.08661911162334542	0.04490665571056066	-0.05004194539431041	0.06905675034443944	-0.0830802366995014	0.06549972980581137	-0.05266933344518117	0.05860907863647648	-0.12256065226001397	0.09581169419709276	-0.1305578432452803	0.17907087237796043	-0.1917384775530725	0.23268724983951292	-0.24582397052051297	0.1627940543296358	-0.19089091839777386	0.24337318346174663	-0.4662196580035127	0.28627131168934006	-0.25955222283296847	0.19569724547038642	-0.40150485234088534	0.9999999999999974	-0.571757704622244	0.20468057794482233	-0.13175769302800142	0.14677833467550716	-0.13708816448067215	0.21938057782693549	-0.21792369471202439	0.12890147415452746	-0.10926332452903509	0.1096636611378918	-0.10480725633145102	0.11422327924668964	-0.06342316005361964	0.059963312301460875	-0.06967228166247903	0.07902363370261997	-0.10346549649570114
0.03532653142653259	-0.034243108420351574	0.05684619606062309	-0.047769083457056875	0.07096351845909143	-0.037403890461856056	0.04143385762873782	-0.05731630693156736	0.06822773543892045	-0.05437384554556086	0.04339223494550228	-0.04909203512182512	0.10057066432730581	-0.08192186801156909	0.10860319656053756	-0.14750875565213334	0.14099085076551673	-0.21723725628518234	0.21150203028226802	-0.15566132762113263	0.13490285001201638	-0.18984540385214466	0.2880878184399646	-0.5225858936858808	0.2921532954607951	-0.1484283755775588	0.19855703061206884	-0.571757704622244	0.999999999999995	-0.3503712903732349	0.10829290833864012	-0.13351341099746164	0.13151783631641398	-0.30883884089470465	0.24067733391795323	-0.11705477058941864	0.09929971488741607	-0.1086561978626082	0.12358170068712537	-0.14258666226079364	0.05846359840284221	-0.05630848580239909	0.06755208882407235	-0.07846762213770644	0.09703137763016556
-0.025832638799713554	0.02509032790422218	-0.04246750765364066	0.03558950147232695	-0.05336423453153019	0.02713004798181652	-0.030393628523617027	0.04250985544130715	-0.050982834672988406	0.04065131229369865	-0.030806427428000983	0.034916704949621416	-0.07476514579243247	0.060089318368439525	-0.08135069303311929	0.09203805651995241	-0.09059117688998777	0.14241013640729078	-0.15178692166764257	0.11317786921934071	-0.08662358117455655	0.11238127408570021	-0.19295011025588715	0.25605757320633926	-0.609894161251735	0.08991615937013177	-0.1145581493333925	0.20468057794482233	-0.3503712903732349	0.9999999999999964	-0.07631518969830503	0.09786059050102958	-0.10497065754958719	0.25537641853727006	-0.5955074848722948	0.08500316778561119	-0.07621056212139547	0.08649066736105704	-0.13594323817272955	0.16006457746591798	-0.045346941213304084	0.0435664516581716	-0.05487362395186153	0.06375369691224797	-0.07969064490508543
0.02129160254955816	-0.020071980248564367	0.031438781348865276	-0.026148279321298012	0.03877308677069177	-0.022814440697896697	0.02436783620085942	-0.03136396883865296	0.0374776238508821	-0.029287001518967615	0.029057219492890744	-0.0317888726261644	0.05369220127184083	-0.041492422113960106	0.05709077794493919	-0.14112024285842942	0.12935632843085912	-0.08881646236446294	0.08866342179927036	-0.07130273402349192	0.19831907417740585	-0.14771970120051978	0.11624138515231072	-0.08813247573730787	0.09723203872928944	-0.34763938981119635	0.19618479012207718	-0.13175769302800142	0.10829290833864012	-0.07631518969830503	0.9999999999999964	-0.5107935950548126	0.23935285356419994	-0.14696221113112648	0.10676555404380333	-0.6553212109636963	0.2644367978781548	-0.21896017613874014	0.07570055424040914	-0.07484491195534344	0.13546730709417112	-0.13108617511826245	0.11130323948940991	-0.12478717108414306	0.08632351189574039
-0.024680124645885735	0.023394741831476176	-0.037758272488299174	0.031362570211430234	-0.046911443267460246	0.0261433263950342	-0.0284292219349885	0.03746818043641394	-0.04506567311869382	0.035307249090815486	-0.032241203025960535	0.0354368698044537	-0.06463826084346501	0.049756858868061256	-0.06902972360209468	0.1339801888653709	-0.13487839112715627	0.10272824543017083	-0.10625014718457525	0.08471859615168116	-0.18159522115979254	0.15208102934771373	-0.1374215278654194	0.10686700315694843	-0.12641041891090024	0.20387080216085676	-0.22994473142173344	0.14677833467550716	-0.13351341099746164	0.09786059050102958	-0.5107935950548126	0.999999999999995	-0.5546838604085295	0.19652835690215273	-0.14640997468501027	0.30416194389951967	-0.4259970922605976	0.2833551420347394	-0.10332515446433511	0.09722302978287042	-0.14153207409580706	0.13021947451210927	-0.13603157331638446	0.1411095624709462	-0.10576894829791365
0.023022087072378475	-0.021949247669753945	0.035870245591143456	-0.029846632440333754	0.04474630507006143	-0.024300959859905772	0.026631523471672396	-0.035573498510879605	0.042843936038163194	-0.033704751037793794	0.029253454102487128	-0.03249567555539325	0.06139585595181798	-0.04749437331255391	0.06596349159384715	-0.11162103505041947	0.10668119015419905	-0.09721720379667205	0.10028257346505233	-0.0828505477360352	0.13006102623380736	-0.1255148671860908	0.12558773101683024	-0.10589052164037813	0.12922750404652206	-0.15022215050159723	0.15097216899721386	-0.13708816448067215	0.13151783631641398	-0.10497065754958719	0.23935285356419994	-0.5546838604085295	0.9999999999999946	-0.33592249228339943	0.1624023239226918	-0.28879515159830066	0.30227721127314217	-0.5642965561790731	0.13494704078753553	-0.12742174746111418	0.13386187915453104	-0.13639841358460456	0.17430296268707898	-0.19917271058322766	0.11614058203734735
-0.039854504440311224	0.03843704942064528	-0.06629139311385357	0.05501461880044238	-0.08374528304207342	0.04133751037927062	-0.04674999665714393	0.06521625257970788	-0.0793847029678435	0.06271098659353845	-0.04673016028003244	0.05241393933117951	-0.11442101692784576	0.08811769229960753	-0.12382646990748483	0.12858661742465435	-0.1310213964236737	0.1720519628557151	-0.19233361006733088	0.15037778391634923	-0.13411431366279963	0.14963644528858613	-0.23285385085930635	0.22093480702560397	-0.32359920263099784	0.13444495657637479	-0.16291416129609657	0.21938057782693549	-0.30883884089470465	0.25537641853727006	-0.14696221113112648	0.19652835690215273	-0.33592249228339943	0.9999999999999942	-0.5019306527267663	0.15779902415357153	-0.16693531005909742	0.19048968233259808	-0.40516388825769606	0.27284934433817004	-0.09381956818889789	0.08756598440741303	-0.11876249599485675	0.12858570698060637	-0.1587625637515052
0.030369158288682148	-0.029422335473164418	0.04910532360717808	-0.04122470977923517	0.061607120395890655	-0.03194089486784793	0.0355509687213259	-0.04912582103858441	0.05884908766573414	-0.04695489340542427	0.03648713929764415	-0.04145517035237341	0.08516811071801239	-0.0683039104853878	0.09297048887624497	-0.11177444831844621	0.10611663241954271	-0.1549563557759819	0.15284288979856053	-0.13291316152582064	0.1054066339693011	-0.13079922103363567	0.1846746939343611	-0.22581750396962	0.28835797292580795	-0.11183584096091202	0.1317323930489276	-0.21792369471202439	0.24067733391795323	-0.5955074848722948	0.10676555404380333	-0.14640997468501027	0.1624023239226918	-0.5019306527267663	0.9999999999999928	-0.12419605796516915	0.11353214382876316	-0.13639967841995282	0.23245878699152947	-0.34866316789774066	0.06706899188439924	-0.06511826140139511	0.08380998179011863	-0.09899625866869034	0.11384847394087184
-0.023027769675280946	0.02178278807866105	-0.03500671738663467	0.02906029648127937	-0.04344528439792155	0.024406283340776175	-0.026479085684704706	0.03472476907756033	-0.04176402366875243	0.032678480768489414	-0.030310855138521667	0.03319619467884608	-0.05981021968898472	0.04593148139331058	-0.06379496790986514	0.12830089980925174	-0.12990695058697788	0.09382830640305065	-0.0971870970057768	0.07774127250695978	-0.1916440964792748	0.13566699068170476	-0.12428746175121036	0.0949540132738498	-0.1106145344924839	0.20746938462737136	-0.18280270121662653	0.12890147415452746	-0.11705477058941864	0.08500316778561119	-0.6553212109636963	0.30416194389951967	-0.28879515159830066	0.15779902415357153	-0.12419605796516915	0.9999999999999923	-0.4815008032762367	0.24714614715415378	-0.08706306657261802	0.08345639455752636	-0.22657136023541113	0.1753504676241629	-0.1390524023264779	0.1419489379593848	-0.102497794739248
0.018910909742820465	-0.017963973957129176	0.029032259326042295	-0.024145137895432666	0.036111616977540596	-0.02002223315518842	0.02180064926407652	-0.028811104995742257	0.034651088683414405	-0.02719956006820674	0.024477181792143705	-0.02706087456948285	0.04957877393578158	-0.038259017592561596	0.05310925428636217	-0.09908668574540684	0.09510489735010426	-0.07825556573567885	0.08016544394095866	-0.0662233824278657	0.12329714658200935	-0.10853413511808566	0.10111913658711157	-0.0811882605543971	0.09596703358706472	-0.14380962298195324	0.13465590800484165	-0.10926332452903509	0.09929971488741607	-0.07621056212139547	0.2644367978781548	-0.4259970922605976	0.30227721127314217	-0.16693531005909742	0.11353214382876316	-0.4815008032762367	0.9999999999999919	-0.6154407288865065	0.09584575276456042	-0.0921155174727843	0.18230647593278318	-0.21181599774215729	0.18288124842900566	-0.19713679696881253	0.10141948791710505
-0.019977677073726878	0.019040787305301326	-0.031371933578550205	0.02605827355450619	-0.03920843870878437	0.02100523157345904	-0.023128284388505293	0.031016261940225113	-0.03747097778704421	0.029448768547005736	-0.025160789621020495	0.027874792120071924	-0.05364162993228786	0.04125077897898334	-0.057615529012760784	0.09232920532403362	-0.09201179340915878	0.08196082325231002	-0.08630007758898031	0.07074107943901993	-0.11531829710522902	0.10149639543303415	-0.10701801689956196	0.0879954669481757	-0.11013818026596128	0.1234826786208823	-0.1250785649228657	0.1096636611378918	-0.1086561978626082	0.08649066736105704	-0.21896017613874014	0.2833551420347394	-0.5642965561790731	0.19048968233259808	-0.13639967841995282	0.24714614715415378	-0.6154407288865065	0.9999999999999929	-0.12831694196663526	0.10955706937307705	-0.16091900717150365	0.1559290629453845	-0.2888804968041052	0.21532299751715359	-0.11562967505912881
0.01761085308622418	-0.01698361881636047	0.028787769567540977	-0.02398674345393495	0.03624001019374556	-0.018382284135398445	0.020601949739537002	-0.028487358844299423	0.034465998576990724	-0.027301645603577483	0.021000722671795192	-0.023637655184971785	0.04963773191267526	-0.038715242264719105	0.05384569790868171	-0.062393462753309	0.06136492991508493	-0.07924603685015326	0.0839304653347965	-0.06936519295225882	0.06403073264779158	-0.07169727732097134	0.10125412256947725	-0.10143891408713553	0.13776710677565407	-0.06657743477484722	0.07657695438299789	-0.10480725633145102	0.12358170068712537	-0.13594323817272955	0.07570055424040914	-0.10332515446433511	0.13494704078753553	-0.40516388825769606	0.23245878699152947	-0.08706306657261802	0.09584575276456042	-0.12831694196663526	0.9999999999999915	-0.8449894858032321	0.05530173990488481	-0.05261236074509588	0.08176253722301988	-0.09754211956043546	0.08576527423422334
-0.019967686015274867	0.01927428317869053	-0.03297148911528193	0.02743432061403115	-0.041587644041666184	0.020778453530009428	-0.023404282446283918	0.03255480068748318	-0.03948697192453082	0.03126270443805814	-0.023554148954630007	0.026502058180976194	-0.056931023752322014	0.044229674302932884	-0.06174204208911751	0.06667164205860361	-0.0666597144533939	0.08910571944179085	-0.09680967983530166	0.07796740485056486	-0.0681299072156754	0.07721996564563337	-0.11678633102083084	0.11599203510003717	-0.17327430777413	0.06930265579322259	-0.08211068368568164	0.11422327924668964	-0.14258666226079364	0.16006457746591798	-0.07484491195534344	0.09722302978287042	-0.12742174746111418	0.27284934433817004	-0.34866316789774066	0.08345639455752636	-0.0921155174727843	0.10955706937307705	-0.8449894858032321	0.9999999999999915	-0.05415931291294859	0.05054426061076539	-0.077505899719002	0.0862850020063134	-0.09661824454481158
0.011805473052609225	-0.011239662814311232	0.018325070972652336	-0.015242942080436285	0.022862452689597575	-0.012447064033281859	0.013631806502979956	-0.018142731197344608	0.021873175921379363	-0.01719868735006738	0.014997111951912544	-0.01664294047672981	0.03119011680041345	-0.024034237435716768	0.033531875883765924	-0.05683333122739976	0.055010067582820614	-0.047607732078723326	0.04891286440314517	-0.04196634151956538	0.0696999347854059	-0.060770865158289444	0.06010893865535105	-0.048452522296057426	0.057381745556552864	-0.0776771843113965	0.07250194002583034	-0.06342316005361964	0.05846359840284221	-0.045346941213304084	0.13546730709417112	-0.14153207409580706	0.13386187915453104	-0.09381956818889789	0.06706899188439924	-0.22657136023541113	0.18230647593278318	-0.16091900717150365	0.05530173990488481	-0.05415931291294859	0.9999999999999905	-0.891809173279218	0.20808059166813445	-0.24149771031869163	0.09046325329866749
-0.0112996996463133	0.010756162359254893	-0.017602170688468966	0.014628978507860348	-0.021974127969438685	0.011896499004831921	-0.013054759921106017	0.017408553424806357	-0.021012515019992954	0.01651186535110427	-0.014316646053317377	0.015861661303234707	-0.029983270263604568	0.02305293525969356	-0.0322127041756638	0.053543007197486704	-0.05295222697608578	0.04538513637807794	-0.04712047997906811	0.03985586278775308	-0.06752851507569502	0.05741667526244713	-0.05797152260617452	0.04646742814424744	-0.055697850058612094	0.07252919025254433	-0.06965705735757113	0.059963312301460875	-0.05630848580239909	0.0435664516581716	-0.13108617511826245	0.13021947451210927	-0.13639841358460456	0.08756598440741303	-0.06511826140139511	0.1753504676241629	-0.21181599774215729	0.1559290629453845	-0.05261236074509588	0.05054426061076539	-0.891809173279218	0.9999999999999905	-0.2738406863477261	0.2053279335662205	-0.08578015907742911
0.013584515130001092	-0.012985012835273084	0.021509683532558485	-0.017890223267243384	0.026961073211558866	-0.014237045386727118	0.015743925585600498	-0.021230426982886	0.025687600387993954	-0.02024596588716644	0.016772337711424744	-0.01871110757353979	0.03656531085832307	-0.028143196213316398	0.039487753673528275	-0.05738966350195728	0.056180128694459	-0.05403174869084688	0.05620817500643211	-0.04948298141429021	0.06719715600854945	-0.062180604616240746	0.06750645256781287	-0.05612530157168268	0.06878226916817345	-0.07195790065099729	0.07218528745103106	-0.06967228166247903	0.06755208882407235	-0.05487362395186153	0.11130323948940991	-0.13603157331638446	0.17430296268707898	-0.11876249599485675	0.08380998179011863	-0.1390524023264779	0.18288124842900566	-0.2888804968041052	0.08176253722301988	-0.077505899719002	0.20808059166813445	-0.2738406863477261	0.9999999999999907	-0.8487602268232353	0.14656060113327038
