1.0	-0.37334453781733334	0.13694041658210138	-0.0783743216200251	0.051673065856539475	-0.8460206251212372	0.2632317981912316	-0.15317296080769224	0.07260585264256786	-0.04589488165063816	0.18742836532861068	-0.19304305623071497	0.11818548520539345	-0.08710119045555771	0.05047598819388274	-0.1577741955554192	0.142623443743182	-0.10284736625225512	0.08923984252640482	-0.044080704590465584	0.08010323781448893	-0.07180753566430623	0.1119056831982228	-0.047025524111883536	0.03694976137885821
-0.37334453781733334	1.0	-0.3664620168254185	0.1402241246783535	-0.09292438446956527	0.2606555966670992	-0.6805709648495983	0.262445823864075	-0.13459160798352182	0.07949289083500719	-0.23130448730637754	0.255100943659569	-0.19745607562382278	0.1382805284217531	-0.08387842840342953	0.17570177414287205	-0.2310831993036912	0.1579761745420159	-0.14976957219091838	0.07077020175217713	-0.12485670069982946	0.10713560077172275	-0.18287124964031976	0.07464997850138666	-0.05991862821343222
0.13694041658210138	-0.3664620168254185	1.0000000000000004	-0.3284311600249957	0.1331424266441524	-0.12576727312602834	0.23330024242145733	-0.7721503531604067	0.22346384850692713	-0.12014831670369439	0.13023778551754972	-0.16591512977132436	0.19300241256842243	-0.1647725164253118	0.09612567540546195	-0.11961971269813813	0.14762095004367273	-0.15250514649431812	0.15178692151397655	-0.0839645869521389	0.08946590411013629	-0.07978737332752946	0.1539924396668948	-0.08084873499340514	0.06320052147792196
-0.0783743216200251	0.1402241246783535	-0.3284311600249957	1.0000000000000009	-0.33979022167800843	0.07020215767376248	-0.12249566706929581	0.2350926717498205	-0.7685924979517359	0.2434218879467368	-0.09356835529335399	0.11325034525207658	-0.18263054890968475	0.21042458448830068	-0.14376350916672365	0.08851305459550496	-0.11834095511216092	0.13888484141974364	-0.20428459839058846	0.11595873614076016	-0.0748770038243423	0.06654028557285935	-0.14281688143043683	0.09890414476768421	-0.07923431674233947
0.051673065856539475	-0.09292438446956527	0.1331424266441524	-0.33979022167800843	1.0000000000000007	-0.04751409806244598	0.07785010360020093	-0.1432961225398263	0.25228229512353567	-0.8279813536511319	0.06431014797081058	-0.07874473418851122	0.1130681018188271	-0.13534727168074795	0.2225215989661496	-0.06409018087759434	0.08316528570948264	-0.09776022059435958	0.12436651461808465	-0.22314991412709917	0.057819230081401884	-0.05129314854271573	0.11514273392310573	-0.1458215499920053	0.10813045313038483
-0.8460206251212372	0.2606555966670992	-0.12576727312602834	0.07020215767376248	-0.04751409806244598	1.0000000000000007	-0.3573225530756691	0.13358690327765704	-0.06696423544169759	0.04183972447938186	-0.24565958179344008	0.1924057865244887	-0.1164914206105834	0.08168961580202976	-0.04663248548751722	0.15328304570586448	-0.14946369442815965	0.09832131742956714	-0.08573957141913685	0.04032366108169923	-0.07990444167006758	0.07013391159364685	-0.10734136918076821	0.043450461003226845	-0.03434721083876718
0.2632317981912316	-0.6805709648495983	0.23330024242145733	-0.12249566706929581	0.07785010360020093	-0.3573225530756691	1.0000000000000013	-0.3062443064595121	0.11484149621902098	-0.06918019807937738	0.22627860937123592	-0.4139368793558395	0.18645074164955022	-0.1319358305510888	0.07268685884896409	-0.18454704905773017	0.20538008222077017	-0.15175921267540693	0.1320812696872211	-0.06309830943652153	0.108439188233758	-0.09740215841415778	0.155911942444685	-0.06683646228471472	0.05257974980526866
-0.15317296080769224	0.262445823864075	-0.7721503531604067	0.2350926717498205	-0.1432961225398263	0.13358690327765704	-0.3062443064595121	1.0000000000000018	-0.26813847683558806	0.12196115373390182	-0.15159554921770088	0.18408481528130988	-0.2699740870144767	0.17944990316017898	-0.10471653192264235	0.13199822926468183	-0.17394221880866848	0.17230963723357615	-0.17917894158757902	0.08734154757194255	-0.10268101078041308	0.09040706050019974	-0.17915061823025813	0.08616690523065665	-0.06887579110549646
0.07260585264256786	-0.13459160798352182	0.22346384850692713	-0.7685924979517359	0.25228229512353567	-0.06696423544169759	0.11484149621902098	-0.26813847683558806	1.0000000000000018	-0.33162251867802084	0.08897240583110627	-0.11224969151733935	0.1793615800192556	-0.306514893185068	0.14252360279502727	-0.08650502895651906	0.1122954891677144	-0.14239005163129717	0.1968109737728225	-0.12336230020230497	0.07105873067262823	-0.06406129245860971	0.13520642115707074	-0.10264120164642672	0.0792905425127202
-0.04589488165063816	0.07949289083500719	-0.12014831670369439	0.2434218879467368	-0.8279813536511319	0.04183972447938186	-0.06918019807937738	0.12196115373390182	-0.33162251867802084	1.0000000000000018	-0.05801725506707889	0.07038852568587091	-0.1077420473567718	0.12966516189333221	-0.3069487952425638	0.05715930264834737	-0.07555949793197164	0.08961489343470837	-0.12254200001825681	0.19045624562235086	-0.05175884351160412	0.04584406586698248	-0.10375123431635315	0.1212527992460258	-0.09694887945319344
0.18742836532861068	-0.23130448730637754	0.13023778551754972	-0.09356835529335399	0.06431014797081058	-0.24565958179344008	0.22627860937123592	-0.15159554921770088	0.08897240583110627	-0.05801725506707889	1.0000000000000022	-0.5724017349627041	0.19744157892330566	-0.13694539148498172	0.06864563500968242	-0.6298044660130475	0.3000959044877382	-0.18050573844416956	0.13710287079278585	-0.060692021032776405	0.15148188023092357	-0.13976120358116487	0.16960528228813038	-0.06762806293085463	0.05250303739702603
-0.19304305623071497	0.255100943659569	-0.16591512977132436	0.11325034525207658	-0.07874473418851122	0.1924057865244887	-0.4139368793558395	0.18408481528130988	-0.11224969151733935	0.07038852568587091	-0.5724017349627041	1.000000000000002	-0.35378463040067426	0.17567004640713588	-0.08319400709950585	0.29652532532691295	-0.43055407658973005	0.2246496769670628	-0.18326824879472245	0.07192868323515456	-0.16679861174531646	0.147962229810368	-0.21012038973290284	0.08067663283111065	-0.06360633423364383
0.11818548520539345	-0.19745607562382278	0.19300241256842243	-0.18263054890968475	0.1130681018188271	-0.1164914206105834	0.18645074164955022	-0.2699740870144767	0.1793615800192556	-0.1077420473567718	0.19744157892330566	-0.35378463040067426	1.0000000000000036	-0.49642162610677404	0.12047201316656653	-0.20254866310705558	0.24805092422494116	-0.5581197554207684	0.31049793351980776	-0.1078268993745713	0.13701485328422341	-0.13315133923475295	0.2558509295582387	-0.12094728112113162	0.09157558532509706
-0.08710119045555771	0.1382805284217531	-0.1647725164253118	0.21042458448830068	-0.13534727168074795	0.08168961580202976	-0.1319358305510888	0.17944990316017898	-0.306514893185068	0.12966516189333221	-0.13694539148498172	0.17567004640713588	-0.49642162610677404	1.0000000000000053	-0.15182313763814803	0.13338273124463082	-0.1845578989936723	0.28884096142308663	-0.6822770363311369	0.12083133653547033	-0.10701969914450687	0.09928115206871309	-0.21587032942213782	0.13428635830154778	-0.10789341338879671
0.05047598819388274	-0.08387842840342953	0.09612567540546195	-0.14376350916672365	0.2225215989661496	-0.04663248548751722	0.07268685884896409	-0.10471653192264235	0.14252360279502727	-0.3069487952425638	0.06864563500968242	-0.08319400709950585	0.12047201316656653	-0.15182313763814803	1.0000000000000024	-0.07099417078842576	0.09302889901792065	-0.11350872017816442	0.14545601392348634	-0.7791627673443599	0.06994910183483799	-0.0622820296487866	0.1501780161722292	-0.3344864054492459	0.2542467955859363
-0.1577741955554192	0.17570177414287205	-0.11961971269813813	0.08851305459550496	-0.06409018087759434	0.15328304570586448	-0.18454704905773017	0.13199822926468183	-0.08650502895651906	0.05715930264834737	-0.6298044660130475	0.29652532532691295	-0.20254866310705558	0.13338273124463082	-0.07099417078842576	1.0000000000000029	-0.5879530272052542	0.19579743152686813	-0.15228192480767833	0.061962768265294635	-0.24907990846687228	0.19355440268206495	-0.20278726439015615	0.07116087518429096	-0.05587366453492143
0.142623443743182	-0.2310831993036912	0.14762095004367273	-0.11834095511216092	0.08316528570948264	-0.14946369442815965	0.20538008222077017	-0.17394221880866848	0.1122954891677144	-0.07555949793197164	0.3000959044877382	-0.43055407658973005	0.24805092422494116	-0.1845578989936723	0.09302889901792065	-0.5879530272052542	1.0000000000000029	-0.355002484248657	0.19578836003146027	-0.08351635282527117	0.23509227847522435	-0.2969527446425172	0.25032268150217973	-0.09599879930810137	0.0733428877322527
-0.10284736625225512	0.1579761745420159	-0.15250514649431812	0.13888484141974364	-0.09776022059435958	0.09832131742956714	-0.15175921267540693	0.17230963723357615	-0.14239005163129717	0.08961489343470837	-0.18050573844416956	0.2246496769670628	-0.5581197554207684	0.28884096142308663	-0.11350872017816442	0.19579743152686813	-0.355002484248657	1.0000000000000036	-0.48149182742415686	0.0998718110638155	-0.15904071032401385	0.15738035295084868	-0.4411536956940314	0.1254324760324349	-0.09717204858994093
0.08923984252640482	-0.14976957219091838	0.15178692151397655	-0.20428459839058846	0.12436651461808465	-0.08573957141913685	0.1320812696872211	-0.17917894158757902	0.1968109737728225	-0.12254200001825681	0.13710287079278585	-0.18326824879472245	0.31049793351980776	-0.6822770363311369	0.14545601392348634	-0.15228192480767833	0.19578836003146027	-0.48149182742415686	1.0000000000000024	-0.1357432796057577	0.1175266764114864	-0.11409639403198876	0.23775156739009887	-0.18942177363696383	0.12834399592293044
-0.044080704590465584	0.07077020175217713	-0.0839645869521389	0.11595873614076016	-0.22314991412709917	0.04032366108169923	-0.06309830943652153	0.08734154757194255	-0.12336230020230497	0.19045624562235086	-0.060692021032776405	0.07192868323515456	-0.1078268993745713	0.12083133653547033	-0.7791627673443599	0.061962768265294635	-0.08351635282527117	0.0998718110638155	-0.1357432796057577	1.0000000000000022	-0.06385842272844369	0.056071824241895364	-0.14219921871809307	0.27321035512805664	-0.4321084679960554
0.08010323781448893	-0.12485670069982946	0.08946590411013629	-0.0748770038243423	0.057819230081401884	-0.07990444167006758	0.108439188233758	-0.10268101078041308	0.07105873067262823	-0.05175884351160412	0.15148188023092357	-0.16679861174531646	0.13701485328422341	-0.10701969914450687	0.06994910183483799	-0.24907990846687228	0.23509227847522435	-0.15904071032401385	0.1175266764114864	-0.06385842272844369	1.0000000000000022	-0.8551799553869438	0.2398873483996567	-0.07601185134750439	0.05712961590105941
-0.07180753566430623	0.10713560077172275	-0.07978737332752946	0.06654028557285935	-0.05129314854271573	0.07013391159364685	-0.09740215841415778	0.09040706050019974	-0.06406129245860971	0.04584406586698248	-0.13976120358116487	0.147962229810368	-0.13315133923475295	0.09928115206871309	-0.0622820296487866	0.19355440268206495	-0.2969527446425172	0.15738035295084868	-0.11409639403198876	0.056071824241895364	-0.8551799553869438	1.0000000000000022	-0.3189937000456982	0.06909402733654713	-0.05276829602180185
0.1119056831982228	-0.18287124964031976	0.1539924396668948	-0.14281688143043683	0.11514273392310573	-0.10734136918076821	0.155911942444685	-0.17915061823025813	0.13520642115707074	-0.10375123431635315	0.16960528228813038	-0.21012038973290284	0.2558509295582387	-0.21587032942213782	0.1501780161722292	-0.20278726439015615	0.25032268150217973	-0.4411536956940314	0.23775156739009887	-0.14219921871809307	0.2398873483996567	-0.3189937000456982	1.000000000000002	-0.19755073337386073	0.13532649655441198
-0.047025524111883536	0.07464997850138666	-0.08084873499340514	0.09890414476768421	-0.1458215499920053	0.043450461003226845	-0.06683646228471472	0.08616690523065665	-0.10264120164642672	0.1212527992460258	-0.06762806293085463	0.08067663283111065	-0.12094728112113162	0.13428635830154778	-0.3344864054492459	0.07116087518429096	-0.09599879930810137	0.1254324760324349	-0.18942177363696383	0.27321035512805664	-0.07601185134750439	0.06909402733654713	-0.19755073337386073	1.0000000000000018	-0.8282233159839576
0.03694976137885821	-0.05991862821343222	0.06320052147792196	-0.07923431674233947	0.10813045313038483	-0.03434721083876718	0.05257974980526866	-0.06887579110549646	0.0792905425127202	-0.09694887945319344	0.05250303739702603	-0.06360633423364383	0.09157558532509706	-0.10789341338879671	0.2542467955859363	-0.05587366453492143	0.0733428877322527	-0.09717204858994093	0.12834399592293044	-0.4321084679960554	0.05712961590105941	-0.05276829602180185	0.13532649655441198	-0.8282233159839576	1.0000000000000018
