1.0000000000000002	-0.30584766415300557	0.0889171214690944	-0.07089051768154504	0.13035772444679064	-0.5958139960478714	0.2296048586244561	-0.1113771157050463	0.09849863778306266	-0.08367669187788733	0.3121446366772289	-0.26675729285414546	0.10934247562664566	-0.10133787038180982	0.12470459197639246	-0.3133749962244611	0.19934671857623432	-0.16244344846619885	0.10653761211904642	-0.1069612143129005	0.2053448562543418	-0.35654584467773515	0.16205042133183578	-0.09927780263274835	0.07584238650260537	-0.14024713211420425	0.1290855702261591	-0.12729690483882813	0.08425367748678693	-0.08947720829053257	0.15779778646953696	-0.12347847623679006	0.09125735100466371	-0.035847603845515996	0.03801432398004231
-0.30584766415300557	1.0000000000000004	-0.05612819345515617	0.04449832613159234	-0.06389351724475463	0.17292938787342	-0.9120287080284492	0.08641491818807555	-0.06531691225352736	0.04469728791451162	-0.1406464747553841	0.12177542449607423	-0.07672700703693255	0.059773060925900144	-0.06404502805042239	0.10753398832441982	-0.09648112735326392	0.0705583240128072	-0.04870487358564445	0.04456775261526747	-0.0766688673412488	0.11667913487490608	-0.0714374922116119	0.04269880861792946	-0.031983377045668865	0.0503143957341831	-0.04665061607060835	0.04595372014967053	-0.03416596031744383	0.03576540052026746	-0.059998401215124356	0.043698752357013614	-0.03359941495621235	0.013396897961190618	-0.014313484834072465
0.0889171214690944	-0.05612819345515617	1.0000000000000002	-0.8437884989599431	0.20312317857225348	-0.05444722712968393	0.05886485599115045	-0.23262477679767454	0.25678632229344334	-0.1692732961024046	0.06846081869713581	-0.0914688540181109	0.16425447898142556	-0.226330938694279	0.18034469094049715	-0.0742715689534304	0.07500495547974362	-0.1302565020218652	0.10098601941536267	-0.09153547467853508	0.06081824613709809	-0.09510660536054716	0.12031403401643082	-0.08670856866709264	0.06265111716735848	-0.04774275013793139	0.048024102592900485	-0.0559373677184987	0.059296186962540326	-0.06367688378150449	0.062377094848570895	-0.04668854001611912	0.040752299760028005	-0.01774391207699691	0.019080016145024376
-0.07089051768154504	0.04449832613159234	-0.8437884989599431	0.9999999999999998	-0.23464196774756207	0.04310507366366462	-0.048016467468202415	0.19082919359073883	-0.37161182985636915	0.16439356007626457	-0.05457218314343857	0.07313062888804735	-0.1542493697507687	0.19793616304798026	-0.17826763542751148	0.05812570611616332	-0.060870058885603186	0.10364404371121605	-0.0855119097122358	0.07352179053873009	-0.04783415933861732	0.07346841819409754	-0.09820251285380098	0.07034616255580287	-0.05109417384625908	0.03737270636165166	-0.03772235634463449	0.04395928651598716	-0.04795944954007584	0.050858812422298526	-0.049164475978777517	0.036496511775685594	-0.03219564655568267	0.014040738666387328	-0.015128969515383516
0.13035772444679064	-0.06389351724475463	0.20312317857225348	-0.23464196774756207	1.0000000000000002	-0.07822067138314764	0.0693800115906201	-0.20127480781522056	0.2314255850292036	-0.6398515652604524	0.10040654907741335	-0.1274941093041046	0.17081060322649416	-0.22916238907204048	0.3175033843226814	-0.11121809168664355	0.1046881226928001	-0.1834423285320941	0.13399930245068195	-0.138728252492824	0.09167437309271344	-0.14716851027887964	0.17610495051835057	-0.12211805837746442	0.09234390971403136	-0.07334212140650748	0.07363365109911775	-0.08593194644162575	0.08727146823991029	-0.09495704030505214	0.09563025908564156	-0.07220969151279669	0.06227407576394965	-0.027074738659643688	0.02906153835331532
-0.5958139960478714	0.17292938787342	-0.05444722712968393	0.04310507366366462	-0.07822067138314764	1.0	-0.20793126801416772	0.06941765405310607	-0.061078518273564274	0.050463496936603534	-0.6839746427417802	0.1721120504409258	-0.06949174531710343	0.06189634491123794	-0.07542979582628855	0.2151455062193465	-0.14189884877652398	0.09606460554775356	-0.06412628292483843	0.061573049150692664	-0.1488827129121403	0.19486978861138912	-0.09957553425487668	0.058289413297408624	-0.044334414697914375	0.08757639011098714	-0.07850143168297875	0.07337746797358626	-0.04934323577497228	0.05159209229621643	-0.10284291677410852	0.07204068141436122	-0.053981178626467036	0.021033178786204185	-0.022451296473628698
0.2296048586244561	-0.9120287080284492	0.05886485599115045	-0.048016467468202415	0.0693800115906201	-0.20793126801416772	0.9999999999999998	-0.10424689619105063	0.07085321277140655	-0.04896005475721895	0.14515930699558938	-0.15090633240095705	0.08390904816841907	-0.06647621114354717	0.06964342516170254	-0.12463906157243762	0.10764251991513973	-0.07987580460626509	0.05423415616185425	-0.05016778954073812	0.08636756673976953	-0.13662557039276627	0.0789915598116178	-0.047913531473425044	0.035863681640199103	-0.057260287174908046	0.05306957555656805	-0.0524072336666783	0.03842250716362614	-0.040372748680948	0.06724133440415359	-0.04993400522931595	0.038131371176518075	-0.015177550742198502	0.016189776201941782
-0.1113771157050463	0.08641491818807555	-0.23262477679767454	0.19082919359073883	-0.20127480781522056	0.06941765405310607	-0.10424689619105063	0.9999999999999993	-0.5042579168396161	0.17939200309979608	-0.0879206865570112	0.1337507550043363	-0.7060413830821424	0.31454915663791416	-0.237354763728556	0.0881610577483681	-0.11359637723086108	0.15890642194766047	-0.13146842848332732	0.09819445261421238	-0.0720888349483187	0.10344889289559348	-0.1490365436677768	0.09980039920257809	-0.07083031476506042	0.053028731646727695	-0.05316546611141642	0.060261840876197854	-0.06696094316663896	0.06916952176213718	-0.07002824744770801	0.0503528630335236	-0.04468489146300253	0.01931242836322576	-0.02088331785843885
0.09849863778306266	-0.06531691225352736	0.25678632229344334	-0.37161182985636915	0.2314255850292036	-0.061078518273564274	0.07085321277140655	-0.5042579168396161	0.9999999999999984	-0.3037573205106309	0.07737503019936173	-0.11240553581092026	0.29896963329893805	-0.5689349533036042	0.2660150010125372	-0.0827279469921905	0.09222601480557015	-0.16231068232627974	0.14043837603728251	-0.11111298542788153	0.06779171181251474	-0.1025991423894698	0.14251379394338462	-0.1122336123001255	0.07713695843991922	-0.052500258147567085	0.05323128648805046	-0.06258072969428595	0.07144081911752548	-0.07582371606361334	0.06905568605751669	-0.05130260121845692	0.04582068467435464	-0.020089507943762804	0.021650417304066666
-0.08367669187788733	0.04469728791451162	-0.1692732961024046	0.16439356007626457	-0.6398515652604524	0.050463496936603534	-0.04896005475721895	0.17939200309979608	-0.3037573205106309	0.9999999999999986	-0.06499721480155352	0.08631253581240163	-0.16659436777885123	0.23038175031647706	-0.612301185204999	0.07046281910173267	-0.07185883934187556	0.12568341651834666	-0.10372403689837159	0.09916212351891956	-0.05832522840780974	0.0906253489241745	-0.12090812884695794	0.08752488488960679	-0.06777579020957192	0.04628382776000719	-0.04693337790210609	0.05522516459179713	-0.061036007406915775	0.06488140695964331	-0.06099552387973139	0.04559260917335939	-0.04040835707171096	0.017694032515087027	-0.019069797115785114
0.3121446366772289	-0.1406464747553841	0.06846081869713581	-0.05457218314343857	0.10040654907741335	-0.6839746427417802	0.14515930699558938	-0.0879206865570112	0.07737503019936173	-0.06499721480155352	0.9999999999999968	-0.28718837390381796	0.08998901959015956	-0.08109511808462364	0.09710503440355132	-0.41379387261693945	0.20882798398612826	-0.13385013360828488	0.08710079481341819	-0.08414001925696972	0.21305334890839395	-0.29930442721541983	0.13350515084665657	-0.0795840178810441	0.06047085845874262	-0.12755565144151912	0.11200602491332842	-0.10417017768372355	0.06789890577031978	-0.07123477204254804	0.14110428248645016	-0.1031810051696852	0.07595596345963089	-0.029374767042937566	0.031253402500519674
-0.26675729285414546	0.12177542449607423	-0.0914688540181109	0.07313062888804735	-0.1274941093041046	0.1721120504409258	-0.15090633240095705	0.1337507550043363	-0.11240553581092026	0.08631253581240163	-0.28718837390381796	0.9999999999999953	-0.17604491555795287	0.12223154377105196	-0.12968168834291405	0.2556596441403388	-0.787324485526403	0.18886759138191173	-0.12535254970974746	0.09799734780749757	-0.20567018293714232	0.23486286844493728	-0.19152649847161168	0.10022828212244134	-0.07331433035262694	0.11468223991624374	-0.10650330004491977	0.09686554620058178	-0.07786198961370978	0.0786856172685361	-0.14756397329719145	0.0925322845118853	-0.07409862301263972	0.029376587969568463	-0.03178280078338913
0.10934247562664566	-0.07672700703693255	0.16425447898142556	-0.1542493697507687	0.17081060322649416	-0.06949174531710343	0.08390904816841907	-0.7060413830821424	0.29896963329893805	-0.16659436777885123	0.08998901959015956	-0.17604491555795287	0.9999999999999966	-0.5261943171678061	0.2156115104088119	-0.09481166529076646	0.1275102287354072	-0.2034106381668473	0.14783257354237264	-0.10808490243035399	0.07638189594124284	-0.11034508353623297	0.15619645682403585	-0.11348832728705856	0.0768268730592015	-0.05593038470311025	0.05612140214078215	-0.06404366400244459	0.07221341939886393	-0.07549515170413455	0.0733090535726674	-0.05317562428298318	0.047249512546545816	-0.020487399185350936	0.0221166936003341
-0.10133787038180982	0.059773060925900144	-0.226330938694279	0.19793616304798026	-0.22916238907204048	0.06189634491123794	-0.06647621114354717	0.31454915663791416	-0.5689349533036042	0.23038175031647706	-0.08109511808462364	0.12223154377105196	-0.5261943171678061	0.9999999999999953	-0.4100593843469138	0.0853560304160974	-0.10389646094586959	0.18175042387538165	-0.21121230426941437	0.12487045137409634	-0.07085479811192029	0.10386854719940791	-0.16266289062330253	0.1339952540276469	-0.09023958232727125	0.05468981482584965	-0.056063831106394645	0.06661531159265772	-0.08226919931578107	0.08480486683679188	-0.07284227778071786	0.053631490346925347	-0.049171321004774664	0.021692084585067172	-0.023458822576485055
0.12470459197639246	-0.06404502805042239	0.18034469094049715	-0.17826763542751148	0.3175033843226814	-0.07542979582628855	0.06964342516170254	-0.237354763728556	0.2660150010125372	-0.612301185204999	0.09710503440355132	-0.12968168834291405	0.2156115104088119	-0.4100593843469138	0.999999999999998	-0.10721763922214546	0.10639713974477241	-0.19340941782458917	0.1549469208942202	-0.1648433568300001	0.08853545527240075	-0.1394096829515277	0.1802570992096035	-0.1364189591239757	0.10609027159572272	-0.07083122890072545	0.07188803971451599	-0.08521827646560294	0.09407724585814417	-0.10172832510643665	0.09295381471069517	-0.07012948769126787	0.06203253919005504	-0.027243668452312055	0.02931373873227007
-0.3133749962244611	0.10753398832441982	-0.0742715689534304	0.05812570611616332	-0.11121809168664355	0.2151455062193465	-0.12463906157243762	0.0881610577483681	-0.0827279469921905	0.07046281910173267	-0.41379387261693945	0.2556596441403388	-0.09481166529076646	0.0853560304160974	-0.10721763922214546	0.9999999999999967	-0.373490601051604	0.1470794383258777	-0.09950201283167585	0.09084670615210746	-0.6132975712070122	0.3124055995925905	-0.16085398088120226	0.08833945720428713	-0.0674165728806097	0.19508119925795178	-0.15948475021806163	0.12391446673806902	-0.07820420297871991	0.07940313115204066	-0.22768987786877448	0.12879776200399107	-0.09619306231080278	0.03584714052638326	-0.03863319664632492
0.19934671857623432	-0.09648112735326392	0.07500495547974362	-0.060870058885603186	0.1046881226928001	-0.14189884877652398	0.10764251991513973	-0.11359637723086108	0.09222601480557015	-0.07185883934187556	0.20882798398612826	-0.787324485526403	0.1275102287354072	-0.10389646094586959	0.10639713974477241	-0.373490601051604	0.9999999999999954	-0.2279045572448046	0.11873559144095377	-0.0920035047862853	0.2121595397720784	-0.3003249488928053	0.172983948401885	-0.09548115274746159	0.06838787833778713	-0.11650974980643593	0.10622893041011654	-0.0942373637309507	0.07303646003285856	-0.07432114800486589	0.1383855927253711	-0.09152253620034619	0.07128936124248439	-0.02788191574934505	0.030033849581454917
-0.16244344846619885	0.0705583240128072	-0.1302565020218652	0.10364404371121605	-0.1834423285320941	0.09606460554775356	-0.07987580460626509	0.15890642194766047	-0.16231068232627974	0.12568341651834666	-0.13385013360828488	0.18886759138191173	-0.2034106381668473	0.18175042387538165	-0.19340941782458917	0.1470794383258777	-0.2279045572448046	0.9999999999999937	-0.5232461865653444	0.22374151126015127	-0.1273620028305084	0.1745697384788726	-0.6347442144485832	0.274798951082437	-0.18262453020237857	0.10020538719675733	-0.10668692801499466	0.13077835253650907	-0.17491302961244146	0.16682543307975065	-0.1391589065583687	0.10034369141760273	-0.09874553205092286	0.04345917884187891	-0.04753559676733604
0.10653761211904642	-0.04870487358564445	0.10098601941536267	-0.0855119097122358	0.13399930245068195	-0.06412628292483843	0.05423415616185425	-0.13146842848332732	0.14043837603728251	-0.10372403689837159	0.08710079481341819	-0.12535254970974746	0.14783257354237264	-0.21121230426941437	0.1549469208942202	-0.09950201283167585	0.11873559144095377	-0.5232461865653444	0.9999999999999938	-0.3529589771298947	0.08666704881452954	-0.12436587753605774	0.30489870887275367	-0.6233608436029405	0.2459518667290538	-0.07604131727285322	0.08534665616845317	-0.12052975782810783	0.21015000911893994	-0.2226681100660523	0.10491259628550378	-0.08251219034226467	0.08681150758392348	-0.040949996667762355	0.04416474956547428
-0.1069612143129005	0.04456775261526747	-0.09153547467853508	0.07352179053873009	-0.138728252492824	0.061573049150692664	-0.05016778954073812	0.09819445261421238	-0.11111298542788153	0.09916212351891956	-0.08414001925696972	0.09799734780749757	-0.10808490243035399	0.12487045137409634	-0.1648433568300001	0.09084670615210746	-0.0920035047862853	0.22374151126015127	-0.3529589771298947	0.9999999999999926	-0.08579327475010237	0.11861949904675079	-0.3273059996401157	0.29680849642905605	-0.7302568042784288	0.0835958676182036	-0.09982878374622858	0.13621691343922462	-0.2848742632582247	0.26028339219869234	-0.12432015567514962	0.09364345911066004	-0.1089452687345367	0.05102259290320834	-0.057184864598811
0.2053448562543418	-0.0766688673412488	0.06081824613709809	-0.04783415933861732	0.09167437309271344	-0.1488827129121403	0.08636756673976953	-0.0720888349483187	0.06779171181251474	-0.05832522840780974	0.21305334890839395	-0.20567018293714232	0.07638189594124284	-0.07085479811192029	0.08853545527240075	-0.6132975712070122	0.2121595397720784	-0.1273620028305084	0.08666704881452954	-0.08579327475010237	0.9999999999999925	-0.5639155050058998	0.1372839078452765	-0.08147913198639627	0.06352358537330824	-0.35720953685288104	0.2049389886546606	-0.14992978716097932	0.0788357138847592	-0.0806387551195291	0.25036912538818845	-0.16552866923212353	0.11282542244079105	-0.04018723994378823	0.04277889799884112
-0.35654584467773515	0.11667913487490608	-0.09510660536054716	0.07346841819409754	-0.14716851027887964	0.19486978861138912	-0.13662557039276627	0.10344889289559348	-0.1025991423894698	0.0906253489241745	-0.29930442721541983	0.23486286844493728	-0.11034508353623297	0.10386854719940791	-0.1394096829515277	0.3124055995925905	-0.3003249488928053	0.1745697384788726	-0.12436587753605774	0.11861949904675079	-0.5639155050058998	0.999999999999994	-0.21610166151427138	0.11461246367132498	-0.08898089171892452	0.25588192118463193	-0.2920495812774166	0.18075696287001108	-0.10773848064694268	0.10736652426020582	-0.33382363934944204	0.19366648872911657	-0.1479587926699983	0.05334636458293404	-0.058117758653696366
0.16205042133183578	-0.0714374922116119	0.12031403401643082	-0.09820251285380098	0.17610495051835057	-0.09957553425487668	0.0789915598116178	-0.1490365436677768	0.14251379394338462	-0.12090812884695794	0.13350515084665657	-0.19152649847161168	0.15619645682403585	-0.16266289062330253	0.1802570992096035	-0.16085398088120226	0.172983948401885	-0.6347442144485832	0.30489870887275367	-0.3273059996401157	0.1372839078452765	-0.21610166151427138	0.9999999999999911	-0.38961691165970763	0.218169106521828	-0.11741128174324279	0.1257915190997319	-0.17542541881686516	0.2025369129165702	-0.22940164721782452	0.15353199348649552	-0.1253751746454847	0.11946847040317395	-0.05346823102462853	0.057003555415651865
-0.09927780263274835	0.04269880861792946	-0.08670856866709264	0.07034616255580287	-0.12211805837746442	0.058289413297408624	-0.047913531473425044	0.09980039920257809	-0.1122336123001255	0.08752488488960679	-0.0795840178810441	0.10022828212244134	-0.11348832728705856	0.1339952540276469	-0.1364189591239757	0.08833945720428713	-0.09548115274746159	0.274798951082437	-0.6233608436029405	0.29680849642905605	-0.08147913198639627	0.11461246367132498	-0.38961691165970763	0.9999999999999916	-0.4195219453135876	0.07726149192966178	-0.09223230326238277	0.13622228486305435	-0.3712018722671861	0.2630894442434488	-0.1104040276709399	0.08760072582394501	-0.10185899306771742	0.04775135493227618	-0.05220197623986393
0.07584238650260537	-0.031983377045668865	0.06265111716735848	-0.05109417384625908	0.09234390971403136	-0.044334414697914375	0.035863681640199103	-0.07083031476506042	0.07713695843991922	-0.06777579020957192	0.06047085845874262	-0.07331433035262694	0.0768268730592015	-0.09023958232727125	0.10609027159572272	-0.0674165728806097	0.06838787833778713	-0.18262453020237857	0.2459518667290538	-0.7302568042784288	0.06352358537330824	-0.08898089171892452	0.218169106521828	-0.4195219453135876	0.9999999999999923	-0.0634582462595829	0.07705982465581766	-0.11646722945178063	0.2629288150306422	-0.41355196119876275	0.091790036611815	-0.07386054926151886	0.08684419558391973	-0.04288610822127787	0.04696282294441743
-0.14024713211420425	0.0503143957341831	-0.04774275013793139	0.03737270636165166	-0.07334212140650748	0.08757639011098714	-0.057260287174908046	0.053028731646727695	-0.052500258147567085	0.04628382776000719	-0.12755565144151912	0.11468223991624374	-0.05593038470311025	0.05468981482584965	-0.07083122890072545	0.19508119925795178	-0.11650974980643593	0.10020538719675733	-0.07604131727285322	0.0835958676182036	-0.35720953685288104	0.25588192118463193	-0.11741128174324279	0.07726149192966178	-0.0634582462595829	0.9999999999999928	-0.5346602415238071	0.21215725222492302	-0.09084318874791535	0.08994907471696403	-0.6641725398968203	0.25993845210277955	-0.1748508079196653	0.055426336664889615	-0.05938990289217664
0.1290855702261591	-0.04665061607060835	0.048024102592900485	-0.03772235634463449	0.07363365109911775	-0.07850143168297875	0.05306957555656805	-0.05316546611141642	0.05323128648805046	-0.04693337790210609	0.11200602491332842	-0.10650330004491977	0.05612140214078215	-0.056063831106394645	0.07188803971451599	-0.15948475021806163	0.10622893041011654	-0.10668692801499466	0.08534665616845317	-0.09982878374622858	0.2049389886546606	-0.2920495812774166	0.1257915190997319	-0.09223230326238277	0.07705982465581766	-0.5346602415238071	0.9999999999999928	-0.3973301834330864	0.12180339674674917	-0.12113734423187228	0.3194330167942605	-0.5711985710520543	0.2658777671362281	-0.07819404348955734	0.08120376621303314
-0.12729690483882813	0.04595372014967053	-0.0559373677184987	0.04395928651598716	-0.08593194644162575	0.07337746797358626	-0.0524072336666783	0.060261840876197854	-0.06258072969428595	0.05522516459179713	-0.10417017768372355	0.09686554620058178	-0.06404366400244459	0.06661531159265772	-0.08521827646560294	0.12391446673806902	-0.0942373637309507	0.13077835253650907	-0.12052975782810783	0.13621691343922462	-0.14992978716097932	0.18075696287001108	-0.17542541881686516	0.13622228486305435	-0.11646722945178063	0.21215725222492302	-0.3973301834330864	0.9999999999999927	-0.2767672592579402	0.1892857684751806	-0.3181617558116705	0.3114589348510614	-0.6754607010238736	0.13905640506832795	-0.1583650015938134
0.08425367748678693	-0.03416596031744383	0.059296186962540326	-0.04795944954007584	0.08727146823991029	-0.04934323577497228	0.03842250716362614	-0.06696094316663896	0.07144081911752548	-0.061036007406915775	0.06789890577031978	-0.07786198961370978	0.07221341939886393	-0.08226919931578107	0.09407724585814417	-0.07820420297871991	0.07303646003285856	-0.17491302961244146	0.21015000911893994	-0.2848742632582247	0.0788357138847592	-0.10773848064694268	0.2025369129165702	-0.3712018722671861	0.2629288150306422	-0.09084318874791535	0.12180339674674917	-0.2767672592579402	0.9999999999999927	-0.7695264261200139	0.12855617479875406	-0.11916342205388339	0.15639016642839593	-0.08135476742180336	0.0832617216833957
-0.08947720829053257	0.03576540052026746	-0.06367688378150449	0.050858812422298526	-0.09495704030505214	0.05159209229621643	-0.040372748680948	0.06916952176213718	-0.07582371606361334	0.06488140695964331	-0.07123477204254804	0.0786856172685361	-0.07549515170413455	0.08480486683679188	-0.10172832510643665	0.07940313115204066	-0.07432114800486589	0.16682543307975065	-0.2226681100660523	0.26028339219869234	-0.0806387551195291	0.10736652426020582	-0.22940164721782452	0.2630894442434488	-0.41355196119876275	0.08994907471696403	-0.12113734423187228	0.1892857684751806	-0.7695264261200139	0.9999999999999926	-0.13610352143559645	0.11142868199643437	-0.1529893764921541	0.07639144546980466	-0.08693969084885549
0.15779778646953696	-0.059998401215124356	0.062377094848570895	-0.049164475978777517	0.09563025908564156	-0.10284291677410852	0.06724133440415359	-0.07002824744770801	0.06905568605751669	-0.06099552387973139	0.14110428248645016	-0.14756397329719145	0.0733090535726674	-0.07284227778071786	0.09295381471069517	-0.22768987786877448	0.1383855927253711	-0.1391589065583687	0.10491259628550378	-0.12432015567514962	0.25036912538818845	-0.33382363934944204	0.15353199348649552	-0.1104040276709399	0.091790036611815	-0.6641725398968203	0.3194330167942605	-0.3181617558116705	0.12855617479875406	-0.13610352143559645	0.9999999999999934	-0.3983904651156424	0.21834679858160966	-0.07491942732331575	0.0768113922845249
-0.12347847623679006	0.043698752357013614	-0.04668854001611912	0.036496511775685594	-0.07220969151279669	0.07204068141436122	-0.04993400522931595	0.0503528630335236	-0.05130260121845692	0.04559260917335939	-0.1031810051696852	0.0925322845118853	-0.05317562428298318	0.053631490346925347	-0.07012948769126787	0.12879776200399107	-0.09152253620034619	0.10034369141760273	-0.08251219034226467	0.09364345911066004	-0.16552866923212353	0.19366648872911657	-0.1253751746454847	0.08760072582394501	-0.07386054926151886	0.25993845210277955	-0.5711985710520543	0.3114589348510614	-0.11916342205388339	0.11142868199643437	-0.3983904651156424	0.9999999999999933	-0.5732729315479735	0.11244024062192882	-0.12390972459265127
0.09125735100466371	-0.03359941495621235	0.040752299760028005	-0.03219564655568267	0.06227407576394965	-0.053981178626467036	0.038131371176518075	-0.04468489146300253	0.04582068467435464	-0.04040835707171096	0.07595596345963089	-0.07409862301263972	0.047249512546545816	-0.049171321004774664	0.06203253919005504	-0.09619306231080278	0.07128936124248439	-0.09874553205092286	0.08681150758392348	-0.1089452687345367	0.11282542244079105	-0.1479587926699983	0.11946847040317395	-0.10185899306771742	0.08684419558391973	-0.1748508079196653	0.2658777671362281	-0.6754607010238736	0.15639016642839593	-0.1529893764921541	0.21834679858160966	-0.5732729315479735	0.9999999999999929	-0.19627213627687187	0.16279963948148607
-0.035847603845515996	0.013396897961190618	-0.01774391207699691	0.014040738666387328	-0.027074738659643688	0.021033178786204185	-0.015177550742198502	0.01931242836322576	-0.020089507943762804	0.017694032515087027	-0.029374767042937566	0.029376587969568463	-0.020487399185350936	0.021692084585067172	-0.027243668452312055	0.03584714052638326	-0.02788191574934505	0.04345917884187891	-0.040949996667762355	0.05102259290320834	-0.04018723994378823	0.05334636458293404	-0.05346823102462853	0.04775135493227618	-0.04288610822127787	0.055426336664889615	-0.07819404348955734	0.13905640506832795	-0.08135476742180336	0.07639144546980466	-0.07491942732331575	0.11244024062192882	-0.19627213627687187	0.9999999999999925	-0.9605078971869022
0.03801432398004231	-0.014313484834072465	0.019080016145024376	-0.015128969515383516	0.02906153835331532	-0.022451296473628698	0.016189776201941782	-0.02088331785843885	0.021650417304066666	-0.019069797115785114	0.031253402500519674	-0.03178280078338913	0.0221166936003341	-0.023458822576485055	0.02931373873227007	-0.03863319664632492	0.030033849581454917	-0.04753559676733604	0.04416474956547428	-0.057184864598811	0.04277889799884112	-0.058117758653696366	0.057003555415651865	-0.05220197623986393	0.04696282294441743	-0.05938990289217664	0.08120376621303314	-0.1583650015938134	0.0832617216833957	-0.08693969084885549	0.0768113922845249	-0.12390972459265127	0.16279963948148607	-0.9605078971869022	0.9999999999999926
