1.0	-0.5902920265480365	0.16746149339908653	-0.1261687715679953	0.06637816905402942	-0.7164513500611708	0.30508413158656567	-0.168361385128327	0.10637023330292107	-0.06707734151958815	0.12637766597255992	-0.13985277852895767	0.12818890439163835	-0.055460804269906835	0.057397872659413214	-0.09265909211771117	0.08641689423219293	-0.07563646193840985	0.045985945400366546	-0.02843570887695682	0.09440169242568328	-0.07045845220983551	0.08123885776269163	-0.05031001973101202	0.03484424380417479
-0.5902920265480365	1.0000000000000002	-0.29597112888740335	0.16180310130101067	-0.08943524907783502	0.32580742097133797	-0.6203762614518235	0.23367162558926477	-0.14466736284042322	0.08665755410296551	-0.1547305618141713	0.1708229646406117	-0.17753237753853976	0.07299688644969572	-0.07600005602724723	0.10965961640150039	-0.11145640988035843	0.098808835231445	-0.06026570376374499	0.03727013478990902	-0.122048806528196	0.08922489708321266	-0.10796612465464016	0.06509200682436225	-0.04581066749937323
0.16746149339908653	-0.29597112888740335	1.0000000000000004	-0.48929632727394645	0.17201333538423785	-0.20501913320923476	0.24559444052191845	-0.6657800063294286	0.2309917037712718	-0.16911558251610206	0.14384678424579894	-0.17777143685531377	0.2453021074982738	-0.11468488637182453	0.1160590632878546	-0.1292979742274777	0.1297704713242049	-0.14674958366841245	0.08999482137482503	-0.05715833309505972	0.14723585536232553	-0.11491947191294102	0.14526126135253786	-0.09952840855204191	0.06942286397827713
-0.1261687715679953	0.16180310130101067	-0.48929632727394645	1.0000000000000002	-0.4749816005092109	0.1417139803555617	-0.17544866032307274	0.26568029949354505	-0.4428398949093275	0.28258452201414247	-0.15924086852627464	0.16674220140949692	-0.27157077477024183	0.16733611590757927	-0.18712131143505822	0.14304320067427467	-0.1614141761493368	0.1570924752466024	-0.1253248643643714	0.08750331317380616	-0.19939026513862212	0.13733605950185612	-0.18793020163659335	0.13211057256405623	-0.10962005548092608
0.06637816905402942	-0.08943524907783502	0.17201333538423785	-0.4749816005092109	1.0000000000000009	-0.08174643577673293	0.09201025661340574	-0.1481134228409077	0.26768340434949606	-0.7816164304468962	0.0866008134605948	-0.09516133770400491	0.1394517361993406	-0.12086339761986611	0.13369386608538925	-0.08290841037260833	0.08953331943516118	-0.08951838148937243	0.08223694671729126	-0.06174678115230796	0.11012321460811433	-0.07866755067144315	0.10235996329715705	-0.09138614370354477	0.0733048635037698
-0.7164513500611708	0.32580742097133797	-0.20501913320923476	0.1417139803555617	-0.08174643577673293	1.0000000000000009	-0.514825680865281	0.19666170409151507	-0.13691361872114652	0.0804709584649265	-0.18946769026603227	0.17781496700400204	-0.17040174334704966	0.07027697417084716	-0.07351374309972394	0.11984362718849655	-0.11639973456343948	0.0967129542909977	-0.05877138521822194	0.03616178817508874	-0.1271204579437477	0.09166479981409108	-0.1071159050779599	0.06346332603264145	-0.04452821747909464
0.30508413158656567	-0.6203762614518235	0.24559444052191845	-0.17544866032307274	0.09201025661340574	-0.514825680865281	1.000000000000001	-0.372439636278606	0.15005305272670297	-0.09349473794741853	0.1796058626958776	-0.2637400803216244	0.2002899976171346	-0.07979398883022995	0.08102956685468861	-0.1291055310245017	0.12337823632797192	-0.11344876890233858	0.06576177695930555	-0.04012338362403952	0.13132565555862205	-0.10019710696962784	0.11731163506965506	-0.07193062050856139	0.04894323704895985
-0.168361385128327	0.23367162558926477	-0.6657800063294286	0.26568029949354505	-0.1481134228409077	0.19666170409151507	-0.372439636278606	1.000000000000002	-0.2674574515312416	0.14261480973975277	-0.16474091580606345	0.1973713303200297	-0.4161586243049719	0.12423980177367079	-0.12436354619937005	0.13626838123859167	-0.14398618284928377	0.17131734798836049	-0.09872067446431633	0.06005598597927235	-0.159625953814502	0.12411513198475654	-0.1761159478454204	0.1054107324982934	-0.07310975793541094
0.10637023330292107	-0.14466736284042322	0.2309917037712718	-0.4428398949093275	0.26768340434949606	-0.13691361872114652	0.15005305272670297	-0.2674574515312416	1.000000000000002	-0.4328985567669926	0.14458812551567926	-0.16487948001093808	0.23043095815837047	-0.33225803918285135	0.24279069697583178	-0.14468054250489842	0.15194965600685442	-0.15933942693507552	0.170176762274654	-0.11959562039344578	0.1857446570026594	-0.13724646960137274	0.17408905125125243	-0.19731603632238193	0.1368568690683581
-0.06707734151958815	0.08665755410296551	-0.16911558251610206	0.28258452201414247	-0.7816164304468962	0.0804709584649265	-0.09349473794741853	0.14261480973975277	-0.4328985567669926	1.0000000000000016	-0.09499683009089308	0.10145698239344952	-0.15654217820064137	0.15669487632109808	-0.19402048211473213	0.0900449065582909	-0.10023842991515225	0.0999220155570693	-0.10256878026608206	0.08080349834759742	-0.1245857765108898	0.08723088793859284	-0.11728140817405919	0.10968719234905988	-0.09809451661378318
0.12637766597255992	-0.1547305618141713	0.14384678424579894	-0.15924086852627464	0.0866008134605948	-0.18946769026603227	0.1796058626958776	-0.16474091580606345	0.14458812551567926	-0.09499683009089308	1.0000000000000022	-0.6912832869276199	0.2328438804276496	-0.09156267417117604	0.09190936360792601	-0.5187434424118662	0.24465849769631465	-0.15597003527013698	0.08106196741974475	-0.047010951096459	0.23653078003343725	-0.18761796297603436	0.15703189076704366	-0.09098281430138551	0.05700791043590016
-0.13985277852895767	0.1708229646406117	-0.17777143685531377	0.16674220140949692	-0.09516133770400491	0.17781496700400204	-0.2637400803216244	0.1973713303200297	-0.16487948001093808	0.10145698239344952	-0.6912832869276199	1.0000000000000009	-0.4054079635046537	0.10714652602386658	-0.10848483375471565	0.2791493310151828	-0.29204057438770864	0.18722596156275356	-0.09536633198702944	0.053986814655808124	-0.26091743205342666	0.19246866579032704	-0.19924819953234826	0.1027155686950826	-0.06584964126503345
0.12818890439163835	-0.17753237753853976	0.2453021074982738	-0.27157077477024183	0.1394517361993406	-0.17040174334704966	0.2002899976171346	-0.4161586243049719	0.23043095815837047	-0.15654217820064137	0.2328438804276496	-0.4054079635046537	1.0000000000000022	-0.2002283721370113	0.16725337387568096	-0.2204360277429186	0.21345562871792662	-0.4802962235768952	0.15562997324574915	-0.0844431794892851	0.2182336010541458	-0.20541800613596195	0.28004588092008226	-0.1724562782669793	0.0990790109613188
-0.055460804269906835	0.07299688644969572	-0.11468488637182453	0.16733611590757927	-0.12086339761986611	0.07027697417084716	-0.07979398883022995	0.12423980177367079	-0.33225803918285135	0.15669487632109808	-0.09156267417117604	0.10714652602386658	-0.2002283721370113	1.0000000000000009	-0.7396183620637506	0.09067613885645953	-0.09986363754519333	0.1381497382589641	-0.3799638772584167	0.2061353442102401	-0.11390425956928443	0.09238262438323494	-0.1422735746896267	0.2619825119049485	-0.23983975320912393
0.057397872659413214	-0.07600005602724723	0.1160590632878546	-0.18712131143505822	0.13369386608538925	-0.07351374309972394	0.08102956685468861	-0.12436354619937005	0.24279069697583178	-0.19402048211473213	0.09190936360792601	-0.10848483375471565	0.16725337387568096	-0.7396183620637506	1.0000000000000009	-0.09449331067251837	0.10114212475006616	-0.13255543227156133	0.24724141858219223	-0.3400615075619955	0.1176256910251004	-0.09526083833275185	0.13554652579293341	-0.2988983961149052	0.24287754231344352
-0.09265909211771117	0.10965961640150039	-0.1292979742274777	0.14304320067427467	-0.08290841037260833	0.11984362718849655	-0.1291055310245017	0.13626838123859167	-0.14468054250489842	0.0900449065582909	-0.5187434424118662	0.2791493310151828	-0.2204360277429186	0.09067613885645953	-0.09449331067251837	1.0	-0.5383430230963019	0.166942897319208	-0.08602437011886734	0.04838340057442942	-0.5015148129430078	0.2850792975644853	-0.19363333394199647	0.09495023669596347	-0.059345630164702845
0.08641689423219293	-0.11145640988035843	0.1297704713242049	-0.1614141761493368	0.08953331943516118	-0.11639973456343948	0.12337823632797192	-0.14398618284928377	0.15194965600685442	-0.10023842991515225	0.24465849769631465	-0.29204057438770864	0.21345562871792662	-0.09986363754519333	0.10114212475006616	-0.5383430230963019	1.0000000000000002	-0.23805439442696733	0.09944169016354368	-0.05334694675738048	0.3263221030132417	-0.6174736731826289	0.23351836178212487	-0.11419695799272636	0.06448690281838315
-0.07563646193840985	0.098808835231445	-0.14674958366841245	0.1570924752466024	-0.08951838148937243	0.0967129542909977	-0.11344876890233858	0.17131734798836049	-0.15933942693507552	0.0999220155570693	-0.15597003527013698	0.18722596156275356	-0.4802962235768952	0.1381497382589641	-0.13255543227156133	0.166942897319208	-0.23805439442696733	1.000000000000001	-0.20504651562318474	0.07197771403501868	-0.20279982383840103	0.21885028246681631	-0.7293261650555397	0.18369226064543018	-0.08500155659728888
0.045985945400366546	-0.06026570376374499	0.08999482137482503	-0.1253248643643714	0.08223694671729126	-0.05877138521822194	0.06576177695930555	-0.09872067446431633	0.170176762274654	-0.10256878026608206	0.08106196741974475	-0.09536633198702944	0.15562997324574915	-0.3799638772584167	0.24724141858219223	-0.08602437011886734	0.09944169016354368	-0.20504651562318474	1.0	-0.18735015940391825	0.10740224429528686	-0.09814155266004362	0.17797751234532902	-0.8227681142585885	0.17950650817832803
-0.02843570887695682	0.03727013478990902	-0.05715833309505972	0.08750331317380616	-0.06174678115230796	0.03616178817508874	-0.04012338362403952	0.06005598597927235	-0.11959562039344578	0.08080349834759742	-0.047010951096459	0.053986814655808124	-0.0844431794892851	0.2061353442102401	-0.3400615075619955	0.04838340057442942	-0.05334694675738048	0.07197771403501868	-0.18735015940391825	1.0000000000000009	-0.06168918832178547	0.05013801642119525	-0.07604725715759741	0.17886930722783853	-0.8849803138547367
0.09440169242568328	-0.122048806528196	0.14723585536232553	-0.19939026513862212	0.11012321460811433	-0.1271204579437477	0.13132565555862205	-0.159625953814502	0.1857446570026594	-0.1245857765108898	0.23653078003343725	-0.26091743205342666	0.2182336010541458	-0.11390425956928443	0.1176256910251004	-0.5015148129430078	0.3263221030132417	-0.20279982383840103	0.10740224429528686	-0.06168918832178547	1.0000000000000002	-0.5824861882347643	0.22754689632839964	-0.12526262354654522	0.07510688159659729
-0.07045845220983551	0.08922489708321266	-0.11491947191294102	0.13733605950185612	-0.07866755067144315	0.09166479981409108	-0.10019710696962784	0.12411513198475654	-0.13724646960137274	0.08723088793859284	-0.18761796297603436	0.19246866579032704	-0.20541800613596195	0.09238262438323494	-0.09526083833275185	0.2850792975644853	-0.6174736731826289	0.21885028246681631	-0.09814155266004362	0.05013801642119525	-0.5824861882347643	1.0	-0.3599801156764408	0.10979082282583938	-0.06108447633553201
0.08123885776269163	-0.10796612465464016	0.14526126135253786	-0.18793020163659335	0.10235996329715705	-0.1071159050779599	0.11731163506965506	-0.1761159478454204	0.17408905125125243	-0.11728140817405919	0.15703189076704366	-0.19924819953234826	0.28004588092008226	-0.1422735746896267	0.13554652579293341	-0.19363333394199647	0.23351836178212487	-0.7293261650555397	0.17797751234532902	-0.07604725715759741	0.22754689632839964	-0.3599801156764408	1.0000000000000004	-0.2273676153984973	0.08937413457290902
-0.05031001973101202	0.06509200682436225	-0.09952840855204191	0.13211057256405623	-0.09138614370354477	0.06346332603264145	-0.07193062050856139	0.1054107324982934	-0.19731603632238193	0.10968719234905988	-0.09098281430138551	0.1027155686950826	-0.1724562782669793	0.2619825119049485	-0.2988983961149052	0.09495023669596347	-0.11419695799272636	0.18369226064543018	-0.8227681142585885	0.17886930722783853	-0.12526262354654522	0.10979082282583938	-0.2273676153984973	1.0000000000000007	-0.23150444182253221
0.03484424380417479	-0.04581066749937323	0.06942286397827713	-0.10962005548092608	0.0733048635037698	-0.04452821747909464	0.04894323704895985	-0.07310975793541094	0.1368568690683581	-0.09809451661378318	0.05700791043590016	-0.06584964126503345	0.0990790109613188	-0.23983975320912393	0.24287754231344352	-0.059345630164702845	0.06448690281838315	-0.08500155659728888	0.17950650817832803	-0.8849803138547367	0.07510688159659729	-0.06108447633553201	0.08937413457290902	-0.23150444182253221	1.0000000000000007
