0.9999999999999998	-0.3817279217584288	0.136920073628069	-0.12415225557930176	0.08897967312463329	-0.8553914384234393	0.2317360235034988	-0.13254739173112484	0.12199561293183354	-0.08647006789540293	0.21073561658303702	-0.18388087548203336	0.12583296613537026	-0.10628115141098056	0.09497463352968274	-0.05102119127601166	0.10540876685623017	-0.09687262527943981	0.08587336827894132	-0.07208916201565607	0.04625630099071095	-0.061698326461913394	0.06463902315837373	-0.06855048068878808	0.07950153847612915	-0.10957064884888583	0.06675503776131264	-0.11060555265475966	0.05895258183773766	-0.07770212253654775
-0.3817279217584288	0.9999999999999997	-0.309667874307546	0.21949421883906622	-0.17413074482117002	0.26638212940522876	-0.6265001263897987	0.26218336017084465	-0.256603205998607	0.15944213191519313	-0.3720496439076222	0.278088494495243	-0.25242424455772194	0.19689570082112273	-0.18323446082568398	0.08219026014255716	-0.1973024589952733	0.1702991450459927	-0.15815290093271037	0.13097570714167403	-0.07753630926136496	0.10129862393737304	-0.10835596598421028	0.12013199057046892	-0.14783308615059385	0.16724543244312454	-0.10923357362836592	0.172332021643859	-0.10111996856367514	0.12891327800172686
0.136920073628069	-0.309667874307546	0.9999999999999998	-0.5879629543729488	0.234149488919757	-0.1420079891049064	0.24365904900496932	-0.5218371616180738	0.30422425138693376	-0.23574035411750685	0.18757604947428094	-0.1873879072001995	0.2652912390682419	-0.25422510120772773	0.20891232446504043	-0.08803083742361265	0.18692864813191898	-0.19223816078835557	0.17765480172509793	-0.15989273053128233	0.07966381784228355	-0.12417630317585995	0.13075645759345292	-0.14472790120223888	0.16673511022498969	-0.23087809670878368	0.13544205003417806	-0.2362522296415541	0.12392254256681712	-0.16681029920194376
-0.12415225557930176	0.21949421883906622	-0.5879629543729488	1.0	-0.4524260860519286	0.11853767173576099	-0.21208642309935194	0.28144254624433723	-0.43984993028724106	0.27738893892297284	-0.18539033668418356	0.16344055710544322	-0.2686690770099167	0.2474269501561005	-0.2535780884270035	0.07780480848716692	-0.1932347998843719	0.17683626815913822	-0.18900504507409113	0.1690066920259638	-0.07246062479760558	0.11121913150062288	-0.12090098368095513	0.14332708561884497	-0.18755107624925169	0.1902611576438175	-0.12133673012979748	0.199197221693661	-0.11993418791368982	0.15315535929846147
0.08897967312463329	-0.17413074482117002	0.234149488919757	-0.4524260860519286	0.9999999999999999	-0.08734471714169857	0.14301501780944137	-0.17951896634770909	0.2528791556009758	-0.7357721670286798	0.1298292398161294	-0.11828451547598107	0.1824109833954289	-0.204251457586915	0.24784273715328622	-0.07509314144243384	0.15061186652141176	-0.1459634107397807	0.16316991294785071	-0.17863551809372483	0.0682341480061511	-0.11080794499644973	0.11837279881305345	-0.13607628851073553	0.16845295958043513	-0.21152111014506292	0.1227069618160647	-0.21892588960800688	0.11663983027424513	-0.1585428061408169
-0.8553914384234393	0.26638212940522876	-0.1420079891049064	0.11853767173576099	-0.08734471714169857	1.0000000000000007	-0.29538249845962833	0.136766236443289	-0.126194524894415	0.08394438897695919	-0.29249018878971395	0.1935743292269173	-0.13209600455489962	0.10591254038759045	-0.09401580059293617	0.049628127134865044	-0.10716883110312436	0.09577073006289485	-0.08407134921615896	0.06994320811254462	-0.045651420190131235	0.058160696409891514	-0.06109044183843894	0.06581490837243172	-0.07725832047167323	0.09977812335061743	-0.062433772588571135	0.10140441431380712	-0.055909651607764864	0.07288945126492535
0.2317360235034988	-0.6265001263897987	0.24365904900496932	-0.21208642309935194	0.14301501780944137	-0.29538249845962833	0.9999999999999999	-0.3970891632716833	0.22383914598152838	-0.1444225566252015	0.29216541863649614	-0.4446234319027341	0.23543974557337155	-0.1922583967393778	0.15294866577785884	-0.07328089500903176	0.16996105723915086	-0.16311228680458154	0.1356922547447418	-0.11503827538429495	0.06661566205437959	-0.0923658759599296	0.09642653103025796	-0.10691359448341287	0.12295910535227664	-0.15866619382158653	0.09816610020054406	-0.16255886541564046	0.08964671922612333	-0.1179719037154664
-0.13254739173112484	0.26218336017084465	-0.5218371616180738	0.28144254624433723	-0.17951896634770909	0.136766236443289	-0.3970891632716833	1.0000000000000007	-0.48390269628720284	0.18566244926246264	-0.19774487213956232	0.20434345556149655	-0.46123078258624206	0.27061591242575994	-0.1916125647239763	0.06918141702914958	-0.1811534821018798	0.1835972098790516	-0.15894342568980807	0.13569581566870362	-0.06332887768019192	0.09638550196890841	-0.10183630309390912	0.12047453588341066	-0.140019648022937	0.1646697459834103	-0.10221677380646839	0.17157621287997488	-0.09858617487023298	0.12897389189810166
0.12199561293183354	-0.256603205998607	0.30422425138693376	-0.43984993028724106	0.2528791556009758	-0.126194524894415	0.22383914598152838	-0.48390269628720284	0.9999999999999993	-0.34455405800738803	0.17731712486614692	-0.17934520040582705	0.30252001885555524	-0.492557345776657	0.2567018390240448	-0.0814155375462818	0.18771780848380495	-0.19698667787737584	0.19633831169451194	-0.18401940216065305	0.07404336050658394	-0.1174569658340731	0.12482593254549791	-0.15467942069854926	0.17805105096247584	-0.2085303700045561	0.12609585641316134	-0.21877091015367311	0.12492110894498837	-0.16660432290250482
-0.08647006789540293	0.15944213191519313	-0.23574035411750685	0.27738893892297284	-0.7357721670286798	0.08394438897695919	-0.1444225566252015	0.18566244926246264	-0.34455405800738803	1.0000000000000007	-0.13074360432568571	0.11800726697930085	-0.20064786879207938	0.2246421996291632	-0.3983756098555766	0.0651234774734375	-0.15156591925858703	0.14384975156719879	-0.17351026419865626	0.19261174755113833	-0.060009432730068514	0.09675801521607814	-0.10549066568835269	0.13498955121312742	-0.19252581959152787	0.16994844171575255	-0.10540363324260892	0.18025284901037492	-0.11054659891116723	0.14315741923076214
0.21073561658303702	-0.3720496439076222	0.18757604947428094	-0.18539033668418356	0.1298292398161294	-0.29249018878971395	0.29216541863649614	-0.19774487213956232	0.17731712486614692	-0.13074360432568571	0.9999999999999981	-0.7509707764057413	0.21419425243939635	-0.17895905153016148	0.1447795424123761	-0.10461045408272962	0.18564629685686057	-0.17740294437077012	0.13632947377165633	-0.11354972395611486	0.08905028907216658	-0.10280063551928531	0.10457011864098749	-0.1101659372745767	0.12189659750363618	-0.17665478135203452	0.1075979877305659	-0.17742412839936345	0.09323940897352165	-0.12397032925863213
-0.18388087548203336	0.278088494495243	-0.1873879072001995	0.16344055710544322	-0.11828451547598107	0.1935743292269173	-0.4446234319027341	0.20434345556149655	-0.17934520040582705	0.11800726697930085	-0.7509707764057413	0.9999999999999999	-0.2748328241373309	0.1727021513672604	-0.13697859330673132	0.07911458423488936	-0.2183916384976257	0.17392214216924662	-0.12776618017793695	0.1030543218739808	-0.07237249371426042	0.08920557580796154	-0.09090973013160916	0.0986338788303368	-0.11062766378416163	0.14282874260065712	-0.0913284183064207	0.14600734997793657	-0.08148717830337465	0.10626458520293075
0.12583296613537026	-0.25242424455772194	0.2652912390682419	-0.2686690770099167	0.1824109833954289	-0.13209600455489962	0.23543974557337155	-0.46123078258624206	0.30252001885555524	-0.20064786879207938	0.21419425243939635	-0.2748328241373309	1.0000000000000013	-0.5595660365766376	0.24021276206280467	-0.08787179042932344	0.24703054173024477	-0.36226589318874625	0.21592414454357284	-0.18199750781788088	0.07939914354694486	-0.12643588571792042	0.13125463119203218	-0.16350262704440335	0.17525301127031803	-0.21056001656136075	0.13027026974528017	-0.22162684353260598	0.12811236295902215	-0.16941866240118497
-0.10628115141098056	0.19689570082112273	-0.25422510120772773	0.2474269501561005	-0.204251457586915	0.10591254038759045	-0.1922583967393778	0.27061591242575994	-0.492557345776657	0.2246421996291632	-0.17895905153016148	0.1727021513672604	-0.5595660365766376	1.0000000000000002	-0.4364430635193108	0.07608979142397428	-0.21317282977009505	0.2195960021165894	-0.28320516652582495	0.21833404436680104	-0.07006788117564708	0.11352275423173457	-0.12301496763263718	0.17635431262458523	-0.20971315892255069	0.18521604410605352	-0.11868471858363686	0.20018390315225487	-0.132973819263176	0.16788184758007327
0.09497463352968274	-0.18323446082568398	0.20891232446504043	-0.2535780884270035	0.24784273715328622	-0.09401580059293617	0.15294866577785884	-0.1916125647239763	0.2567018390240448	-0.3983756098555766	0.1447795424123761	-0.13697859330673132	0.24021276206280467	-0.4364430635193108	0.9999999999999991	-0.08715352046746885	0.18586245684068603	-0.19648989314010726	0.24796040767244798	-0.5460305033601832	0.07906993597788999	-0.13430056452569628	0.14507451825200013	-0.21063158030857354	0.28144277357132075	-0.23947177330679062	0.14390258249811697	-0.26128599094163263	0.1606905901822174	-0.22077375553697987
-0.05102119127601166	0.08219026014255716	-0.08803083742361265	0.07780480848716692	-0.07509314144243384	0.049628127134865044	-0.07328089500903176	0.06918141702914958	-0.0814155375462818	0.0651234774734375	-0.10461045408272962	0.07911458423488936	-0.08787179042932344	0.07608979142397428	-0.08715352046746885	0.9999999999999992	-0.1387048680116517	0.09841148205789566	-0.09069897859881561	0.06711452502284683	-0.9434748509685962	0.13419161259928822	-0.12894516074592677	0.0730673910831128	-0.0847185757430918	0.16645435582556123	-0.13960162667587228	0.12454358486041778	-0.06353992696183948	0.07524594087542141
0.10540876685623017	-0.1973024589952733	0.18692864813191898	-0.1932347998843719	0.15061186652141176	-0.10716883110312436	0.16996105723915086	-0.1811534821018798	0.18771780848380495	-0.15156591925858703	0.18564629685686057	-0.2183916384976257	0.24703054173024477	-0.21317282977009505	0.18586245684068603	-0.1387048680116517	0.9999999999999983	-0.752475207961379	0.24049289274381164	-0.16617424390764168	0.11864266689307117	-0.23462472351732697	0.1898211234319138	-0.19412289424641618	0.17814431991929458	-0.26056252613629427	0.18031009966695882	-0.27119270961223974	0.1484174184934844	-0.19514882333564307
-0.09687262527943981	0.1702991450459927	-0.19223816078835557	0.17683626815913822	-0.1459634107397807	0.09577073006289485	-0.16311228680458154	0.1835972098790516	-0.19698667787737584	0.14384975156719879	-0.17740294437077012	0.17392214216924662	-0.36226589318874625	0.2195960021165894	-0.19648989314010726	0.09841148205789566	-0.752475207961379	0.9999999999999961	-0.3411133353230599	0.1656782363828705	-0.09257257211387859	0.15768866799229064	-0.16099277193357325	0.18856791265888037	-0.1819484541867383	0.1936409082213772	-0.14515088577709243	0.20872044982193935	-0.14025541398295138	0.1692616308810619
0.08587336827894132	-0.15815290093271037	0.17765480172509793	-0.18900504507409113	0.16316991294785071	-0.08407134921615896	0.1356922547447418	-0.15894342568980807	0.19633831169451194	-0.17351026419865626	0.13632947377165633	-0.12776618017793695	0.21592414454357284	-0.28320516652582495	0.24796040767244798	-0.09069897859881561	0.24049289274381164	-0.3411133353230599	0.999999999999997	-0.35639248498730774	0.08329664018785174	-0.16201178216943476	0.18283208748683377	-0.6093055644506327	0.29730616432244306	-0.23039981985144492	0.15713167254943963	-0.28326153924929687	0.2591924174436632	-0.33135670958425434
-0.07208916201565607	0.13097570714167403	-0.15989273053128233	0.1690066920259638	-0.17863551809372483	0.06994320811254462	-0.11503827538429495	0.13569581566870362	-0.18401940216065305	0.19261174755113833	-0.11354972395611486	0.1030543218739808	-0.18199750781788088	0.21833404436680104	-0.5460305033601832	0.06711452502284683	-0.16617424390764168	0.1656782363828705	-0.35639248498730774	0.9999999999999968	-0.06215838861500429	0.11082930069066829	-0.12733158715454052	0.24517303526585646	-0.6407437091328083	0.17420733182557785	-0.11593135139522102	0.20138125989222205	-0.17091895968946338	0.206898323314998
0.04625630099071095	-0.07753630926136496	0.07966381784228355	-0.07246062479760558	0.0682341480061511	-0.045651420190131235	0.06661566205437959	-0.06332887768019192	0.07404336050658394	-0.060009432730068514	0.08905028907216658	-0.07237249371426042	0.07939914354694486	-0.07006788117564708	0.07906993597788999	-0.9434748509685962	0.11864266689307117	-0.09257257211387859	0.08329664018785174	-0.06215838861500429	0.9999999999999951	-0.15258089200936656	0.1229091046522299	-0.0693240078542187	0.07772520873571755	-0.1991680038828903	0.1363271295715359	-0.12813825417782243	0.0607745965176505	-0.07316399163245475
-0.061698326461913394	0.10129862393737304	-0.12417630317585995	0.11121913150062288	-0.11080794499644973	0.058160696409891514	-0.0923658759599296	0.09638550196890841	-0.1174569658340731	0.09675801521607814	-0.10280063551928531	0.08920557580796154	-0.12643588571792042	0.11352275423173457	-0.13430056452569628	0.13419161259928822	-0.23462472351732697	0.15768866799229064	-0.16201178216943476	0.11082930069066829	-0.15258089200936656	0.9999999999999949	-0.6931927866123005	0.148679046161376	-0.14577514570262184	0.2756349833711417	-0.5327674944080413	0.2861662525222084	-0.12585653766453234	0.13711170045693788
0.06463902315837373	-0.10835596598421028	0.13075645759345292	-0.12090098368095513	0.11837279881305345	-0.06109044183843894	0.09642653103025796	-0.10183630309390912	0.12482593254549791	-0.10549066568835269	0.10457011864098749	-0.09090973013160916	0.13125463119203218	-0.12301496763263718	0.14507451825200013	-0.12894516074592677	0.1898211234319138	-0.16099277193357325	0.18283208748683377	-0.12733158715454052	0.1229091046522299	-0.6931927866123005	0.9999999999999949	-0.21381344804041705	0.16589403109717782	-0.3129475559868486	0.2960067954557507	-0.5066549693049004	0.16273097195045483	-0.18063678540276515
-0.06855048068878808	0.12013199057046892	-0.14472790120223888	0.14332708561884497	-0.13607628851073553	0.06581490837243172	-0.10691359448341287	0.12047453588341066	-0.15467942069854926	0.13498955121312742	-0.1101659372745767	0.0986338788303368	-0.16350262704440335	0.17635431262458523	-0.21063158030857354	0.0730673910831128	-0.19412289424641618	0.18856791265888037	-0.6093055644506327	0.24517303526585646	-0.0693240078542187	0.148679046161376	-0.21381344804041705	0.9999999999999962	-0.42873167687403635	0.1802502749207054	-0.14191615250047301	0.24042681588074552	-0.4856884700769659	0.30225930588171923
0.07950153847612915	-0.14783308615059385	0.16673511022498969	-0.18755107624925169	0.16845295958043513	-0.07725832047167323	0.12295910535227664	-0.140019648022937	0.17805105096247584	-0.19252581959152787	0.12189659750363618	-0.11062766378416163	0.17525301127031803	-0.20971315892255069	0.28144277357132075	-0.0847185757430918	0.17814431991929458	-0.1819484541867383	0.29730616432244306	-0.6407437091328083	0.07772520873571755	-0.14577514570262184	0.16589403109717782	-0.42873167687403635	0.9999999999999962	-0.233322979310407	0.15057049278566434	-0.2813235627980143	0.23630733672304677	-0.33814681846091244
-0.10957064884888583	0.16724543244312454	-0.23087809670878368	0.1902611576438175	-0.21152111014506292	0.09977812335061743	-0.15866619382158653	0.1646697459834103	-0.2085303700045561	0.16994844171575255	-0.17665478135203452	0.14282874260065712	-0.21056001656136075	0.18521604410605352	-0.23947177330679062	0.16645435582556123	-0.26056252613629427	0.1936409082213772	-0.23039981985144492	0.17420733182557785	-0.1991680038828903	0.2756349833711417	-0.3129475559868486	0.1802502749207054	-0.233322979310407	0.9999999999999948	-0.6449872964565565	0.29707606711663515	-0.16060112875899038	0.18063069394626444
0.06675503776131264	-0.10923357362836592	0.13544205003417806	-0.12133673012979748	0.1227069618160647	-0.062433772588571135	0.09816610020054406	-0.10221677380646839	0.12609585641316134	-0.10540363324260892	0.1075979877305659	-0.0913284183064207	0.13027026974528017	-0.11868471858363686	0.14390258249811697	-0.13960162667587228	0.18031009966695882	-0.14515088577709243	0.15713167254943963	-0.11593135139522102	0.1363271295715359	-0.5327674944080413	0.2960067954557507	-0.14191615250047301	0.15057049278566434	-0.6449872964565565	0.9999999999999946	-0.3980062178555611	0.13337356533165412	-0.1556579540255864
-0.11060555265475966	0.172332021643859	-0.2362522296415541	0.199197221693661	-0.21892588960800688	0.10140441431380712	-0.16255886541564046	0.17157621287997488	-0.21877091015367311	0.18025284901037492	-0.17742412839936345	0.14600734997793657	-0.22162684353260598	0.20018390315225487	-0.26128599094163263	0.12454358486041778	-0.27119270961223974	0.20872044982193935	-0.28326153924929687	0.20138125989222205	-0.12813825417782243	0.2861662525222084	-0.5066549693049004	0.24042681588074552	-0.2813235627980143	0.29707606711663515	-0.3980062178555611	0.9999999999999936	-0.3030030140076947	0.2497622763657742
0.05895258183773766	-0.10111996856367514	0.12392254256681712	-0.11993418791368982	0.11663983027424513	-0.055909651607764864	0.08964671922612333	-0.09858617487023298	0.12492110894498837	-0.11054659891116723	0.09323940897352165	-0.08148717830337465	0.12811236295902215	-0.132973819263176	0.1606905901822174	-0.06353992696183948	0.1484174184934844	-0.14025541398295138	0.2591924174436632	-0.17091895968946338	0.0607745965176505	-0.12585653766453234	0.16273097195045483	-0.4856884700769659	0.23630733672304677	-0.16060112875899038	0.13337356533165412	-0.3030030140076947	0.9999999999999938	-0.7465004177661865
-0.07770212253654775	0.12891327800172686	-0.16681029920194376	0.15315535929846147	-0.1585428061408169	0.07288945126492535	-0.1179719037154664	0.12897389189810166	-0.16660432290250482	0.14315741923076214	-0.12397032925863213	0.10626458520293075	-0.16941866240118497	0.16788184758007327	-0.22077375553697987	0.07524594087542141	-0.19514882333564307	0.1692616308810619	-0.33135670958425434	0.206898323314998	-0.07316399163245475	0.13711170045693788	-0.18063678540276515	0.30225930588171923	-0.33814681846091244	0.18063069394626444	-0.1556579540255864	0.2497622763657742	-0.7465004177661865	0.9999999999999939
