1.0000000000000002	-0.4937575849290704	0.20410877111956433	-0.25213250386628683	0.08729168521574561	-0.7235838263251055	0.321907550989514	-0.1323927501517841	0.11707386535806773	-0.0701378788860612	0.10214866284157872	-0.14186945334588308	0.11550874729587104	-0.13618823149676315	0.06209544645441978	-0.07805113187807898	0.08677718380341488	-0.08077161135421587	0.09940773981175569	-0.06328469077841474	0.07368427132298268	-0.07091145437015123	0.07654728640620567	-0.0682732068340175	0.048112676498359805	-0.060662819117132054	0.05161092533467214	-0.06499247696028576	0.05651727641656586	-0.04061693794572431	0.06714503942027561	-0.05766084440602638	0.04846406131977965	-0.04543557785498122	0.07772454602788403
-0.4937575849290704	1.0	-0.3688357347896267	0.23190702928367324	-0.09114625349208308	0.3020962796833118	-0.6750021478952879	0.14388215663590093	-0.12899152444406922	0.0715883595746801	-0.10475024584840718	0.1383359723090432	-0.12131200917918945	0.1255076673221483	-0.0630090421803331	0.07541407508109058	-0.08952411700124216	0.08046389545240348	-0.10027559271241923	0.06253699261754732	-0.07414965241136941	0.06950749620515884	-0.07659530502665922	0.0660007900990711	-0.04698296004253926	0.05863110293835662	-0.05018901950588125	0.06246927823101943	-0.05506704440705477	0.0393147159628313	-0.0665274574856359	0.055191910669806624	-0.04691548499161227	0.04371408861924398	-0.07506720361765537
0.20410877111956433	-0.3688357347896267	1.0000000000000002	-0.7322391207630006	0.15090126760700528	-0.14959190161334684	0.19303334415226278	-0.3844853740278322	0.26122104385601874	-0.1289882667452665	0.09876503145047787	-0.13775676721307867	0.1867715885367728	-0.20878627990301532	0.09755774401330826	-0.08308494691533433	0.10069348620836505	-0.10649164889957981	0.13225663547867444	-0.09676373170037555	0.08507026963048948	-0.0844694986702897	0.09601190428433294	-0.08692628201457316	0.0608290610477625	-0.07166349590179294	0.06315742726401084	-0.08040314633378512	0.07073591135029382	-0.05107334571860335	0.08011957909786051	-0.07063160780277349	0.059769860228326824	-0.05621725515047582	0.09596626036653709
-0.25213250386628683	0.23190702928367324	-0.7322391207630006	1.0000000000000002	-0.2140070431488115	0.14724838768896856	-0.20074443023200456	0.2822712919728234	-0.3958417064088482	0.16252289349569543	-0.11207175578503993	0.14449999558185705	-0.2086857539262302	0.20696274892793856	-0.12514001603140695	0.09271905252349984	-0.11458308457433729	0.11845230327792389	-0.15888039994067585	0.11667573267930142	-0.09798489786361936	0.09534776692861258	-0.11065805028882685	0.09945086193837203	-0.0711522531026665	0.08148936523235313	-0.07245794124866257	0.09102818236335397	-0.08252149222656117	0.05916813354290251	-0.09362149892908207	0.08034406595714456	-0.06944345506800674	0.06499032455813762	-0.1131905481991407
0.08729168521574561	-0.09114625349208308	0.15090126760700528	-0.2140070431488115	1.0000000000000002	-0.06125944646233543	0.0732528125523082	-0.22909084763971743	0.23959075943109626	-0.7611603947289409	0.10137664685656014	-0.14085230169703605	0.17853798315393343	-0.2491742780569929	0.27255606931821547	-0.09519018118141119	0.11490775538212357	-0.130978903380682	0.19629758246729756	-0.33002091436059733	0.10066387021978287	-0.10453086535112012	0.11947062615808748	-0.128886725617835	0.08673761966049352	-0.0911349192915389	0.08310310931884501	-0.1092790741030823	0.09722115301827323	-0.07330609576520658	0.0992208435496851	-0.0964878932145446	0.08023768076758316	-0.07728334007385414	0.12838067372730244
-0.7235838263251055	0.3020962796833118	-0.14959190161334684	0.14724838768896856	-0.06125944646233543	1.0000000000000009	-0.5866193383132631	0.08935803072673167	-0.0807977158342722	0.048054863769658784	-0.09403645754259228	0.11542163048459458	-0.08425995980460155	0.09087024366600661	-0.043909758883719494	0.06350422649385667	-0.06981497212147647	0.060444090373393405	-0.07340693808436831	0.04429170708732821	-0.05799813418153334	0.054001579826126474	-0.057823406245219935	0.04948144374198699	-0.0350443093074619	0.045294149033089585	-0.03809513237047145	0.04739791149664059	-0.04120072470510431	0.029435209675400493	-0.050562412598302735	0.04189768042803304	-0.0352680240183236	0.03286638953755095	-0.05601427992853397
0.321907550989514	-0.6750021478952879	0.19303334415226278	-0.20074443023200456	0.0732528125523082	-0.5866193383132631	1.0000000000000013	-0.120690089233767	0.10188540851251399	-0.05866116244400509	0.10194913990800072	-0.15988050287889116	0.10199728756274448	-0.10979291355906441	0.052099431857123055	-0.07163619776808387	0.08290800191365183	-0.07165838932305651	0.08565962110114603	-0.05262602134374526	0.06675074511279373	-0.0627089416744007	0.06744877843578055	-0.0575093475984695	0.04052910717946904	-0.05212773167837401	0.044024514554454386	-0.05493608698519155	0.04758268560593143	-0.034032140147506565	0.05813753277096639	-0.04837110107795134	0.04061506356566793	-0.03787144771303541	0.06419477335232184
-0.1323927501517841	0.14388215663590093	-0.3844853740278322	0.2822712919728234	-0.22909084763971743	0.08935803072673167	-0.120690089233767	1.0000000000000009	-0.7072468441045722	0.19477740297738955	-0.10723877970670814	0.14512852733120288	-0.3913519979911917	0.26146509162867326	-0.1358230797347473	0.09403206678196187	-0.12166073013993561	0.1407246671594935	-0.16366648088830515	0.12404627225182452	-0.09792199012757011	0.09917124640883039	-0.1187963497399142	0.10157225296166669	-0.07033845580864351	0.08055532759990307	-0.07248462542320556	0.09263064161547492	-0.08112970181174563	0.05857607641084713	-0.08994787449536698	0.079820839130918	-0.06746683449646519	0.0633674899583618	-0.1064619551483931
0.11707386535806773	-0.12899152444406922	0.26122104385601874	-0.3958417064088482	0.23959075943109626	-0.0807977158342722	0.10188540851251399	-0.7072468441045722	1.000000000000002	-0.3234077810190791	0.10091527293979008	-0.13995536073087297	0.24903031319829222	-0.31558606627104696	0.15289455164918223	-0.0902759679657657	0.11231259577398928	-0.12926158735801435	0.16046932142514703	-0.14628624630140485	0.09381868774630531	-0.09569142376994755	0.11109890223489344	-0.10213269835093672	0.07029627701342783	-0.07972166420419938	0.07152067902347305	-0.09214328063913169	0.08082146493512045	-0.05887578616240183	0.0883624945513117	-0.08006804700182393	0.06734319327906575	-0.06364158576896752	0.10689561566017225
-0.0701378788860612	0.0715883595746801	-0.1289882667452665	0.16252289349569543	-0.7611603947289409	0.048054863769658784	-0.05866116244400509	0.19477740297738955	-0.3234077810190791	1.000000000000001	-0.07705014051023129	0.10408002214825324	-0.14846694261385496	0.1790069177638861	-0.42121763549846064	0.07139442933170648	-0.08850066855311313	0.10107752103232685	-0.1641741916738517	0.25418080272493204	-0.07603165220108521	0.07826133135055283	-0.0915051374402762	0.0951200270442036	-0.06541674086513087	0.06680671567898978	-0.06128074975082917	0.0797596970998995	-0.07261396515595803	0.054201822451983295	-0.07372333713316008	0.06988453665326122	-0.058940345678056234	0.05643606971043213	-0.09423336563853041
0.10214866284157872	-0.10475024584840718	0.09876503145047787	-0.11207175578503993	0.10137664685656014	-0.09403645754259228	0.10194913990800072	-0.10723877970670814	0.10091527293979008	-0.07705014051023129	1.0000000000000013	-0.6235683378528402	0.1861701047657532	-0.19710297196495194	0.08715909269699121	-0.6134967869683665	0.2830294293027122	-0.2062642267375982	0.1897665993895341	-0.09354525066559788	0.2459604305815814	-0.22510752736874082	0.18819762412361604	-0.14509708589866532	0.09686317106201302	-0.17101203707128043	0.12155977112697672	-0.15097276581321994	0.11554773002645002	-0.0828585574431345	0.16000797915136292	-0.13050653645879712	0.10038250278505104	-0.09326544921575974	0.14424762565931132
-0.14186945334588308	0.1383359723090432	-0.13775676721307867	0.14449999558185705	-0.14085230169703605	0.11542163048459458	-0.15988050287889116	0.14512852733120288	-0.13995536073087297	0.10408002214825324	-0.6235683378528402	0.9999999999999997	-0.2992394416992425	0.23640177075644825	-0.12033370063035066	0.3068448073700852	-0.4324349737097254	0.2512983633667573	-0.2701290622161325	0.123795691567332	-0.2739440649156029	0.23331994056760058	-0.24256653955676483	0.1748392136050879	-0.12353445748938716	0.17774167288526052	-0.14429617093585043	0.17309752632985786	-0.14608732344780895	0.10251699117141085	-0.2019019251431834	0.14994703147500488	-0.12443792465112882	0.11368257267974409	-0.18623806843707902
0.11550874729587104	-0.12131200917918945	0.1867715885367728	-0.2086857539262302	0.17853798315393343	-0.08425995980460155	0.10199728756274448	-0.3913519979911917	0.24903031319829222	-0.14846694261385496	0.1861701047657532	-0.2992394416992425	0.9999999999999991	-0.6560586592591227	0.13763399050075886	-0.174974610839175	0.22490833562362011	-0.3596226791620311	0.25855301836839234	-0.1460107334414648	0.17054428440777863	-0.1848469064104974	0.21487273037015017	-0.17523181820872052	0.11533938061985789	-0.14008793301808298	0.12504279959828415	-0.16484501596062318	0.13425150139968056	-0.09734488023506516	0.14979027454037974	-0.13710888704176166	0.11188302110512108	-0.10534027025127489	0.16968342559396382
-0.13618823149676315	0.1255076673221483	-0.20878627990301532	0.20696274892793856	-0.2491742780569929	0.09087024366600661	-0.10979291355906441	0.26146509162867326	-0.31558606627104696	0.1790069177638861	-0.19710297196495194	0.23640177075644825	-0.6560586592591227	1.0000000000000002	-0.18475467440532606	0.1708802023330903	-0.2292766632940766	0.25396853718672	-0.3618706367670418	0.17702028152516155	-0.19005176672507285	0.18511557086632208	-0.23177862262304988	0.19268090678162952	-0.13900811848356726	0.1522822858131978	-0.13929101210103131	0.1730655802196613	-0.16068843325254523	0.11344264332900587	-0.17950556136615964	0.15015619590483992	-0.13235176135452376	0.12274780430955606	-0.2134715123546697
0.06209544645441978	-0.0630090421803331	0.09755774401330826	-0.12514001603140695	0.27255606931821547	-0.043909758883719494	0.052099431857123055	-0.1358230797347473	0.15289455164918223	-0.42121763549846064	0.08715909269699121	-0.12033370063035066	0.13763399050075886	-0.18475467440532606	0.9999999999999992	-0.08476998784587497	0.10334598329459446	-0.1251448630287518	0.22325186489128873	-0.784763229427012	0.08936255674162144	-0.09504714983250591	0.1098965872695651	-0.12948713134563114	0.08573897003327423	-0.08084708682236116	0.07501271668004708	-0.10011084836805066	0.0909521107579755	-0.07115103751528931	0.08684032533322592	-0.0870507916736532	0.07188850124751944	-0.07003200300519068	0.11236344229026032
-0.07805113187807898	0.07541407508109058	-0.08308494691533433	0.09271905252349984	-0.09519018118141119	0.06350422649385667	-0.07163619776808387	0.09403206678196187	-0.0902759679657657	0.07139442933170648	-0.6134967869683665	0.3068448073700852	-0.174974610839175	0.1708802023330903	-0.08476998784587497	1.0000000000000002	-0.4726823860892884	0.22468912863210583	-0.20153990254526322	0.09060278995870562	-0.4542805483137217	0.25881631096134533	-0.22024487965264322	0.14431803341376007	-0.09785416249302911	0.18292294740723233	-0.12896842683046605	0.1518674222062739	-0.11687867722091899	0.08241904153377162	-0.18216798970948217	0.13023014180447512	-0.10137399685896337	0.09232747153665503	-0.1424857920048566
0.08677718380341488	-0.08952411700124216	0.10069348620836505	-0.11458308457433729	0.11490775538212357	-0.06981497212147647	0.08290800191365183	-0.12166073013993561	0.11231259577398928	-0.08850066855311313	0.2830294293027122	-0.4324349737097254	0.22490833562362011	-0.2292766632940766	0.10334598329459446	-0.4726823860892884	0.9999999999999974	-0.5225657390506941	0.2483620043219495	-0.11633058701206853	0.2725672052431885	-0.38206671624077043	0.2805624678977748	-0.1852086473005594	0.11765094284442672	-0.17921034069256556	0.14954587718304926	-0.18982402521078856	0.13891236483444044	-0.09987313279146018	0.17491250589939694	-0.1531012913102444	0.11754809962030638	-0.1089797424406151	0.16441828223335647
-0.08077161135421587	0.08046389545240348	-0.10649164889957981	0.11845230327792389	-0.130978903380682	0.060444090373393405	-0.07165838932305651	0.1407246671594935	-0.12926158735801435	0.10107752103232685	-0.2062642267375982	0.2512983633667573	-0.3596226791620311	0.25396853718672	-0.1251448630287518	0.22468912863210583	-0.5225657390506941	0.9999999999999978	-0.4280305009951595	0.14118986329076144	-0.22853955754507033	0.2657930486473878	-0.506664431403796	0.21203765568617955	-0.13415229715778984	0.15747556772761537	-0.1540562658654079	0.20073086437132423	-0.1545354822671277	0.10968682759237174	-0.1666057501205161	0.15183567178561014	-0.12380350574716845	0.1141376375927617	-0.17393633433030034
0.09940773981175569	-0.10027559271241923	0.13225663547867444	-0.15888039994067585	0.19629758246729756	-0.07340693808436831	0.08565962110114603	-0.16366648088830515	0.16046932142514703	-0.1641741916738517	0.1897665993895341	-0.2701290622161325	0.25855301836839234	-0.3618706367670418	0.22325186489128873	-0.20153990254526322	0.2483620043219495	-0.4280305009951595	1.0	-0.36691673128014163	0.20192386966578627	-0.23204476448344022	0.26933187090703503	-0.38682419841345106	0.19146896189068233	-0.18081051156201275	0.16970529848920018	-0.23540859476187181	0.2069928977820147	-0.16100832331242623	0.18612099445175206	-0.19565720070737969	0.15642428147484527	-0.15446420925224982	0.23052792647331616
-0.06328469077841474	0.06253699261754732	-0.09676373170037555	0.11667573267930142	-0.33002091436059733	0.04429170708732821	-0.05262602134374526	0.12404627225182452	-0.14628624630140485	0.25418080272493204	-0.09354525066559788	0.123795691567332	-0.1460107334414648	0.17702028152516155	-0.784763229427012	0.09060278995870562	-0.11633058701206853	0.14118986329076144	-0.36691673128014163	0.9999999999999993	-0.09723312385638817	0.10253894548769793	-0.1241847998486726	0.14146590341981258	-0.1005965355744886	0.0848509756336006	-0.08013403687837604	0.10540731696158552	-0.10164549049492283	0.07846086267808404	-0.09277434274868815	0.09081674875102293	-0.07697030030070715	0.07455524033921142	-0.12079138716127123
0.07368427132298268	-0.07414965241136941	0.08507026963048948	-0.09798489786361936	0.10066387021978287	-0.05799813418153334	0.06675074511279373	-0.09792199012757011	0.09381868774630531	-0.07603165220108521	0.2459604305815814	-0.2739440649156029	0.17054428440777863	-0.19005176672507285	0.08936255674162144	-0.4542805483137217	0.2725672052431885	-0.22853955754507033	0.20192386966578627	-0.09723312385638817	0.9999999999999997	-0.5897516017129953	0.2610981192849964	-0.1788223648680729	0.11639065200237717	-0.400203068761411	0.1804494478298096	-0.20900475633060708	0.14190634240661876	-0.10109864906996076	0.25314980125344705	-0.18247712301775262	0.12813650171835766	-0.11719830946232211	0.1694964661483474
-0.07091145437015123	0.06950749620515884	-0.0844694986702897	0.09534776692861258	-0.10453086535112012	0.054001579826126474	-0.0627089416744007	0.09917124640883039	-0.09569142376994755	0.07826133135055283	-0.22510752736874082	0.23331994056760058	-0.1848469064104974	0.18511557086632208	-0.09504714983250591	0.25881631096134533	-0.38206671624077043	0.2657930486473878	-0.23204476448344022	0.10253894548769793	-0.5897516017129953	0.9999999999999991	-0.5122365877797377	0.1940382344692344	-0.13145066887686319	0.2253722686639392	-0.23070853822078416	0.2280927066343927	-0.15887720466800756	0.1093058230446295	-0.23279722773677275	0.18356472611720365	-0.13854870008511866	0.12241532467631247	-0.1808775528326238
0.07654728640620567	-0.07659530502665922	0.09601190428433294	-0.11065805028882685	0.11947062615808748	-0.057823406245219935	0.06744877843578055	-0.1187963497399142	0.11109890223489344	-0.0915051374402762	0.18819762412361604	-0.24256653955676483	0.21487273037015017	-0.23177862262304988	0.1098965872695651	-0.22024487965264322	0.2805624678977748	-0.506664431403796	0.26933187090703503	-0.1241847998486726	0.2610981192849964	-0.5122365877797377	0.999999999999998	-0.32355924927033985	0.1685291949452581	-0.19805790804832696	0.21573249476464734	-0.3686956887319931	0.19732488803065462	-0.14187947352790645	0.19262896126542817	-0.20526634856284884	0.1567165006976377	-0.1450701406836787	0.20260440294993132
-0.0682732068340175	0.0660007900990711	-0.08692628201457316	0.09945086193837203	-0.128886725617835	0.04948144374198699	-0.0575093475984695	0.10157225296166669	-0.10213269835093672	0.0951200270442036	-0.14509708589866532	0.1748392136050879	-0.17523181820872052	0.19268090678162952	-0.12948713134563114	0.14431803341376007	-0.1852086473005594	0.21203765568617955	-0.38682419841345106	0.14146590341981258	-0.1788223648680729	0.1940382344692344	-0.32355924927033985	1.000000000000001	-0.5543736717061563	0.1525546199960685	-0.17564625647806795	0.2318311363476335	-0.44789371228648084	0.29253242792883216	-0.17285852906841037	0.1892598211120365	-0.18957832192758012	0.1940215577488139	-0.2808763788591123
0.048112676498359805	-0.04698296004253926	0.0608290610477625	-0.0711522531026665	0.08673761966049352	-0.0350443093074619	0.04052910717946904	-0.07033845580864351	0.07029627701342783	-0.06541674086513087	0.09686317106201302	-0.12353445748938716	0.11533938061985789	-0.13900811848356726	0.08573897003327423	-0.09785416249302911	0.11765094284442672	-0.13415229715778984	0.19146896189068233	-0.1005965355744886	0.11639065200237717	-0.13145066887686319	0.1685291949452581	-0.5543736717061563	0.9999999999999994	-0.11247504069967466	0.1307622345582854	-0.19108472524203074	0.3074425791935689	-0.6835593104867329	0.12095607917872894	-0.15706982659634022	0.14227236065877524	-0.1658879476070132	0.20772129413680462
-0.060662819117132054	0.05863110293835662	-0.07166349590179294	0.08148936523235313	-0.0911349192915389	0.045294149033089585	-0.05212773167837401	0.08055532759990307	-0.07972166420419938	0.06680671567898978	-0.17101203707128043	0.17774167288526052	-0.14008793301808298	0.1522822858131978	-0.08084708682236116	0.18292294740723233	-0.17921034069256556	0.15747556772761537	-0.18081051156201275	0.0848509756336006	-0.400203068761411	0.2253722686639392	-0.19805790804832696	0.1525546199960685	-0.11247504069967466	1.0000000000000007	-0.24538211642846075	0.20211856919905027	-0.14474137670438686	0.09822320337882928	-0.7767269097747432	0.21731261209150188	-0.14807323196328792	0.12589701143557006	-0.1845731022974118
0.05161092533467214	-0.05018901950588125	0.06315742726401084	-0.07245794124866257	0.08310310931884501	-0.03809513237047145	0.044024514554454386	-0.07248462542320556	0.07152067902347305	-0.06128074975082917	0.12155977112697672	-0.14429617093585043	0.12504279959828415	-0.13929101210103131	0.07501271668004708	-0.12896842683046605	0.14954587718304926	-0.1540562658654079	0.16970529848920018	-0.08013403687837604	0.1804494478298096	-0.23070853822078416	0.21573249476464734	-0.17564625647806795	0.1307622345582854	-0.24538211642846075	1.0000000000000004	-0.6253022837205588	0.19464986462286005	-0.12600772703677804	0.22167091131562516	-0.5992188315832679	0.230218626359795	-0.18794492468558444	0.21030692774009632
-0.06499247696028576	0.06246927823101943	-0.08040314633378512	0.09102818236335397	-0.1092790741030823	0.04739791149664059	-0.05493608698519155	0.09263064161547492	-0.09214328063913169	0.0797596970998995	-0.15097276581321994	0.17309752632985786	-0.16484501596062318	0.1730655802196613	-0.10011084836805066	0.1518674222062739	-0.18982402521078856	0.20073086437132423	-0.23540859476187181	0.10540731696158552	-0.20900475633060708	0.2280927066343927	-0.3686956887319931	0.2318311363476335	-0.19108472524203074	0.20211856919905027	-0.6253022837205588	1.0000000000000002	-0.33175540913658735	0.1761817780974755	-0.2333640854797568	0.3049660378061704	-0.28697298603109617	0.2128657414506901	-0.28514165813139797
0.05651727641656586	-0.05506704440705477	0.07073591135029382	-0.08252149222656117	0.09722115301827323	-0.04120072470510431	0.04758268560593143	-0.08112970181174563	0.08082146493512045	-0.07261396515595803	0.11554773002645002	-0.14608732344780895	0.13425150139968056	-0.16068843325254523	0.0909521107579755	-0.11687867722091899	0.13891236483444044	-0.1545354822671277	0.2069928977820147	-0.10164549049492283	0.14190634240661876	-0.15887720466800756	0.19732488803065462	-0.44789371228648084	0.3074425791935689	-0.14474137670438686	0.19464986462286005	-0.33175540913658735	0.9999999999999994	-0.5798274383191523	0.15580682957801917	-0.2350224895557858	0.22888142697114658	-0.3508898127800015	0.2693762704813114
-0.04061693794572431	0.0393147159628313	-0.05107334571860335	0.05916813354290251	-0.07330609576520658	0.029435209675400493	-0.034032140147506565	0.05857607641084713	-0.05887578616240183	0.054201822451983295	-0.0828585574431345	0.10251699117141085	-0.09734488023506516	0.11344264332900587	-0.07115103751528931	0.08241904153377162	-0.09987313279146018	0.10968682759237174	-0.16100832331242623	0.07846086267808404	-0.10109864906996076	0.1093058230446295	-0.14187947352790645	0.29253242792883216	-0.6835593104867329	0.09822320337882928	-0.12600772703677804	0.1761817780974755	-0.5798274383191523	1.0	-0.10963853264458688	0.14504639479874948	-0.15455127718836534	0.1800426135893643	-0.25264469244179555
0.06714503942027561	-0.0665274574856359	0.08011957909786051	-0.09362149892908207	0.0992208435496851	-0.050562412598302735	0.05813753277096639	-0.08994787449536698	0.0883624945513117	-0.07372333713316008	0.16000797915136292	-0.2019019251431834	0.14979027454037974	-0.17950556136615964	0.08684032533322592	-0.18216798970948217	0.17491250589939694	-0.1666057501205161	0.18612099445175206	-0.09277434274868815	0.25314980125344705	-0.23279722773677275	0.19262896126542817	-0.17285852906841037	0.12095607917872894	-0.7767269097747432	0.22167091131562516	-0.2333640854797568	0.15580682957801917	-0.10963853264458688	0.9999999999999996	-0.30669007928208203	0.16570852014171833	-0.14922676787683387	0.1994089536240345
-0.05766084440602638	0.055191910669806624	-0.07063160780277349	0.08034406595714456	-0.0964878932145446	0.04189768042803304	-0.04837110107795134	0.079820839130918	-0.08006804700182393	0.06988453665326122	-0.13050653645879712	0.14994703147500488	-0.13710888704176166	0.15015619590483992	-0.0870507916736532	0.13023014180447512	-0.1531012913102444	0.15183567178561014	-0.19565720070737969	0.09081674875102293	-0.18247712301775262	0.18356472611720365	-0.20526634856284884	0.1892598211120365	-0.15706982659634022	0.21731261209150188	-0.5992188315832679	0.3049660378061704	-0.2350224895557858	0.14504639479874948	-0.30669007928208203	0.9999999999999998	-0.4739123101878919	0.25403120841244364	-0.3123505100786521
0.04846406131977965	-0.04691548499161227	0.059769860228326824	-0.06944345506800674	0.08023768076758316	-0.0352680240183236	0.04061506356566793	-0.06746683449646519	0.06734319327906575	-0.058940345678056234	0.10038250278505104	-0.12443792465112882	0.11188302110512108	-0.13235176135452376	0.07188850124751944	-0.10137399685896337	0.11754809962030638	-0.12380350574716845	0.15642428147484527	-0.07697030030070715	0.12813650171835766	-0.13854870008511866	0.1567165006976377	-0.18957832192758012	0.14227236065877524	-0.14807323196328792	0.230218626359795	-0.28697298603109617	0.22888142697114658	-0.15455127718836534	0.16570852014171833	-0.4739123101878919	1.0000000000000004	-0.7001744029216672	0.28171115217840115
-0.04543557785498122	0.04371408861924398	-0.05621725515047582	0.06499032455813762	-0.07728334007385414	0.03286638953755095	-0.03787144771303541	0.0633674899583618	-0.06364158576896752	0.05643606971043213	-0.09326544921575974	0.11368257267974409	-0.10534027025127489	0.12274780430955606	-0.07003200300519068	0.09232747153665503	-0.1089797424406151	0.1141376375927617	-0.15446420925224982	0.07455524033921142	-0.11719830946232211	0.12241532467631247	-0.1450701406836787	0.1940215577488139	-0.1658879476070132	0.12589701143557006	-0.18794492468558444	0.2128657414506901	-0.3508898127800015	0.1800426135893643	-0.14922676787683387	0.25403120841244364	-0.7001744029216672	1.0000000000000002	-0.47735072338739115
0.07772454602788403	-0.07506720361765537	0.09596626036653709	-0.1131905481991407	0.12838067372730244	-0.05601427992853397	0.06419477335232184	-0.1064619551483931	0.10689561566017225	-0.09423336563853041	0.14424762565931132	-0.18623806843707902	0.16968342559396382	-0.2134715123546697	0.11236344229026032	-0.1424857920048566	0.16441828223335647	-0.17393633433030034	0.23052792647331616	-0.12079138716127123	0.1694964661483474	-0.1808775528326238	0.20260440294993132	-0.2808763788591123	0.20772129413680462	-0.1845731022974118	0.21030692774009632	-0.28514165813139797	0.2693762704813114	-0.25264469244179555	0.1994089536240345	-0.3123505100786521	0.28171115217840115	-0.47735072338739115	1.0000000000000002
