1.0	-0.6657528438607982	0.32551799221216	-0.04656289680542753	0.04171491488825028	-0.5341811799992916	0.17710167481976338	-0.17469920915072715	0.10251556799873246	-0.10923057177358507	0.21030846548182583	-0.15607927448235956	0.14015586977737848	-0.10936181123213921	0.09730539278733176	-0.1427766891667304	0.10022461263527559	-0.17322609838650002	0.09121473861121099	-0.12032928855830903	0.09168910565567863	-0.09662828740623068	0.11288376425903533	-0.07570869055567972	0.08776622474140397	-0.14318538578102277	0.08263537833303744	-0.0955496182286009	0.08568592281704122	-0.09533012420767203	0.07227462015914218	-0.07247485154521793	0.052364995216387475	-0.052562201711913704	0.04279976167268367	-0.05133438740563323	0.03936952446779808	-0.0467785316822234	0.04830527460264164	-0.040081854730747914
-0.6657528438607982	0.9999999999999993	-0.654385648582915	0.035177937921603224	-0.031967656388557364	0.26381042700073104	-0.13322537229701786	0.1301398789996554	-0.07381297801837215	0.07524307654954535	-0.14480273832808135	0.10795217374664655	-0.10378794630042512	0.07588592026399961	-0.06821038442173548	0.092026605642133	-0.06738580996061481	0.11421297818994204	-0.061127502028690925	0.07924307792621488	-0.05974621664943335	0.06405653645352563	-0.0756509581707833	0.050179066022124234	-0.05844063231843718	0.09199839066061774	-0.054030620246091385	0.062056765644822307	-0.05663809990742865	0.06238632196458496	-0.04709355558164706	0.0469642043090898	-0.03419866247760437	0.03446827058723321	-0.028137868147502937	0.033243973305342726	-0.025584049134823462	0.030442673560758304	-0.03175934325690511	0.026250608674195725
0.32551799221216	-0.654385648582915	0.9999999999999998	-0.06539227529021643	0.05763212210563737	-0.4417265681803306	0.20179414638948678	-0.24410177570477423	0.1306804233256545	-0.1394719270299844	0.2309095301973445	-0.18519043604812427	0.1737621012946505	-0.13934723126855852	0.12215157862664422	-0.172361045851529	0.12078189982261335	-0.21675769624456043	0.11388013945247638	-0.15051883213651082	0.11084925834037904	-0.11725217549836009	0.13805033244049694	-0.09302171658980142	0.10785528907126687	-0.17496428461007382	0.10089471922084545	-0.11717886759713461	0.10499506266128573	-0.11751954373003641	0.08821036309856829	-0.08874840265936841	0.06414023657008534	-0.06451943139404362	0.05253065721712667	-0.0630192357857642	0.04826458525777621	-0.05738501632209879	0.0592138674574208	-0.04925219042539726
-0.04656289680542753	0.035177937921603224	-0.06539227529021643	1.0	-0.9595091043628631	0.05589788642139646	-0.05313578291493768	0.06109532543174402	-0.12540938133632215	0.1702887661887166	-0.06067536001382122	0.0455402833669175	-0.05330888491668226	0.10005706083771873	-0.1684669940070157	0.03477641974610574	-0.031147250708341644	0.058546847090329535	-0.042922912626420597	0.04861683612035888	-0.024022063214090367	0.028448925381522647	-0.04092734302708487	0.02612987917367149	-0.03206730338739892	0.03489744833927587	-0.023687064981936606	0.02634041356619989	-0.028391121069802485	0.029867178463219988	-0.020110326316066917	0.019386969270996247	-0.01529100521672565	0.01626810562938866	-0.013609861316884792	0.013854585014119871	-0.01094654738787076	0.01328004025366139	-0.01522876694330138	0.012341340592036542
0.04171491488825028	-0.031967656388557364	0.05763212210563737	-0.9595091043628631	1.0	-0.05200537714982412	0.04852706172120119	-0.0572217346188846	0.11160144443740438	-0.20605871880132154	0.05491908891418321	-0.042250514096047465	0.04884098090100938	-0.09752157700801205	0.14587970234028327	-0.03232504081586022	0.028722193827237966	-0.05544987862613998	0.040481455949760436	-0.04626617437892829	0.022262159000278392	-0.026373675663571725	0.037681112308292096	-0.024230010072928507	0.029673507219125234	-0.03251484694687105	0.021932742972215678	-0.024481227579409532	0.026226340563401337	-0.02781274536027429	0.01861759576645405	-0.01800425169283571	0.014155371054399722	-0.015069586889801001	0.012595443428613972	-0.012872081776947016	0.010152976631019828	-0.012316984639724226	0.014078442277158026	-0.011443466614613092
-0.5341811799992916	0.26381042700073104	-0.4417265681803306	0.05589788642139646	-0.05200537714982412	1.0000000000000002	-0.372714587979711	0.23268842514495816	-0.1385365775971986	0.13083407406041056	-0.44553124694655083	0.2247919335028182	-0.2153292933615465	0.1348559226245046	-0.1279594400525322	0.16950160010981108	-0.1339194073582916	0.193357199238811	-0.1072968557050929	0.13372292584849715	-0.11216524351956188	0.12074544416073991	-0.14271571354255388	0.09121738316965487	-0.10709815578771219	0.15988862749673613	-0.09784489009531146	0.10883235786402815	-0.10343839276916647	0.1091901988412196	-0.08493541510865799	0.08252613104697296	-0.06106102849854508	0.061551796391678626	-0.050537949091626004	0.05775653993024331	-0.04504179204632708	0.05361543542873551	-0.057315244759274055	0.046570052823808314
0.17710167481976338	-0.13322537229701786	0.20179414638948678	-0.05313578291493768	0.04852706172120119	-0.372714587979711	0.9999999999999998	-0.6134708780632319	0.17975019867073969	-0.14949154847860627	0.22156398029232527	-0.5460972502964245	0.31531173033075566	-0.1749489582118932	0.12821839646500063	-0.12425782902167569	0.13117371316224985	-0.18494405357489097	0.10461876518383692	-0.12177840996524415	0.08415457214612318	-0.11872086139954297	0.11996229403933478	-0.07578274925709264	0.08874244436281324	-0.1177965085889108	0.07616081382849492	-0.08419139650960816	0.08202185399158361	-0.08656475657461839	0.06340993315619764	-0.061796664039869977	0.046142831050088734	-0.04772255170153181	0.039291634664374804	-0.042848647466226575	0.033624976637700456	-0.04037677592346903	0.04430436186669465	-0.03600979660517371
-0.17469920915072715	0.1301398789996554	-0.24410177570477423	0.06109532543174402	-0.0572217346188846	0.23268842514495816	-0.6134708780632319	0.9999999999999992	-0.3167246033334033	0.17032805905444798	-0.21509084107195128	0.3106260616920676	-0.5331181711056091	0.20553721649828158	-0.1568352952995339	0.11487883509616384	-0.12038775803800011	0.19057532788601134	-0.11642985265425151	0.12587873512115916	-0.07914921035357916	0.10524536451626633	-0.12577369118306456	0.07755820165790146	-0.09299814280079172	0.11068429625132839	-0.07399221655548278	0.08136903345102786	-0.08370174365673075	0.08677789600695295	-0.061662989173610065	0.05958544172443262	-0.04563371991668401	0.04787467532194406	-0.039716233401308726	0.041663603681176525	-0.03288334242458816	0.03969548852458478	-0.0447047409095607	0.036094286327121014
0.10251556799873246	-0.07381297801837215	0.1306804233256545	-0.12540938133632215	0.11160144443740438	-0.1385365775971986	0.17975019867073969	-0.3167246033334033	0.9999999999999993	-0.46857307827994105	0.1419480974034807	-0.14706117971737995	0.17995034017762038	-0.7127468731841853	0.30353650533585896	-0.08214781579904112	0.0803269956658713	-0.17119437402301396	0.1502174343695393	-0.15614017623720192	0.057226869379205014	-0.0729897490460773	0.10369664124814516	-0.06717379623695224	0.08319926290976647	-0.08166006891414648	0.05676243394125623	-0.06303189173426285	0.06979563294434231	-0.0743409209971661	0.04726717745568297	-0.045562641361601965	0.03618944534814395	-0.0393385498698402	0.032997665356666595	-0.032387357498505666	0.025690110218082672	-0.0313802893746148	0.03668804163599694	-0.029827981475561115
-0.10923057177358507	0.07524307654954535	-0.1394719270299844	0.1702887661887166	-0.20605871880132154	0.13083407406041056	-0.14949154847860627	0.17032805905444798	-0.46857307827994105	1.0000000000000004	-0.153293721530521	0.12136442570048472	-0.15052336781854242	0.30413210159599163	-0.744546409938055	0.08466193473910964	-0.07989465587252043	0.15066345355926664	-0.12001385614330455	0.1301990179879107	-0.05916257391345229	0.07206520762604533	-0.10609608197844139	0.06725537707251358	-0.08339042891731034	0.0845587001382373	-0.05897775551859226	0.06513525103080886	-0.07233330812830754	0.07542178583208752	-0.04965225310482648	0.04758097777279197	-0.03804115487468522	0.040920515250841005	-0.03437405530266811	0.03398147956074146	-0.026994435748288123	0.03288613130928607	-0.03840116735939571	0.03100073968195842
0.21030846548182583	-0.14480273832808135	0.2309095301973445	-0.06067536001382122	0.05491908891418321	-0.44553124694655083	0.22156398029232527	-0.21509084107195128	0.1419480974034807	-0.153293721530521	0.9999999999999981	-0.29065449917020836	0.2185018390645664	-0.1560219432281923	0.1431402743961677	-0.42916002647878554	0.20684420929623712	-0.322133963413936	0.16123678287496274	-0.21938455144714927	0.23475787698257314	-0.20557309309468788	0.2197809200884536	-0.14957978780254447	0.17017713744839602	-0.3562311896747876	0.1830910145367554	-0.21078123534098703	0.1740285741121274	-0.19284341693840487	0.16346223178266722	-0.16382759757053467	0.11231871713817286	-0.10866091658470316	0.08734241818048182	-0.11239874409921685	0.08584436351845826	-0.10076790819050868	0.09964225860483725	-0.08240499433273717
-0.15607927448235956	0.10795217374664655	-0.18519043604812427	0.0455402833669175	-0.042250514096047465	0.2247919335028182	-0.5460972502964245	0.3106260616920676	-0.14706117971737995	0.12136442570048472	-0.29065449917020836	1.000000000000001	-0.6529442842423926	0.13933545001693518	-0.11655090130157857	0.14120137074948905	-0.20681877019912961	0.20437984074494292	-0.1120815203093679	0.12501387485817142	-0.0982628245656915	0.1519068083990963	-0.14341870908468823	0.08683695106381648	-0.10140427385291398	0.13028609678606126	-0.0878734165350877	0.09477567015552942	-0.09361525621534666	0.09603098213487483	-0.0715418290077485	0.0689861673626563	-0.051695553161573135	0.05355552997464345	-0.04412762025499458	0.04727869544239782	-0.037377071275312694	0.04492890073800235	-0.04992511016286746	0.04017908103636671
0.14015586977737848	-0.10378794630042512	0.1737621012946505	-0.05330888491668226	0.04884098090100938	-0.2153292933615465	0.31531173033075566	-0.5331181711056091	0.17995034017762038	-0.15052336781854242	0.2185018390645664	-0.6529442842423926	0.9999999999999999	-0.1858096488435318	0.1349898334264443	-0.13349661806249521	0.15117329322552828	-0.2968310707742648	0.13599663777579338	-0.148906478389999	0.09184192893419182	-0.13741630513721942	0.14658677873236098	-0.09035678222319068	0.10630871408935533	-0.12739073040203616	0.08543275614914442	-0.09421566538901736	0.09525506244678686	-0.09956030049996921	0.07003230801303235	-0.0680341866843112	0.05160576590717658	-0.054373751710152095	0.04495857754755825	-0.0471364986191746	0.03719674395684234	-0.0449640102325824	0.05053957181827492	-0.04093683442546593
-0.10936181123213921	0.07588592026399961	-0.13934723126855852	0.10005706083771873	-0.09752157700801205	0.1348559226245046	-0.1749489582118932	0.20553721649828158	-0.7127468731841853	0.30413210159599163	-0.1560219432281923	0.13933545001693518	-0.1858096488435318	1.000000000000001	-0.49195396351956927	0.08741986772369781	-0.08703218065678092	0.18359505705545343	-0.2267005616758527	0.17817131134404246	-0.061642964934266534	0.0780619770869436	-0.11942037965412604	0.07635677129105771	-0.09692552783432228	0.08728357099399	-0.06243220094153435	0.06889236476157032	-0.07918606565962412	0.08301613667514914	-0.05180215917537136	0.04959965985996345	-0.040095986938598435	0.04401539703117626	-0.03711524011574292	0.03537275705642327	-0.028205755935002134	0.03459374910438475	-0.041233288428419404	0.033322030309648865
0.09730539278733176	-0.06821038442173548	0.12215157862664422	-0.1684669940070157	0.14587970234028327	-0.1279594400525322	0.12821839646500063	-0.1568352952995339	0.30353650533585896	-0.744546409938055	0.1431402743961677	-0.11655090130157857	0.1349898334264443	-0.49195396351956927	0.9999999999999982	-0.08813405405414333	0.08060450972594284	-0.17970179973818098	0.14720136125992392	-0.17114215644406627	0.061173980930662904	-0.07454343299902008	0.11053806239937382	-0.07306414344093866	0.09029482892076851	-0.08934979148557508	0.061634660694702845	-0.06917844848129709	0.0764306733716982	-0.08305748428914143	0.05175824216376773	-0.05013996436651957	0.03996475918215167	-0.04354556176481424	0.036544207067353854	-0.035991827089772124	0.028449958545074625	-0.034771812724810336	0.04050118804611147	-0.03317424534138485
-0.1427766891667304	0.092026605642133	-0.172361045851529	0.03477641974610574	-0.03232504081586022	0.16950160010981108	-0.12425782902167569	0.11487883509616384	-0.08214781579904112	0.08466193473910964	-0.42916002647878554	0.14120137074948905	-0.13349661806249521	0.08741986772369781	-0.08813405405414333	0.9999999999999993	-0.2922456986708579	0.17936318441689897	-0.09733496894338088	0.12539259540684325	-0.6777168561201911	0.23128761329311404	-0.20800013413561397	0.12475934085139584	-0.14166262684175646	0.31065326510553887	-0.18687100626697228	0.1667966995884587	-0.1541671735846386	0.14068321431912043	-0.17680666935414027	0.14123833359075535	-0.09858197230876868	0.08893596331567884	-0.07216747267609966	0.0870592064545506	-0.07182672912850163	0.08188986155351614	-0.0855606673161787	0.0650751859935193
0.10022461263527559	-0.06738580996061481	0.12078189982261335	-0.031147250708341644	0.028722193827237966	-0.1339194073582916	0.13117371316224985	-0.12038775803800011	0.0803269956658713	-0.07989465587252043	0.20684420929623712	-0.20681877019912961	0.15117329322552828	-0.08703218065678092	0.08060450972594284	-0.2922456986708579	0.9999999999999999	-0.22227687166292584	0.1070622722856435	-0.13822991283825123	0.213744384950318	-0.8200836735212432	0.21867352280600938	-0.13647561778130407	0.1334385501195748	-0.22756878852294807	0.1705330238692628	-0.17319479315643832	0.13602069624542645	-0.13957228530487767	0.11842186025050593	-0.11580660504224481	0.0786484675597362	-0.07862298874154929	0.0626273870371658	-0.07143046573499717	0.05721474063597533	-0.06807880513466102	0.07173899719402743	-0.05780298734983614
-0.17322609838650002	0.11421297818994204	-0.21675769624456043	0.058546847090329535	-0.05544987862613998	0.193357199238811	-0.18494405357489097	0.19057532788601134	-0.17119437402301396	0.15066345355926664	-0.322133963413936	0.20437984074494292	-0.2968310707742648	0.18359505705545343	-0.17970179973818098	0.17936318441689897	-0.22227687166292584	1.0000000000000004	-0.49886169916892165	0.30502999107082746	-0.13477868505925533	0.18643153530836976	-0.42005572288800186	0.21152956148767854	-0.26834138109668515	0.18183089182593426	-0.15000188894099564	0.16112827223577825	-0.21154046905694504	0.19989233000596054	-0.11942991678888298	0.1115425245944763	-0.09575127853693462	0.10950326585633396	-0.09324242582907188	0.07944793412309686	-0.06482328513020937	0.08098673443069178	-0.10411414474753683	0.08143977886922263
0.09121473861121099	-0.061127502028690925	0.11388013945247638	-0.042922912626420597	0.040481455949760436	-0.1072968557050929	0.10461876518383692	-0.11642985265425151	0.1502174343695393	-0.12001385614330455	0.16123678287496274	-0.1120815203093679	0.13599663777579338	-0.2267005616758527	0.14720136125992392	-0.09733496894338088	0.1070622722856435	-0.49886169916892165	0.9999999999999994	-0.7591542718702685	0.07176738142654504	-0.09718911050180747	0.1907077936657301	-0.13372649732770675	0.17681282152667918	-0.10033032767514243	0.08075453585970788	-0.08982948999218612	0.11968811525054442	-0.1326998879604829	0.06450457892332753	-0.06128600987747017	0.05282686062841037	-0.06306788084197008	0.05402315541093362	-0.04420824781948663	0.035811544457533616	-0.04521329175085315	0.058533786014024994	-0.04786541402611784
-0.12032928855830903	0.07924307792621488	-0.15051883213651082	0.04861683612035888	-0.04626617437892829	0.13372292584849715	-0.12177840996524415	0.12587873512115916	-0.15614017623720192	0.1301990179879107	-0.21938455144714927	0.12501387485817142	-0.148906478389999	0.17817131134404246	-0.17114215644406627	0.12539259540684325	-0.13822991283825123	0.30502999107082746	-0.7591542718702685	0.9999999999999988	-0.09377143549110602	0.12308998924467887	-0.2663918284970882	0.17823102404679306	-0.2969966161500747	0.12982180758068285	-0.10868649281773449	0.11879303852664433	-0.16804927943878936	0.17476006345282463	-0.08663937831053446	0.08128224251963331	-0.07180443125011511	0.08588761139879691	-0.07443581222488506	0.05881124646157943	-0.04805418398627696	0.06087454315850303	-0.08092179155940263	0.06478157406784407
0.09168910565567863	-0.05974621664943335	0.11084925834037904	-0.024022063214090367	0.022262159000278392	-0.11216524351956188	0.08415457214612318	-0.07914921035357916	0.057226869379205014	-0.05916257391345229	0.23475787698257314	-0.0982628245656915	0.09184192893419182	-0.061642964934266534	0.061173980930662904	-0.6777168561201911	0.213744384950318	-0.13477868505925533	0.07176738142654504	-0.09377143549110602	0.999999999999998	-0.2628599723355981	0.15563258302479308	-0.09700523944035534	0.10545261330483985	-0.5813288531060821	0.17121083205232268	-0.1580387023345993	0.11908541207308393	-0.11154947928078618	0.1577465614299245	-0.13564540072246212	0.08109359465249631	-0.07065346255786123	0.0558373083865722	-0.07569586128415996	0.061264741180952535	-0.0690580284308535	0.06669542528985326	-0.05123351385849601
-0.09662828740623068	0.06405653645352563	-0.11725217549836009	0.028448925381522647	-0.026373675663571725	0.12074544416073991	-0.11872086139954297	0.10524536451626633	-0.0729897490460773	0.07206520762604533	-0.20557309309468788	0.1519068083990963	-0.13741630513721942	0.0780619770869436	-0.07454343299902008	0.23128761329311404	-0.8200836735212432	0.18643153530836976	-0.09718911050180747	0.12308998924467887	-0.2628599723355981	0.9999999999999973	-0.29398804017849894	0.1437403407663437	-0.14153572951559307	0.21080729783990515	-0.20915230171886212	0.1719138426034067	-0.14389597800213494	0.13704213498426496	-0.12224801874907036	0.1147643326960558	-0.07923695543962282	0.07889518127242999	-0.06306085728167546	0.06924378937060761	-0.056634127730311214	0.06718463260525513	-0.07288285136255832	0.05733424630642042
0.11288376425903533	-0.0756509581707833	0.13805033244049694	-0.04092734302708487	0.037681112308292096	-0.14271571354255388	0.11996229403933478	-0.12577369118306456	0.10369664124814516	-0.10609608197844139	0.2197809200884536	-0.14341870908468823	0.14658677873236098	-0.11942037965412604	0.11053806239937382	-0.20800013413561397	0.21867352280600938	-0.42005572288800186	0.1907077936657301	-0.2663918284970882	0.15563258302479308	-0.29398804017849894	0.9999999999999966	-0.5666684197423896	0.29743266767963644	-0.22854170241474775	0.18373460884182843	-0.2386007722022615	0.2640693477679922	-0.30226023374055344	0.13654074954846657	-0.1378893672272845	0.11244019646584856	-0.1434246746229699	0.11324191979753476	-0.09764010034710084	0.07747363782667527	-0.09946662603573447	0.12268089689474365	-0.10487732815380416
-0.07570869055567972	0.050179066022124234	-0.09302171658980142	0.02612987917367149	-0.024230010072928507	0.09121738316965487	-0.07578274925709264	0.07755820165790146	-0.06717379623695224	0.06725537707251358	-0.14957978780254447	0.08683695106381648	-0.09035678222319068	0.07635677129105771	-0.07306414344093866	0.12475934085139584	-0.13647561778130407	0.21152956148767854	-0.13372649732770675	0.17823102404679306	-0.09700523944035534	0.1437403407663437	-0.5666684197423896	0.9999999999999984	-0.6049241632074112	0.14074253401677309	-0.1387820396671634	0.16918805661826447	-0.41271865059618373	0.2941947071252907	-0.09821468500248583	0.09605342191640331	-0.09223263905747875	0.13962447422105326	-0.1103440339972221	0.07091505967687747	-0.058377186475009515	0.07920822879848614	-0.12095401880419697	0.09562049043367424
0.08776622474140397	-0.05844063231843718	0.10785528907126687	-0.03206730338739892	0.029673507219125234	-0.10709815578771219	0.08874244436281324	-0.09299814280079172	0.08319926290976647	-0.08339042891731034	0.17017713744839602	-0.10140427385291398	0.10630871408935533	-0.09692552783432228	0.09029482892076851	-0.14166262684175646	0.1334385501195748	-0.26834138109668515	0.17681282152667918	-0.2969966161500747	0.10545261330483985	-0.14153572951559307	0.29743266767963644	-0.6049241632074112	0.9999999999999964	-0.1598477692450551	0.1404126312285398	-0.17484024439163434	0.2917219934106982	-0.5384608002708775	0.10653419638061794	-0.1055760817193176	0.0990707814828427	-0.1472922741571309	0.12975421823488176	-0.07964874081990074	0.064487312897349	-0.0869138089724082	0.12574130257390775	-0.11651179262646474
-0.14318538578102277	0.09199839066061774	-0.17496428461007382	0.03489744833927587	-0.03251484694687105	0.15988862749673613	-0.1177965085889108	0.11068429625132839	-0.08166006891414648	0.0845587001382373	-0.3562311896747876	0.13028609678606126	-0.12739073040203616	0.08728357099399	-0.08934979148557508	0.31065326510553887	-0.22756878852294807	0.18183089182593426	-0.10033032767514243	0.12982180758068285	-0.5813288531060821	0.21080729783990515	-0.22854170241474775	0.14074253401677309	-0.1598477692450551	0.9999999999999969	-0.3348487948084041	0.2329458119842993	-0.18930136988102583	0.16324875877456382	-0.3390463049809076	0.22428853112752525	-0.134074391580041	0.10998645972376529	-0.08731324116689992	0.11955512675225458	-0.10052669505994845	0.10988407700317948	-0.10646973339722186	0.07892909015648107
0.08263537833303744	-0.054030620246091385	0.10089471922084545	-0.023687064981936606	0.021932742972215678	-0.09784489009531146	0.07616081382849492	-0.07399221655548278	0.05676243394125623	-0.05897775551859226	0.1830910145367554	-0.0878734165350877	0.08543275614914442	-0.06243220094153435	0.061634660694702845	-0.18687100626697228	0.1705330238692628	-0.15000188894099564	0.08075453585970788	-0.10868649281773449	0.17121083205232268	-0.20915230171886212	0.18373460884182843	-0.1387820396671634	0.1404126312285398	-0.3348487948084041	0.9999999999999946	-0.7537759381903822	0.21002848056724446	-0.18444473726075783	0.23836690364430746	-0.333364948627205	0.14593407754145205	-0.12033761169500869	0.0872288798613426	-0.12514235220402392	0.10590524044277863	-0.12309133204858184	0.10659632684235809	-0.08191244731295327
-0.0955496182286009	0.062056765644822307	-0.11717886759713461	0.02634041356619989	-0.024481227579409532	0.10883235786402815	-0.08419139650960816	0.08136903345102786	-0.06303189173426285	0.06513525103080886	-0.21078123534098703	0.09477567015552942	-0.09421566538901736	0.06889236476157032	-0.06917844848129709	0.1667966995884587	-0.17319479315643832	0.16112827223577825	-0.08982948999218612	0.11879303852664433	-0.1580387023345993	0.1719138426034067	-0.2386007722022615	0.16918805661826447	-0.17484024439163434	0.2329458119842993	-0.7537759381903822	0.9999999999999961	-0.34596953044864176	0.2069801307361055	-0.2331751118542354	0.21890242065449408	-0.1733256871857898	0.14301262525424932	-0.10531609570356294	0.11958254182936512	-0.10498359705779145	0.12953169195184783	-0.13111138320605187	0.0945927139961058
0.08568592281704122	-0.05663809990742865	0.10499506266128573	-0.028391121069802485	0.026226340563401337	-0.10343839276916647	0.08202185399158361	-0.08370174365673075	0.06979563294434231	-0.07233330812830754	0.1740285741121274	-0.09361525621534666	0.09525506244678686	-0.07918606565962412	0.0764306733716982	-0.1541671735846386	0.13602069624542645	-0.21154046905694504	0.11968811525054442	-0.16804927943878936	0.11908541207308393	-0.14389597800213494	0.2640693477679922	-0.41271865059618373	0.2917219934106982	-0.18930136988102583	0.21002848056724446	-0.34596953044864176	0.999999999999998	-0.5868913357111911	0.14029743951332452	-0.143724888356401	0.14854199114523484	-0.347611771073454	0.18803691834050246	-0.10946719551510585	0.09017369279331319	-0.1317075770076734	0.21261703876261995	-0.17237104108602028
-0.09533012420767203	0.06238632196458496	-0.11751954373003641	0.029867178463219988	-0.02781274536027429	0.1091901988412196	-0.08656475657461839	0.08677789600695295	-0.0743409209971661	0.07542178583208752	-0.19284341693840487	0.09603098213487483	-0.09956030049996921	0.08301613667514914	-0.08305748428914143	0.14068321431912043	-0.13957228530487767	0.19989233000596054	-0.1326998879604829	0.17476006345282463	-0.11154947928078618	0.13704213498426496	-0.30226023374055344	0.2941947071252907	-0.5384608002708775	0.16324875877456382	-0.18444473726075783	0.2069801307361055	-0.5868913357111911	0.999999999999998	-0.13321748260168165	0.1252065972425353	-0.14059655000267088	0.21866634147588931	-0.2569482223101992	0.09752684764002947	-0.08330794087434054	0.11742835928867781	-0.20983215652763426	0.17849042401979373
0.07227462015914218	-0.04709355558164706	0.08821036309856829	-0.020110326316066917	0.01861759576645405	-0.08493541510865799	0.06340993315619764	-0.061662989173610065	0.04726717745568297	-0.04965225310482648	0.16346223178266722	-0.0715418290077485	0.07003230801303235	-0.05180215917537136	0.05175824216376773	-0.17680666935414027	0.11842186025050593	-0.11942991678888298	0.06450457892332753	-0.08663937831053446	0.1577465614299245	-0.12224801874907036	0.13654074954846657	-0.09821468500248583	0.10653419638061794	-0.3390463049809076	0.23836690364430746	-0.2331751118542354	0.14029743951332452	-0.13321748260168165	0.9999999999999977	-0.7914089462030162	0.1906563901375586	-0.11241722194599173	0.07863630784506424	-0.2415190805090766	0.18295528792517185	-0.17762224100993057	0.10625280358827721	-0.0774019615019833
-0.07247485154521793	0.0469642043090898	-0.08874840265936841	0.019386969270996247	-0.01800425169283571	0.08252613104697296	-0.061796664039869977	0.05958544172443262	-0.045562641361601965	0.04758097777279197	-0.16382759757053467	0.0689861673626563	-0.0680341866843112	0.04959965985996345	-0.05013996436651957	0.14123833359075535	-0.11580660504224481	0.1115425245944763	-0.06128600987747017	0.08128224251963331	-0.13564540072246212	0.1147643326960558	-0.1378893672272845	0.09605342191640331	-0.1055760817193176	0.22428853112752525	-0.333364948627205	0.21890242065449408	-0.143724888356401	0.1252065972425353	-0.7914089462030162	0.9999999999999976	-0.25350295113746635	0.11200985733166618	-0.07895650782259624	0.207086129640763	-0.2278240255899734	0.18112672202895458	-0.1103347864964201	0.0757784199330167
0.052364995216387475	-0.03419866247760437	0.06414023657008534	-0.01529100521672565	0.014155371054399722	-0.06106102849854508	0.046142831050088734	-0.04563371991668401	0.03618944534814395	-0.03804115487468522	0.11231871713817286	-0.051695553161573135	0.05160576590717658	-0.040095986938598435	0.03996475918215167	-0.09858197230876868	0.0786484675597362	-0.09575127853693462	0.05282686062841037	-0.07180443125011511	0.08109359465249631	-0.07923695543962282	0.11244019646584856	-0.09223263905747875	0.0990707814828427	-0.134074391580041	0.14593407754145205	-0.1733256871857898	0.14854199114523484	-0.14059655000267088	0.1906563901375586	-0.25350295113746635	0.9999999999999979	-0.25539312776296713	0.130041301154907	-0.33265297320609866	0.25855563597644576	-0.7806656987401199	0.22167732484636693	-0.14253297204190674
-0.052562201711913704	0.03446827058723321	-0.06451943139404362	0.01626810562938866	-0.015069586889801001	0.061551796391678626	-0.04772255170153181	0.04787467532194406	-0.0393385498698402	0.040920515250841005	-0.10866091658470316	0.05355552997464345	-0.054373751710152095	0.04401539703117626	-0.04354556176481424	0.08893596331567884	-0.07862298874154929	0.10950326585633396	-0.06306788084197008	0.08588761139879691	-0.07065346255786123	0.07889518127242999	-0.1434246746229699	0.13962447422105326	-0.1472922741571309	0.10998645972376529	-0.12033761169500869	0.14301262525424932	-0.347611771073454	0.21866634147588931	-0.11241722194599173	0.11200985733166618	-0.25539312776296713	0.9999999999999973	-0.39560610746939445	0.11959297038290732	-0.11030445937465327	0.2029648504367747	-0.7176917329365368	0.280481974731409
0.04279976167268367	-0.028137868147502937	0.05253065721712667	-0.013609861316884792	0.012595443428613972	-0.050537949091626004	0.039291634664374804	-0.039716233401308726	0.032997665356666595	-0.03437405530266811	0.08734241818048182	-0.04412762025499458	0.04495857754755825	-0.03711524011574292	0.036544207067353854	-0.07216747267609966	0.0626273870371658	-0.09324242582907188	0.05402315541093362	-0.07443581222488506	0.0558373083865722	-0.06306085728167546	0.11324191979753476	-0.1103440339972221	0.12975421823488176	-0.08731324116689992	0.0872288798613426	-0.10531609570356294	0.18803691834050246	-0.2569482223101992	0.07863630784506424	-0.07895650782259624	0.130041301154907	-0.39560610746939445	0.9999999999999982	-0.08443081119596721	0.07173968489566783	-0.1254939141795628	0.2869105812490822	-0.8122036955540552
-0.05133438740563323	0.033243973305342726	-0.0630192357857642	0.013854585014119871	-0.012872081776947016	0.05775653993024331	-0.042848647466226575	0.041663603681176525	-0.032387357498505666	0.03398147956074146	-0.11239874409921685	0.04727869544239782	-0.0471364986191746	0.03537275705642327	-0.035991827089772124	0.0870592064545506	-0.07143046573499717	0.07944793412309686	-0.04420824781948663	0.05881124646157943	-0.07569586128415996	0.06924378937060761	-0.09764010034710084	0.07091505967687747	-0.07964874081990074	0.11955512675225458	-0.12514235220402392	0.11958254182936512	-0.10946719551510585	0.09752684764002947	-0.2415190805090766	0.207086129640763	-0.33265297320609866	0.11959297038290732	-0.08443081119596721	0.999999999999998	-0.8398079225784923	0.2637470344408208	-0.13734791348885783	0.08126092893522252
0.03936952446779808	-0.025584049134823462	0.04826458525777621	-0.01094654738787076	0.010152976631019828	-0.04504179204632708	0.033624976637700456	-0.03288334242458816	0.025690110218082672	-0.026994435748288123	0.08584436351845826	-0.037377071275312694	0.03719674395684234	-0.028205755935002134	0.028449958545074625	-0.07182672912850163	0.05721474063597533	-0.06482328513020937	0.035811544457533616	-0.04805418398627696	0.061264741180952535	-0.056634127730311214	0.07747363782667527	-0.058377186475009515	0.064487312897349	-0.10052669505994845	0.10590524044277863	-0.10498359705779145	0.09017369279331319	-0.08330794087434054	0.18295528792517185	-0.2278240255899734	0.25855563597644576	-0.11030445937465327	0.07173968489566783	-0.8398079225784923	0.999999999999998	-0.3878996886408097	0.12124114820083634	-0.07401306732195904
-0.0467785316822234	0.030442673560758304	-0.05738501632209879	0.01328004025366139	-0.012316984639724226	0.05361543542873551	-0.04037677592346903	0.03969548852458478	-0.0313802893746148	0.03288613130928607	-0.10076790819050868	0.04492890073800235	-0.0449640102325824	0.03459374910438475	-0.034771812724810336	0.08188986155351614	-0.06807880513466102	0.08098673443069178	-0.04521329175085315	0.06087454315850303	-0.0690580284308535	0.06718463260525513	-0.09946662603573447	0.07920822879848614	-0.0869138089724082	0.10988407700317948	-0.12309133204858184	0.12953169195184783	-0.1317075770076734	0.11742835928867781	-0.17762224100993057	0.18112672202895458	-0.7806656987401199	0.2029648504367747	-0.1254939141795628	0.2637470344408208	-0.3878996886408097	0.9999999999999978	-0.29040061208276124	0.13008380291465177
0.04830527460264164	-0.03175934325690511	0.0592138674574208	-0.01522876694330138	0.014078442277158026	-0.057315244759274055	0.04430436186669465	-0.0447047409095607	0.03668804163599694	-0.03840116735939571	0.09964225860483725	-0.04992511016286746	0.05053957181827492	-0.041233288428419404	0.04050118804611147	-0.0855606673161787	0.07173899719402743	-0.10411414474753683	0.058533786014024994	-0.08092179155940263	0.06669542528985326	-0.07288285136255832	0.12268089689474365	-0.12095401880419697	0.12574130257390775	-0.10646973339722186	0.10659632684235809	-0.13111138320605187	0.21261703876261995	-0.20983215652763426	0.10625280358827721	-0.1103347864964201	0.22167732484636693	-0.7176917329365368	0.2869105812490822	-0.13734791348885783	0.12124114820083634	-0.29040061208276124	0.9999999999999978	-0.44776918054969594
-0.040081854730747914	0.026250608674195725	-0.04925219042539726	0.012341340592036542	-0.011443466614613092	0.046570052823808314	-0.03600979660517371	0.036094286327121014	-0.029827981475561115	0.03100073968195842	-0.08240499433273717	0.04017908103636671	-0.04093683442546593	0.033322030309648865	-0.03317424534138485	0.0650751859935193	-0.05780298734983614	0.08143977886922263	-0.04786541402611784	0.06478157406784407	-0.05123351385849601	0.05733424630642042	-0.10487732815380416	0.09562049043367424	-0.11651179262646474	0.07892909015648107	-0.08191244731295327	0.0945927139961058	-0.17237104108602028	0.17849042401979373	-0.0774019615019833	0.0757784199330167	-0.14253297204190674	0.280481974731409	-0.8122036955540552	0.08126092893522252	-0.07401306732195904	0.13008380291465177	-0.44776918054969594	0.9999999999999978
