1.0	-0.7579902953852802	0.26042630303071856	-0.18291571394276557	0.13589323422852106	-0.41868617659570045	0.28597959536027057	-0.20904068907153986	0.1311738568525456	-0.1209005956105079	0.17121913994814109	-0.1764896464912398	0.14123399410025886	-0.12244183473765399	0.12246181694757743	-0.1390462136410418	0.13252152027210304	-0.1353699940936093	0.10331509177347968	-0.07285647208167746	0.08690233482246063	-0.08740927041159414	0.09333491316228566	-0.09136019494212416	0.07927756323101502	-0.08748185734083248	0.08853443750199635	-0.1070990081343398	0.07555927528748765	-0.05806246191709117	0.08393847400544761	-0.0652754491496589	0.0907702204617344	-0.07528360083125339	0.052820683514982474	-0.05161579438862768	0.050228924676658106	-0.07401941554917144	0.055408054535321966	-0.023758015974025957	0.04614037646036592	-0.0585512430298369	0.0732906909214618	-0.06630646933934925	0.022246460933488966
-0.7579902953852802	1.0000000000000002	-0.3985435826060619	0.15767065467485383	-0.11823132859791749	0.26843388925830014	-0.3865295018035963	0.1810021700412062	-0.11742398618391542	0.10181535995044438	-0.1498301648512002	0.15655810418300223	-0.12680153854454554	0.10302459603088204	-0.1045037397017736	0.11458445258673794	-0.11707557793805799	0.11472148554604632	-0.08866073797302096	0.0613937303995749	-0.07335272424319914	0.07361446643712426	-0.07886140986983423	0.07602095888164877	-0.06720142297252568	0.07231802576777956	-0.07526097167215388	0.08806113056314857	-0.06272985303249635	0.0478698587004084	-0.07017762540675317	0.053937365687832466	-0.07509074006546852	0.06175465941670498	-0.043751689411813934	0.04256369539556654	-0.04160662530286842	0.06070029626757418	-0.045625433187593475	0.019473820719246637	-0.038221399181092415	0.048218145980622365	-0.0605902315392696	0.054301910895680795	-0.018272867342388727
0.26042630303071856	-0.3985435826060619	0.9999999999999996	-0.45457898608007963	0.2523438099442933	-0.2094919696008515	0.2118890163065176	-0.5122346285728671	0.2809897428942607	-0.2281011850738611	0.1642244773647011	-0.18692713067665978	0.20251334061744483	-0.18905135756184935	0.20995551267707074	-0.14985117458453964	0.15722007308799887	-0.18963403177824645	0.15616783706644566	-0.1159761211767726	0.1083728197677926	-0.11230774692134639	0.13571441622614058	-0.1349770225947718	0.12583277463783454	-0.11115801849718818	0.11671581909073571	-0.15763817798269159	0.1121208776213883	-0.08814884780918751	0.11718702734831397	-0.09162102108570767	0.13788330144020428	-0.11349705795725028	0.07992895112947718	-0.0729935487240887	0.07173052327340776	-0.11131987520482094	0.08320597407305728	-0.0360270042939677	0.06605696501998151	-0.08406077809673142	0.10908087192059354	-0.09979736689253832	0.033688818350286934
-0.18291571394276557	0.15767065467485383	-0.45457898608007963	1.0	-0.4432234503557146	0.1296714009602586	-0.1483180044524879	0.31262871481155985	-0.6281793389066956	0.2576685087938121	-0.12418622812164186	0.1322574872080361	-0.16469733097560124	0.16374431170304082	-0.23212346397872471	0.10833231268335293	-0.12221031873209208	0.14316297436778755	-0.14376826769196982	0.10816284574493015	-0.08320036751405022	0.08528508918690379	-0.1109675376121117	0.10744598698500919	-0.12009318263061	0.08286956883273959	-0.09130564763788049	0.12009310653214604	-0.08917202016431974	0.07026686604084413	-0.09227639501302533	0.06993896036337327	-0.10988555924716031	0.0876402785575406	-0.06469485224960944	0.05579993267162921	-0.055538366666398276	0.08569084912674457	-0.0649872744141621	0.027897040793169802	-0.051340810806073334	0.06438070973456325	-0.085960744722851	0.07658549102171357	-0.026268914885300837
0.13589323422852106	-0.11823132859791749	0.2523438099442933	-0.4432234503557146	0.9999999999999999	-0.11780281817636817	0.12673036981393138	-0.27336807072461783	0.26249082156891856	-0.5785769664957408	0.12204231722442158	-0.1317714064492671	0.15536111248248388	-0.17453422170561034	0.29958394721775555	-0.11487431452003129	0.12644406625792284	-0.15203156922314057	0.1467665755144964	-0.14038780873541554	0.09568203849186131	-0.0997216071435641	0.13077424791477116	-0.1343141103318935	0.147161989473856	-0.09882841734120063	0.10742906484198522	-0.16112239915749352	0.11605373266220212	-0.09627461499663194	0.11701914583796474	-0.0913409291137922	0.1526528645827182	-0.12265351993857873	0.08656246261862914	-0.07348916289805213	0.07322179039249242	-0.12151472165654467	0.08967774499351795	-0.03956205764109102	0.06764293132709286	-0.08620326522675188	0.11709333578737322	-0.1085082542695417	0.036876987159843874
-0.41868617659570045	0.26843388925830014	-0.2094919696008515	0.1296714009602586	-0.11780281817636817	0.9999999999999997	-0.7056183294130736	0.15877705274461776	-0.10839034905339699	0.10058884381251808	-0.386553610964691	0.2573764780791507	-0.17840909047240405	0.12700292805463403	-0.11385396317342486	0.198149971310499	-0.19522672035457886	0.15689958592562658	-0.11368929917358384	0.07238230958680972	-0.11337277251489271	0.1081980185605697	-0.10261109185578118	0.09552334028450869	-0.07972716505687003	0.1050557833398647	-0.10947725390437556	0.1094322880889567	-0.07818011850506304	0.05766311132489061	-0.09449652463305121	0.07091484234038178	-0.09078906467629155	0.07450537531294474	-0.05316311683013947	0.05534469130190958	-0.05394506709214124	0.07342916097006272	-0.0555446859983305	0.023305172469734584	-0.04940012919337844	0.06160205617992993	-0.07487735537790607	0.06549281156990742	-0.021954943604827585
0.28597959536027057	-0.3865295018035963	0.2118890163065176	-0.1483180044524879	0.12673036981393138	-0.7056183294130736	1.0000000000000002	-0.18687511792606099	0.12033656851782236	-0.11161121825357871	0.2607271800684677	-0.373924976306159	0.19185934724851836	-0.14401659010811288	0.12193762456635747	-0.2010699227177813	0.19027878412391522	-0.177244065776142	0.12244402794352327	-0.07856712691660908	0.11182429249592402	-0.11234501417710513	0.10938542885990264	-0.10459939168973759	0.08527687102232283	-0.10995986369057538	0.11005917521447826	-0.11939666833563053	0.08413854587933854	-0.06262125768192098	0.09687390464452363	-0.07481069846942455	0.09636149249747082	-0.08105173865415159	0.057248121366467994	-0.058483419802402806	0.05667666220893583	-0.0790036897504366	0.05980139193014181	-0.02524068273069612	0.051825289814762636	-0.06546067476548653	0.07949701479845842	-0.07093558973424477	0.023707769884321443
-0.20904068907153986	0.1810021700412062	-0.5122346285728671	0.31262871481155985	-0.27336807072461783	0.15877705274461776	-0.18687511792606099	0.9999999999999994	-0.5861530807114054	0.224049461693085	-0.16374943461911456	0.18404300580102906	-0.31667937387310696	0.19830240387117096	-0.23190620850439908	0.13924540916119837	-0.16237537693796464	0.20054638482582712	-0.17763273857099082	0.11785726330277839	-0.10146185983032283	0.10425010133126146	-0.13661959876657337	0.12724828691402215	-0.13169637890607055	0.09931675579202638	-0.11025577208254266	0.13752780249173038	-0.1023719259700631	0.07806851565166427	-0.10583006231563713	0.07982370530975266	-0.12052925516838538	0.09735655033931671	-0.0722271845154319	0.06324696838194366	-0.06290465865644641	0.09409033197153398	-0.07224729381284196	0.030619855757109588	-0.05798326539188206	0.07247145804346786	-0.09546933813826575	0.084375006621463	-0.028908741269957385
0.1311738568525456	-0.11742398618391542	0.2809897428942607	-0.6281793389066956	0.26249082156891856	-0.10839034905339699	0.12033656851782236	-0.5861530807114054	0.9999999999999996	-0.3183572313305558	0.11152699785603896	-0.12812453553180925	0.1741196319957614	-0.19768319115318	0.2079221982919979	-0.10047394121914939	0.11384325682587083	-0.1494592576624882	0.14732053234440282	-0.1013559862014713	0.07455032050981864	-0.0776402005817956	0.10335481727458672	-0.10100771184407256	0.10888716227787744	-0.07451013017590563	0.08180686015070293	-0.10915461235712379	0.08074535491796987	-0.06305379067240617	0.08056438105300766	-0.061665170604498394	0.0951836956466507	-0.07825945701038187	0.05772951902782452	-0.048982041747010895	0.04873035768181685	-0.07503504867485439	0.05752229244709825	-0.024599574003875017	0.044883220284814764	-0.056535296224257674	0.07509858435178603	-0.06764759950640548	0.023147601384130786
-0.1209005956105079	0.10181535995044438	-0.2281011850738611	0.2576685087938121	-0.5785769664957408	0.10058884381251808	-0.11161121825357871	0.224049461693085	-0.3183572313305558	0.9999999999999971	-0.10737719676237552	0.11407166210230482	-0.14218211880420625	0.16532158763046395	-0.6147742659083203	0.098015079484269	-0.11125741498880297	0.13465468962574417	-0.1480002722602661	0.1702444157466321	-0.0803033789747096	0.08340140869986062	-0.11856162610935735	0.11944426904186835	-0.1856911097988688	0.0810649150497037	-0.09034712458508393	0.13013417470514058	-0.09899724054459944	0.08276769586064654	-0.09484393176152196	0.07243712544439389	-0.12017872483608599	0.09796456143174093	-0.07587206965636614	0.05800882911938291	-0.058209673916026376	0.09353655984188482	-0.07194454805991464	0.03118479178897972	-0.05378796553643532	0.06780540155057999	-0.09330623304304948	0.08448206407017184	-0.029366927082214545
0.17121913994814109	-0.1498301648512002	0.1642244773647011	-0.12418622812164186	0.12204231722442158	-0.386553610964691	0.2607271800684677	-0.16374943461911456	0.11152699785603896	-0.10737719676237552	0.9999999999999986	-0.5338570144513057	0.23727071584999654	-0.1717392073215609	0.1260304486681889	-0.5667777776810657	0.29792447471188355	-0.2385372294255051	0.14743467478425032	-0.08831254680976569	0.18085875969929144	-0.1657497258396567	0.13445469348023367	-0.12650228687862394	0.09545303841850968	-0.17274305334114867	0.1522873367953031	-0.14379357333842196	0.10006410930784337	-0.07227329087933529	0.12534882734114944	-0.09623004689313416	0.10999681385917402	-0.09403158095118075	0.06625634693103796	-0.07442690618085669	0.07090190954023314	-0.09178364421643445	0.06962103686785058	-0.028944999583194717	0.06452289023304172	-0.08138929037268641	0.093579191577253	-0.08231665542783276	0.027232745218234405
-0.1764896464912398	0.15655810418300223	-0.18692713067665978	0.1322574872080361	-0.1317714064492671	0.2573764780791507	-0.373924976306159	0.18404300580102906	-0.12812453553180925	0.11407166210230482	-0.5338570144513057	0.9999999999999969	-0.47595915713474407	0.18950588017966732	-0.13689427091009587	0.28378147591907465	-0.4184551178910056	0.2688008883543997	-0.17504109450147362	0.0951365374112237	-0.15545245650576692	0.15998924427090686	-0.147455814908822	0.13098400497346294	-0.10411602267693179	0.1395055565898767	-0.1573047844793106	0.14238147016685798	-0.10236107515813743	0.07267872186237924	-0.11970155137751293	0.09033795396233517	-0.11080487364016103	0.09305049840880641	-0.06728964876289391	0.06913354888522144	-0.06817542556869233	0.08960410481620419	-0.0691873283080883	0.028530044652947922	-0.061736404175514556	0.07676745346135945	-0.09250131481017927	0.08043329307757792	-0.0269659652867314
0.14123399410025886	-0.12680153854454554	0.20251334061744483	-0.16469733097560124	0.15536111248248388	-0.17840909047240405	0.19185934724851836	-0.31667937387310696	0.1741196319957614	-0.14218211880420625	0.23727071584999654	-0.47595915713474407	0.9999999999999956	-0.3577456202553072	0.1659590013699848	-0.222167942949071	0.26217059624972483	-0.58980729407962	0.25776733585764267	-0.12503065705084296	0.13087024037887118	-0.14320765230175164	0.18829766255045782	-0.17483212200692624	0.13098028236675965	-0.12768418371810827	0.1388129627226866	-0.16847973438541863	0.12093392358869044	-0.0852202928236901	0.11582900871594695	-0.08968843435894153	0.1203434550248906	-0.10701883778935298	0.07798180415916697	-0.06935720942050984	0.06864431651386231	-0.09714363901423925	0.0775164661937091	-0.03189321651640941	0.062330019452117386	-0.07861087580543345	0.09921289838044065	-0.089266385413244	0.03013253442169062
-0.12244183473765399	0.10302459603088204	-0.18905135756184935	0.16374431170304082	-0.17453422170561034	0.12700292805463403	-0.14401659010811288	0.19830240387117096	-0.19768319115318	0.16532158763046395	-0.1717392073215609	0.18950588017966732	-0.3577456202553072	0.9999999999999954	-0.24190219528648757	0.1498394925208552	-0.19414213857748394	0.28119545141892366	-0.7569333835610427	0.1928960223124424	-0.10930470221780268	0.11648233950483854	-0.18850693678743374	0.17752342156719544	-0.20695949300808733	0.10506278481518411	-0.12323427757569035	0.1578007170798392	-0.12757318200689038	0.09229270904055305	-0.11033808334498116	0.08320127120682597	-0.12599111014294145	0.1088049748036717	-0.0861832159079779	0.06515217419619782	-0.06579860739729082	0.09756591012538672	-0.0798529643862777	0.03280496780695509	-0.060177935791527914	0.07508950404236196	-0.10130250695712861	0.089763339313976	-0.03122258396968753
0.12246181694757743	-0.1045037397017736	0.20995551267707074	-0.23212346397872471	0.29958394721775555	-0.11385396317342486	0.12193762456635747	-0.23190620850439908	0.2079221982919979	-0.6147742659083203	0.1260304486681889	-0.13689427091009587	0.1659590013699848	-0.24190219528648757	0.9999999999999937	-0.12097545268242955	0.13517864065260848	-0.1724053288145899	0.19264201105528203	-0.33926239401963126	0.10150174141774372	-0.10776369438518557	0.15470426971578646	-0.16756049166551162	0.24113823195545067	-0.10490019380684076	0.1159060741476525	-0.18388330124611998	0.13606492520317176	-0.11879162079776744	0.12349482339637594	-0.09700653019603703	0.161584356096857	-0.14014778307083153	0.10439840934781129	-0.07767254746850782	0.0779252500562626	-0.13033668147635344	0.10017684071845633	-0.04413055451860539	0.0716556027876939	-0.0917055060472016	0.1262882982430279	-0.11985080108658784	0.0411823127100517
-0.1390462136410418	0.11458445258673794	-0.14985117458453964	0.10833231268335293	-0.11487431452003129	0.198149971310499	-0.2010699227177813	0.13924540916119837	-0.10047394121914939	0.098015079484269	-0.5667777776810657	0.28378147591907465	-0.222167942949071	0.1498394925208552	-0.12097545268242955	0.9999999999999956	-0.5879161800594785	0.22307269343949027	-0.14578070396542064	0.08474871080288701	-0.32547202734372865	0.2127822853805987	-0.13950132483055974	0.1230648613027745	-0.09379453211826774	0.20895447572161976	-0.20190423627857867	0.14447705936410293	-0.10190024948335162	0.07175184297400014	-0.1498814902501392	0.10745391460049468	-0.11412956374201336	0.09384911409541026	-0.06672321180315231	0.0819513138106109	-0.07890646777233493	0.09423083973496207	-0.07094365177026729	0.02908647338198792	-0.07156292596170957	0.08785269618226785	-0.09852676524528564	0.0832784928317535	-0.027479989356418162
0.13252152027210304	-0.11707557793805799	0.15722007308799887	-0.12221031873209208	0.12644406625792284	-0.19522672035457886	0.19027878412391522	-0.16237537693796464	0.11384325682587083	-0.11125741498880297	0.29792447471188355	-0.4184551178910056	0.26217059624972483	-0.19414213857748394	0.13517864065260848	-0.5879161800594785	0.9999999999999978	-0.4044455098710957	0.17984143341878506	-0.10078706931049951	0.2195412480616332	-0.32079885625565835	0.1698106179223218	-0.15387161050827494	0.10830479547433626	-0.20341254358173827	0.21889245960526454	-0.17398469957293694	0.11876535562870504	-0.08296734148469068	0.1467066769475673	-0.11610677709431884	0.12461017528663379	-0.10791979714569423	0.07625150008850286	-0.08597613637381427	0.08416746431898484	-0.1040726503476801	0.07981035844970528	-0.032698858059648346	0.07491239928799377	-0.09450956864511083	0.10714978299423625	-0.09348038375196095	0.03083673011725843
-0.1353699940936093	0.11472148554604632	-0.18963403177824645	0.14316297436778755	-0.15203156922314057	0.15689958592562658	-0.177244065776142	0.20054638482582712	-0.1494592576624882	0.13465468962574417	-0.2385372294255051	0.2688008883543997	-0.58980729407962	0.28119545141892366	-0.1724053288145899	0.22307269343949027	-0.4044455098710957	0.9999999999999898	-0.4057122949254374	0.14188105102522927	-0.14475817781510514	0.16255347710959675	-0.30936677134155266	0.20888729301036615	-0.15356843459339992	0.1338505498690484	-0.16302010210102102	0.18773515153218207	-0.1410242808359207	0.09377782799613896	-0.12617074308011023	0.09606992212434538	-0.13119105747464874	0.11639469265415278	-0.08708978913728148	0.0736340021347503	-0.07421566937551237	0.10364466387468664	-0.08485075099516742	0.034203661016376875	-0.06705996854946536	0.08370356912717408	-0.10784487986956354	0.09545321909382871	-0.03251270849437753
0.10331509177347968	-0.08866073797302096	0.15616783706644566	-0.14376826769196982	0.1467665755144964	-0.11368929917358384	0.12244402794352327	-0.17763273857099082	0.14732053234440282	-0.1480002722602661	0.14743467478425032	-0.17504109450147362	0.25776733585764267	-0.7569333835610427	0.19264201105528203	-0.14578070396542064	0.17984143341878506	-0.4057122949254374	0.9999999999999943	-0.2569094077221844	0.1018776626592342	-0.11293236312616148	0.19122050087228548	-0.21630050782264798	0.20083686205559673	-0.10057709981668786	0.1149712360846652	-0.1631104422501907	0.12922181298286597	-0.09308052860697993	0.10204970748889355	-0.07891333958579239	0.11755086002951294	-0.10951306523745075	0.08437688551789337	-0.06153336750101078	0.06198345737800915	-0.09342344670097096	0.07784718655688683	-0.031909158998328004	0.056400867289164804	-0.07127953669233726	0.09570960297297343	-0.08787923791158356	0.03024419653711489
-0.07285647208167746	0.0613937303995749	-0.1159761211767726	0.10816284574493015	-0.14038780873541554	0.07238230958680972	-0.07856712691660908	0.11785726330277839	-0.1013559862014713	0.1702444157466321	-0.08831254680976569	0.0951365374112237	-0.12503065705084296	0.1928960223124424	-0.33926239401963126	0.08474871080288701	-0.10078706931049951	0.14188105102522927	-0.2569094077221844	0.9999999999999976	-0.07087422558296275	0.0768794490795016	-0.1526043558896454	0.16701516665268226	-0.8362567345927575	0.07116978137251834	-0.08352361522660617	0.13527494568417456	-0.12088122743154579	0.11542508433513425	-0.08306671804521512	0.06385053249250892	-0.10877195097782576	0.10357583443688753	-0.10569420990452447	0.05061443899282426	-0.05190579382128198	0.08451248635951983	-0.07357695925023432	0.03143894173413294	-0.04748624642377171	0.06015439514674787	-0.08717450253073088	0.08088804193725196	-0.030057224659645984
0.08690233482246063	-0.07335272424319914	0.1083728197677926	-0.08320036751405022	0.09568203849186131	-0.11337277251489271	0.11182429249592402	-0.10146185983032283	0.07455032050981864	-0.0803033789747096	0.18085875969929144	-0.15545245650576692	0.13087024037887118	-0.10930470221780268	0.10150174141774372	-0.32547202734372865	0.2195412480616332	-0.14475817781510514	0.1018776626592342	-0.07087422558296275	0.9999999999999937	-0.40240302672891337	0.12440987362302454	-0.11484825009027523	0.07904209589950463	-0.7310456529212369	0.26901349337052743	-0.16005310453562388	0.10578384123857835	-0.07565405391836946	0.22909409884041118	-0.1654993933170232	0.12622398505375576	-0.10443751516132403	0.06985341377354985	-0.12952299156148028	0.1107431227654375	-0.11446209268237084	0.08051867204096749	-0.03321110852842375	0.10163834477862202	-0.12811026671584	0.11871040315753541	-0.0986874743263653	0.03112197288572359
-0.08740927041159414	0.07361446643712426	-0.11230774692134639	0.08528508918690379	-0.0997216071435641	0.1081980185605697	-0.11234501417710513	0.10425010133126146	-0.0776402005817956	0.08340140869986062	-0.1657497258396567	0.15998924427090686	-0.14320765230175164	0.11648233950483854	-0.10776369438518557	0.2127822853805987	-0.32079885625565835	0.16255347710959675	-0.11293236312616148	0.0768794490795016	-0.40240302672891337	0.9999999999999939	-0.17059029809240217	0.13610509080183855	-0.08693716084568122	0.26225106990351305	-0.7450357343667429	0.1921477756120179	-0.12750050039215385	0.08140211464531275	-0.19668441038800621	0.16252678247095076	-0.13523920966794067	0.109078650919914	-0.07699519315724009	0.10414716956212329	-0.11633927953395078	0.1123642972625713	-0.08428889922763057	0.03334131658413005	-0.09364510055069714	0.11439463254624146	-0.12062621313367253	0.09728752573832275	-0.03166063754701447
0.09333491316228566	-0.07886140986983423	0.13571441622614058	-0.1109675376121117	0.13077424791477116	-0.10261109185578118	0.10938542885990264	-0.13661959876657337	0.10335481727458672	-0.11856162610935735	0.13445469348023367	-0.147455814908822	0.18829766255045782	-0.18850693678743374	0.15470426971578646	-0.13950132483055974	0.1698106179223218	-0.30936677134155266	0.19122050087228548	-0.1526043558896454	0.12440987362302454	-0.17059029809240217	0.9999999999999926	-0.7136445392332493	0.16790429615879895	-0.12524640536220769	0.1676073592164691	-0.4365012683808527	0.27279131457417016	-0.14994826004617956	0.13302603156724882	-0.10596680852442411	0.16918941533899404	-0.18998711536395574	0.1343282016470018	-0.0807575718631771	0.08452240221525253	-0.13369036619462502	0.12593473446890213	-0.04717971665724854	0.07548454737120541	-0.09646325422713975	0.13881708413504984	-0.13375560737251266	0.04505641825280525
-0.09136019494212416	0.07602095888164877	-0.1349770225947718	0.10744598698500919	-0.1343141103318935	0.09552334028450869	-0.10459939168973759	0.12724828691402215	-0.10100771184407256	0.11944426904186835	-0.12650228687862394	0.13098400497346294	-0.17483212200692624	0.17752342156719544	-0.16756049166551162	0.1230648613027745	-0.15387161050827494	0.20888729301036615	-0.21630050782264798	0.16701516665268226	-0.11484825009027523	0.13610509080183855	-0.7136445392332493	0.999999999999993	-0.22891551314940925	0.11268575427589526	-0.15162057425477374	0.29847021382482813	-0.4329695209787979	0.16218312321985565	-0.13338611719922808	0.10189221282855182	-0.18214527681484372	0.19918699717824767	-0.1560369391047693	0.07935656083733607	-0.08422558960228131	0.13602518694280447	-0.14003190946547997	0.04909386043993922	-0.07609310035153943	0.09585829298572449	-0.14838834523628333	0.1358843702939766	-0.047708453890130426
0.07927756323101502	-0.06720142297252568	0.12583277463783454	-0.12009318263061	0.147161989473856	-0.07972716505687003	0.08527687102232283	-0.13169637890607055	0.10888716227787744	-0.1856911097988688	0.09545303841850968	-0.10411602267693179	0.13098028236675965	-0.20695949300808733	0.24113823195545067	-0.09379453211826774	0.10830479547433626	-0.15356843459339992	0.20083686205559673	-0.8362567345927575	0.07904209589950463	-0.08693716084568122	0.16790429615879895	-0.22891551314940925	0.9999999999999883	-0.08066623591346642	0.09375204046659401	-0.1638538250517734	0.14221430379670263	-0.1555527621494302	0.09373072895486505	-0.07333283412792965	0.12360565315674779	-0.12649664815822814	0.12281967541348887	-0.05807958809618871	0.059460594371876424	-0.09896573385855476	0.08645196105768525	-0.037364654323147756	0.05422618320718693	-0.0693828733614833	0.10000947069072338	-0.09679492490456323	0.03538435758272632
-0.08748185734083248	0.07231802576777956	-0.11115801849718818	0.08286956883273959	-0.09882841734120063	0.1050557833398647	-0.10995986369057538	0.09931675579202638	-0.07451013017590563	0.0810649150497037	-0.17274305334114867	0.1395055565898767	-0.12768418371810827	0.10506278481518411	-0.10490019380684076	0.20895447572161976	-0.20341254358173827	0.1338505498690484	-0.10057709981668786	0.07116978137251834	-0.7310456529212369	0.26225106990351305	-0.12524640536220769	0.11268575427589526	-0.08066623591346642	0.999999999999988	-0.335307298535175	0.15889654885733737	-0.10969718529351627	0.07709615734083916	-0.4007526220843565	0.180403487117665	-0.13897345070898826	0.10654813104158402	-0.07250332370958441	0.1475649008029898	-0.1268295585882653	0.12125655327594279	-0.08468917681000987	0.034415588791911214	-0.12221169242793947	0.1378847725769858	-0.13122266936381266	0.10241680059327758	-0.03245538968035151
0.08853443750199635	-0.07526097167215388	0.11671581909073571	-0.09130564763788049	0.10742906484198522	-0.10947725390437556	0.11005917521447826	-0.11025577208254266	0.08180686015070293	-0.09034712458508393	0.1522873367953031	-0.1573047844793106	0.1388129627226866	-0.12323427757569035	0.1159060741476525	-0.20190423627857867	0.21889245960526454	-0.16302010210102102	0.1149712360846652	-0.08352361522660617	0.26901349337052743	-0.7450357343667429	0.1676073592164691	-0.15162057425477374	0.09375204046659401	-0.335307298535175	0.9999999999999883	-0.2816112478857679	0.14981567313679253	-0.09701458525081322	0.2134568852755567	-0.24421926439641523	0.1549458280173648	-0.13243224306632426	0.08996870479232325	-0.127443612532299	0.1446786919318248	-0.13591054728697954	0.10018147804999022	-0.039818093764128606	0.11055415510098268	-0.14609338039831346	0.14208441146764764	-0.11797393168219743	0.03758217798332071
-0.1070990081343398	0.08806113056314857	-0.15763817798269159	0.12009310653214604	-0.16112239915749352	0.1094322880889567	-0.11939666833563053	0.13752780249173038	-0.10915461235712379	0.13013417470514058	-0.14379357333842196	0.14238147016685798	-0.16847973438541863	0.1578007170798392	-0.18388330124611998	0.14447705936410293	-0.17398469957293694	0.18773515153218207	-0.1631104422501907	0.13527494568417456	-0.16005310453562388	0.1921477756120179	-0.4365012683808527	0.29847021382482813	-0.1638538250517734	0.15889654885733737	-0.2816112478857679	0.9999999999999882	-0.5625700630811251	0.20309647281813262	-0.20100163413545835	0.1521839266311572	-0.30446791104380333	0.25866218537564145	-0.20950358047761297	0.11640711909334939	-0.12773036571851556	0.2022681934413931	-0.2007904638348751	0.06804934216170545	-0.113933152896279	0.14163627882751165	-0.2270765647730995	0.18844649958404644	-0.06695445248045667
0.07555927528748765	-0.06272985303249635	0.1121208776213883	-0.08917202016431974	0.11605373266220212	-0.07818011850506304	0.08413854587933854	-0.1023719259700631	0.08074535491796987	-0.09899724054459944	0.10006410930784337	-0.10236107515813743	0.12093392358869044	-0.12757318200689038	0.13606492520317176	-0.10190024948335162	0.11876535562870504	-0.1410242808359207	0.12922181298286597	-0.12088122743154579	0.10578384123857835	-0.12750050039215385	0.27279131457417016	-0.4329695209787979	0.14221430379670263	-0.10969718529351627	0.14981567313679253	-0.5625700630811251	0.9999999999999903	-0.3301699392588806	0.137503944937855	-0.10984960250901782	0.2062466069405447	-0.46182606926350706	0.2421158116893057	-0.08538028691195278	0.09277641003485644	-0.16977607216997553	0.20724336280947034	-0.06718778797818127	0.08258244592700537	-0.10780151515080916	0.1771807304965147	-0.20096680886890583	0.0645258595683392
-0.05806246191709117	0.0478698587004084	-0.08814884780918751	0.07026686604084413	-0.09627461499663194	0.05766311132489061	-0.06262125768192098	0.07806851565166427	-0.06305379067240617	0.08276769586064654	-0.07227329087933529	0.07267872186237924	-0.0852202928236901	0.09229270904055305	-0.11879162079776744	0.07175184297400014	-0.08296734148469068	0.09377782799613896	-0.09308052860697993	0.11542508433513425	-0.07565405391836946	0.08140211464531275	-0.14994826004617956	0.16218312321985565	-0.1555527621494302	0.07709615734083916	-0.09701458525081322	0.20309647281813262	-0.3301699392588806	0.9999999999999909	-0.10890042074695859	0.08302478561340998	-0.17502139859993518	0.25011456913319025	-0.840373536973338	0.06656879090141994	-0.07274277638213042	0.132622275558395	-0.1627192937009954	0.08201926616152808	-0.06604965618427983	0.08459462312671817	-0.14900607254426998	0.1475766865648791	-0.08194738853124324
0.08393847400544761	-0.07017762540675317	0.11718702734831397	-0.09227639501302533	0.11701914583796474	-0.09449652463305121	0.09687390464452363	-0.10583006231563713	0.08056438105300766	-0.09484393176152196	0.12534882734114944	-0.11970155137751293	0.11582900871594695	-0.11033808334498116	0.12349482339637594	-0.1498814902501392	0.1467066769475673	-0.12617074308011023	0.10204970748889355	-0.08306671804521512	0.22909409884041118	-0.19668441038800621	0.13302603156724882	-0.13338611719922808	0.09373072895486505	-0.4007526220843565	0.2134568852755567	-0.20100163413545835	0.137503944937855	-0.10890042074695859	0.99999999999999	-0.46543103068350833	0.20288571745666237	-0.16279129295486913	0.09969396322658736	-0.4543342479910168	0.25596904080153554	-0.2162111029383912	0.13254376251496808	-0.0561708700982947	0.2625437885157451	-0.3206705858173359	0.22124502270306237	-0.17617447583733364	0.0519327138225675
-0.0652754491496589	0.053937365687832466	-0.09162102108570767	0.06993896036337327	-0.0913409291137922	0.07091484234038178	-0.07481069846942455	0.07982370530975266	-0.061665170604498394	0.07243712544439389	-0.09623004689313416	0.09033795396233517	-0.08968843435894153	0.08320127120682597	-0.09700653019603703	0.10745391460049468	-0.11610677709431884	0.09606992212434538	-0.07891333958579239	0.06385053249250892	-0.1654993933170232	0.16252678247095076	-0.10596680852442411	0.10189221282855182	-0.07333283412792965	0.180403487117665	-0.24421926439641523	0.1521839266311572	-0.10984960250901782	0.08302478561340998	-0.46543103068350833	0.9999999999999866	-0.21049581204236917	0.12466783612538687	-0.07925469998800493	0.21435825410957024	-0.6787398435084593	0.1938304078542456	-0.11242565156309545	0.043605714996603075	-0.2362351924441148	0.2904241574238826	-0.23174719874830596	0.1398115556583886	-0.04135977557836768
0.0907702204617344	-0.07509074006546852	0.13788330144020428	-0.10988555924716031	0.1526528645827182	-0.09078906467629155	0.09636149249747082	-0.12052925516838538	0.0951836956466507	-0.12017872483608599	0.10999681385917402	-0.11080487364016103	0.1203434550248906	-0.12599111014294145	0.161584356096857	-0.11412956374201336	0.12461017528663379	-0.13119105747464874	0.11755086002951294	-0.10877195097782576	0.12622398505375576	-0.13523920966794067	0.16918941533899404	-0.18214527681484372	0.12360565315674779	-0.13897345070898826	0.1549458280173648	-0.30446791104380333	0.2062466069405447	-0.17502139859993518	0.20288571745666237	-0.21049581204236917	0.9999999999999842	-0.2901997353923411	0.1571997973362011	-0.15041862007599294	0.17625626651407889	-0.6762394959835955	0.23248408485396066	-0.08924764910361112	0.13942610249414503	-0.20331256274364198	0.2881402704558037	-0.2817116066252611	0.08177466476215148
-0.07528360083125339	0.06175465941670498	-0.11349705795725028	0.0876402785575406	-0.12265351993857873	0.07450537531294474	-0.08105173865415159	0.09735655033931671	-0.07825945701038187	0.09796456143174093	-0.09403158095118075	0.09305049840880641	-0.10701883778935298	0.1088049748036717	-0.14014778307083153	0.09384911409541026	-0.10791979714569423	0.11639469265415278	-0.10951306523745075	0.10357583443688753	-0.10443751516132403	0.109078650919914	-0.18998711536395574	0.19918699717824767	-0.12649664815822814	0.10654813104158402	-0.13243224306632426	0.25866218537564145	-0.46182606926350706	0.25011456913319025	-0.16279129295486913	0.12466783612538687	-0.2901997353923411	0.9999999999999867	-0.35698730833822007	0.10074541861213453	-0.11433981433099934	0.22452858979651957	-0.5519558533484407	0.08747862647649823	-0.10273798655292632	0.13342789411554454	-0.2656761597049775	0.2789615296472158	-0.08864787242706121
0.052820683514982474	-0.043751689411813934	0.07992895112947718	-0.06469485224960944	0.08656246261862914	-0.05316311683013947	0.057248121366467994	-0.0722271845154319	0.05772951902782452	-0.07587206965636614	0.06625634693103796	-0.06728964876289391	0.07798180415916697	-0.0861832159079779	0.10439840934781129	-0.06672321180315231	0.07625150008850286	-0.08708978913728148	0.08437688551789337	-0.10569420990452447	0.06985341377354985	-0.07699519315724009	0.1343282016470018	-0.1560369391047693	0.12281967541348887	-0.07250332370958441	0.08996870479232325	-0.20950358047761297	0.2421158116893057	-0.840373536973338	0.09969396322658736	-0.07925469998800493	0.1571997973362011	-0.35698730833822007	0.9999999999999839	-0.06318298922699274	0.06895691880509182	-0.1347290294907865	0.16970431940622246	-0.09922468134800493	0.06182729518166423	-0.08158098139139423	0.14068355541528	-0.16846840713117492	0.08822547825749205
-0.05161579438862768	0.04256369539556654	-0.0729935487240887	0.05579993267162921	-0.07348916289805213	0.05534469130190958	-0.058483419802402806	0.06324696838194366	-0.048982041747010895	0.05800882911938291	-0.07442690618085669	0.06913354888522144	-0.06935720942050984	0.06515217419619782	-0.07767254746850782	0.0819513138106109	-0.08597613637381427	0.0736340021347503	-0.06153336750101078	0.05061443899282426	-0.12952299156148028	0.10414716956212329	-0.0807575718631771	0.07935656083733607	-0.05807958809618871	0.1475649008029898	-0.127443612532299	0.11640711909334939	-0.08538028691195278	0.06656879090141994	-0.4543342479910168	0.21435825410957024	-0.15041862007599294	0.10074541861213453	-0.06318298922699274	0.9999999999999855	-0.22265063744856423	0.14609058628921842	-0.09009982163410361	0.036057430281453313	-0.7629905746889202	0.2678220513547101	-0.19436792787525042	0.11641679562872012	-0.03405290933791096
0.050228924676658106	-0.04160662530286842	0.07173052327340776	-0.055538366666398276	0.07322179039249242	-0.05394506709214124	0.05667666220893583	-0.06290465865644641	0.04873035768181685	-0.058209673916026376	0.07090190954023314	-0.06817542556869233	0.06864431651386231	-0.06579860739729082	0.0779252500562626	-0.07890646777233493	0.08416746431898484	-0.07421566937551237	0.06198345737800915	-0.05190579382128198	0.1107431227654375	-0.11633927953395078	0.08452240221525253	-0.08422558960228131	0.059460594371876424	-0.1268295585882653	0.1446786919318248	-0.12773036571851556	0.09277641003485644	-0.07274277638213042	0.25596904080153554	-0.6787398435084593	0.17625626651407889	-0.11433981433099934	0.06895691880509182	-0.22265063744856423	0.9999999999999858	-0.22583465645187414	0.10623453627519801	-0.040651834455074906	0.21663929394236808	-0.5591498044472706	0.22086139628838797	-0.13891837129170415	0.03819573593066579
-0.07401941554917144	0.06070029626757418	-0.11131987520482094	0.08569084912674457	-0.12151472165654467	0.07342916097006272	-0.0790036897504366	0.09409033197153398	-0.07503504867485439	0.09353655984188482	-0.09178364421643445	0.08960410481620419	-0.09714363901423925	0.09756591012538672	-0.13033668147635344	0.09423083973496207	-0.1040726503476801	0.10364466387468664	-0.09342344670097096	0.08451248635951983	-0.11446209268237084	0.1123642972625713	-0.13369036619462502	0.13602518694280447	-0.09896573385855476	0.12125655327594279	-0.13591054728697954	0.2022681934413931	-0.16977607216997553	0.132622275558395	-0.2162111029383912	0.1938304078542456	-0.6762394959835955	0.22452858979651957	-0.1347290294907865	0.14609058628921842	-0.22583465645187414	0.9999999999999866	-0.3055978045457895	0.07654273474548531	-0.15366233744463265	0.21533012357250816	-0.4819542138554339	0.2642607177733187	-0.07456706312712068
0.055408054535321966	-0.045625433187593475	0.08320597407305728	-0.0649872744141621	0.08967774499351795	-0.0555446859983305	0.05980139193014181	-0.07224729381284196	0.05752229244709825	-0.07194454805991464	0.06962103686785058	-0.0691873283080883	0.0775164661937091	-0.0798529643862777	0.10017684071845633	-0.07094365177026729	0.07981035844970528	-0.08485075099516742	0.07784718655688683	-0.07357695925023432	0.08051867204096749	-0.08428889922763057	0.12593473446890213	-0.14003190946547997	0.08645196105768525	-0.08468917681000987	0.10018147804999022	-0.2007904638348751	0.20724336280947034	-0.1627192937009954	0.13254376251496808	-0.11242565156309545	0.23248408485396066	-0.5519558533484407	0.16970431940622246	-0.09009982163410361	0.10623453627519801	-0.3055978045457895	0.9999999999999851	-0.10005226478665764	0.09073322190430187	-0.13004939592366946	0.2620819711789566	-0.6534079267992603	0.09656297153271226
-0.023758015974025957	0.019473820719246637	-0.0360270042939677	0.027897040793169802	-0.03956205764109102	0.023305172469734584	-0.02524068273069612	0.030619855757109588	-0.024599574003875017	0.03118479178897972	-0.028944999583194717	0.028530044652947922	-0.03189321651640941	0.03280496780695509	-0.04413055451860539	0.02908647338198792	-0.032698858059648346	0.034203661016376875	-0.031909158998328004	0.03143894173413294	-0.03321110852842375	0.03334131658413005	-0.04717971665724854	0.04909386043993922	-0.037364654323147756	0.034415588791911214	-0.039818093764128606	0.06804934216170545	-0.06718778797818127	0.08201926616152808	-0.0561708700982947	0.043605714996603075	-0.08924764910361112	0.08747862647649823	-0.09922468134800493	0.036057430281453313	-0.040651834455074906	0.07654273474548531	-0.10005226478665764	0.9999999999999856	-0.03709635330562281	0.04931966262372101	-0.10342566287888658	0.13318980465090502	-0.9696176668587053
0.04614037646036592	-0.038221399181092415	0.06605696501998151	-0.051340810806073334	0.06764293132709286	-0.04940012919337844	0.051825289814762636	-0.05798326539188206	0.044883220284814764	-0.05378796553643532	0.06452289023304172	-0.061736404175514556	0.062330019452117386	-0.060177935791527914	0.0716556027876939	-0.07156292596170957	0.07491239928799377	-0.06705996854946536	0.056400867289164804	-0.04748624642377171	0.10163834477862202	-0.09364510055069714	0.07548454737120541	-0.07609310035153943	0.05422618320718693	-0.12221169242793947	0.11055415510098268	-0.113933152896279	0.08258244592700537	-0.06604965618427983	0.2625437885157451	-0.2362351924441148	0.13942610249414503	-0.10273798655292632	0.06182729518166423	-0.7629905746889202	0.21663929394236808	-0.15366233744463265	0.09073322190430187	-0.03709635330562281	0.9999999999999856	-0.4648817215509792	0.18998295958567898	-0.12439124921441583	0.03459338213585896
-0.0585512430298369	0.048218145980622365	-0.08406077809673142	0.06438070973456325	-0.08620326522675188	0.06160205617992993	-0.06546067476548653	0.07247145804346786	-0.056535296224257674	0.06780540155057999	-0.08138929037268641	0.07676745346135945	-0.07861087580543345	0.07508950404236196	-0.0917055060472016	0.08785269618226785	-0.09450956864511083	0.08370356912717408	-0.07127953669233726	0.06015439514674787	-0.12811026671584	0.11439463254624146	-0.09646325422713975	0.09585829298572449	-0.0693828733614833	0.1378847725769858	-0.14609338039831346	0.14163627882751165	-0.10780151515080916	0.08459462312671817	-0.3206705858173359	0.2904241574238826	-0.20331256274364198	0.13342789411554454	-0.08158098139139423	0.2678220513547101	-0.5591498044472706	0.21533012357250816	-0.13004939592366946	0.04931966262372101	-0.4648817215509792	0.9999999999999849	-0.4167423511057454	0.17371052769431222	-0.046983817657996356
0.0732906909214618	-0.0605902315392696	0.10908087192059354	-0.085960744722851	0.11709333578737322	-0.07487735537790607	0.07949701479845842	-0.09546933813826575	0.07509858435178603	-0.09330623304304948	0.093579191577253	-0.09250131481017927	0.09921289838044065	-0.10130250695712861	0.1262882982430279	-0.09852676524528564	0.10714978299423625	-0.10784487986956354	0.09570960297297343	-0.08717450253073088	0.11871040315753541	-0.12062621313367253	0.13881708413504984	-0.14838834523628333	0.10000947069072338	-0.13122266936381266	0.14208441146764764	-0.2270765647730995	0.1771807304965147	-0.14900607254426998	0.22124502270306237	-0.23174719874830596	0.2881402704558037	-0.2656761597049775	0.14068355541528	-0.19436792787525042	0.22086139628838797	-0.4819542138554339	0.2620819711789566	-0.10342566287888658	0.18998295958567898	-0.4167423511057454	0.9999999999999852	-0.4977872417742446	0.09560571536581275
