1.0	-0.6348437834192662	0.27437795614990557	-0.22679706410130324	0.09453707776018928	-0.5760754462567025	0.3112757034325923	-0.27998240399713276	0.16636235149169157	-0.08332629639279708	0.18088973295936583	-0.1524791139921858	0.11582617197867771	-0.07550735057849989	0.08665551181648701	-0.13053360448283957	0.10452524891380732	-0.124524574126199	0.07457265549645008	-0.055547106516157116	0.10631438955352124	-0.12325249335176786	0.08231007579457611	-0.07625753580370137	0.07548238984876147	-0.09493256486407334	0.06905654632495174	-0.08565500481381277	0.059782264520582024	-0.08225373334511993
-0.6348437834192662	0.9999999999999996	-0.5040920988350291	0.21605716735919195	-0.09971253696002157	0.3019758803819646	-0.4532175294363015	0.2629886451147633	-0.17901788318385256	0.08357035915214009	-0.14144668949151162	0.11877650493804118	-0.09587477441629064	0.06354094363451455	-0.07328549785865564	0.09449848048628844	-0.08177438222600449	0.09541521180166722	-0.06179639961362169	0.04570754192555456	-0.08249814332204661	0.09143890996361172	-0.06443237827059099	0.059013452033529035	-0.0616321844145958	0.07090442469033124	-0.05253256776461193	0.06495967874688122	-0.046206678673834115	0.06351632765775599
0.27437795614990557	-0.5040920988350291	0.9999999999999994	-0.5369476318481213	0.142829569438383	-0.28272970697843125	0.2764795543591573	-0.4789261537068907	0.27761819450511294	-0.1300434476818486	0.1452341551849372	-0.13145092956367366	0.11375337822035687	-0.0842051281366864	0.09397708366010954	-0.10861995326605542	0.09325897076965949	-0.1184687339334478	0.07894577422962731	-0.05865541435076506	0.09512893725373536	-0.10969049407357634	0.07968073647475453	-0.07506538964057372	0.07752336998326192	-0.0885854959605067	0.06475814163749338	-0.08260697383549036	0.05860151619097703	-0.08207978624637347
-0.22679706410130324	0.21605716735919195	-0.5369476318481213	0.9999999999999993	-0.2632290742392308	0.1812525249373116	-0.2194954282279587	0.3039190252353289	-0.6547685915086268	0.20449317108495962	-0.11576849310758087	0.0998438060064495	-0.0955456832455754	0.09068127831766555	-0.10065355861682108	0.08226059756265074	-0.07341102757569376	0.09374455977012633	-0.08048423099462833	0.05832234325628242	-0.07675941670647501	0.08421030421376809	-0.06776682276597425	0.06414708863783077	-0.07410423428664846	0.07062004052863124	-0.052551930986617056	0.06799225112135004	-0.04990840139205091	0.07064743157175934
0.09453707776018928	-0.09971253696002157	0.142829569438383	-0.2632290742392308	0.9999999999999978	-0.10372624219785968	0.10528806709206805	-0.20351395792792212	0.24588973353275972	-0.8994457280703637	0.0683119056179477	-0.06322555834993661	0.06125068641335079	-0.07078307352333774	0.08330583584749197	-0.05327206123252662	0.047461637441192146	-0.06444884388141081	0.05707101333377052	-0.04696531886192427	0.049521167788535145	-0.056887201107250186	0.047626376089287235	-0.048186413052784725	0.05358495446572481	-0.051285267188403136	0.03742451973050037	-0.05115404611037197	0.037432674244413544	-0.05569989609226836
-0.5760754462567025	0.3019758803819646	-0.28272970697843125	0.1812525249373116	-0.10372624219785968	0.9999999999999973	-0.6013193501800117	0.25692771613985144	-0.1782780367947146	0.08495831233289168	-0.29912824002107935	0.17532141891189712	-0.13133750040453623	0.0790390265867736	-0.09267511590858767	0.14681849176304151	-0.11868167571433605	0.12924021228208077	-0.07914250069958897	0.05838747429610972	-0.1224446848610634	0.12912360114452398	-0.08639315214003344	0.07736559659061307	-0.07998460068425395	0.09623156912296327	-0.07175692455385134	0.08581701921089219	-0.06078424878339343	0.08199858247753601
0.3112757034325923	-0.4532175294363015	0.2764795543591573	-0.2194954282279587	0.10528806709206805	-0.6013193501800117	0.9999999999999978	-0.49135266870647604	0.20102791610381582	-0.0929463172139431	0.18403810069290974	-0.18233056697190492	0.12371161769053206	-0.07507563043128859	0.08477764381980249	-0.122275236102527	0.10777899164684299	-0.1211627376662481	0.07265410863107682	-0.053413057931163084	0.10202485348439053	-0.11653131403869572	0.07717918377142377	-0.0700408130185535	0.0716938513910123	-0.08539687809374391	0.06357359247620854	-0.07720671590141003	0.054674054024212215	-0.07441299469581693
-0.27998240399713276	0.2629886451147633	-0.4789261537068907	0.3039190252353289	-0.20351395792792212	0.25692771613985144	-0.49135266870647604	0.9999999999999988	-0.5205342003083475	0.16698267154291271	-0.15376465140488066	0.1346239049720679	-0.13454696267778976	0.09289126290437016	-0.10322310126386407	0.10345683926687088	-0.09473881607020641	0.11915701859883099	-0.08531304241899737	0.06182577778206034	-0.09482117143786802	0.10394545599814796	-0.07897095351620015	0.07278977118334562	-0.08036945634044677	0.08264450189319893	-0.06190613021313428	0.07786758023075091	-0.056574631729910625	0.07851813085757794
0.16636235149169157	-0.17901788318385256	0.27761819450511294	-0.6547685915086268	0.24588973353275972	-0.1782780367947146	0.20102791610381582	-0.5205342003083475	0.9999999999999988	-0.33649005177823343	0.10420684809972379	-0.09532986650952965	0.09200333374743251	-0.10334456121404512	0.09812160167738504	-0.07681002715412293	0.06876585173077412	-0.09151328391717592	0.0797433914555269	-0.05713669128988624	0.07003046044000205	-0.0794673859239495	0.06317018928126997	-0.06110409527940834	0.06881656993449017	-0.06649048990708835	0.04917740216745234	-0.0643944507475937	0.04714694848040897	-0.06740117713127301
-0.08332629639279708	0.08357035915214009	-0.1300434476818486	0.20449317108495962	-0.8994457280703637	0.08495831233289168	-0.0929463172139431	0.16698267154291271	-0.33649005177823343	0.9999999999999978	-0.05845629576699753	0.05339534142092227	-0.053236340923161166	0.06535718103286402	-0.08323457453641951	0.0447599891476519	-0.040305975478589565	0.05473284694728827	-0.052351428026163285	0.0430046998609798	-0.042167955983916525	0.047827393876319346	-0.0410241835252918	0.04146933052609479	-0.048251312123100645	0.04330352748705236	-0.03178564515024212	0.04349390827614813	-0.032178905257268214	0.047895725220105885
0.18088973295936583	-0.14144668949151162	0.1452341551849372	-0.11576849310758087	0.0683119056179477	-0.29912824002107935	0.18403810069290974	-0.15376465140488066	0.10420684809972379	-0.05845629576699753	0.9999999999999963	-0.5324657731526561	0.25389161312033953	-0.1305550282017038	0.14992190102380473	-0.5257367910452452	0.28417416471391754	-0.290171363710041	0.13657374273182918	-0.10061938399960678	0.28059033781937387	-0.3242374843958089	0.17109059768893634	-0.15236184530650723	0.1397591467744951	-0.21486670052556173	0.15503085013963	-0.17697346520318974	0.11981543683946519	-0.15697632807430162
-0.1524791139921858	0.11877650493804118	-0.13145092956367366	0.0998438060064495	-0.06322555834993661	0.17532141891189712	-0.18233056697190492	0.1346239049720679	-0.09532986650952965	0.05339534142092227	-0.5324657731526561	0.9999999999999976	-0.49349240789462084	0.14082231533059072	-0.16078694784965708	0.26618730674698926	-0.488574655085117	0.2984041684186936	-0.14619920088135185	0.10286104082524673	-0.2558256034324298	0.2798974477166906	-0.16967033920477723	0.1373652775293061	-0.14187193656267133	0.1669303358594827	-0.137325458177707	0.14764162206855663	-0.10703729974916801	0.13599516663245315
0.11582617197867771	-0.09587477441629064	0.11375337822035687	-0.0955456832455754	0.06125068641335079	-0.13133750040453623	0.12371161769053206	-0.13454696267778976	0.09200333374743251	-0.053236340923161166	0.25389161312033953	-0.49349240789462084	0.9999999999999981	-0.23850437853791198	0.19270260217889815	-0.21516286352640487	0.26841681574975884	-0.6911696503782966	0.19285237837539237	-0.13092776495595754	0.1967365193971934	-0.2609944394267598	0.19095732316676528	-0.17026145211741636	0.1585688803140649	-0.17347744469304643	0.1341998521962223	-0.1686852321722443	0.12233049740567359	-0.16398477458464378
-0.07550735057849989	0.06354094363451455	-0.0842051281366864	0.09068127831766555	-0.07078307352333774	0.0790390265867736	-0.07507563043128859	0.09289126290437016	-0.10334456121404512	0.06535718103286402	-0.1305550282017038	0.14082231533059072	-0.23850437853791198	0.9999999999999978	-0.6301258043355319	0.11147276781198648	-0.11748085174802175	0.20243077576908278	-0.6187734578180186	0.2802188242791383	-0.11662814061170707	0.13463136449528634	-0.16017107823163518	0.17468412817301937	-0.2644848402465441	0.13669149684584658	-0.1036947229567908	0.15345537971024073	-0.12721961237360296	0.19063691405394917
0.08665551181648701	-0.07328549785865564	0.09397708366010954	-0.10065355861682108	0.08330583584749197	-0.09267511590858767	0.08477764381980249	-0.10322310126386407	0.09812160167738504	-0.08323457453641951	0.14992190102380473	-0.16078694784965708	0.19270260217889815	-0.6301258043355319	0.9999999999999962	-0.14224995543119223	0.1373708582303389	-0.2227175987059677	0.3282531347270463	-0.446776385237713	0.1479922717953694	-0.1764274445472937	0.19541021568731468	-0.23573358494032254	0.2846080455374552	-0.20620033388946252	0.1486810975800893	-0.2342428096392368	0.18012607917296003	-0.3035711699938227
-0.13053360448283957	0.09449848048628844	-0.10861995326605542	0.08226059756265074	-0.05327206123252662	0.14681849176304151	-0.122275236102527	0.10345683926687088	-0.07681002715412293	0.0447599891476519	-0.5257367910452452	0.26618730674698926	-0.21516286352640487	0.11147276781198648	-0.14224995543119223	0.9999999999999957	-0.3644756118413871	0.21592135202806498	-0.12498919152881212	0.09197713276651305	-0.6419309273720336	0.29043263898514754	-0.163132519067274	0.1313676910707907	-0.13519296592580077	0.20883825318818916	-0.1626255594081989	0.15499456083036875	-0.1088346130952132	0.1328557788250831
0.10452524891380732	-0.08177438222600449	0.09325897076965949	-0.07341102757569376	0.047461637441192146	-0.11868167571433605	0.10777899164684299	-0.09473881607020641	0.06876585173077412	-0.040305975478589565	0.28417416471391754	-0.488574655085117	0.26841681574975884	-0.11748085174802175	0.1373708582303389	-0.3644756118413871	0.9999999999999952	-0.3744178057481155	0.12920477142735734	-0.09161686134524814	0.27140950514716844	-0.6259367357764338	0.17015576414806916	-0.13567294460589494	0.12771053280407924	-0.18021417347753674	0.15351715184290812	-0.15209797062304778	0.10499655226625508	-0.12934732951649497
-0.124524574126199	0.09541521180166722	-0.1184687339334478	0.09374455977012633	-0.06444884388141081	0.12924021228208077	-0.1211627376662481	0.11915701859883099	-0.09151328391717592	0.05473284694728827	-0.290171363710041	0.2984041684186936	-0.6911696503782966	0.20243077576908278	-0.2227175987059677	0.21592135202806498	-0.3744178057481155	0.999999999999994	-0.25050283395516226	0.15038268073661037	-0.23256380485668676	0.2565664082613605	-0.27409584499172207	0.19095389408969296	-0.19568984121132516	0.17769311491530287	-0.14753409411581875	0.17762912686690885	-0.13672700921240347	0.1734366499243129
0.07457265549645008	-0.06179639961362169	0.07894577422962731	-0.08048423099462833	0.05707101333377052	-0.07914250069958897	0.07265410863107682	-0.08531304241899737	0.0797433914555269	-0.052351428026163285	0.13657374273182918	-0.14619920088135185	0.19285237837539237	-0.6187734578180186	0.3282531347270463	-0.12498919152881212	0.12920477142735734	-0.25050283395516226	0.9999999999999952	-0.5096403854461667	0.13160083767777278	-0.1563364682242176	0.19410261902179654	-0.2614665840241645	0.28469429211062547	-0.1701675262451074	0.12745993057476135	-0.1979645292698803	0.16515742545487422	-0.2577582961020236
-0.055547106516157116	0.04570754192555456	-0.05865541435076506	0.05832234325628242	-0.04696531886192427	0.05838747429610972	-0.053413057931163084	0.06182577778206034	-0.05713669128988624	0.0430046998609798	-0.10061938399960678	0.10286104082524673	-0.13092776495595754	0.2802188242791383	-0.446776385237713	0.09197713276651305	-0.09161686134524814	0.15038268073661037	-0.5096403854461667	0.9999999999999953	-0.09876308185703381	0.11393702914093552	-0.14567621473910367	0.1716740060702178	-0.6521614392238556	0.13110477040454194	-0.09896489941856529	0.15413033559825734	-0.13490308863446587	0.21823343686516716
0.10631438955352124	-0.08249814332204661	0.09512893725373536	-0.07675941670647501	0.049521167788535145	-0.1224446848610634	0.10202485348439053	-0.09482117143786802	0.07003046044000205	-0.042167955983916525	0.28059033781937387	-0.2558256034324298	0.1967365193971934	-0.11662814061170707	0.1479922717953694	-0.6419309273720336	0.27140950514716844	-0.23256380485668676	0.13160083767777278	-0.09876308185703381	0.9999999999999968	-0.45411668242536446	0.18529616557602116	-0.15825885169884601	0.14574430797855134	-0.3839685528372029	0.21974226567587926	-0.21155681395535506	0.13424818497186766	-0.16407637320134966
-0.12325249335176786	0.09143890996361172	-0.10969049407357634	0.08421030421376809	-0.056887201107250186	0.12912360114452398	-0.11653131403869572	0.10394545599814796	-0.0794673859239495	0.047827393876319346	-0.3242374843958089	0.2798974477166906	-0.2609944394267598	0.13463136449528634	-0.1764274445472937	0.29043263898514754	-0.6259367357764338	0.2565664082613605	-0.1563364682242176	0.11393702914093552	-0.45411668242536446	0.9999999999999943	-0.24875351293868064	0.17248344699134968	-0.17016413438132036	0.23923199148528979	-0.262180988103188	0.1999013949498917	-0.14093402275135744	0.16228341424334855
0.08231007579457611	-0.06443237827059099	0.07968073647475453	-0.06776682276597425	0.047626376089287235	-0.08639315214003344	0.07717918377142377	-0.07897095351620015	0.06317018928126997	-0.0410241835252918	0.17109059768893634	-0.16967033920477723	0.19095732316676528	-0.16017107823163518	0.19541021568731468	-0.163132519067274	0.17015576414806916	-0.27409584499172207	0.19410261902179654	-0.14567621473910367	0.18529616557602116	-0.24875351293868064	0.9999999999999931	-0.6973430701756892	0.21002092947161413	-0.25757180634972904	0.20873766399387414	-0.39148853940355893	0.28147171987110137	-0.3107191447165387
-0.07625753580370137	0.059013452033529035	-0.07506538964057372	0.06414708863783077	-0.048186413052784725	0.07736559659061307	-0.0700408130185535	0.07278977118334562	-0.06110409527940834	0.04146933052609479	-0.15236184530650723	0.1373652775293061	-0.17026145211741636	0.17468412817301937	-0.23573358494032254	0.1313676910707907	-0.13567294460589494	0.19095389408969296	-0.2614665840241645	0.1716740060702178	-0.15825885169884601	0.17248344699134968	-0.6973430701756892	0.9999999999999946	-0.26801236817447605	0.1879083867798079	-0.17481444636249804	0.27197631046807524	-0.45265314748306795	0.28403416154023775
0.07548238984876147	-0.0616321844145958	0.07752336998326192	-0.07410423428664846	0.05358495446572481	-0.07998460068425395	0.0716938513910123	-0.08036945634044677	0.06881656993449017	-0.048251312123100645	0.1397591467744951	-0.14187193656267133	0.1585688803140649	-0.2644848402465441	0.2846080455374552	-0.13519296592580077	0.12771053280407924	-0.19568984121132516	0.28469429211062547	-0.6521614392238556	0.14574430797855134	-0.17016413438132036	0.21002092947161413	-0.26801236817447605	0.9999999999999942	-0.21528351710782573	0.15863988699291298	-0.2597216090397657	0.2198483625868527	-0.42977108047126356
-0.09493256486407334	0.07090442469033124	-0.0885854959605067	0.07062004052863124	-0.051285267188403136	0.09623156912296327	-0.08539687809374391	0.08264450189319893	-0.06649048990708835	0.04330352748705236	-0.21486670052556173	0.1669303358594827	-0.17347744469304643	0.13669149684584658	-0.20620033388946252	0.20883825318818916	-0.18021417347753674	0.17769311491530287	-0.1701675262451074	0.13110477040454194	-0.3839685528372029	0.23923199148528979	-0.25757180634972904	0.1879083867798079	-0.21528351710782573	0.9999999999999941	-0.7035706292096715	0.28939471761715796	-0.2033256120996691	0.19383986163083872
0.06905654632495174	-0.05253256776461193	0.06475814163749338	-0.052551930986617056	0.03742451973050037	-0.07175692455385134	0.06357359247620854	-0.06190613021313428	0.04917740216745234	-0.03178564515024212	0.15503085013963	-0.137325458177707	0.1341998521962223	-0.1036947229567908	0.1486810975800893	-0.1626255594081989	0.15351715184290812	-0.14753409411581875	0.12745993057476135	-0.09896489941856529	0.21974226567587926	-0.262180988103188	0.20873766399387414	-0.17481444636249804	0.15863988699291298	-0.7035706292096715	0.9999999999999942	-0.530033468003671	0.19824198659803813	-0.19696342350635038
-0.08565500481381277	0.06495967874688122	-0.08260697383549036	0.06799225112135004	-0.05115404611037197	0.08581701921089219	-0.07720671590141003	0.07786758023075091	-0.0643944507475937	0.04349390827614813	-0.17697346520318974	0.14764162206855663	-0.1686852321722443	0.15345537971024073	-0.2342428096392368	0.15499456083036875	-0.15209797062304778	0.17762912686690885	-0.1979645292698803	0.15413033559825734	-0.21155681395535506	0.1999013949498917	-0.39148853940355893	0.27197631046807524	-0.2597216090397657	0.28939471761715796	-0.530033468003671	0.9999999999999947	-0.4865913072733178	0.2811190502964719
0.059782264520582024	-0.046206678673834115	0.05860151619097703	-0.04990840139205091	0.037432674244413544	-0.06078424878339343	0.054674054024212215	-0.056574631729910625	0.04714694848040897	-0.032178905257268214	0.11981543683946519	-0.10703729974916801	0.12233049740567359	-0.12721961237360296	0.18012607917296003	-0.1088346130952132	0.10499655226625508	-0.13672700921240347	0.16515742545487422	-0.13490308863446587	0.13424818497186766	-0.14093402275135744	0.28147171987110137	-0.45265314748306795	0.2198483625868527	-0.2033256120996691	0.19824198659803813	-0.4865913072733178	0.9999999999999951	-0.6399951241189537
-0.08225373334511993	0.06351632765775599	-0.08207978624637347	0.07064743157175934	-0.05569989609226836	0.08199858247753601	-0.07441299469581693	0.07851813085757794	-0.06740117713127301	0.047895725220105885	-0.15697632807430162	0.13599516663245315	-0.16398477458464378	0.19063691405394917	-0.3035711699938227	0.1328557788250831	-0.12934732951649497	0.1734366499243129	-0.2577582961020236	0.21823343686516716	-0.16407637320134966	0.16228341424334855	-0.3107191447165387	0.28403416154023775	-0.42977108047126356	0.19383986163083872	-0.19696342350635038	0.2811190502964719	-0.6399951241189537	0.9999999999999947
