1.0	-0.5610683989171139	0.061656913420291504	-0.01934435238912941	0.018894421522037883	-0.7579479449436004	0.31468490604993055	-0.06441017122825587	0.0399631730103886	-0.031080262535316653	0.06622442151482039	-0.08553627709032517	0.06862285580372351	-0.04422915499341622	0.039191416351789646	-0.054059924603884646	0.05031591280945446	-0.05127963510331094	0.03594877035262093	-0.04171318421113779	0.05559159279714923	-0.03637308665497626	0.03814263753532694	-0.02887278522618815	0.02737492156401157	-0.02823117125849586	0.02934246271298391	-0.02880236195026694	0.03304164081730925	-0.026515939924778787	0.020838770730176277	-0.02512717052645919	0.02701313793668118	-0.0259344330841493	0.0202632747041016	-0.019327926366963444	0.01974791981633496	-0.02137066488810076	0.029668640227686928	-0.018643762431838677	0.022733239332751176	-0.019131943495996784	0.01787147606373383	-0.01782695996874576	0.025149177879880767
-0.5610683989171139	1.0	-0.08381254593020154	0.02539207561584378	-0.024862642609295785	0.3221987099403364	-0.7379626045770694	0.08858078134453383	-0.054543019281460096	0.040982214716545784	-0.09808158984041261	0.12261223374037584	-0.09798972518376707	0.057592510229595426	-0.051880027065854505	0.0720755751364221	-0.0686128210166571	0.0671415021263281	-0.04710651889161818	0.053780665160195223	-0.07491347758481895	0.04823063725218508	-0.05038088234806846	0.03776500706470957	-0.03574962765447116	0.03686281125684733	-0.03857321589053987	0.03764069099698614	-0.04319874575572072	0.03447794243426334	-0.027198468548201297	0.03266084589243598	-0.035258287438832935	0.03375385166397343	-0.0263633675353812	0.025090495013828897	-0.025671339173164966	0.027739733449786984	-0.038603056086977595	0.024218214799961883	-0.029547674493207127	0.024815782110129594	-0.02321630735204056	0.02316043975985145	-0.03268995833951499
0.061656913420291504	-0.08381254593020154	1.0000000000000002	-0.17647363844516362	0.14537183021619016	-0.08402526360948669	0.09233982619555553	-0.3008641816466415	0.18132132620261684	-0.16298560563474582	0.1294812797277124	-0.16271172087100427	0.2137787295448541	-0.22566544580488632	0.18762791818681532	-0.15987240115608878	0.16128729382528853	-0.211528018690925	0.16382141907207878	-0.21331473805490295	0.18402800166156455	-0.13531094658545637	0.150798924310323	-0.12515956605173856	0.1208156711343285	-0.12051788790667323	0.11955175401712688	-0.12313633124022931	0.14312987292317872	-0.12067687673394673	0.09022699278668866	-0.11237695549101448	0.11784380527704225	-0.11623130289151862	0.09168653642953449	-0.08822686732591997	0.0891749387514518	-0.09793136468853073	0.13444978922871018	-0.08542573455142935	0.10339496797912018	-0.0882294415714591	0.08160485569934332	-0.08182343065814213	0.11536032723260137
-0.01934435238912941	0.02539207561584378	-0.17647363844516362	0.9999999999999996	-0.9309374649172713	0.026764161281685975	-0.030679677181829734	0.11476432013098248	-0.16963996735428355	0.18569374980936235	-0.04970683632990678	0.05965013593060073	-0.0960540956236063	0.12854131475571262	-0.1928624153197017	0.05767746872545034	-0.06171821301826692	0.07941117829525718	-0.07575809986002861	0.08706130720145523	-0.06911943609401407	0.05035555184347894	-0.05750763594687883	0.048721245793728434	-0.04692727647822641	0.0423663098188269	-0.043444679152296446	0.04441874318057565	-0.05433242689533964	0.045079393111266394	-0.03174031387298233	0.03898259311148975	-0.04247059392390643	0.041752503738738275	-0.03324987284884583	0.030339179192985538	-0.031025812035327928	0.034011634198226386	-0.047869896343864356	0.030667449402769786	-0.03577530561762651	0.030403963814989624	-0.028448324449669597	0.028780546570895026	-0.04063379760347803
0.018894421522037883	-0.024862642609295785	0.14537183021619016	-0.9309374649172713	0.9999999999999991	-0.02642912097551054	0.029967741726862448	-0.11561884482579239	0.153403232759825	-0.23170652019122645	0.04847546678253919	-0.0589712629921483	0.09148913120721433	-0.13324912390132193	0.17182236994419728	-0.057185839704384754	0.06067927079751698	-0.07968262612705941	0.07535917024639835	-0.08896326969700308	0.0673444267464618	-0.04961174287845795	0.05639308282638083	-0.048296396691446065	0.04639380070414398	-0.04188750131522193	0.04273060101906771	-0.04384131512888507	0.05339722126280626	-0.04477070336710079	0.031284571565691345	-0.03856605079398653	0.041734887213255384	-0.0411670109800642	0.03269770322826689	-0.029946947516269303	0.030565384193858538	-0.033552746007976954	0.04688706237861086	-0.030244901537596874	0.035151870871485275	-0.030005293771324555	0.027985149826183157	-0.02825421773043571	0.039771715039863875
-0.7579479449436004	0.3221987099403364	-0.08402526360948669	0.026764161281685975	-0.02642912097551054	0.9999999999999992	-0.5315341799898539	0.08935917095610962	-0.057007697653741064	0.04360978458564943	-0.09942261584283955	0.11961748171755894	-0.10049613498248194	0.06164356591126026	-0.056074005653050034	0.07656174465325224	-0.0733210955476324	0.07215946329179115	-0.05100261396099954	0.05833048007257061	-0.08190478640303862	0.05252400547720158	-0.05528693290015921	0.04137261967940819	-0.03927676575183134	0.0404600675194524	-0.042365727580227164	0.04135744823648949	-0.04760969377458067	0.03787322194721467	-0.029953384552239355	0.03592962598679139	-0.03891936289523406	0.037222486040230596	-0.029147927377516508	0.027680354214731806	-0.028345923481958107	0.030620215419911057	-0.04280169524851905	0.02674524823300213	-0.0327042589029518	0.02739554191719697	-0.02567577130705091	0.025655867086600274	-0.03628689219441511
0.31468490604993055	-0.7379626045770694	0.09233982619555553	-0.030679677181829734	0.029967741726862448	-0.5315341799898539	0.9999999999999998	-0.12224804732403846	0.0678780163136143	-0.05117707462605583	0.12038386300998409	-0.18968563102028704	0.1211664405430184	-0.07214236728456436	0.06313497973405924	-0.09252544870347963	0.08377312779880294	-0.084217516614725	0.05790195839240687	-0.0664997499099654	0.08948891803403668	-0.05878937383753245	0.06075700349399609	-0.04591010485669461	0.04331154497799016	-0.04480159778395863	0.04661999264152027	-0.04564521751618743	0.052119833513517254	-0.041884372186036155	0.03289096387874057	-0.03964794719796877	0.042504411800257616	-0.040800018651059346	0.03176000232693279	-0.030349169359323767	0.0309958279878624	-0.03352766995340041	0.04633396535835931	-0.029240000066097317	0.03556052973222302	-0.02999829988323953	0.02797942630479769	-0.027849486576393474	0.03919286468088487
-0.06441017122825587	0.08858078134453383	-0.3008641816466415	0.11476432013098248	-0.11561884482579239	0.08935917095610962	-0.12224804732403846	0.9999999999999986	-0.46376056515970826	0.220840186366401	-0.17765265752693854	0.21217148262385516	-0.6441398327099348	0.2591067800968441	-0.25957176720568975	0.16806369057998366	-0.1797738769725527	0.21825277228839213	-0.1781934474251252	0.18665074724067254	-0.19396817911088948	0.13395786510356084	-0.14956970522161936	0.11871653824784346	-0.1135613443497016	0.10571539555877262	-0.111049997012234	0.11070748791988462	-0.13398756712170717	0.10743993129524027	-0.07893161030504434	0.09534470801877573	-0.10528435715997357	0.10186338021667887	-0.08083835174718369	0.07377345201092574	-0.07584970071353875	0.08250317145853676	-0.11725085798539911	0.07397258222813004	-0.08748055625642741	0.07358407816448048	-0.06929569396587987	0.07002838010261232	-0.09923330563715034
0.0399631730103886	-0.054543019281460096	0.18132132620261684	-0.16963996735428355	0.153403232759825	-0.057007697653741064	0.0678780163136143	-0.46376056515970826	0.9999999999999976	-0.550435220733782	0.10866287467803268	-0.13545053397874685	0.23845280562108845	-0.5111582242097842	0.31399960856435327	-0.12337966617768209	0.13267722362839174	-0.17993660958675137	0.1933597217162679	-0.20577132493332195	0.14127581670433825	-0.10516991796289053	0.12001292984635843	-0.10631814042330677	0.10037926705485832	-0.08491611368211244	0.0880763171697985	-0.09019763992955862	0.11285426768000456	-0.09459864069557002	0.063031611524358	-0.07727203240640099	0.08505122389768999	-0.08404738285004378	0.06683222581366094	-0.05938067406676016	0.060935584475420905	-0.0669001372900722	0.09415920604894534	-0.061591956848536376	0.069537855747432	-0.05952057471055648	0.05572286795923322	-0.056434694921303985	0.07919073941130497
-0.031080262535316653	0.040982214716545784	-0.16298560563474582	0.18569374980936235	-0.23170652019122645	0.04360978458564943	-0.05117707462605583	0.220840186366401	-0.550435220733782	0.9999999999999986	-0.08647203402299629	0.10310654587754786	-0.18420404702490584	0.2740119696708249	-0.6947467159052783	0.09759583804698836	-0.1065327849510566	0.13794679171642701	-0.14633701870103402	0.15769927638919723	-0.11666470456677469	0.08544476196634025	-0.0983205854549432	0.08492203777479163	-0.08144688245275185	0.06999682379427037	-0.07264395037316446	0.07420092378480136	-0.09279765705114017	0.07691261023761456	-0.05227550232138869	0.0639619775299791	-0.07060302555355796	0.06951022757615859	-0.05546580907917124	0.04945137648321729	-0.05077463980633832	0.05568691268714748	-0.07884806787351982	0.051016617222178054	-0.05823572325938637	0.04959808601755157	-0.04654276933947643	0.04721713720070578	-0.0665294594224399
0.06622442151482039	-0.09808158984041261	0.1294812797277124	-0.04970683632990678	0.04847546678253919	-0.09942261584283955	0.12038386300998409	-0.17765265752693854	0.10866287467803268	-0.08647203402299629	0.9999999999999983	-0.6974824088853435	0.22454604570929013	-0.13754586241074163	0.10649751506875327	-0.5531915869757711	0.22935106704102115	-0.20821816700486834	0.11976083704285793	-0.13927815512962566	0.22511349623906568	-0.14916009183344306	0.1351214428319552	-0.09976652316292205	0.0909393574802145	-0.10322544932267796	0.10544689773499615	-0.10187243055985222	0.10904360181860209	-0.08894793092552379	0.0725273479526758	-0.08783671435210692	0.09020342827811346	-0.08648118883232601	0.0652185530652862	-0.0651258365586832	0.06592379432625853	-0.07103083452170923	0.09378181588185933	-0.06059094467937654	0.07400626825490017	-0.06356855778844465	0.05831440367859825	-0.05681853030447464	0.07854191114495288
-0.08553627709032517	0.12261223374037584	-0.16271172087100427	0.05965013593060073	-0.0589712629921483	0.11961748171755894	-0.18968563102028704	0.21217148262385516	-0.13545053397874685	0.10310654587754786	-0.6974824088853435	0.9999999999999979	-0.40865506966808657	0.15575779716080784	-0.13150380925142421	0.29075149862815614	-0.2768297730699242	0.21908413307430322	-0.13753840956154395	0.15321695784125183	-0.2619449436203172	0.16260823364478613	-0.15887920031812017	0.11394826758638578	-0.10580376017480966	0.11373606025565886	-0.1209431331200968	0.11503749261444708	-0.1281405766722083	0.10153413206766611	-0.08242546829536374	0.09803700520327731	-0.10496979353190898	0.09959052672230642	-0.07653405158664957	0.07402271629497671	-0.07569852275641402	0.08133250862539879	-0.11134226163226338	0.07035444009126482	-0.08624131205504582	0.07264336874789247	-0.06767908033923242	0.06681079235896718	-0.09360465614710584
0.06862285580372351	-0.09798972518376707	0.2137787295448541	-0.0960540956236063	0.09148913120721433	-0.10049613498248194	0.1211664405430184	-0.6441398327099348	0.23845280562108845	-0.18420404702490584	0.22454604570929013	-0.40865506966808657	0.9999999999999959	-0.27125396400363005	0.19460899018096156	-0.23263671365864316	0.2188470994865268	-0.33908694481685203	0.18713195551796508	-0.2119922087477007	0.20752636556977427	-0.15344663615289372	0.1597264240234375	-0.1282260773352046	0.11971358190773272	-0.11695285110310964	0.12031608262872574	-0.12049720617310952	0.13942213125540628	-0.11557386372184715	0.08500424753901302	-0.10416475003196402	0.11058423824189056	-0.10788010349903525	0.08366292890314297	-0.07893803148636097	0.08037724272523397	-0.08760784616912115	0.11940657977046958	-0.07750988272657103	0.09113386842907922	-0.0782486594469836	0.07245253942949582	-0.07205272004996958	0.10042815332482444
-0.04422915499341622	0.057592510229595426	-0.22566544580488632	0.12854131475571262	-0.13324912390132193	0.06164356591126026	-0.07214236728456436	0.2591067800968441	-0.5111582242097842	0.2740119696708249	-0.13754586241074163	0.15575779716080784	-0.27125396400363005	0.9999999999999951	-0.44676544754534886	0.1573737133900574	-0.18739500244185248	0.23400456929013433	-0.45717210862923097	0.27998485657843275	-0.20546232979168744	0.1512768352065618	-0.18466509546606297	0.16678173141344915	-0.1577801952142106	0.12124141186350039	-0.12929734458925607	0.1321832276355759	-0.17770330846890908	0.14049543126632374	-0.09139690779402518	0.11066369462700958	-0.1272948194109419	0.12508888168205196	-0.10109596495240912	0.08584179526791906	-0.08901654246341108	0.09766256280308049	-0.14273729455961978	0.0916837722839744	-0.10232546429807562	0.08647564959021628	-0.08224327464403405	0.08452055335032818	-0.1198821877195475
0.039191416351789646	-0.051880027065854505	0.18762791818681532	-0.1928624153197017	0.17182236994419728	-0.056074005653050034	0.06313497973405924	-0.25957176720568975	0.31399960856435327	-0.6947467159052783	0.10649751506875327	-0.13150380925142421	0.19460899018096156	-0.44676544754534886	0.9999999999999964	-0.1297735720509693	0.13912803013287384	-0.19359721148990405	0.2024485360139778	-0.25066850783395134	0.14864047708319486	-0.11368629368079283	0.12950881865237993	-0.1172321982163649	0.11187951048891615	-0.09434580528609954	0.09636209668059492	-0.09982337287833314	0.12396562236657432	-0.10723630149975082	0.06979300109245687	-0.08645415205932838	0.09370204338224279	-0.09348589542903431	0.0741752255195597	-0.06629641187224894	0.06772599323954466	-0.07468043504024914	0.10352788646495992	-0.06889487060697794	0.07692352007209766	-0.06653460914096793	0.061832246705617364	-0.06241227819706706	0.08702324262032846
-0.054059924603884646	0.0720755751364221	-0.15987240115608878	0.05767746872545034	-0.057185839704384754	0.07656174465325224	-0.09252544870347963	0.16806369057998366	-0.12337966617768209	0.09759583804698836	-0.5531915869757711	0.29075149862815614	-0.23263671365864316	0.1573737133900574	-0.1297735720509693	0.9999999999999967	-0.466183832361071	0.2621435253766845	-0.15682658266929556	0.1757370977199422	-0.47709492334995046	0.2381016037088212	-0.21030215254521226	0.14256876075867897	-0.1291019568746253	0.15205971509335636	-0.16190726672275996	0.14892592812510114	-0.15754151019193904	0.12435437613855362	-0.1069640332444144	0.12558881461714116	-0.1313458221135339	0.12334120988219267	-0.09270014184222845	0.09286361963413771	-0.0945711690954315	0.10083530035162609	-0.134339758638754	0.08549939679468183	-0.10644115654450113	0.09007991374805635	-0.0832180898023214	0.08086126165826005	-0.11219620584749304
0.05031591280945446	-0.0686128210166571	0.16128729382528853	-0.06171821301826692	0.06067927079751698	-0.0733210955476324	0.08377312779880294	-0.1797738769725527	0.13267722362839174	-0.1065327849510566	0.22935106704102115	-0.2768297730699242	0.2188470994865268	-0.18739500244185248	0.13912803013287384	-0.466183832361071	0.9999999999999987	-0.589490786628263	0.204864086527043	-0.22937496987720998	0.3021622840161773	-0.4118507621486018	0.24590195301971898	-0.1752467887033012	0.149532954213864	-0.17311636467308178	0.187885721150899	-0.1789090302818939	0.17734625567652218	-0.14649181043815512	0.11733270487073186	-0.14399274039538468	0.14623073636304773	-0.14029734144788425	0.1025681476009204	-0.10319952556881906	0.10442878187367936	-0.11275252872051503	0.14466030566231355	-0.09587692182608565	0.11467058941987528	-0.10028317245842405	0.09125352347033766	-0.08793087338280901	0.11970081384354397
-0.05127963510331094	0.0671415021263281	-0.211528018690925	0.07941117829525718	-0.07968262612705941	0.07215946329179115	-0.084217516614725	0.21825277228839213	-0.17993660958675137	0.13794679171642701	-0.20821816700486834	0.21908413307430322	-0.33908694481685203	0.23400456929013433	-0.19359721148990405	0.2621435253766845	-0.589490786628263	0.999999999999997	-0.3715466641434646	0.2703527925923263	-0.31917693764388017	0.2584867643985499	-0.28993329785384114	0.2033827334471937	-0.18823887713352255	0.16995831987410628	-0.19257652551525484	0.18433478558050947	-0.22227917790038035	0.1704324059652427	-0.1255917038193117	0.14932286694443	-0.1694785860846404	0.1611892944982462	-0.1259436854697657	0.11327938831685075	-0.11743219327015376	0.12702080150821424	-0.18058011165118076	0.11431424712908958	-0.1336815435716514	0.11246314512316276	-0.10636782538700049	0.10700839342610041	-0.15078178495752734
0.03594877035262093	-0.04710651889161818	0.16382141907207878	-0.07575809986002861	0.07535917024639835	-0.05100261396099954	0.05790195839240687	-0.1781934474251252	0.1933597217162679	-0.14633701870103402	0.11976083704285793	-0.13753840956154395	0.18713195551796508	-0.45717210862923097	0.2024485360139778	-0.15682658266929556	0.204864086527043	-0.3715466641434646	0.9999999999999976	-0.6672016012905566	0.19557496807777497	-0.1673088646909664	0.20635379749877106	-0.27768223128391695	0.20541065677418305	-0.12661845495917576	0.13521395593549884	-0.14446986696421465	0.20531047905942315	-0.1793399373569815	0.09321440389396216	-0.11473300379545587	0.13267201017880645	-0.1363898803517526	0.10871788589872136	-0.08665084935966304	0.08984964446651995	-0.0999959750912954	0.1430829741038211	-0.09991073095061577	0.10049486650564644	-0.08766138479618871	0.0825948922222152	-0.08504579219191785	0.11763759188785955
-0.04171318421113779	0.053780665160195223	-0.21331473805490295	0.08706130720145523	-0.08896326969700308	0.05833048007257061	-0.0664997499099654	0.18665074724067254	-0.20577132493332195	0.15769927638919723	-0.13927815512962566	0.15321695784125183	-0.2119922087477007	0.27998485657843275	-0.25066850783395134	0.1757370977199422	-0.22937496987720998	0.2703527925923263	-0.6672016012905566	0.9999999999999991	-0.2514536159632968	0.19391762144101307	-0.25524519050899575	0.24860840259074155	-0.3068011079913195	0.15510419043403684	-0.1694878563780149	0.17628218188185527	-0.2651001929795097	0.21649207727757605	-0.1181030956941024	0.14252573088524997	-0.17256842980166648	0.17203131792854134	-0.14603262210298856	0.11067794537133717	-0.11623464490039023	0.128569261314	-0.19640769150261467	0.12917793611933936	-0.13282856442945618	0.11274962114968407	-0.1088249228942918	0.11458558042324253	-0.16308492776120387
0.05559159279714923	-0.07491347758481895	0.18402800166156455	-0.06911943609401407	0.0673444267464618	-0.08190478640303862	0.08948891803403668	-0.19396817911088948	0.14127581670433825	-0.11666470456677469	0.22511349623906568	-0.2619449436203172	0.20752636556977427	-0.20546232979168744	0.14864047708319486	-0.47709492334995046	0.3021622840161773	-0.31917693764388017	0.19557496807777497	-0.2514536159632968	0.9999999999999991	-0.49735046582914394	0.27698210774762844	-0.20565641226373896	0.17206471419130073	-0.2925000016786835	0.24535082032935165	-0.23471798016077963	0.2081177250188448	-0.17831676139312555	0.1713840302318808	-0.2095359993923015	0.1855834241106112	-0.17840606262070985	0.12479880601936552	-0.1449791839383777	0.14187959744610895	-0.1507086133088353	0.17666211750592484	-0.11898609258893675	0.15220045920245467	-0.13599988281279848	0.1192743910687774	-0.10993154253409594	0.14600990741176564
-0.03637308665497626	0.04823063725218508	-0.13531094658545637	0.05035555184347894	-0.04961174287845795	0.05252400547720158	-0.05878937383753245	0.13395786510356084	-0.10516991796289053	0.08544476196634025	-0.14916009183344306	0.16260823364478613	-0.15344663615289372	0.1512768352065618	-0.11368629368079283	0.2381016037088212	-0.4118507621486018	0.2584867643985499	-0.1673088646909664	0.19391762144101307	-0.49735046582914394	0.9999999999999974	-0.5468787834689526	0.2192420177987677	-0.17605599582046638	0.2195900291017743	-0.3694044991780075	0.24335073815987357	-0.21592737466467676	0.1638589152189049	-0.14624366171678133	0.17041694926308074	-0.18150608611893723	0.16273366394669758	-0.11313645170408619	0.1170640009582179	-0.12014670258632626	0.12719135613173826	-0.15897656013740122	0.1050924972459419	-0.1286326262968966	0.11193182149581961	-0.10210722030962419	0.09594084636763991	-0.12873561468259392
0.03814263753532694	-0.05038088234806846	0.150798924310323	-0.05750763594687883	0.05639308282638083	-0.05528693290015921	0.06075700349399609	-0.14956970522161936	0.12001292984635843	-0.0983205854549432	0.1351214428319552	-0.15887920031812017	0.1597264240234375	-0.18466509546606297	0.12950881865237993	-0.21030215254521226	0.24590195301971898	-0.28993329785384114	0.20635379749877106	-0.25524519050899575	0.27698210774762844	-0.5468787834689526	0.9999999999999978	-0.47509900596163834	0.23626315660799355	-0.2194100423404022	0.2525250226873571	-0.3409658015514135	0.2713859472427167	-0.2349087684165675	0.14644490481239	-0.18441194439116243	0.20889664910759115	-0.20683798271005757	0.1380344607692627	-0.1277693725631505	0.13082938844638803	-0.14643021901468717	0.18170683507267657	-0.13146709391815942	0.13786299865931956	-0.12623521186265302	0.11473229623812431	-0.11083370886935351	0.1448454782161089
-0.02887278522618815	0.03776500706470957	-0.12515956605173856	0.048721245793728434	-0.048296396691446065	0.04137261967940819	-0.04591010485669461	0.11871653824784346	-0.10631814042330677	0.08492203777479163	-0.09976652316292205	0.11394826758638578	-0.1282260773352046	0.16678173141344915	-0.1172321982163649	0.14256876075867897	-0.1752467887033012	0.2033827334471937	-0.27768223128391695	0.24860840259074155	-0.20565641226373896	0.2192420177987677	-0.47509900596163834	0.9999999999999977	-0.5220957364873959	0.15203496287378598	-0.17441361603591046	0.20500304988449983	-0.5172684489418365	0.2952531540140485	-0.10992798691544461	0.13694197615005743	-0.18027370211065377	0.19759521019268553	-0.14903964665438113	0.09957907029173176	-0.10498870206923823	0.12037381117457996	-0.17580402582755358	0.1334428821557602	-0.1119277643435287	0.10235157857315075	-0.09707053456488007	0.10191228492131658	-0.13556010720165862
0.02737492156401157	-0.03574962765447116	0.1208156711343285	-0.04692727647822641	0.04639380070414398	-0.03927676575183134	0.04331154497799016	-0.1135613443497016	0.10037926705485832	-0.08144688245275185	0.0909393574802145	-0.10580376017480966	0.11971358190773272	-0.1577801952142106	0.11187951048891615	-0.1291019568746253	0.149532954213864	-0.18823887713352255	0.20541065677418305	-0.3068011079913195	0.17206471419130073	-0.17605599582046638	0.23626315660799355	-0.5220957364873959	0.9999999999999977	-0.13947667831983826	0.1463456633921447	-0.17560838463100809	0.3033191701990689	-0.6620815684951019	0.10079238488965646	-0.12879467892995378	0.15697596209479064	-0.18307239357119778	0.18101508205749023	-0.09437195779160586	0.0988288091928919	-0.11540292508567444	0.1692679891493497	-0.16961347647922917	0.10502283561147381	-0.09854012307371882	0.09254125811099302	-0.1010337879803732	0.1324477426254818
-0.02823117125849586	0.03686281125684733	-0.12051788790667323	0.0423663098188269	-0.04188750131522193	0.0404600675194524	-0.04480159778395863	0.10571539555877262	-0.08491611368211244	0.06999682379427037	-0.10322544932267796	0.11373606025565886	-0.11695285110310964	0.12124141186350039	-0.09434580528609954	0.15205971509335636	-0.17311636467308178	0.16995831987410628	-0.12661845495917576	0.15510419043403684	-0.2925000016786835	0.2195900291017743	-0.2194100423404022	0.15203496287378598	-0.13947667831983826	1.0000000000000013	-0.5207610905141485	0.2566926427109443	-0.19444725084290712	0.1434208635600174	-0.5744579177336524	0.2989074566303328	-0.2359882916729376	0.18075816737660055	-0.12466204520448368	0.21416657948867296	-0.20761611889137524	0.17683971969329412	-0.19719628828175656	0.11481888038059465	-0.23601733202675867	0.16654928854795994	-0.14847665139612223	0.12107748914063364	-0.16439233029387296
0.02934246271298391	-0.03857321589053987	0.11955175401712688	-0.043444679152296446	0.04273060101906771	-0.042365727580227164	0.04661999264152027	-0.111049997012234	0.0880763171697985	-0.07264395037316446	0.10544689773499615	-0.1209431331200968	0.12031608262872574	-0.12929734458925607	0.09636209668059492	-0.16190726672275996	0.187885721150899	-0.19257652551525484	0.13521395593549884	-0.1694878563780149	0.24535082032935165	-0.3694044991780075	0.2525250226873571	-0.17441361603591046	0.1463456633921447	-0.5207610905141485	0.999999999999995	-0.5587491785559238	0.2043070459863112	-0.15606920854883022	0.24248617081412546	-0.3040351878963884	0.24956321307637414	-0.20315391366947827	0.12056757847378495	-0.16917080986976452	0.17030932744453495	-0.17161936437637507	0.17973148351098658	-0.11423824808132543	0.1704094479316978	-0.15096965055284944	0.13153756487706775	-0.11147458349042771	0.14442592356267564
-0.02880236195026694	0.03764069099698614	-0.12313633124022931	0.04441874318057565	-0.04384131512888507	0.04135744823648949	-0.04564521751618743	0.11070748791988462	-0.09019763992955862	0.07420092378480136	-0.10187243055985222	0.11503749261444708	-0.12049720617310952	0.1321832276355759	-0.09982337287833314	0.14892592812510114	-0.1789090302818939	0.18433478558050947	-0.14446986696421465	0.17628218188185527	-0.23471798016077963	0.24335073815987357	-0.3409658015514135	0.20500304988449983	-0.17560838463100809	0.2566926427109443	-0.5587491785559238	0.9999999999999968	-0.29931157611557535	0.18367861645477862	-0.19201091748092097	0.21876451354003987	-0.5194088687643785	0.26361172585773973	-0.15035062847955533	0.1490431853116687	-0.16576682340644405	0.18490811200247947	-0.2278135298501735	0.1371384887287267	-0.16947896551230976	0.14847417349419986	-0.14656719608864713	0.13176186578470034	-0.17365156719727537
0.03304164081730925	-0.04319874575572072	0.14312987292317872	-0.05433242689533964	0.05339722126280626	-0.04760969377458067	0.052119833513517254	-0.13398756712170717	0.11285426768000456	-0.09279765705114017	0.10904360181860209	-0.1281405766722083	0.13942213125540628	-0.17770330846890908	0.12396562236657432	-0.15754151019193904	0.17734625567652218	-0.22227917790038035	0.20531047905942315	-0.2651001929795097	0.2081177250188448	-0.21592737466467676	0.2713859472427167	-0.5172684489418365	0.3033191701990689	-0.19444725084290712	0.2043070459863112	-0.29931157611557535	0.9999999999999973	-0.47374191165404994	0.13863347196609435	-0.18095096261697502	0.24645362223416617	-0.3901564060034535	0.19847065708595266	-0.12876907912356922	0.1358547320280783	-0.16319124974587707	0.2301775123653476	-0.190948361569039	0.14023858987752463	-0.13533823544059043	0.1267142144664302	-0.13611816647636388	0.1700506111783667
-0.026515939924778787	0.03447794243426334	-0.12067687673394673	0.045079393111266394	-0.04477070336710079	0.03787322194721467	-0.041884372186036155	0.10743993129524027	-0.09459864069557002	0.07691261023761456	-0.08894793092552379	0.10153413206766611	-0.11557386372184715	0.14049543126632374	-0.10723630149975082	0.12435437613855362	-0.14649181043815512	0.1704324059652427	-0.1793399373569815	0.21649207727757605	-0.17831676139312555	0.1638589152189049	-0.2349087684165675	0.2952531540140485	-0.6620815684951019	0.1434208635600174	-0.15606920854883022	0.18367861645477862	-0.47374191165404994	0.9999999999999973	-0.10774394846300683	0.1356811576122508	-0.18545293312427366	0.21488971961538111	-0.31789019087506704	0.10173223652790186	-0.10939633051807839	0.12911042235573186	-0.21944865522754092	0.21044717951137207	-0.11639169324583318	0.1088441728084911	-0.10645180489076571	0.1235582395622499	-0.1680193010532692
0.020838770730176277	-0.027198468548201297	0.09022699278668866	-0.03174031387298233	0.031284571565691345	-0.029953384552239355	0.03289096387874057	-0.07893161030504434	0.063031611524358	-0.05227550232138869	0.0725273479526758	-0.08242546829536374	0.08500424753901302	-0.09139690779402518	0.06979300109245687	-0.1069640332444144	0.11733270487073186	-0.1255917038193117	0.09321440389396216	-0.1181030956941024	0.1713840302318808	-0.14624366171678133	0.14644490481239	-0.10992798691544461	0.10079238488965646	-0.5744579177336524	0.24248617081412546	-0.19201091748092097	0.13863347196609435	-0.10774394846300683	0.9999999999999931	-0.6130455250826505	0.1771729928990511	-0.14360162448836988	0.09372936281012953	-0.3549867516610223	0.24068413338868963	-0.18159209505751903	0.15078169126907207	-0.08908305849056491	0.24005944267562768	-0.18392827488128594	0.14235454117429314	-0.09958809742405117	0.12805735493890563
-0.02512717052645919	0.03266084589243598	-0.11237695549101448	0.03898259311148975	-0.03856605079398653	0.03592962598679139	-0.03964794719796877	0.09534470801877573	-0.07727203240640099	0.0639619775299791	-0.08783671435210692	0.09803700520327731	-0.10416475003196402	0.11066369462700958	-0.08645415205932838	0.12558881461714116	-0.14399274039538468	0.14932286694443	-0.11473300379545587	0.14252573088524997	-0.2095359993923015	0.17041694926308074	-0.18441194439116243	0.13694197615005743	-0.12879467892995378	0.2989074566303328	-0.3040351878963884	0.21876451354003987	-0.18095096261697502	0.1356811576122508	-0.6130455250826505	0.9999999999999962	-0.26233933677988225	0.18678926636934184	-0.12608565512800152	0.2711854591409408	-0.43684311746266424	0.22998750972581564	-0.20954774468014004	0.11735272184394804	-0.29212797616222325	0.22719588457069462	-0.1941827992271277	0.13421743271646774	-0.17810000647914848
0.02701313793668118	-0.035258287438832935	0.11784380527704225	-0.04247059392390643	0.041734887213255384	-0.03891936289523406	0.042504411800257616	-0.10528435715997357	0.08505122389768999	-0.07060302555355796	0.09020342827811346	-0.10496979353190898	0.11058423824189056	-0.1272948194109419	0.09370204338224279	-0.1313458221135339	0.14623073636304773	-0.1694785860846404	0.13267201017880645	-0.17256842980166648	0.1855834241106112	-0.18150608611893723	0.20889664910759115	-0.18027370211065377	0.15697596209479064	-0.2359882916729376	0.24956321307637414	-0.5194088687643785	0.24645362223416617	-0.18545293312427366	0.1771729928990511	-0.26233933677988225	1.0000000000000013	-0.5936048391272218	0.1682572518986151	-0.16017152287415604	0.18653991031326264	-0.29039230520769505	0.25546318648144883	-0.16372950085530064	0.1706646242082268	-0.17736012052599615	0.1767748629313923	-0.1548897350313205	0.1804092184321333
-0.0259344330841493	0.03375385166397343	-0.11623130289151862	0.041752503738738275	-0.0411670109800642	0.037222486040230596	-0.040800018651059346	0.10186338021667887	-0.08404738285004378	0.06951022757615859	-0.08648118883232601	0.09959052672230642	-0.10788010349903525	0.12508888168205196	-0.09348589542903431	0.12334120988219267	-0.14029734144788425	0.1611892944982462	-0.1363898803517526	0.17203131792854134	-0.17840606262070985	0.16273366394669758	-0.20683798271005757	0.19759521019268553	-0.18307239357119778	0.18075816737660055	-0.20315391366947827	0.26361172585773973	-0.3901564060034535	0.21488971961538111	-0.14360162448836988	0.18678926636934184	-0.5936048391272218	0.9999999999999951	-0.2713994140345505	0.1354580355154693	-0.15763797426383622	0.2041544051427889	-0.4634815690428286	0.21802588821927824	-0.15398769704386173	0.15361813607584113	-0.16262040254923638	0.1929420018011117	-0.23651188973771753
0.0202632747041016	-0.0263633675353812	0.09168653642953449	-0.03324987284884583	0.03269770322826689	-0.029147927377516508	0.03176000232693279	-0.08083835174718369	0.06683222581366094	-0.05546580907917124	0.0652185530652862	-0.07653405158664957	0.08366292890314297	-0.10109596495240912	0.0741752255195597	-0.09270014184222845	0.1025681476009204	-0.1259436854697657	0.10871788589872136	-0.14603262210298856	0.12479880601936552	-0.11313645170408619	0.1380344607692627	-0.14903964665438113	0.18101508205749023	-0.12466204520448368	0.12056757847378495	-0.15035062847955533	0.19847065708595266	-0.31789019087506704	0.09372936281012953	-0.12608565512800152	0.1682572518986151	-0.2713994140345505	0.999999999999997	-0.093963735078219	0.1022602581356671	-0.1335937407832403	0.24670633380531906	-0.8152079881504939	0.10243563055525184	-0.10928942364081112	0.10606053473899897	-0.15234191830064286	0.18090156401356589
-0.019327926366963444	0.025090495013828897	-0.08822686732591997	0.030339179192985538	-0.029946947516269303	0.027680354214731806	-0.030349169359323767	0.07377345201092574	-0.05938067406676016	0.04945137648321729	-0.0651258365586832	0.07402271629497671	-0.07893803148636097	0.08584179526791906	-0.06629641187224894	0.09286361963413771	-0.10319952556881906	0.11327938831685075	-0.08665084935966304	0.11067794537133717	-0.1449791839383777	0.1170640009582179	-0.1277693725631505	0.09957907029173176	-0.09437195779160586	0.21416657948867296	-0.16917080986976452	0.1490431853116687	-0.12876907912356922	0.10173223652790186	-0.3549867516610223	0.2711854591409408	-0.16017152287415604	0.1354580355154693	-0.093963735078219	0.9999999999999998	-0.449538412938244	0.22557900784798907	-0.15972221606447046	0.0905738473030241	-0.7168546589181719	0.2616774946913637	-0.19774823493665156	0.11396140448719869	-0.14388639580053353
0.01974791981633496	-0.025671339173164966	0.0891749387514518	-0.031025812035327928	0.030565384193858538	-0.028345923481958107	0.0309958279878624	-0.07584970071353875	0.060935584475420905	-0.05077463980633832	0.06592379432625853	-0.07569852275641402	0.08037724272523397	-0.08901654246341108	0.06772599323954466	-0.0945711690954315	0.10442878187367936	-0.11743219327015376	0.08984964446651995	-0.11623464490039023	0.14187959744610895	-0.12014670258632626	0.13082938844638803	-0.10498870206923823	0.0988288091928919	-0.20761611889137524	0.17030932744453495	-0.16576682340644405	0.1358547320280783	-0.10939633051807839	0.24068413338868963	-0.43684311746266424	0.18653991031326264	-0.15763797426383622	0.1022602581356671	-0.449538412938244	0.9999999999999964	-0.46143114853753486	0.1803038814103349	-0.10151765770985863	0.30373311112316637	-0.5038357332557966	0.27995401593365854	-0.13883916837298832	0.1611130122229032
-0.02137066488810076	0.027739733449786984	-0.09793136468853073	0.034011634198226386	-0.033552746007976954	0.030620215419911057	-0.03352766995340041	0.08250317145853676	-0.0669001372900722	0.05568691268714748	-0.07103083452170923	0.08133250862539879	-0.08760784616912115	0.09766256280308049	-0.07468043504024914	0.10083530035162609	-0.11275252872051503	0.12702080150821424	-0.0999959750912954	0.128569261314	-0.1507086133088353	0.12719135613173826	-0.14643021901468717	0.12037381117457996	-0.11540292508567444	0.17683971969329412	-0.17161936437637507	0.18490811200247947	-0.16319124974587707	0.12911042235573186	-0.18159209505751903	0.22998750972581564	-0.29039230520769505	0.2041544051427889	-0.1335937407832403	0.22557900784798907	-0.46143114853753486	0.9999999999999971	-0.28055110073589473	0.13306901418638187	-0.285329778668853	0.3199759653223819	-0.6248876136034169	0.2047662810564338	-0.23664472243767226
0.029668640227686928	-0.038603056086977595	0.13444978922871018	-0.047869896343864356	0.04688706237861086	-0.04280169524851905	0.04633396535835931	-0.11725085798539911	0.09415920604894534	-0.07884806787351982	0.09378181588185933	-0.11134226163226338	0.11940657977046958	-0.14273729455961978	0.10352788646495992	-0.134339758638754	0.14466030566231355	-0.18058011165118076	0.1430829741038211	-0.19640769150261467	0.17666211750592484	-0.15897656013740122	0.18170683507267657	-0.17580402582755358	0.1692679891493497	-0.19719628828175656	0.17973148351098658	-0.2278135298501735	0.2301775123653476	-0.21944865522754092	0.15078169126907207	-0.20954774468014004	0.25546318648144883	-0.4634815690428286	0.24670633380531906	-0.15972221606447046	0.1803038814103349	-0.28055110073589473	0.9999999999999967	-0.36390314745678176	0.170090150887356	-0.20493756704173813	0.20793185174748122	-0.4767673675713272	0.30458739212501723
-0.018643762431838677	0.024218214799961883	-0.08542573455142935	0.030667449402769786	-0.030244901537596874	0.02674524823300213	-0.029240000066097317	0.07397258222813004	-0.061591956848536376	0.051016617222178054	-0.06059094467937654	0.07035444009126482	-0.07750988272657103	0.0916837722839744	-0.06889487060697794	0.08549939679468183	-0.09587692182608565	0.11431424712908958	-0.09991073095061577	0.12917793611933936	-0.11898609258893675	0.1050924972459419	-0.13146709391815942	0.1334428821557602	-0.16961347647922917	0.11481888038059465	-0.11423824808132543	0.1371384887287267	-0.190948361569039	0.21044717951137207	-0.08908305849056491	0.11735272184394804	-0.16372950085530064	0.21802588821927824	-0.8152079881504939	0.0905738473030241	-0.10151765770985863	0.13306901418638187	-0.36390314745678176	0.9999999999999962	-0.10190223477203897	0.10850402568792815	-0.11255553767584432	0.17872167729905672	-0.24937085186309604
0.022733239332751176	-0.029547674493207127	0.10339496797912018	-0.03577530561762651	0.035151870871485275	-0.0327042589029518	0.03556052973222302	-0.08748055625642741	0.069537855747432	-0.05823572325938637	0.07400626825490017	-0.08624131205504582	0.09113386842907922	-0.10232546429807562	0.07692352007209766	-0.10644115654450113	0.11467058941987528	-0.1336815435716514	0.10049486650564644	-0.13282856442945618	0.15220045920245467	-0.1286326262968966	0.13786299865931956	-0.1119277643435287	0.10502283561147381	-0.23601733202675867	0.1704094479316978	-0.16947896551230976	0.14023858987752463	-0.11639169324583318	0.24005944267562768	-0.29212797616222325	0.1706646242082268	-0.15398769704386173	0.10243563055525184	-0.7168546589181719	0.30373311112316637	-0.285329778668853	0.170090150887356	-0.10190223477203897	0.9999999999999959	-0.4116712969294686	0.22335278057083216	-0.12897940652753037	0.15223109956707911
-0.019131943495996784	0.024815782110129594	-0.0882294415714591	0.030403963814989624	-0.030005293771324555	0.02739554191719697	-0.02999829988323953	0.07358407816448048	-0.05952057471055648	0.04959808601755157	-0.06356855778844465	0.07264336874789247	-0.0782486594469836	0.08647564959021628	-0.06653460914096793	0.09007991374805635	-0.10028317245842405	0.11246314512316276	-0.08766138479618871	0.11274962114968407	-0.13599988281279848	0.11193182149581961	-0.12623521186265302	0.10235157857315075	-0.09854012307371882	0.16654928854795994	-0.15096965055284944	0.14847417349419986	-0.13533823544059043	0.1088441728084911	-0.18392827488128594	0.22719588457069462	-0.17736012052599615	0.15361813607584113	-0.10928942364081112	0.2616774946913637	-0.5038357332557966	0.3199759653223819	-0.20493756704173813	0.10850402568792815	-0.4116712969294686	0.9999999999999963	-0.6021190113548076	0.1781789123575362	-0.2112382474117892
0.01787147606373383	-0.02321630735204056	0.08160485569934332	-0.028448324449669597	0.027985149826183157	-0.02567577130705091	0.02797942630479769	-0.06929569396587987	0.05572286795923322	-0.04654276933947643	0.05831440367859825	-0.06767908033923242	0.07245253942949582	-0.08224327464403405	0.061832246705617364	-0.0832180898023214	0.09125352347033766	-0.10636782538700049	0.0825948922222152	-0.1088249228942918	0.1192743910687774	-0.10210722030962419	0.11473229623812431	-0.09707053456488007	0.09254125811099302	-0.14847665139612223	0.13153756487706775	-0.14656719608864713	0.1267142144664302	-0.10645180489076571	0.14235454117429314	-0.1941827992271277	0.1767748629313923	-0.16262040254923638	0.10606053473899897	-0.19774823493665156	0.27995401593365854	-0.6248876136034169	0.20793185174748122	-0.11255553767584432	0.22335278057083216	-0.6021190113548076	0.999999999999997	-0.27351709295329113	0.21433441726807717
