1.0	-0.764411684533534	0.05527579154613187	-0.04446881354337795	0.03663264328091682	-0.48776078301673764	0.292590006809379	-0.05521145195031652	0.04769355653233195	-0.0435749183386494	0.23345401209321853	-0.19068360880473542	0.10615166689024108	-0.09658828281365726	0.07214892160566595	-0.17357950093085744	0.13142478219337825	-0.11336353827668351	0.08248303966088943	-0.06496135702221305	0.1028804043662822	-0.10209648530234519	0.06054946409447372	-0.05787104865785706	0.06328916586512938	-0.07977939808559438	0.08076778883021735	-0.0538934479807196	0.06404030083703194	-0.04770976221132806	0.07526991341338447	-0.05403647036760805	0.0477435169987066	-0.05720840241604146	0.05056974698202304	-0.0660643881807051	0.0508822849384204	-0.04972337529971266	0.04397297766897167	-0.0391704474151046	0.04029025194064712	-0.03513451974469249	0.05543588189028189	-0.03874450697329147	0.033558974585432694
-0.764411684533534	0.9999999999999998	-0.06624321296210513	0.04926106017688756	-0.04015568074557073	0.29027507616970216	-0.48977075621430527	0.06128049508371533	-0.05234770756325866	0.046880609278505375	-0.24811707314966724	0.19125341024829523	-0.11443178369844356	0.09764653670134617	-0.07634855657439657	0.15684303076416858	-0.1391307243036256	0.11301021052751728	-0.08620226445139641	0.06645080155910402	-0.10310012141232412	0.09797071227993082	-0.06155896537984572	0.05900990121888084	-0.06526059379015214	0.07704397120514889	-0.08063182675325453	0.05404298642790293	-0.06499401350741002	0.04811432584654296	-0.0753748539769219	0.053069868070629064	-0.04738949238720685	0.05666144057005439	-0.05097406679222627	0.06421329506173107	-0.050334322982687495	0.049005532228414285	-0.04369372997918706	0.03886182372746495	-0.039841625956367116	0.03462633441071155	-0.05508014183659563	0.03834286283956344	-0.033419795322971874
0.05527579154613187	-0.06624321296210513	1.0000000000000002	-0.6237087822401932	0.24732040298650576	-0.053713049502757786	0.07958144377168959	-0.6185551413956945	0.32318602981772043	-0.30663427865361065	0.06332367843155555	-0.08837317216849296	0.11942598113733395	-0.15808094013607876	0.11529499989001103	-0.06306261107326624	0.06917782543203939	-0.09530869825504272	0.09369638261343577	-0.09119711368346778	0.05067684302423237	-0.051323520331426974	0.049698820425250735	-0.05658357700988743	0.06179007171204992	-0.044825646889340265	0.049749141796031765	-0.041945930946607826	0.05314909391656197	-0.040762800455303665	0.0475667531720439	-0.035406505538997504	0.033889681461286805	-0.042966231159017806	0.04108036983871146	-0.04301940170377087	0.034066651318195786	-0.03518869485496626	0.03223607606300837	-0.029733762538746135	0.027818241178278302	-0.024147929922884344	0.03954598786951568	-0.02835769165232196	0.025280244535888848
-0.04446881354337795	0.04926106017688756	-0.6237087822401932	1.0	-0.472625159425356	0.044276862712531534	-0.06664682719619695	0.3076101344941234	-0.49348252228816036	0.29424143104790884	-0.05520768674355037	0.07539860703682819	-0.11211016463727339	0.14753621263971645	-0.11595466500420988	0.054461500766699415	-0.06143483942496487	0.08420346422969471	-0.09092833162243093	0.08480646170042905	-0.04494320782048124	0.04512765739564163	-0.04607041937610496	0.052863543319761	-0.05858510509802837	0.039703539499721566	-0.04467745266400157	0.038411135439147565	-0.04923281502820045	0.03759650108455532	-0.04264571657573212	0.03172295682585955	-0.030613591172393238	0.03890509661571394	-0.03779588236869136	0.038294815855783156	-0.030584982852569075	0.03165747051643726	-0.029156107247945286	0.026928319836210635	-0.02498352349641514	0.021665055335295412	-0.035644194260911	0.02558292243332775	-0.022931383373684125
0.03663264328091682	-0.04015568074557073	0.24732040298650576	-0.472625159425356	0.9999999999999999	-0.03940072356586128	0.05781196164722545	-0.23180883239670427	0.25966353411185844	-0.791527716681717	0.04981579270933464	-0.0708828751792342	0.09674844639573169	-0.1390168243417124	0.12897926009381083	-0.05154627583296434	0.057577276549184	-0.08259040414425682	0.08662392499855467	-0.10010342623163317	0.04263629521322822	-0.04336171400805965	0.04448478918490005	-0.052190764755532755	0.056737217591454586	-0.03846255926356008	0.04300136257668296	-0.03748962612348997	0.04761402394972826	-0.03691406747349937	0.041149491894344165	-0.030945613472012162	0.02988136137932433	-0.038255203974161954	0.03677891579849224	-0.03759096392929393	0.029792143132896697	-0.031059486707315474	0.028515168838639023	-0.02647905291095745	0.024393327963386148	-0.02118974016580192	0.034791202629740926	-0.025113883391466616	0.022436409541395325
-0.48776078301673764	0.29027507616970216	-0.053713049502757786	0.044276862712531534	-0.03940072356586128	0.9999999999999999	-0.48035279304392287	0.0570120396899866	-0.05170026806335455	0.04615565846407774	-0.6013611460021709	0.2203161633797535	-0.13014314282904516	0.11087841177714698	-0.08651818169158855	0.2273216396169244	-0.1772274675677274	0.13527539118814236	-0.10040571406868189	0.07634960685004534	-0.1375221348441909	0.12485689704401706	-0.07279254162346654	0.06907735247692567	-0.07609644575653503	0.09564215571986599	-0.09887776278328322	0.06437016027063969	-0.07647021454786272	0.05656948857055091	-0.09128921744802164	0.06407569362695655	-0.05655376021089457	0.06724137562329997	-0.05995454036526255	0.07712069111914872	-0.06041828204167514	0.058417653459699966	-0.051787662467060014	0.04595519767621887	-0.0474312013663066	0.04129118483792974	-0.06527279459809192	0.045455205286728785	-0.039484928142217865
0.292590006809379	-0.48977075621430527	0.07958144377168959	-0.06664682719619695	0.05781196164722545	-0.48035279304392287	1.0	-0.09052462279481399	0.07841472600926126	-0.0686174207280948	0.2824158407501884	-0.4786363857867741	0.1927998004160998	-0.17126595651622833	0.12110702551902765	-0.26979201219467214	0.22904076944041152	-0.19887377572735226	0.13964784131647615	-0.10995786893581835	0.16218301079282563	-0.1679274977846866	0.09888652277014846	-0.09629152957669909	0.1044341156828159	-0.12845233063041014	0.1307197107056091	-0.08807667454696375	0.10449068955259375	-0.07820884464793461	0.12057661245781229	-0.08779081347407207	0.07754832216958728	-0.09330233151619227	0.08243353881098446	-0.1073239028848069	0.08244162567940362	-0.08087275819878119	0.07142968171562043	-0.06382908058042906	0.06525700357701984	-0.056983237777055884	0.08979663087444388	-0.06300768028245686	0.054559937651585094
-0.05521145195031652	0.06128049508371533	-0.6185551413956945	0.3076101344941234	-0.23180883239670427	0.0570120396899866	-0.09052462279481399	0.9999999999999993	-0.6512747634809058	0.22964176071537973	-0.06983278633513763	0.09787710191927355	-0.16020800717128042	0.1804504108177566	-0.1301488279239543	0.0685026620651671	-0.07807333880129676	0.1064294385175391	-0.1107851423427631	0.09564123863402957	-0.055811990734900424	0.055898511849229365	-0.055748346298282535	0.06355479629490411	-0.07055762520707845	0.04856982609788704	-0.0546617353800058	0.04641397119230393	-0.05945283066653658	0.04520057786348689	-0.051947875462508446	0.038497348066648444	-0.03702250765849163	0.04687313690063821	-0.045552905968420106	0.04634578166985604	-0.03708216912629872	0.03822132698816672	-0.03517749761380451	0.03241552915298672	-0.030204815924744343	0.02619040271232896	-0.043041233605099136	0.0308364713452655	-0.02763811631572767
0.04769355653233195	-0.05234770756325866	0.32318602981772043	-0.49348252228816036	0.25966353411185844	-0.05170026806335455	0.07841472600926126	-0.6512747634809058	1.0000000000000002	-0.37951476454074073	0.06495332189858084	-0.09523631344849832	0.15020753801126055	-0.25666188605702983	0.1410241058754035	-0.06614263156448406	0.07599997329024977	-0.10850613422710989	0.11513003184202274	-0.10558055322229572	0.05406208582990224	-0.0546219831393567	0.05543628382955337	-0.06520821142163695	0.07107154345856537	-0.04752345776624556	0.053469473548048284	-0.04627070169042803	0.05900366800038717	-0.045284792229223575	0.0506426462092183	-0.037913872262352245	0.03653531949367415	-0.04657321916631123	0.045181792488547215	-0.045668896218508906	0.036448494561584784	-0.0377899040974125	0.03472945767320609	-0.03216990184933691	0.029678853693104915	-0.025775658122307026	0.04231043213612866	-0.030500990377933218	0.027321467972865776
-0.0435749183386494	0.046880609278505375	-0.30663427865361065	0.29424143104790884	-0.791527716681717	0.04615565846407774	-0.0686174207280948	0.22964176071537973	-0.37951476454074073	0.9999999999999998	-0.05941767913761879	0.08177579006027275	-0.11720967695072322	0.15805101317806056	-0.18331551086049436	0.0601003240703396	-0.06798324411621158	0.09558476805504938	-0.10712472190285646	0.11780040561571692	-0.05041004572655301	0.050821656669845464	-0.053741073917329074	0.06279937389695027	-0.0695481806641227	0.04523181375651727	-0.05105183107191794	0.04482523570222257	-0.05751569258547484	0.04428531531205676	-0.04881682248704957	0.036562933130206914	-0.03547920688196689	0.045374177187769905	-0.04420561968293943	0.04417359918884479	-0.03526675419839534	0.03673087821094127	-0.03387208466991471	0.03141733576006195	-0.028876252390383626	0.02505123936733171	-0.041283588498324385	0.029749082498705347	-0.026695328251175342
0.23345401209321853	-0.24811707314966724	0.06332367843155555	-0.05520768674355037	0.04981579270933464	-0.6013611460021709	0.2824158407501884	-0.06983278633513763	0.06495332189858084	-0.05941767913761879	0.9999999999999999	-0.3056860418862067	0.16776021923265355	-0.15377758082510293	0.11398657113633621	-0.5118624892063776	0.24340685772936785	-0.19880904752049025	0.13512311394299295	-0.10527482252946285	0.20451367306741727	-0.19843799071352475	0.10168396423919426	-0.09590618679074918	0.10396556623017354	-0.14714163037561137	0.14347009880893774	-0.09186560985073096	0.10674602212731583	-0.07955121008507457	0.13052629888164144	-0.09417234286075417	0.08144233910635497	-0.09687566100612083	0.08431721083757683	-0.11406526981343788	0.08752350578585148	-0.08477200151422962	0.07419166585293194	-0.06589935497545578	0.06840520489064716	-0.05986690742579798	0.0934005221666585	-0.06542304307612776	0.05634235342667495
-0.19068360880473542	0.19125341024829523	-0.08837317216849296	0.07539860703682819	-0.0708828751792342	0.2203161633797535	-0.4786363857867741	0.09787710191927355	-0.09523631344849832	0.08177579006027275	-0.3056860418862067	0.9999999999999991	-0.42897116568381777	0.23004455997830697	-0.1782677768604737	0.26822768975404704	-0.5114573402679343	0.2818151625261854	-0.20900777625371486	0.14825508854217312	-0.20153959494760418	0.19232330007435533	-0.12648366824241727	0.1273034365343546	-0.14104820637204196	0.14090565974378175	-0.16058525460703918	0.1083720694064534	-0.13180494851057017	0.09730408806324367	-0.1422696484723325	0.10060945396398731	-0.09100749340715221	0.10907919141856241	-0.10134340443475917	0.11788105817540827	-0.09565589123743337	0.09279427549045605	-0.08352803350517356	0.07460738099530576	-0.07484390826514392	0.06493801807208302	-0.10422901916553626	0.07286586661297365	-0.06420755125426678
0.10615166689024108	-0.11443178369844356	0.11942598113733395	-0.11211016463727339	0.09674844639573169	-0.13014314282904516	0.1927998004160998	-0.16020800717128042	0.15020753801126055	-0.11720967695072322	0.16776021923265355	-0.42897116568381777	1.0000000000000018	-0.5836691223197679	0.22612439606799403	-0.193301336881376	0.25215317896331374	-0.5108833316465271	0.2607989017158149	-0.20693377394918647	0.1422887026093817	-0.14814152456254442	0.12086454841964935	-0.1447976950717188	0.14875657717876492	-0.11540933117610103	0.12814816916075603	-0.10299125361192922	0.1262578533720677	-0.09725204266548414	0.11629910657358357	-0.08732367208941713	0.08144722260277866	-0.1024737836116909	0.0965335208844087	-0.10403533434179095	0.08268068377893546	-0.08418361966230117	0.07606586280561495	-0.07011373824607524	0.06587432337483067	-0.057489968552877	0.0927323514375217	-0.06694404336478893	0.059302999661630273
-0.09658828281365726	0.09764653670134617	-0.15808094013607876	0.14753621263971645	-0.1390168243417124	0.11087841177714698	-0.17126595651622833	0.1804504108177566	-0.25666188605702983	0.15805101317806056	-0.15377758082510293	0.23004455997830697	-0.5836691223197679	1.0000000000000004	-0.43541193206628365	0.1558883974608006	-0.19719884786356195	0.285287712806789	-0.3944835700999866	0.26418588927045006	-0.1311763946716347	0.13075764132728032	-0.1445157940653831	0.1779837218271606	-0.1965310070634978	0.11264239569724258	-0.13013843834321995	0.11713151972115299	-0.15183385130661922	0.11574920046130413	-0.12072019793548579	0.09101713152738973	-0.08864474788893514	0.11374855250164356	-0.1137672009138951	0.10775164881475703	-0.08735131414646001	0.09085502835166487	-0.08397007414351752	0.07822371246397503	-0.07057097759706585	0.06134421801152724	-0.10102612323899268	0.07343059661566195	-0.06640143235116007
0.07214892160566595	-0.07634855657439657	0.11529499989001103	-0.11595466500420988	0.12897926009381083	-0.08651818169158855	0.12110702551902765	-0.1301488279239543	0.1410241058754035	-0.18331551086049436	0.11398657113633621	-0.1782677768604737	0.22612439606799403	-0.43541193206628365	1.0000000000000002	-0.1311935238589925	0.15007673261498028	-0.2550010000757487	0.2895532740631589	-0.7301807666297531	0.10777492002288286	-0.11291148439441245	0.12368061965577966	-0.1710181457209883	0.17425930266819112	-0.09960249312254658	0.11137556270481153	-0.10599406583778911	0.1308847235228339	-0.1084866505772771	0.10395517809191933	-0.08198259632597683	0.07975907233597795	-0.10566704461316008	0.10104709122960605	-0.09911781708852847	0.07796452145305642	-0.08344293686081587	0.07594243391418963	-0.07252494893972644	0.0632918544147593	-0.05547734426094178	0.09036292705282598	-0.06747967487980874	0.060132922469809016
-0.17357950093085744	0.15684303076416858	-0.06306261107326624	0.054461500766699415	-0.05154627583296434	0.2273216396169244	-0.26979201219467214	0.0685026620651671	-0.06614263156448406	0.0601003240703396	-0.5118624892063776	0.26822768975404704	-0.193301336881376	0.1558883974608006	-0.1311935238589925	1.0000000000000029	-0.5101573127943173	0.2247864735223558	-0.16342950951262822	0.11505593029095176	-0.440528201256798	0.25946625761146985	-0.1206178244620445	0.10987928127634504	-0.12135330145341788	0.17760880525943032	-0.1868836609261793	0.1073645822324374	-0.1235576060880245	0.09007731323564629	-0.16301051624985446	0.10883846436367656	-0.0932613231294074	0.10778120135545881	-0.09560344190101272	0.1251990714010474	-0.10141603441765702	0.094514691796725	-0.08305876312606929	0.0727941203524732	-0.076770936817961	0.0668702408084913	-0.10459903216377711	0.0724105560329888	-0.06274190366677633
0.13142478219337825	-0.1391307243036256	0.06917782543203939	-0.06143483942496487	0.057577276549184	-0.1772274675677274	0.22904076944041152	-0.07807333880129676	0.07599997329024977	-0.06798324411621158	0.24340685772936785	-0.5114573402679343	0.25215317896331374	-0.19719884786356195	0.15007673261498028	-0.5101573127943173	1.0000000000000007	-0.46170098787172664	0.20036929447079493	-0.13997431667518173	0.24356194014183216	-0.3045866394132973	0.1209510787152585	-0.12353283566141106	0.12944694559230052	-0.15621139617722002	0.17358484928550016	-0.10799265662007904	0.12370648885220265	-0.0923294297269992	0.14094894907861244	-0.10461981529715327	0.08981066905546088	-0.10657744918813174	0.09520307815012954	-0.11906420623391106	0.09573060873204184	-0.09169110355995405	0.08048088044238781	-0.07177287912354122	0.07276274807461576	-0.06375910084946011	0.09979693511682036	-0.07047911388248113	0.06125593617392967
-0.11336353827668351	0.11301021052751728	-0.09530869825504272	0.08420346422969471	-0.08259040414425682	0.13527539118814236	-0.19887377572735226	0.1064294385175391	-0.10850613422710989	0.09558476805504938	-0.19880904752049025	0.2818151625261854	-0.5108833316465271	0.285287712806789	-0.2550010000757487	0.2247864735223558	-0.46170098787172664	1.0000000000000004	-0.4792180503532232	0.22222888546104017	-0.17851609644985073	0.17587333001387756	-0.1546345739167821	0.1879272143315193	-0.19819170718941076	0.1334499745734505	-0.15683493293137934	0.12614774986503982	-0.15773073977692822	0.11903154788859518	-0.13744249424520977	0.10217097306572152	-0.09616242613330281	0.12049201916275983	-0.11733213989428218	0.11883082899963554	-0.09699179583973006	0.09794443306394487	-0.0891855841794575	0.08210803134724408	-0.07640517529429566	0.06656548704904516	-0.10797299324131213	0.07792276823945152	-0.06972340268656323
0.08248303966088943	-0.08620226445139641	0.09369638261343577	-0.09092833162243093	0.08662392499855467	-0.10040571406868189	0.13964784131647615	-0.1107851423427631	0.11513003184202274	-0.10712472190285646	0.13512311394299295	-0.20900777625371486	0.2607989017158149	-0.3944835700999866	0.2895532740631589	-0.16342950951262822	0.20036929447079493	-0.4792180503532232	0.9999999999999999	-0.4945316492133933	0.13163098185964112	-0.13985138391939703	0.17486450655822905	-0.39116159787834365	0.24993161671830366	-0.11952944816623258	0.13666383540159485	-0.14676268153932248	0.17485015320496872	-0.14473167663559125	0.12272480953214367	-0.09974562788649087	0.09787724338712714	-0.13206342361089093	0.1282287803086251	-0.1177913082385651	0.09376110152346498	-0.10152499295324015	0.09217954012584678	-0.08910621393943044	0.07504618376119376	-0.06610225327833508	0.10739342148705536	-0.0817384735775715	0.0732480132211944
-0.06496135702221305	0.06645080155910402	-0.09119711368346778	0.08480646170042905	-0.10010342623163317	0.07634960685004534	-0.10995786893581835	0.09564123863402957	-0.10558055322229572	0.11780040561571692	-0.10527482252946285	0.14825508854217312	-0.20693377394918647	0.26418588927045006	-0.7301807666297531	0.11505593029095176	-0.13997431667518173	0.22222888546104017	-0.4945316492133933	1.0000000000000007	-0.09973576554347689	0.102416697883576	-0.13619184340124013	0.19817720791289364	-0.23524235440015556	0.09188937279823337	-0.1068286969899161	0.1102424766694371	-0.1422649629053553	0.11665992631818797	-0.09771528831699869	0.07806192234669074	-0.07788790757444312	0.10435890390775257	-0.10714294929383589	0.0922953530485412	-0.07432433011823843	0.08025031839071407	-0.07413481181191996	0.07135358726593521	-0.06004327507215319	0.05261403285553938	-0.08659820128172281	0.0652882243471238	-0.059365086165631215
0.1028804043662822	-0.10310012141232412	0.05067684302423237	-0.04494320782048124	0.04263629521322822	-0.1375221348441909	0.16218301079282563	-0.055811990734900424	0.05406208582990224	-0.05041004572655301	0.20451367306741727	-0.20153959494760418	0.1422887026093817	-0.1311763946716347	0.10777492002288286	-0.440528201256798	0.24356194014183216	-0.17851609644985073	0.13163098185964112	-0.09973576554347689	0.9999999999999982	-0.6665884527554516	0.13782599224372888	-0.10966941704391256	0.11959200035939761	-0.3648823101721152	0.2727020461512885	-0.13446666763284032	0.13803134341382262	-0.10026136417183176	0.22086740910406105	-0.1544040525870069	0.11875775751365716	-0.13280930893969112	0.10829079435646782	-0.171166120052283	0.13385333275845893	-0.12099470113612285	0.10116618685395191	-0.08713614123629673	0.09676539484952149	-0.0857278311327662	0.12724503325651593	-0.0886152402147607	0.07462242307432988
-0.10209648530234519	0.09797071227993082	-0.051323520331426974	0.04512765739564163	-0.04336171400805965	0.12485689704401706	-0.1679274977846866	0.055898511849229365	-0.0546219831393567	0.050821656669845464	-0.19843799071352475	0.19232330007435533	-0.14814152456254442	0.13075764132728032	-0.11291148439441245	0.25946625761146985	-0.3045866394132973	0.17587333001387756	-0.13985138391939703	0.102416697883576	-0.6665884527554516	0.9999999999999997	-0.16620102509102241	0.11820955254205953	-0.13025494929044074	0.257186152946745	-0.4812070548734009	0.15623380695980166	-0.15421307802537274	0.1074504886557705	-0.22117654666795558	0.1732520784309597	-0.13309603743636655	0.13910238112574677	-0.11615631677473823	0.16739588893663188	-0.15295027264989802	0.1272933556713409	-0.10730748843509368	0.09053027747945962	-0.10147499515661446	0.08942234451052808	-0.13456739033014078	0.09221368306524694	-0.07833680445486721
0.06054946409447372	-0.06155896537984572	0.049698820425250735	-0.04607041937610496	0.04448478918490005	-0.07279254162346654	0.09888652277014846	-0.055748346298282535	0.05543628382955337	-0.053741073917329074	0.10168396423919426	-0.12648366824241727	0.12086454841964935	-0.1445157940653831	0.12368061965577966	-0.1206178244620445	0.1209510787152585	-0.1546345739167821	0.17486450655822905	-0.13619184340124013	0.13782599224372888	-0.16620102509102241	1.0000000000000013	-0.3715655466519303	0.24294905818561	-0.16969166427388704	0.21922349406458946	-0.7327621729858135	0.2877764576411736	-0.218437719659462	0.16052700352764174	-0.16302854282555138	0.16416085146710563	-0.22034189026066495	0.17967400938710576	-0.17585395140088772	0.14168686999525376	-0.16624825713972224	0.13939876144212396	-0.13531650859350297	0.10760589814720088	-0.09739872735901792	0.15347739467160243	-0.1245977491296324	0.10699287204443048
-0.05787104865785706	0.05900990121888084	-0.05658357700988743	0.052863543319761	-0.052190764755532755	0.06907735247692567	-0.09629152957669909	0.06355479629490411	-0.06520821142163695	0.06279937389695027	-0.09590618679074918	0.1273034365343546	-0.1447976950717188	0.1779837218271606	-0.1710181457209883	0.10987928127634504	-0.12353283566141106	0.1879272143315193	-0.39116159787834365	0.19817720791289364	-0.10966941704391256	0.11820955254205953	-0.3715655466519303	0.9999999999999998	-0.6896503649192062	0.11687712663780572	-0.14612596845437217	0.2293117588384939	-0.31023197650108225	0.23155439012016601	-0.12244236901956575	0.11206445048081441	-0.11904666406006548	0.17178658116058848	-0.18855772489618294	0.1268197405511496	-0.10398690401572992	0.12038544647452383	-0.11131758945618137	0.11265607631939747	-0.08231060206367868	0.07334664898571074	-0.1208178135252367	0.09799258014299225	-0.09084723893961695
0.06328916586512938	-0.06526059379015214	0.06179007171204992	-0.05858510509802837	0.056737217591454586	-0.07609644575653503	0.1044341156828159	-0.07055762520707845	0.07107154345856537	-0.0695481806641227	0.10396556623017354	-0.14104820637204196	0.14875657717876492	-0.1965310070634978	0.17425930266819112	-0.12135330145341788	0.12944694559230052	-0.19819170718941076	0.24993161671830366	-0.23524235440015556	0.11959200035939761	-0.13025494929044074	0.24294905818561	-0.6896503649192062	0.9999999999999973	-0.13271489786668939	0.15643187537371184	-0.22797528845021356	0.2700513501462478	-0.39880739551306643	0.13873305966092145	-0.12974042556949267	0.13729589563481245	-0.21222158224891532	0.22484517868952295	-0.15099411513995303	0.12017202318414026	-0.14456251002428452	0.13224367767062045	-0.1434807133862125	0.09649456755195768	-0.08665477712636468	0.14188271429453633	-0.12005048380764499	0.10966435811036121
-0.07977939808559438	0.07704397120514889	-0.044825646889340265	0.039703539499721566	-0.03846255926356008	0.09564215571986599	-0.12845233063041014	0.04856982609788704	-0.04752345776624556	0.04523181375651727	-0.14714163037561137	0.14090565974378175	-0.11540933117610103	0.11264239569724258	-0.09960249312254658	0.17760880525943032	-0.15621139617722002	0.1334499745734505	-0.11952944816623258	0.09188937279823337	-0.3648823101721152	0.257186152946745	-0.16969166427388704	0.11687712663780572	-0.13271489786668939	0.9999999999999977	-0.44724983283391634	0.16031373046686584	-0.16829195138968664	0.11641540473070308	-0.680149286036904	0.19355165780431954	-0.15270063786157975	0.15824971957892775	-0.13077454777530123	0.22991402794446164	-0.18797940664195564	0.1491945694447642	-0.126933590310029	0.10500823132053744	-0.1318802357026209	0.11262214149425417	-0.1661717563999764	0.10936990758955015	-0.09205800257232896
0.08076778883021735	-0.08063182675325453	0.049749141796031765	-0.04467745266400157	0.04300136257668296	-0.09887776278328322	0.1307197107056091	-0.0546617353800058	0.053469473548048284	-0.05105183107191794	0.14347009880893774	-0.16058525460703918	0.12814816916075603	-0.13013843834321995	0.11137556270481153	-0.1868836609261793	0.17358484928550016	-0.15683493293137934	0.13666383540159485	-0.1068286969899161	0.2727020461512885	-0.4812070548734009	0.21922349406458946	-0.14612596845437217	0.15643187537371184	-0.44724983283391634	0.9999999999999984	-0.2983314586480624	0.2084405472057016	-0.1468764487186466	0.27260429038537454	-0.39985160912076106	0.20834405801964842	-0.21359953628820463	0.15761278355932298	-0.2684994393146857	0.2360241419534649	-0.20206825632466158	0.15505684447900214	-0.12955446477860813	0.1466390464360982	-0.13518672814779656	0.18861583283350147	-0.13417850977525184	0.11007448837957778
-0.0538934479807196	0.05404298642790293	-0.041945930946607826	0.038411135439147565	-0.03748962612348997	0.06437016027063969	-0.08807667454696375	0.04641397119230393	-0.04627070169042803	0.04482523570222257	-0.09186560985073096	0.1083720694064534	-0.10299125361192922	0.11713151972115299	-0.10599406583778911	0.1073645822324374	-0.10799265662007904	0.12614774986503982	-0.14676268153932248	0.1102424766694371	-0.13446666763284032	0.15623380695980166	-0.7327621729858135	0.2293117588384939	-0.22797528845021356	0.16031373046686584	-0.2983314586480624	0.9999999999999959	-0.4475317095685867	0.20238767016175785	-0.15547330256864003	0.16228926536957164	-0.18064493747200308	0.2046899530040189	-0.17895542665368583	0.15905998379930908	-0.14076429616737923	0.1556673937560897	-0.13285607635584204	0.12157736956690295	-0.10088276149360184	0.09070917182243483	-0.14461463206576233	0.11342709475536401	-0.0995663173506435
0.06404030083703194	-0.06499401350741002	0.05314909391656197	-0.04923281502820045	0.04761402394972826	-0.07647021454786272	0.10449068955259375	-0.05945283066653658	0.05900366800038717	-0.05751569258547484	0.10674602212731583	-0.13180494851057017	0.1262578533720677	-0.15183385130661922	0.1308847235228339	-0.1235576060880245	0.12370648885220265	-0.15773073977692822	0.17485015320496872	-0.1422649629053553	0.13803134341382262	-0.15421307802537274	0.2877764576411736	-0.31023197650108225	0.2700513501462478	-0.16829195138968664	0.2084405472057016	-0.4475317095685867	0.9999999999999982	-0.5004535719990335	0.17532830961512577	-0.18413473259677401	0.2065270475128675	-0.3885343910209641	0.28913926769121656	-0.20310744723643367	0.16511043962224578	-0.21129163570136786	0.1900395788723403	-0.19710143555832976	0.12937661540284082	-0.11779026678915229	0.19186433391166044	-0.16976953468497052	0.1490419478776807
-0.04770976221132806	0.04811432584654296	-0.040762800455303665	0.03759650108455532	-0.03691406747349937	0.05656948857055091	-0.07820884464793461	0.04520057786348689	-0.045284792229223575	0.04428531531205676	-0.07955121008507457	0.09730408806324367	-0.09725204266548414	0.11574920046130413	-0.1084866505772771	0.09007731323564629	-0.0923294297269992	0.11903154788859518	-0.14473167663559125	0.11665992631818797	-0.10026136417183176	0.1074504886557705	-0.218437719659462	0.23155439012016601	-0.39880739551306643	0.11641540473070308	-0.1468764487186466	0.20238767016175785	-0.5004535719990335	0.9999999999999956	-0.1287310322961991	0.12938172168047052	-0.15539252943293605	0.2564883459286491	-0.6363271576953693	0.14363908449096643	-0.12221112825469335	0.15356965947182766	-0.15820887398416	0.18593268186712744	-0.09900582489514884	0.08877882078826366	-0.1539547321871992	0.13677336204980184	-0.14887103058270756
0.07526991341338447	-0.0753748539769219	0.0475667531720439	-0.04264571657573212	0.041149491894344165	-0.09128921744802164	0.12057661245781229	-0.051947875462508446	0.0506426462092183	-0.04881682248704957	0.13052629888164144	-0.1422696484723325	0.11629910657358357	-0.12072019793548579	0.10395517809191933	-0.16301051624985446	0.14094894907861244	-0.13744249424520977	0.12272480953214367	-0.09771528831699869	0.22086740910406105	-0.22117654666795558	0.16052700352764174	-0.12244236901956575	0.13873305966092145	-0.680149286036904	0.27260429038537454	-0.15547330256864003	0.17532830961512577	-0.1287310322961991	0.999999999999995	-0.21669974311647222	0.16813495904086032	-0.1884166573627951	0.14689845101980256	-0.3929383121519755	0.20915393237932967	-0.18046633665116601	0.14933307689703296	-0.12685586920420036	0.16607691183605514	-0.14424827848106608	0.19850169720212002	-0.13331551502276845	0.10935443919038196
-0.05403647036760805	0.053069868070629064	-0.035406505538997504	0.03172295682585955	-0.030945613472012162	0.06407569362695655	-0.08779081347407207	0.038497348066648444	-0.037913872262352245	0.036562933130206914	-0.09417234286075417	0.10060945396398731	-0.08732367208941713	0.09101713152738973	-0.08198259632597683	0.10883846436367656	-0.10461981529715327	0.10217097306572152	-0.09974562788649087	0.07806192234669074	-0.1544040525870069	0.1732520784309597	-0.16302854282555138	0.11206445048081441	-0.12974042556949267	0.19355165780431954	-0.39985160912076106	0.16228926536957164	-0.18413473259677401	0.12938172168047052	-0.21669974311647222	0.9999999999999949	-0.4546635045333281	0.2320011918981785	-0.16106802004207477	0.27271056177756464	-0.623595648590653	0.26147103653131265	-0.18750104745800494	0.13191948421170546	-0.1847081409027871	0.17181568540340997	-0.22870539398646475	0.14742128188902837	-0.11815698550445894
0.0477435169987066	-0.04738949238720685	0.033889681461286805	-0.030613591172393238	0.02988136137932433	-0.05655376021089457	0.07754832216958728	-0.03702250765849163	0.03653531949367415	-0.03547920688196689	0.08144233910635497	-0.09100749340715221	0.08144722260277866	-0.08864474788893514	0.07975907233597795	-0.0932613231294074	0.08981066905546088	-0.09616242613330281	0.09787724338712714	-0.07788790757444312	0.11875775751365716	-0.13309603743636655	0.16416085146710563	-0.11904666406006548	0.13729589563481245	-0.15270063786157975	0.20834405801964842	-0.18064493747200308	0.2065270475128675	-0.15539252943293605	0.16813495904086032	-0.4546635045333281	0.9999999999999939	-0.49003054179118233	0.19926051952849794	-0.2316963193010452	0.2597745799157211	-0.5847293720940271	0.2513365308025271	-0.16518346440576212	0.15128131287035074	-0.14579182681331398	0.22932887012614764	-0.1867889604196698	0.14122168747774533
-0.05720840241604146	0.05666144057005439	-0.042966231159017806	0.03890509661571394	-0.038255203974161954	0.06724137562329997	-0.09330233151619227	0.04687313690063821	-0.04657321916631123	0.045374177187769905	-0.09687566100612083	0.10907919141856241	-0.1024737836116909	0.11374855250164356	-0.10566704461316008	0.10778120135545881	-0.10657744918813174	0.12049201916275983	-0.13206342361089093	0.10435890390775257	-0.13280930893969112	0.13910238112574677	-0.22034189026066495	0.17178658116058848	-0.21222158224891532	0.15824971957892775	-0.21359953628820463	0.2046899530040189	-0.3885343910209641	0.2564883459286491	-0.1884166573627951	0.2320011918981785	-0.49003054179118233	0.9999999999999929	-0.4451090687704531	0.21483146120277244	-0.22351419865065275	0.29369955690734556	-0.3704650544658706	0.22183648480698379	-0.16243381646070448	0.14492417735686225	-0.2619763315849783	0.2226231805941902	-0.20169026907594512
0.05056974698202304	-0.05097406679222627	0.04108036983871146	-0.03779588236869136	0.03677891579849224	-0.05995454036526255	0.08243353881098446	-0.045552905968420106	0.045181792488547215	-0.04420561968293943	0.08431721083757683	-0.10134340443475917	0.0965335208844087	-0.1137672009138951	0.10104709122960605	-0.09560344190101272	0.09520307815012954	-0.11733213989428218	0.1282287803086251	-0.10714294929383589	0.10829079435646782	-0.11615631677473823	0.17967400938710576	-0.18855772489618294	0.22484517868952295	-0.13077454777530123	0.15761278355932298	-0.17895542665368583	0.28913926769121656	-0.6363271576953693	0.14689845101980256	-0.16106802004207477	0.19926051952849794	-0.4451090687704531	0.999999999999994	-0.17803233603472823	0.14898708208416678	-0.20708169920077524	0.2095095273550538	-0.34843215685175877	0.12058517142600583	-0.11067815745745559	0.1899654805138633	-0.19371374383249823	0.20358260929198105
-0.0660643881807051	0.06421329506173107	-0.04301940170377087	0.038294815855783156	-0.03759096392929393	0.07712069111914872	-0.1073239028848069	0.04634578166985604	-0.045668896218508906	0.04417359918884479	-0.11406526981343788	0.11788105817540827	-0.10403533434179095	0.10775164881475703	-0.09911781708852847	0.1251990714010474	-0.11906420623391106	0.11883082899963554	-0.1177913082385651	0.0922953530485412	-0.171166120052283	0.16739588893663188	-0.17585395140088772	0.1268197405511496	-0.15099411513995303	0.22991402794446164	-0.2684994393146857	0.15905998379930908	-0.20310744723643367	0.14363908449096643	-0.3929383121519755	0.27271056177756464	-0.2316963193010452	0.21483146120277244	-0.17803233603472823	0.9999999999999925	-0.51431481831031	0.23370294745152334	-0.2069026817454445	0.15486066977382865	-0.42814533772180086	0.2670718768509105	-0.3425065236362187	0.17892780435411235	-0.14443521767243334
0.0508822849384204	-0.050334322982687495	0.034066651318195786	-0.030584982852569075	0.029792143132896697	-0.06041828204167514	0.08244162567940362	-0.03708216912629872	0.036448494561584784	-0.03526675419839534	0.08752350578585148	-0.09565589123743337	0.08268068377893546	-0.08735131414646001	0.07796452145305642	-0.10141603441765702	0.09573060873204184	-0.09699179583973006	0.09376110152346498	-0.07432433011823843	0.13385333275845893	-0.15295027264989802	0.14168686999525376	-0.10398690401572992	0.12017202318414026	-0.18797940664195564	0.2360241419534649	-0.14076429616737923	0.16511043962224578	-0.12221112825469335	0.20915393237932967	-0.623595648590653	0.2597745799157211	-0.22351419865065275	0.14898708208416678	-0.51431481831031	0.999999999999993	-0.30630113349210136	0.1842229943005058	-0.13697597805972261	0.23466937047183908	-0.2792158941335263	0.24170129626950793	-0.15845284081394367	0.11939618645782231
-0.04972337529971266	0.049005532228414285	-0.03518869485496626	0.03165747051643726	-0.031059486707315474	0.058417653459699966	-0.08087275819878119	0.03822132698816672	-0.0377899040974125	0.03673087821094127	-0.08477200151422962	0.09279427549045605	-0.08418361966230117	0.09085502835166487	-0.08344293686081587	0.094514691796725	-0.09169110355995405	0.09794443306394487	-0.10152499295324015	0.08025031839071407	-0.12099470113612285	0.1272933556713409	-0.16624825713972224	0.12038544647452383	-0.14456251002428452	0.1491945694447642	-0.20206825632466158	0.1556673937560897	-0.21129163570136786	0.15356965947182766	-0.18046633665116601	0.26147103653131265	-0.5847293720940271	0.29369955690734556	-0.20708169920077524	0.23370294745152334	-0.30630113349210136	0.999999999999991	-0.47842929513138094	0.1936584674993292	-0.19012353298133905	0.1762520668940776	-0.3671554827605102	0.24695095933485842	-0.18365257649234237
0.04397297766897167	-0.04369372997918706	0.03223607606300837	-0.029156107247945286	0.028515168838639023	-0.051787662467060014	0.07142968171562043	-0.03517749761380451	0.03472945767320609	-0.03387208466991471	0.07419166585293194	-0.08352803350517356	0.07606586280561495	-0.08397007414351752	0.07594243391418963	-0.08305876312606929	0.08048088044238781	-0.0891855841794575	0.09217954012584678	-0.07413481181191996	0.10116618685395191	-0.10730748843509368	0.13939876144212396	-0.11131758945618137	0.13224367767062045	-0.126933590310029	0.15505684447900214	-0.13285607635584204	0.1900395788723403	-0.15820887398416	0.14933307689703296	-0.18750104745800494	0.2513365308025271	-0.3704650544658706	0.2095095273550538	-0.2069026817454445	0.1842229943005058	-0.47842929513138094	0.9999999999999923	-0.33373276034161836	0.1511244747959632	-0.14906283375804313	0.2772146383673819	-0.5917423172461805	0.2622084130721227
-0.0391704474151046	0.03886182372746495	-0.029733762538746135	0.026928319836210635	-0.02647905291095745	0.04595519767621887	-0.06382908058042906	0.03241552915298672	-0.03216990184933691	0.03141733576006195	-0.06589935497545578	0.07460738099530576	-0.07011373824607524	0.07822371246397503	-0.07252494893972644	0.0727941203524732	-0.07177287912354122	0.08210803134724408	-0.08910621393943044	0.07135358726593521	-0.08713614123629673	0.09053027747945962	-0.13531650859350297	0.11265607631939747	-0.1434807133862125	0.10500823132053744	-0.12955446477860813	0.12157736956690295	-0.19710143555832976	0.18593268186712744	-0.12685586920420036	0.13191948421170546	-0.16518346440576212	0.22183648480698379	-0.34843215685175877	0.15486066977382865	-0.13697597805972261	0.1936584674993292	-0.33373276034161836	0.9999999999999927	-0.12983368564782855	0.11733272228078846	-0.24531593093256945	0.2909279419400165	-0.7409921185365944
0.04029025194064712	-0.039841625956367116	0.027818241178278302	-0.02498352349641514	0.024393327963386148	-0.0474312013663066	0.06525700357701984	-0.030204815924744343	0.029678853693104915	-0.028876252390383626	0.06840520489064716	-0.07484390826514392	0.06587432337483067	-0.07057097759706585	0.0632918544147593	-0.076770936817961	0.07276274807461576	-0.07640517529429566	0.07504618376119376	-0.06004327507215319	0.09676539484952149	-0.10147499515661446	0.10760589814720088	-0.08231060206367868	0.09649456755195768	-0.1318802357026209	0.1466390464360982	-0.10088276149360184	0.12937661540284082	-0.09900582489514884	0.16607691183605514	-0.1847081409027871	0.15128131287035074	-0.16243381646070448	0.12058517142600583	-0.42814533772180086	0.23466937047183908	-0.19012353298133905	0.1511244747959632	-0.12983368564782855	0.9999999999999922	-0.7690194326944025	0.28113232144776257	-0.1643792954330494	0.11164144073853804
-0.03513451974469249	0.03462633441071155	-0.024147929922884344	0.021665055335295412	-0.02118974016580192	0.04129118483792974	-0.056983237777055884	0.02619040271232896	-0.025775658122307026	0.02505123936733171	-0.05986690742579798	0.06493801807208302	-0.057489968552877	0.06134421801152724	-0.05547734426094178	0.0668702408084913	-0.06375910084946011	0.06656548704904516	-0.06610225327833508	0.05261403285553938	-0.0857278311327662	0.08942234451052808	-0.09739872735901792	0.07334664898571074	-0.08665477712636468	0.11262214149425417	-0.13518672814779656	0.09070917182243483	-0.11779026678915229	0.08877882078826366	-0.14424827848106608	0.17181568540340997	-0.14579182681331398	0.14492417735686225	-0.11067815745745559	0.2670718768509105	-0.2792158941335263	0.1762520668940776	-0.14906283375804313	0.11733272228078846	-0.7690194326944025	0.9999999999999927	-0.45578286013183544	0.1583516374426079	-0.1085973869627839
0.05543588189028189	-0.05508014183659563	0.03954598786951568	-0.035644194260911	0.034791202629740926	-0.06527279459809192	0.08979663087444388	-0.043041233605099136	0.04231043213612866	-0.041283588498324385	0.0934005221666585	-0.10422901916553626	0.0927323514375217	-0.10102612323899268	0.09036292705282598	-0.10459903216377711	0.09979693511682036	-0.10797299324131213	0.10739342148705536	-0.08659820128172281	0.12724503325651593	-0.13456739033014078	0.15347739467160243	-0.1208178135252367	0.14188271429453633	-0.1661717563999764	0.18861583283350147	-0.14461463206576233	0.19186433391166044	-0.1539547321871992	0.19850169720212002	-0.22870539398646475	0.22932887012614764	-0.2619763315849783	0.1899654805138633	-0.3425065236362187	0.24170129626950793	-0.3671554827605102	0.2772146383673819	-0.24531593093256945	0.28113232144776257	-0.45578286013183544	0.999999999999993	-0.4254734210710794	0.21263503215812685
