1.0000000000000002	-0.7776291655858489	0.11538076799333274	-0.06436315098629984	0.04450873240095614	-0.4285192772109914	0.30794292931617906	-0.12383000143989992	0.05920147730266367	-0.038626725298552066	0.24372058433177723	-0.1045011905179587	0.09553526372480196	-0.04296274420361767	0.04224841281939276	-0.027414501104624643	0.027999014209314565	-0.026595121448128686	0.01069846847219581	-0.01583077532648185	0.020971347064728106	-0.018997091108706947	0.022995799564709117	-0.011196861346244915	0.017391680658443803
-0.7776291655858489	1.0000000000000004	-0.13811676873612155	0.06268806172487976	-0.04327385057599563	0.27529069088867886	-0.493628107911644	0.12908568266907958	-0.05802193834719365	0.03704588422548403	-0.2477323720677482	0.09660412112729203	-0.09337267078251882	0.03997525452558362	-0.03968053804317977	0.024514131419982245	-0.025434969059987392	0.023866828909745803	-0.00955811799646966	0.014218429640404045	-0.018801645721398978	0.01684963522101411	-0.020529724716270896	0.009971728240692552	-0.015663371312868934
0.11538076799333274	-0.13811676873612155	1.0000000000000004	-0.3194063866257659	0.15527508870242512	-0.10504420260411643	0.17034541154645727	-0.8533617728919779	0.20749918156107072	-0.13213547108424709	0.13167582735668948	-0.12573241989644598	0.13137929865524406	-0.09927024724434462	0.09723937116467282	-0.026903127033935617	0.03003450910832928	-0.02965597020936101	0.014960935598489829	-0.029406623022231373	0.02088771369918067	-0.01979144992285502	0.024097422443822198	-0.015583725380729701	0.0321543406615337
-0.06436315098629984	0.06268806172487976	-0.3194063866257659	1.0000000000000007	-0.5821189711876245	0.05966006603996327	-0.09826222592743962	0.2264441745296654	-0.6133589933432527	0.3127668041275558	-0.08818203774785904	0.07889379744315164	-0.0878806285032175	0.18390551306270428	-0.20505545618187573	0.019838365272461325	-0.022119384233384786	0.022577578033592612	-0.01940692022157389	0.05198709849618399	-0.01590503380665251	0.015198388983787718	-0.01906940669055581	0.019995246802244827	-0.0578990504466239
0.04450873240095614	-0.04327385057599563	0.15527508870242512	-0.5821189711876245	1.0000000000000009	-0.04316898578755033	0.06949614208773398	-0.1658534885143965	0.31871196503485955	-0.7001134692434948	0.06416187817299716	-0.06481726361323743	0.06920799973802627	-0.18493298027077396	0.17863405574835892	-0.015996172606237924	0.01786586224013817	-0.01842437585142981	0.01676675732162257	-0.04502666037909445	0.012765017049485438	-0.0123293650148448	0.015404021755795517	-0.017384412371841865	0.04685731129663664
-0.4285192772109914	0.27529069088867886	-0.10504420260411643	0.05966006603996327	-0.04316898578755033	1.0000000000000009	-0.5167788437958343	0.11488054571559944	-0.058012663322421366	0.03767862016393241	-0.6506180550247576	0.13748344497789075	-0.12799127989456044	0.045666345386171044	-0.04501901508040675	0.03461147786104181	-0.035087589369157735	0.03189909752032912	-0.01198318715096542	0.016500509815489145	-0.02596873791008254	0.02254908624521227	-0.027478614535783187	0.012483027829343987	-0.018170238800533603
0.30794292931617906	-0.493628107911644	0.17034541154645727	-0.09826222592743962	0.06949614208773398	-0.5167788437958343	1.0000000000000007	-0.21621187357502933	0.09330600710665078	-0.060400386036793006	0.30491634974667575	-0.1689603438192692	0.1472848140015563	-0.06737679407612833	0.06603558162935777	-0.041426665517861436	0.04285144514999464	-0.04102476837790305	0.01661507626578673	-0.02487966635078577	0.03174962577187932	-0.029134266009510978	0.035175078287822556	-0.017408855694479537	0.02731311402438364
-0.12383000143989992	0.12908568266907958	-0.8533617728919779	0.2264441745296654	-0.1658534885143965	0.11488054571559944	-0.21621187357502933	1.0000000000000002	-0.25963803359346305	0.133311229260794	-0.15136304367603562	0.134947760492847	-0.16988748319376767	0.10569078866146826	-0.10826433039712731	0.028487568178864827	-0.03234996015847232	0.03170781676520158	-0.01591176496631799	0.03146988313337211	-0.02224586147430899	0.020878052427927996	-0.025735593420384076	0.01648761482868299	-0.03486719554292163
0.05920147730266367	-0.05802193834719365	0.20749918156107072	-0.6133589933432527	0.31871196503485955	-0.058012663322421366	0.09330600710665078	-0.25963803359346305	1.0000000000000016	-0.5491398171397884	0.0851928465815045	-0.09095913348611538	0.09751783387638234	-0.31633211752788015	0.23504268205444526	-0.021605914032036034	0.02428616713759831	-0.025034431337636644	0.02270961803549811	-0.05808031617219209	0.01718214678569189	-0.016616544169246954	0.020746692665490698	-0.023453422968513753	0.061381228502328244
-0.038626725298552066	0.03704588422548403	-0.13213547108424709	0.3127668041275558	-0.7001134692434948	0.03767862016393241	-0.060400386036793006	0.133311229260794	-0.5491398171397884	1.0000000000000007	-0.05677321943650778	0.061051943291272545	-0.0669625223399028	0.21489264803610209	-0.28547979081028446	0.015109128056887378	-0.017040456998554245	0.01776658365206215	-0.018516739175306926	0.05355836159789638	-0.012121989854580644	0.011768901629939165	-0.014851097305219356	0.018952570509848835	-0.05699025058186334
0.24372058433177723	-0.2477323720677482	0.13167582735668948	-0.08818203774785904	0.06416187817299716	-0.6506180550247576	0.30491634974667575	-0.15136304367603562	0.0851928465815045	-0.05677321943650778	1.0000000000000027	-0.26382382846802865	0.1930555637007418	-0.07220311874440953	0.06992468622274038	-0.06061900814810804	0.059051983304721785	-0.05410578804074304	0.01997652286317012	-0.026858804204066635	0.043852475906672295	-0.038515925373096824	0.04626393355063377	-0.020886855050221836	0.029460046034980213
-0.1045011905179587	0.09660412112729203	-0.12573241989644598	0.07889379744315164	-0.06481726361323743	0.13748344497789075	-0.1689603438192692	0.134947760492847	-0.09095913348611538	0.061051943291272545	-0.26382382846802865	1.0000000000000038	-0.8859409812311644	0.11738970416275031	-0.11654192271913884	0.08226229343869891	-0.12399660110441739	0.10046807541760937	-0.029790006797911654	0.034304805510843465	-0.06048011964080817	0.05693521542311898	-0.07036665287680967	0.030505474090063406	-0.038254745752062495
0.09553526372480196	-0.09337267078251882	0.13137929865524406	-0.0878806285032175	0.06920799973802627	-0.12799127989456044	0.1472848140015563	-0.16988748319376767	0.09751783387638234	-0.0669625223399028	0.1930555637007418	-0.8859409812311644	1.000000000000003	-0.1514325538185718	0.12127690832893437	-0.08306900333453343	0.1077984817929966	-0.10938997007783882	0.031322178005218096	-0.03677667514165943	0.059461295670057396	-0.05857136916302877	0.07023170860022065	-0.03248263111655421	0.040118409254553074
-0.04296274420361767	0.03997525452558362	-0.09927024724434462	0.18390551306270428	-0.18493298027077396	0.045666345386171044	-0.06737679407612833	0.10569078866146826	-0.31633211752788015	0.21489264803610209	-0.07220311874440953	0.11738970416275031	-0.1514325538185718	1.0000000000000036	-0.8670587704692393	0.026417143458784813	-0.03112972567316924	0.033330212072090686	-0.045739455201655295	0.12408456610454625	-0.02126799281779433	0.021030165889558076	-0.027135406015345805	0.04459599065470183	-0.14017074715890615
0.04224841281939276	-0.03968053804317977	0.09723937116467282	-0.20505545618187573	0.17863405574835892	-0.04501901508040675	0.06603558162935777	-0.10826433039712731	0.23504268205444526	-0.28547979081028446	0.06992468622274038	-0.11654192271913884	0.12127690832893437	-0.8670587704692393	1.0000000000000047	-0.02634474743302911	0.03053672080286066	-0.033036412364346936	0.045542701526894366	-0.1568602243546721	0.021013862935101553	-0.020992255616542877	0.0267625492486271	-0.04642178788464707	0.13518083340443904
-0.027414501104624643	0.024514131419982245	-0.026903127033935617	0.019838365272461325	-0.015996172606237924	0.03461147786104181	-0.041426665517861436	0.028487568178864827	-0.021605914032036034	0.015109128056887378	-0.06061900814810804	0.08226229343869891	-0.08306900333453343	0.026417143458784813	-0.02634474743302911	1.0000000000000042	-0.5838571343632986	0.2862918923275398	-0.07605690443518603	0.02796138477487606	-0.6226064296768439	0.28183546955572736	-0.3524523073879895	0.07600012404942424	-0.0303246750097489
0.027999014209314565	-0.025434969059987392	0.03003450910832928	-0.022119384233384786	0.01786586224013817	-0.035087589369157735	0.04285144514999464	-0.03234996015847232	0.02428616713759831	-0.017040456998554245	0.059051983304721785	-0.12399660110441739	0.1077984817929966	-0.03112972567316924	0.03053672080286066	-0.5838571343632986	1.0000000000000042	-0.6615372260841773	0.09405188814458054	-0.0320841571942894	0.26149006094280214	-0.2733934541855551	0.2766783031576868	-0.09938607602634145	0.03350429694128028
-0.026595121448128686	0.023866828909745803	-0.02965597020936101	0.022577578033592612	-0.01842437585142981	0.03189909752032912	-0.04102476837790305	0.03170781676520158	-0.025034431337636644	0.01776658365206215	-0.05410578804074304	0.10046807541760937	-0.10938997007783882	0.033330212072090686	-0.033036412364346936	0.2862918923275398	-0.6615372260841773	1.000000000000005	-0.1563755674102578	0.04211048112165659	-0.29504059749006883	0.2584479329782431	-0.5540607410977354	0.13560403207979005	-0.044716533992750114
0.01069846847219581	-0.00955811799646966	0.014960935598489829	-0.01940692022157389	0.01676675732162257	-0.01198318715096542	0.01661507626578673	-0.01591176496631799	0.02270961803549811	-0.018516739175306926	0.01997652286317012	-0.029790006797911654	0.031322178005218096	-0.045739455201655295	0.045542701526894366	-0.07605690443518603	0.09405188814458054	-0.1563755674102578	1.0000000000000044	-0.16309752074993467	0.06912924778166711	-0.07853483550621237	0.12180408283021715	-0.9505653994604313	0.14003652140357886
-0.01583077532648185	0.014218429640404045	-0.029406623022231373	0.05198709849618399	-0.04502666037909445	0.016500509815489145	-0.02487966635078577	0.03146988313337211	-0.05808031617219209	0.05355836159789638	-0.026858804204066635	0.034304805510843465	-0.03677667514165943	0.12408456610454625	-0.1568602243546721	0.02796138477487606	-0.0320841571942894	0.04211048112165659	-0.16309752074993467	1.0000000000000049	-0.025040953474522395	0.026472274760632783	-0.038218278551497134	0.13875222767858947	-0.9534812435892295
0.020971347064728106	-0.018801645721398978	0.02088771369918067	-0.01590503380665251	0.012765017049485438	-0.02596873791008254	0.03174962577187932	-0.02224586147430899	0.01718214678569189	-0.012121989854580644	0.043852475906672295	-0.06048011964080817	0.059461295670057396	-0.02126799281779433	0.021013862935101553	-0.6226064296768439	0.26149006094280214	-0.29504059749006883	0.06912924778166711	-0.025040953474522395	1.000000000000005	-0.6266245516923605	0.2899713266743725	-0.07504152912808887	0.02648604997681602
-0.018997091108706947	0.01684963522101411	-0.01979144992285502	0.015198388983787718	-0.0123293650148448	0.02254908624521227	-0.029134266009510978	0.020878052427927996	-0.016616544169246954	0.011768901629939165	-0.038515925373096824	0.05693521542311898	-0.05857136916302877	0.021030165889558076	-0.020992255616542877	0.28183546955572736	-0.2733934541855551	0.2584479329782431	-0.07853483550621237	0.026472274760632783	-0.6266245516923605	1.0000000000000056	-0.6375004159639781	0.08061079097704311	-0.028714930317126564
0.022995799564709117	-0.020529724716270896	0.024097422443822198	-0.01906940669055581	0.015404021755795517	-0.027478614535783187	0.035175078287822556	-0.025735593420384076	0.020746692665490698	-0.014851097305219356	0.04626393355063377	-0.07036665287680967	0.07023170860022065	-0.027135406015345805	0.0267625492486271	-0.3524523073879895	0.2766783031576868	-0.5540607410977354	0.12180408283021715	-0.038218278551497134	0.2899713266743725	-0.6375004159639781	1.0000000000000058	-0.14278843764995808	0.04024909451754127
-0.011196861346244915	0.009971728240692552	-0.015583725380729701	0.019995246802244827	-0.017384412371841865	0.012483027829343987	-0.017408855694479537	0.01648761482868299	-0.023453422968513753	0.018952570509848835	-0.020886855050221836	0.030505474090063406	-0.03248263111655421	0.04459599065470183	-0.04642178788464707	0.07600012404942424	-0.09938607602634145	0.13560403207979005	-0.9505653994604313	0.13875222767858947	-0.07504152912808887	0.08061079097704311	-0.14278843764995808	1.0000000000000056	-0.16037877125154987
0.017391680658443803	-0.015663371312868934	0.0321543406615337	-0.0578990504466239	0.04685731129663664	-0.018170238800533603	0.02731311402438364	-0.03486719554292163	0.061381228502328244	-0.05699025058186334	0.029460046034980213	-0.038254745752062495	0.040118409254553074	-0.14017074715890615	0.13518083340443904	-0.0303246750097489	0.03350429694128028	-0.044716533992750114	0.14003652140357886	-0.9534812435892295	0.02648604997681602	-0.028714930317126564	0.04024909451754127	-0.16037877125154987	1.0000000000000056
