1.0	-0.26755143186060926	0.14224148287402416	-0.049101836782113696	0.05315084702545006	-0.8488329940194795	0.19481823601214604	-0.12443623573513947	0.05241028242504184	-0.044896698094544954	0.2589693780916887	-0.19059398714332645	0.14469674565167237	-0.04290072049758986	0.03625771886719034	-0.15555945979502073	0.14534316079412338	-0.11151174873911303	0.10270464373141283	-0.08526318756590753	0.1133993013464427	-0.11571918649355216	0.10673332919094287	-0.07333362166988841	0.0653914563344995	-0.0626691934859467	0.06230403359804699	-0.08645976295566697	0.09019158263757632	-0.09370313351147577	0.05094883760318591	-0.06077467155012603	0.08177326132675374	-0.12270377129619091	0.08574415267759931	-0.06739955592047223	0.060870360665433484	-0.18388769520090364	0.10096578721720377	-0.1616156975153325
-0.26755143186060926	1.0000000000000004	-0.3997418529077826	0.10491877250348128	-0.11656964342083695	0.2010705191289228	-0.6911935116680757	0.2576120002784491	-0.09748475790439701	0.07948761525063583	-0.2835612113689391	0.29769875200593876	-0.29980955397775455	0.07424867453110393	-0.06374662627640801	0.15301979309187053	-0.19566038175082773	0.14796705202956012	-0.1331058190913166	0.09328260196676244	-0.13574310612079368	0.1308204587678527	-0.14053865620726172	0.0896506237573327	-0.07247536097443236	0.06508728911654109	-0.06676589119960598	0.09592325024977659	-0.1095475112841638	0.09795467439747607	-0.05251271284708988	0.061477126743019625	-0.09236961445333305	0.12409427586846652	-0.08881750329475381	0.06564201832997492	-0.059966046829047125	0.1716079390039964	-0.09791229492667239	0.15351004743957408
0.14224148287402416	-0.3997418529077826	1.0000000000000002	-0.23226080547212535	0.18033833172338487	-0.12698643007413238	0.2534140307885398	-0.6657505004132283	0.1442053520967997	-0.12673018627940213	0.19818988419141975	-0.27575362904389356	0.2930562480139673	-0.11153162002347708	0.09052229810828244	-0.1297411352083168	0.1594888952214497	-0.16951195442384684	0.1461897963067131	-0.11526239204754088	0.11709158888657552	-0.12288707346647533	0.1467100012369794	-0.10176576789140736	0.0877966650114042	-0.07403839834229622	0.0752587720403992	-0.11351984644083661	0.12226005207768649	-0.12350384617033056	0.06154767448502969	-0.07425500301026837	0.1072276901933493	-0.1585621631774483	0.11168456893727298	-0.08288506564230791	0.07516351997109705	-0.23102429549275297	0.12845444587349286	-0.20512932231732042
-0.049101836782113696	0.10491877250348128	-0.23226080547212535	1.0000000000000007	-0.8934655437213602	0.042161145987832466	-0.07752905375121882	0.134103248054016	-0.2604302744610291	0.19272411125848582	-0.0707245086565219	0.08275952199897012	-0.09829889233913688	0.1443211708587097	-0.13558000241402554	0.04550087722463764	-0.057962418331820864	0.06167154953220213	-0.06343355897558106	0.045821407252515114	-0.04267271865631862	0.04397823603731818	-0.055745176139039544	0.04169004737648953	-0.03477800106802133	0.026726281026608796	-0.027442062884300334	0.04204895741209008	-0.04940626183154502	0.047139818326631444	-0.022244377886006937	0.02677607977961064	-0.040124463615850856	0.05875662335295115	-0.0420330566634854	0.029652990876974795	-0.027004563620066164	0.0822063365792376	-0.0465944142089606	0.073874813204375
0.05315084702545006	-0.11656964342083695	0.18033833172338487	-0.8934655437213602	1.0000000000000009	-0.04593021062119039	0.08202805813448455	-0.13932486742694145	0.20880773802401761	-0.2560488869853552	0.07642086424861869	-0.09007614225613493	0.10023373398740044	-0.1592251573623388	0.13984544267052154	-0.04998117126905109	0.06328407707938548	-0.06798838771483302	0.06990442271387938	-0.05214399143317232	0.046930807095098934	-0.048658990241013236	0.061432951500612246	-0.04656165196187797	0.039443757994930786	-0.030437538895673407	0.03118620605763775	-0.0476584602277095	0.05518157736301623	-0.054043754391218134	0.0254410969283796	-0.030724351939164014	0.04540183368300687	-0.06764727717481929	0.04821252223273893	-0.03425459906679935	0.03115767151196622	-0.0957629710242907	0.0539772103661307	-0.08587554829086116
-0.8488329940194795	0.2010705191289228	-0.12698643007413238	0.042161145987832466	-0.04593021062119039	1.0000000000000004	-0.21347772076014088	0.11016706123444485	-0.04468110949472097	0.037733654609630005	-0.3780786541843574	0.17573618560429585	-0.13450206506617254	0.03621907703910229	-0.030595774826751184	0.1471958843927188	-0.1409216093152196	0.09336564994441558	-0.08414788311540286	0.06659962857652021	-0.10900653069241602	0.10279708012246873	-0.08994776168922763	0.05937819646256403	-0.0512351617928973	0.050678654532685025	-0.05053745175630541	0.06868999098685408	-0.07254781038639296	0.07228913261553992	-0.04060321690813717	0.047677318617607115	-0.0650666878567933	0.09393332251254656	-0.06598196145618965	0.05181809493079158	-0.046953559683404825	0.13753372449304038	-0.07632860280881326	0.1213188702629256
0.19481823601214604	-0.6911935116680757	0.2534140307885398	-0.07752905375121882	0.08202805813448455	-0.21347772076014088	1.0000000000000016	-0.2978044474647182	0.07894505524620823	-0.06558166943963827	0.23383363158747092	-0.5156983847020711	0.26660210601819595	-0.06255071122578208	0.05154380476128487	-0.13787122487656897	0.16312582357009348	-0.1339023781773027	0.11375407051541482	-0.08429879479155962	0.11329755992875283	-0.11631403074528321	0.1203554514666648	-0.07817807230603079	0.06484432512404809	-0.058500179316420445	0.05928428718015165	-0.08623111170308362	0.09409053856492376	-0.08950638218839733	0.04735757856344619	-0.05604609603026482	0.08179714627747446	-0.11444117456027748	0.0810878059556988	-0.06080665352515148	0.05528010023159014	-0.16241518248547404	0.09143312355553747	-0.1445459471121343
-0.12443623573513947	0.2576120002784491	-0.6657505004132283	0.134103248054016	-0.13932486742694145	0.11016706123444485	-0.2978044474647182	1.0000000000000009	-0.14581580023854457	0.10456367113099546	-0.18275612044574172	0.25935082950729693	-0.5512064688009555	0.09978613054049663	-0.07930495458224855	0.11128690153452941	-0.1415919048827777	0.15427617538705554	-0.12663277916925486	0.08674541331789555	-0.10027631936688434	0.10324488092797808	-0.13292378319626807	0.08344527644882134	-0.06671069411551162	0.05533490707158105	-0.056783650509571765	0.08776004610671026	-0.09851870912550802	0.09017113726545242	-0.0452240460224624	0.0538863010620166	-0.08352114443194049	0.1137671398520152	-0.08119994645939159	0.0584892645441866	-0.0533038076848788	0.15757099877014552	-0.08970669386992144	0.14123148647682812
0.05241028242504184	-0.09748475790439701	0.1442053520967997	-0.2604302744610291	0.20880773802401761	-0.04468110949472097	0.07894505524620823	-0.14581580023854457	1.0000000000000009	-0.5895550172103916	0.07773227587894473	-0.08788249065644328	0.1118189930287491	-0.6445741773494639	0.322326602581186	-0.05111873531602953	0.06629676124288707	-0.08153590692320509	0.09884585059916313	-0.0638454645161304	0.049241331776286666	-0.051295986730202664	0.07091788452745142	-0.06103055682979614	0.04722037013853658	-0.031170275464611753	0.03228556376179748	-0.052156934266313085	0.06672544104027966	-0.06110138100911662	0.025891744997754863	-0.031182608644633295	0.04951897408622096	-0.07237256517294743	0.05276431426354799	-0.03416184590909659	0.03126894847421116	-0.09434680003599416	0.0552330529201924	-0.0867138432113145
-0.044896698094544954	0.07948761525063583	-0.12673018627940213	0.19272411125848582	-0.2560488869853552	0.037733654609630005	-0.06558166943963827	0.10456367113099546	-0.5895550172103916	1.0000000000000027	-0.0666845560440809	0.07115740226276317	-0.09189312188471611	0.32750633696658943	-0.664822208926674	0.04304881541220961	-0.05641100439268404	0.0651196889903741	-0.08005083789768636	0.05197491011952962	-0.04169573914948623	0.04282645127636756	-0.058959394835367065	0.04886798487278685	-0.0391412959162311	0.02561815649828519	-0.026621335429958058	0.042523796809882324	-0.05607319880665465	0.04935888012469705	-0.02124572536300523	0.02549814166317589	-0.04078935047376832	0.058516761562068434	-0.04303114289674815	0.02779948891588682	-0.02547729793663285	0.07614965640772671	-0.04468124447594371	0.06991438678599159
0.2589693780916887	-0.2835612113689391	0.19818988419141975	-0.0707245086565219	0.07642086424861869	-0.3780786541843574	0.23383363158747092	-0.18275612044574172	0.07773227587894473	-0.0666845560440809	1.0	-0.409192775537452	0.2310518256433295	-0.06470715318482786	0.05433012118061913	-0.4742967405297022	0.28091598629710846	-0.1874080406822498	0.16402741705585813	-0.1356195505606236	0.23083793791670357	-0.2315003344395783	0.17725078902147304	-0.11825485422934091	0.10376672587921966	-0.10764042678801501	0.10490209394982586	-0.1409648581117531	0.14317373753913235	-0.14836282962261327	0.08488468665913078	-0.09993836568513856	0.13166510759603703	-0.19412699560297114	0.13546274263640018	-0.10890188393429404	0.09819324167945633	-0.28842254614500856	0.15882377161182773	-0.2532898001668883
-0.19059398714332645	0.29769875200593876	-0.27575362904389356	0.08275952199897012	-0.09007614225613493	0.17573618560429585	-0.5156983847020711	0.25935082950729693	-0.08788249065644328	0.07115740226276317	-0.409192775537452	0.9999999999999992	-0.5460905600195314	0.07087450425250219	-0.05870210299256838	0.19168010629862456	-0.2569974066622433	0.17487739289740986	-0.14218702058071028	0.09856145641134204	-0.1548799152391122	0.15529786210374516	-0.1573265104665232	0.09544562564660107	-0.07612085029965653	0.07015231552426593	-0.07119354931474114	0.10325294319205008	-0.11330845596908788	0.10321143234450551	-0.055989000980075206	0.06549377450990579	-0.09801324008699916	0.1311124582603851	-0.09336510540176426	0.06976217108866713	-0.06357974436262831	0.18167863934587636	-0.10341701725079874	0.16226451119530258
0.14469674565167237	-0.29980955397775455	0.2930562480139673	-0.09829889233913688	0.10023373398740044	-0.13450206506617254	0.26660210601819595	-0.5512064688009555	0.1118189930287491	-0.09189312188471611	0.2310518256433295	-0.5460905600195314	1.0000000000000002	-0.09783625963794268	0.07452292852569978	-0.15269520981494797	0.1865799448286125	-0.28305212430392174	0.17176200543726555	-0.12016625356109292	0.13249456748502542	-0.1437835441214715	0.18696196272990245	-0.11590346826623692	0.09143764283000107	-0.07600300247659954	0.07752406305978497	-0.12409224880551001	0.13210253825261964	-0.12456987769828659	0.06196082420857319	-0.07423676470606837	0.11508196888316764	-0.15760778780163293	0.11175387329227103	-0.08079937889197646	0.07346318651352791	-0.21882752099891004	0.12420822247712576	-0.1959392682773834
-0.04290072049758986	0.07424867453110393	-0.11153162002347708	0.1443211708587097	-0.1592251573623388	0.03621907703910229	-0.06255071122578208	0.09978613054049663	-0.6445741773494639	0.32750633696658943	-0.06470715318482786	0.07087450425250219	-0.09783625963794268	0.9999999999999959	-0.6504574678221865	0.042724390553143296	-0.056232144940926904	0.07499238937708881	-0.11039629540044463	0.05905718938321504	-0.04177437353549393	0.04365407523023995	-0.06408990596062292	0.059634245291511394	-0.043536922579367254	0.02596594073889912	-0.027062456989281496	0.04510650427018205	-0.062460119317498015	0.053515197286106875	-0.021478435357636872	0.02581880344279367	-0.04279258272513229	0.061498778392720735	-0.04563325591278995	0.027978609130218907	-0.025697554090401756	0.07656611076697675	-0.04583060292538705	0.07129978816368249
0.03625771886719034	-0.06374662627640801	0.09052229810828244	-0.13558000241402554	0.13984544267052154	-0.030595774826751184	0.05154380476128487	-0.07930495458224855	0.322326602581186	-0.664822208926674	0.05433012118061913	-0.05870210299256838	0.07452292852569978	-0.6504574678221865	0.9999999999999979	-0.036004100227722914	0.04715686458450844	-0.06072040727823196	0.07948855735520727	-0.05112489914523693	0.03518240508971904	-0.03671137768062114	0.0524865262188236	-0.04790250648779056	0.03728046185760408	-0.02236334740768135	0.023257557481553184	-0.03825017822475421	0.051032741947913206	-0.04598309838708211	0.01857131627683491	-0.0223660643920033	0.036340760719458555	-0.05308630738926043	0.039292618252214126	-0.02439475581224056	0.02237893368977293	-0.06723927043593225	0.03992076722194215	-0.06238297233343219
-0.15555945979502073	0.15301979309187053	-0.1297411352083168	0.04550087722463764	-0.04998117126905109	0.1471958843927188	-0.13787122487656897	0.11128690153452941	-0.05111873531602953	0.04304881541220961	-0.4742967405297022	0.19168010629862456	-0.15269520981494797	0.042724390553143296	-0.036004100227722914	0.9999999999999986	-0.5753156499469753	0.1520995587369311	-0.12482733896428594	0.0921785803035662	-0.5347739476756055	0.30244988264492506	-0.1585036096946131	0.0894713327232135	-0.0711975495140435	0.09983598486009324	-0.09605023531627122	0.1054258198856407	-0.10547670726161913	0.09786402341021863	-0.07294601821308047	0.07767958362894366	-0.09799833776354043	0.12621433368626722	-0.0889512513402804	0.07690540335379534	-0.07038371687190084	0.1743480101765877	-0.09935140870432559	0.15411426267069453
0.14534316079412338	-0.19566038175082773	0.1594888952214497	-0.057962418331820864	0.06328407707938548	-0.1409216093152196	0.16312582357009348	-0.1415919048827777	0.06629676124288707	-0.05641100439268404	0.28091598629710846	-0.2569974066622433	0.1865799448286125	-0.056232144940926904	0.04715686458450844	-0.5753156499469753	0.9999999999999976	-0.23887940250969064	0.17166873104843833	-0.13157933235720526	0.31836976092068925	-0.5243953390732781	0.2162554320400612	-0.12569298552182032	0.1003714419331587	-0.11490679804289361	0.11227881105757079	-0.14766110296517856	0.14397218786554172	-0.1395859379240794	0.08639906621520789	-0.09913728489720659	0.13365376442133312	-0.17968655645913378	0.12578051414056993	-0.1019321542254289	0.09228792172051975	-0.24895733059240877	0.14124729570418773	-0.22096968432465686
-0.11151174873911303	0.14796705202956012	-0.16951195442384684	0.06167154953220213	-0.06798838771483302	0.09336564994441558	-0.1339023781773027	0.15427617538705554	-0.08153590692320509	0.0651196889903741	-0.1874080406822498	0.17487739289740986	-0.28305212430392174	0.07499238937708881	-0.06072040727823196	0.1520995587369311	-0.23887940250969064	0.9999999999999978	-0.48649803336797853	0.176579324574458	-0.17034286557244185	0.19374994691586717	-0.6523718265870952	0.2341735080485754	-0.13892061724130558	0.08770892226665601	-0.09561499429369948	0.20237077723231783	-0.24024889440781522	0.16033035294755454	-0.06967715339630345	0.08276230020328905	-0.19304384588549667	0.18823584452288258	-0.1407872276037034	0.08215280044072307	-0.07639657811903003	0.20367260754662897	-0.13083561542833821	0.193142160293424
0.10270464373141283	-0.1331058190913166	0.1461897963067131	-0.06343355897558106	0.06990442271387938	-0.08414788311540286	0.11375407051541482	-0.12663277916925486	0.09884585059916313	-0.08005083789768636	0.16402741705585813	-0.14218702058071028	0.17176200543726555	-0.11039629540044463	0.07948855735520727	-0.12482733896428594	0.17166873104843833	-0.48649803336797853	0.999999999999998	-0.3599163677437056	0.1333498513936664	-0.1508957702148559	0.286738634276991	-0.5043350397315867	0.22407453154962714	-0.0901944498803363	0.09586013116997864	-0.19226673907632952	0.30243981320909896	-0.2540527335840047	0.07412920285225247	-0.09000915837850303	0.17270824635916598	-0.255691183419569	0.1950403876870624	-0.09476681229767767	0.088070455318188	-0.2588874385202742	0.17067778110866197	-0.25913926018086897
-0.08526318756590753	0.09328260196676244	-0.11526239204754088	0.045821407252515114	-0.05214399143317232	0.06659962857652021	-0.08429879479155962	0.08674541331789555	-0.0638454645161304	0.05197491011952962	-0.1356195505606236	0.09856145641134204	-0.12016625356109292	0.05905718938321504	-0.05112489914523693	0.0921785803035662	-0.13157933235720526	0.176579324574458	-0.3599163677437056	0.9999999999999994	-0.10099235836822731	0.10257872798582017	-0.18813870265504362	0.2140408390654836	-0.7654080905288758	0.061801762376302014	-0.06811417339802316	0.12395787349315715	-0.2617545280033354	0.27704290655640323	-0.051458266967933444	0.06100831111120588	-0.1340136038829454	0.18731347664135442	-0.2479702926382121	0.06257767044215337	-0.05982757614681137	0.16531767467935007	-0.12555919529849774	0.17601727457568747
0.1133993013464427	-0.13574310612079368	0.11709158888657552	-0.04267271865631862	0.046930807095098934	-0.10900653069241602	0.11329755992875283	-0.10027631936688434	0.049241331776286666	-0.04169573914948623	0.23083793791670357	-0.1548799152391122	0.13249456748502542	-0.04177437353549393	0.03518240508971904	-0.5347739476756055	0.31836976092068925	-0.17034286557244185	0.1333498513936664	-0.10099235836822731	0.9999999999999968	-0.686264478197334	0.18734292526779647	-0.10051142459028958	0.07772569107152075	-0.15814634014048753	0.12849814522202274	-0.12543705757917892	0.11453831909551251	-0.10718974764590711	0.09701861803025694	-0.09964231510185276	0.11151216674622677	-0.13928420812154504	0.09724396378330205	-0.09374164941847178	0.08476264515793082	-0.18892281788093968	0.10823786487864648	-0.16577752969854126
-0.11571918649355216	0.1308204587678527	-0.12288707346647533	0.04397823603731818	-0.048658990241013236	0.10279708012246873	-0.11631403074528321	0.10324488092797808	-0.051295986730202664	0.04282645127636756	-0.2315003344395783	0.15529786210374516	-0.1437835441214715	0.04365407523023995	-0.03671137768062114	0.30244988264492506	-0.5243953390732781	0.19374994691586717	-0.1508957702148559	0.10257872798582017	-0.686264478197334	0.9999999999999966	-0.2875533354764717	0.11259885826150046	-0.07999014849236835	0.12161020799879786	-0.1250488202497962	0.13314858583589917	-0.1272647515250858	0.10615171879609818	-0.08686362173353261	0.09100562272126457	-0.12119791464252999	0.1355548956481611	-0.09605725950453996	0.0841999770428522	-0.07789265709520125	0.17260049369688785	-0.10221517281346845	0.15424182981225382
0.10673332919094287	-0.14053865620726172	0.1467100012369794	-0.055745176139039544	0.061432951500612246	-0.08994776168922763	0.1203554514666648	-0.13292378319626807	0.07091788452745142	-0.058959394835367065	0.17725078902147304	-0.1573265104665232	0.18696196272990245	-0.06408990596062292	0.0524865262188236	-0.1585036096946131	0.2162554320400612	-0.6523718265870952	0.286738634276991	-0.18813870265504362	0.18734292526779647	-0.2875533354764717	0.9999999999999949	-0.2875151811024303	0.14261899721200208	-0.10701420987383133	0.11544135109198288	-0.3586052393791696	0.2297384524132346	-0.18363942678401693	0.08258980617980291	-0.1003323067744179	0.23065405445013334	-0.23037319873018605	0.15844489576432746	-0.09759506636006932	0.0900506046406083	-0.23932254532258318	0.1537824104771262	-0.22601061351031174
-0.07333362166988841	0.0896506237573327	-0.10176576789140736	0.04169004737648953	-0.04656165196187797	0.05937819646256403	-0.07817807230603079	0.08344527644882134	-0.06103055682979614	0.04886798487278685	-0.11825485422934091	0.09544562564660107	-0.11590346826623692	0.059634245291511394	-0.04790250648779056	0.0894713327232135	-0.12569298552182032	0.2341735080485754	-0.5043350397315867	0.2140408390654836	-0.10051142459028958	0.11259885826150046	-0.2875151811024303	0.9999999999999931	-0.21005895544951778	0.06363376636206747	-0.06881903691261086	0.14165502483420644	-0.7259504587982931	0.18730679707755685	-0.05206573562852705	0.06277879735742965	-0.13296277743754636	0.18394709488550665	-0.1487411646973678	0.06474917318418143	-0.06064995818822291	0.17308991943522944	-0.11947174491371176	0.17414785457599058
0.0653914563344995	-0.07247536097443236	0.0877966650114042	-0.03477800106802133	0.039443757994930786	-0.0512351617928973	0.06484432512404809	-0.06671069411551162	0.04722037013853658	-0.0391412959162311	0.10376672587921966	-0.07612085029965653	0.09143764283000107	-0.043536922579367254	0.03728046185760408	-0.0711975495140435	0.1003714419331587	-0.13892061724130558	0.22407453154962714	-0.7654080905288758	0.07772569107152075	-0.07999014849236835	0.14261899721200208	-0.21005895544951778	0.9999999999999926	-0.051293572234213464	0.05619752046794497	-0.10604778334251277	0.20324094187027075	-0.4731860587465401	0.04302849461172001	-0.05154790934312956	0.11080272577124034	-0.187572229130235	0.22814021465616488	-0.053673764477865885	0.05140062154762501	-0.14892333854225537	0.11625719434901642	-0.16922147113439412
-0.0626691934859467	0.06508728911654109	-0.07403839834229622	0.026726281026608796	-0.030437538895673407	0.050678654532685025	-0.058500179316420445	0.05533490707158105	-0.031170275464611753	0.02561815649828519	-0.10764042678801501	0.07015231552426593	-0.07600300247659954	0.02596594073889912	-0.02236334740768135	0.09983598486009324	-0.11490679804289361	0.08770892226665601	-0.0901944498803363	0.061801762376302014	-0.15814634014048753	0.12161020799879786	-0.10701420987383133	0.06363376636206747	-0.051293572234213464	0.999999999999995	-0.6986855648118029	0.12804499981809728	-0.0832218421005467	0.06790436659899937	-0.5591267463693107	0.3087236589807137	-0.12431867891659157	0.09644697677897726	-0.06891167813253227	0.21966605781376525	-0.21505318758873365	0.13640157667310238	-0.08007441412572108	0.10242802662421177
0.06230403359804699	-0.06676589119960598	0.0752587720403992	-0.027442062884300334	0.03118620605763775	-0.05053745175630541	0.05928428718015165	-0.056783650509571765	0.03228556376179748	-0.026621335429958058	0.10490209394982586	-0.07119354931474114	0.07752406305978497	-0.027062456989281496	0.023257557481553184	-0.09605023531627122	0.11227881105757079	-0.09561499429369948	0.09586013116997864	-0.06811417339802316	0.12849814522202274	-0.1250488202497962	0.11544135109198288	-0.06881903691261086	0.05619752046794497	-0.6986855648118029	0.999999999999992	-0.1835163432262311	0.08867709032014559	-0.07590224572945628	0.31451561627359426	-0.5282851812921682	0.14520400505968084	-0.1112589727387347	0.0768859542324317	-0.2558855342657967	0.21758712856225187	-0.15696204660205648	0.0899275197036218	-0.11652629604645517
-0.08645976295566697	0.09592325024977659	-0.11351984644083661	0.04204895741209008	-0.0476584602277095	0.06868999098685408	-0.08623111170308362	0.08776004610671026	-0.052156934266313085	0.042523796809882324	-0.1409648581117531	0.10325294319205008	-0.12409224880551001	0.04510650427018205	-0.03825017822475421	0.1054258198856407	-0.14766110296517856	0.20237077723231783	-0.19226673907632952	0.12395787349315715	-0.12543705757917892	0.13314858583589917	-0.3586052393791696	0.14165502483420644	-0.10604778334251277	0.12804499981809728	-0.1835163432262311	0.9999999999999909	-0.17780659140298513	0.13839796500375884	-0.09686325202724859	0.12342136390837759	-0.7991853489281289	0.22711934232377723	-0.1527119393750913	0.09646675148792523	-0.09262005484674805	0.1837859531943741	-0.1408056645573666	0.1737605823761546
0.09019158263757632	-0.1095475112841638	0.12226005207768649	-0.04940626183154502	0.05518157736301623	-0.07254781038639296	0.09409053856492376	-0.09851870912550802	0.06672544104027966	-0.05607319880665465	0.14317373753913235	-0.11330845596908788	0.13210253825261964	-0.062460119317498015	0.051032741947913206	-0.10547670726161913	0.14397218786554172	-0.24024889440781522	0.30243981320909896	-0.2617545280033354	0.11453831909551251	-0.1272647515250858	0.2297384524132346	-0.7259504587982931	0.20324094187027075	-0.0832218421005467	0.08867709032014559	-0.17780659140298513	0.9999999999999891	-0.27594656273036144	0.06917367409129885	-0.08436937150894204	0.16204859485536705	-0.2841764430126473	0.20112137640860925	-0.08963598416843702	0.083765128267558	-0.2519164048784272	0.17316001326453634	-0.25700318113282783
-0.09370313351147577	0.09795467439747607	-0.12350384617033056	0.047139818326631444	-0.054043754391218134	0.07228913261553992	-0.08950638218839733	0.09017113726545242	-0.06110138100911662	0.04935888012469705	-0.14836282962261327	0.10321143234450551	-0.12456987769828659	0.053515197286106875	-0.04598309838708211	0.09786402341021863	-0.1395859379240794	0.16033035294755454	-0.2540527335840047	0.27704290655640323	-0.10718974764590711	0.10615171879609818	-0.18363942678401693	0.18730679707755685	-0.4731860587465401	0.06790436659899937	-0.07590224572945628	0.13839796500375884	-0.27594656273036144	0.9999999999999911	-0.057337751670349615	0.06785460581517197	-0.1619437398836552	0.261437194801336	-0.6507605761686749	0.06942739997294887	-0.06782460019645126	0.18737305052589207	-0.16835433011990156	0.22176737154060186
0.05094883760318591	-0.05251271284708988	0.06154767448502969	-0.022244377886006937	0.0254410969283796	-0.04060321690813717	0.04735757856344619	-0.0452240460224624	0.025891744997754863	-0.02124572536300523	0.08488468665913078	-0.055989000980075206	0.06196082420857319	-0.021478435357636872	0.01857131627683491	-0.07294601821308047	0.08639906621520789	-0.06967715339630345	0.07412920285225247	-0.051458266967933444	0.09701861803025694	-0.08686362173353261	0.08258980617980291	-0.05206573562852705	0.04302849461172001	-0.5591267463693107	0.31451561627359426	-0.09686325202724859	0.06917367409129885	-0.057337751670349615	0.9999999999999896	-0.5898175474289282	0.09557552113894698	-0.0830843128696305	0.059132005408520205	-0.4468319013594688	0.2787333777399971	-0.13527584106055637	0.07452978486773125	-0.09078325650061936
-0.06077467155012603	0.061477126743019625	-0.07425500301026837	0.02677607977961064	-0.030724351939164014	0.047677318617607115	-0.05604609603026482	0.0538863010620166	-0.031182608644633295	0.02549814166317589	-0.09993836568513856	0.06549377450990579	-0.07423676470606837	0.02581880344279367	-0.0223660643920033	0.07767958362894366	-0.09913728489720659	0.08276230020328905	-0.09000915837850303	0.06100831111120588	-0.09964231510185276	0.09100562272126457	-0.1003323067744179	0.06277879735742965	-0.05154790934312956	0.3087236589807137	-0.5282851812921682	0.12342136390837759	-0.08436937150894204	0.06785460581517197	-0.5898175474289282	0.9999999999999897	-0.1308494271508968	0.09895492820997151	-0.07111183237888544	0.29812574946091763	-0.4547808734193321	0.15558419479966604	-0.08953445975990576	0.10441493968864424
0.08177326132675374	-0.09236961445333305	0.1072276901933493	-0.040124463615850856	0.04540183368300687	-0.0650666878567933	0.08179714627747446	-0.08352114443194049	0.04951897408622096	-0.04078935047376832	0.13166510759603703	-0.09801324008699916	0.11508196888316764	-0.04279258272513229	0.036340760719458555	-0.09799833776354043	0.13365376442133312	-0.19304384588549667	0.17270824635916598	-0.1340136038829454	0.11151216674622677	-0.12119791464252999	0.23065405445013334	-0.13296277743754636	0.11080272577124034	-0.12431867891659157	0.14520400505968084	-0.7991853489281289	0.16204859485536705	-0.1619437398836552	0.09557552113894698	-0.1308494271508968	0.9999999999999882	-0.35872260441750353	0.17115271719345154	-0.10234208426542427	0.09722096260948798	-0.22031446073637165	0.1682329255421169	-0.20800250789360236
-0.12270377129619091	0.12409427586846652	-0.1585621631774483	0.05875662335295115	-0.06764727717481929	0.09393332251254656	-0.11444117456027748	0.1137671398520152	-0.07237256517294743	0.058516761562068434	-0.19412699560297114	0.1311124582603851	-0.15760778780163293	0.061498778392720735	-0.05308630738926043	0.12621433368626722	-0.17968655645913378	0.18823584452288258	-0.255691183419569	0.18731347664135442	-0.13928420812154504	0.1355548956481611	-0.23037319873018605	0.18394709488550665	-0.187572229130235	0.09644697677897726	-0.1112589727387347	0.22711934232377723	-0.2841764430126473	0.261437194801336	-0.0830843128696305	0.09895492820997151	-0.35872260441750353	0.9999999999999883	-0.506399613473531	0.09907347938827507	-0.10163121913987498	0.28098203232543606	-0.4585228604513971	0.3099925005679198
0.08574415267759931	-0.08881750329475381	0.11168456893727298	-0.0420330566634854	0.04821252223273893	-0.06598196145618965	0.0810878059556988	-0.08119994645939159	0.05276431426354799	-0.04303114289674815	0.13546274263640018	-0.09336510540176426	0.11175387329227103	-0.04563325591278995	0.039292618252214126	-0.0889512513402804	0.12578051414056993	-0.1407872276037034	0.1950403876870624	-0.2479702926382121	0.09724396378330205	-0.09605725950453996	0.15844489576432746	-0.1487411646973678	0.22814021465616488	-0.06891167813253227	0.0768859542324317	-0.1527119393750913	0.20112137640860925	-0.6507605761686749	0.059132005408520205	-0.07111183237888544	0.17115271719345154	-0.506399613473531	0.9999999999999873	-0.07422396838668197	0.07359117706169116	-0.22523428188602293	0.2249569544229689	-0.34556969425093015
-0.06739955592047223	0.06564201832997492	-0.08288506564230791	0.029652990876974795	-0.03425459906679935	0.05181809493079158	-0.06080665352515148	0.0584892645441866	-0.03416184590909659	0.02779948891588682	-0.10890188393429404	0.06976217108866713	-0.08079937889197646	0.027978609130218907	-0.02439475581224056	0.07690540335379534	-0.1019321542254289	0.08215280044072307	-0.09476681229767767	0.06257767044215337	-0.09374164941847178	0.0841999770428522	-0.09759506636006932	0.06474917318418143	-0.053673764477865885	0.21966605781376525	-0.2558855342657967	0.09646675148792523	-0.08963598416843702	0.06942739997294887	-0.4468319013594688	0.29812574946091763	-0.10234208426542427	0.09907347938827507	-0.07422396838668197	0.9999999999999877	-0.7692108891797593	0.18191059690719502	-0.10310324534982598	0.11014910588889917
0.060870360665433484	-0.059966046829047125	0.07516351997109705	-0.027004563620066164	0.03115767151196622	-0.046953559683404825	0.05528010023159014	-0.0533038076848788	0.03126894847421116	-0.02547729793663285	0.09819324167945633	-0.06357974436262831	0.07346318651352791	-0.025697554090401756	0.02237893368977293	-0.07038371687190084	0.09228792172051975	-0.07639657811903003	0.088070455318188	-0.05982757614681137	0.08476264515793082	-0.07789265709520125	0.0900506046406083	-0.06064995818822291	0.05140062154762501	-0.21505318758873365	0.21758712856225187	-0.09262005484674805	0.083765128267558	-0.06782460019645126	0.2787333777399971	-0.4547808734193321	0.09722096260948798	-0.10163121913987498	0.07359117706169116	-0.7692108891797593	0.9999999999999872	-0.2509117512720172	0.11098428937857477	-0.1170646313029376
-0.18388769520090364	0.1716079390039964	-0.23102429549275297	0.0822063365792376	-0.0957629710242907	0.13753372449304038	-0.16241518248547404	0.15757099877014552	-0.09434680003599416	0.07614965640772671	-0.28842254614500856	0.18167863934587636	-0.21882752099891004	0.07656611076697675	-0.06723927043593225	0.1743480101765877	-0.24895733059240877	0.20367260754662897	-0.2588874385202742	0.16531767467935007	-0.18892281788093968	0.17260049369688785	-0.23932254532258318	0.17308991943522944	-0.14892333854225537	0.13640157667310238	-0.15696204660205648	0.1837859531943741	-0.2519164048784272	0.18737305052589207	-0.13527584106055637	0.15558419479966604	-0.22031446073637165	0.28098203232543606	-0.22523428188602293	0.18191059690719502	-0.2509117512720172	0.9999999999999873	-0.5487535556468796	0.31792859821400643
0.10096578721720377	-0.09791229492667239	0.12845444587349286	-0.0465944142089606	0.0539772103661307	-0.07632860280881326	0.09143312355553747	-0.08970669386992144	0.0552330529201924	-0.04468124447594371	0.15882377161182773	-0.10341701725079874	0.12420822247712576	-0.04583060292538705	0.03992076722194215	-0.09935140870432559	0.14124729570418773	-0.13083561542833821	0.17067778110866197	-0.12555919529849774	0.10823786487864648	-0.10221517281346845	0.1537824104771262	-0.11947174491371176	0.11625719434901642	-0.08007441412572108	0.0899275197036218	-0.1408056645573666	0.17316001326453634	-0.16835433011990156	0.07452978486773125	-0.08953445975990576	0.1682329255421169	-0.4585228604513971	0.2249569544229689	-0.10310324534982598	0.11098428937857477	-0.5487535556468796	0.9999999999999869	-0.6139578712934863
-0.1616156975153325	0.15351004743957408	-0.20512932231732042	0.073874813204375	-0.08587554829086116	0.1213188702629256	-0.1445459471121343	0.14123148647682812	-0.0867138432113145	0.06991438678599159	-0.2532898001668883	0.16226451119530258	-0.1959392682773834	0.07129978816368249	-0.06238297233343219	0.15411426267069453	-0.22096968432465686	0.193142160293424	-0.25913926018086897	0.17601727457568747	-0.16577752969854126	0.15424182981225382	-0.22601061351031174	0.17414785457599058	-0.16922147113439412	0.10242802662421177	-0.11652629604645517	0.1737605823761546	-0.25700318113282783	0.22176737154060186	-0.09078325650061936	0.10441493968864424	-0.20800250789360236	0.3099925005679198	-0.34556969425093015	0.11014910588889917	-0.1170646313029376	0.31792859821400643	-0.6139578712934863	0.999999999999987
