1.0	-0.917130852246298	0.22187586786528585	-0.1041690129082493	0.07119549586534912	-0.042690731518197675	0.05867507955754764	-0.057068106174210945	0.10212601853851332	-0.0799699335600153	0.03734904486985339	-0.05272562216287649	0.05745963440065031	-0.07701106868883674	0.04380170749144405	-0.052154672418466115	0.0595812577228128	-0.06247970706623682	0.05806439322366625	-0.055238814288230104	0.03617425856183715	-0.04989301680180411	0.0476242540464821	-0.048557501890493134	0.05609167026788268	-0.04245377784554918	0.03540781019520792	-0.03512544528779461	0.03241595854096386	-0.029563232062052396	0.049385293529079444	-0.029477348776397513	0.03474434460826843	-0.02324388093984653	0.029566037304207808
-0.917130852246298	1.0000000000000002	-0.29960886116625085	0.10305483786517537	-0.07132203996646327	0.03688539134306595	-0.05760603053733939	0.05290950133913058	-0.10212975980574404	0.07411578521668168	-0.033023141179652396	0.04835227773018718	-0.05303388611601975	0.06498160500090898	-0.0374817482923484	0.043368637802629804	-0.05123975342975658	0.052315106214156276	-0.04927668905288923	0.045888252895406566	-0.030023460617195557	0.041434067571715555	-0.03973572230217991	0.04037419605721501	-0.04693564759455138	0.03470159579794511	-0.029314679090014836	0.029109329810189537	-0.026951406039731906	0.024555979356876916	-0.040379628785220924	0.024339311997605088	-0.028777608449338597	0.019282095239754833	-0.02458812461909978
0.22187586786528585	-0.29960886116625085	0.9999999999999997	-0.4629316059960505	0.21982562720462223	-0.06622322510928878	0.09284664494786167	-0.13135947022894023	0.2854559779138337	-0.255826883248681	0.05942242469949035	-0.086649731795063	0.12484591123044982	-0.2040402559771537	0.11371345258570348	-0.11038916970824919	0.12320944779689302	-0.1383273180428178	0.1432687607261904	-0.1417983061426002	0.07818730537702993	-0.10824794819636897	0.10722579437100312	-0.11786578307253691	0.13493501630451823	-0.09386295266899783	0.07924971765629017	-0.07934390503155662	0.07643417848907913	-0.07025021725780518	0.10976831132053563	-0.06611026118255232	0.07842733677307379	-0.05465394278914552	0.07011163203534776
-0.1041690129082493	0.10305483786517537	-0.4629316059960505	0.9999999999999987	-0.5205557012381171	0.03429894209503297	-0.05260477703482297	0.07697032015277996	-0.6047251924915962	0.3115269725977964	-0.031277993851289605	0.04732034408651632	-0.07677372418538315	0.15129274582634678	-0.09129911803324596	0.057373051736574705	-0.0674203251100256	0.07607779592174407	-0.10416127052129173	0.0944303222132477	-0.041369996972077494	0.057628435996787596	-0.061092798167460834	0.07466067009169726	-0.08873970314854081	0.04857142606281283	-0.04384156640553995	0.04461277133739674	-0.047356088987791235	0.04371321453301969	-0.05739378968812834	0.03631160468463596	-0.044077379870444904	0.03330264933592032	-0.0439476798412625
0.07119549586534912	-0.07132203996646327	0.21982562720462223	-0.5205557012381171	0.9999999999999987	-0.02723247553608979	0.04010526505499875	-0.056583939969233256	0.30136890126822025	-0.7617036497115885	0.024797322938212144	-0.03685898112305881	0.05716874096418375	-0.12515759307844157	0.0842218238333175	-0.046892374921310945	0.05442447885601158	-0.06209657377339853	0.08396671319372445	-0.0879532270128088	0.03384938295011905	-0.047183795726954504	0.04992418871085502	-0.061850792402104005	0.07267526705003191	-0.039940379335292875	0.035915259041073996	-0.03658107124646785	0.03879912953214231	-0.03594286659896049	0.04715468450755892	-0.02979221109786416	0.03610479437813769	-0.02734143171208738	0.03600428799262449
-0.042690731518197675	0.03688539134306595	-0.06622322510928878	0.03429894209503297	-0.02723247553608979	0.9999999999999987	-0.23991866189096303	0.1256283006588949	-0.04792346448550962	0.030067094725515196	-0.9167665886610733	0.2168262292913557	-0.15732166168366757	0.04758977604907274	-0.028033466509504536	0.12305190366534334	-0.16201574853209283	0.10582529441998248	-0.048514002617662894	0.03640406840429815	-0.07910665936533547	0.0923440344354713	-0.07719661527882149	0.04556847423042656	-0.05047980621565716	0.07136640579839477	-0.05761691508754079	0.053236510245675744	-0.03477707075344406	0.029900016672267254	-0.08499342834594108	0.046351673062089906	-0.053700702698279486	0.025652609363935285	-0.029784527847195166
0.05867507955754764	-0.05760603053733939	0.09284664494786167	-0.05260477703482297	0.04010526505499875	-0.23991866189096303	0.9999999999999987	-0.41637498109972	0.07261455375296973	-0.046369518157128246	0.19634525656354448	-0.7635804628636029	0.27090336072098936	-0.0699010044607277	0.04036579467479305	-0.163375051753941	0.22539234929728857	-0.17720666896434448	0.06873204684935337	-0.05275696319102416	0.09759566103538322	-0.13958855552845828	0.10744443878125375	-0.06440401088770221	0.06814341484449851	-0.09372548916304792	0.07710697760265474	-0.07457159738255006	0.0469183639409059	-0.04077083993845639	0.09886504246627856	-0.06318051027651392	0.07098558415991198	-0.03487270554069875	0.039967049064532655
-0.057068106174210945	0.05290950133913058	-0.13135947022894023	0.07697032015277996	-0.056583939969233256	0.1256283006588949	-0.41637498109972	0.9999999999999989	-0.11447784474030621	0.06642071140992697	-0.11779076914904517	0.2505655500786863	-0.8193232027849451	0.07895129380430647	-0.04581172967256923	0.12007313252880454	-0.18554308870920436	0.16649686173756711	-0.07436478871763175	0.057435858795161845	-0.07980402648005665	0.11070321623721266	-0.10758620419271372	0.06635041688301938	-0.07217967343058326	0.08002461467622225	-0.07170396806852941	0.07003989136185747	-0.04760203369443176	0.04150165517690029	-0.09096966766869577	0.0578669269592623	-0.06872074196393313	0.03490126532332731	-0.041110407094995235
0.10212601853851332	-0.10212975980574404	0.2854559779138337	-0.6047251924915962	0.30136890126822025	-0.04792346448550962	0.07261455375296973	-0.11447784474030621	0.9999999999999977	-0.48926355307778097	0.043550219965375184	-0.06636221998924277	0.10576011958551866	-0.2905043537677096	0.1397877962492884	-0.08245123271260797	0.09571827015345798	-0.11098719777424033	0.15444780263229088	-0.1495054163658834	0.05942137903237614	-0.08311589600414464	0.08828722889533783	-0.11260452073813867	0.12783286162263824	-0.06992829537526991	0.06303677987317702	-0.06448274577419841	0.06810716869873615	-0.06337313470333587	0.08211247089376598	-0.05232690469559196	0.06333368344361731	-0.048096052910212246	0.06313056738423131
-0.0799699335600153	0.07411578521668168	-0.255826883248681	0.3115269725977964	-0.7617036497115885	0.030067094725515196	-0.046369518157128246	0.06642071140992697	-0.48926355307778097	0.9999999999999981	-0.02761146198152823	0.041781128951117824	-0.06836420051579654	0.14681857963366113	-0.11191822756369404	0.05137581511186255	-0.06136870931895292	0.06951191625608774	-0.10425636319859334	0.10258429616177328	-0.03743312787876218	0.05224238170265806	-0.057010760872504895	0.07261783024505815	-0.08813975551033468	0.04365746917054477	-0.04056275229911106	0.041533236515859266	-0.04601581696400308	0.04256073889774101	-0.051959121469749875	0.0335033661313965	-0.04108637001285915	0.032153089254336145	-0.042918794649272854
0.03734904486985339	-0.033023141179652396	0.05942242469949035	-0.031277993851289605	0.024797322938212144	-0.9167665886610733	0.19634525656354448	-0.11779076914904517	0.043550219965375184	-0.02761146198152823	0.999999999999996	-0.27746251496575397	0.13126464388974918	-0.04491804195355808	0.026306339490538427	-0.13573499963334448	0.14860903421297492	-0.10385395803407477	0.04548312109355864	-0.034424540794757076	0.07828826868222744	-0.09298726910301464	0.07290050118169829	-0.04306707061670129	0.046990635979702225	-0.07015928532987613	0.054908881918303315	-0.050962067968299336	0.032605688851182625	-0.02809171138164089	0.07918524908972287	-0.04444819012975852	0.05055533788782658	-0.02415566056424797	0.0278287970035012
-0.05272562216287649	0.04835227773018718	-0.086649731795063	0.04732034408651632	-0.03685898112305881	0.2168262292913557	-0.7635804628636029	0.2505655500786863	-0.06636221998924277	0.041781128951117824	-0.27746251496575397	0.9999999999999983	-0.31669393037926397	0.06573665475180587	-0.03829804770332853	0.1600939158720292	-0.34862596323425654	0.1717955169783203	-0.06687994060665158	0.049977360660300986	-0.09916730887190849	0.13634175022020176	-0.10919157314678603	0.06267146175892298	-0.06689172506553516	0.09160213197050537	-0.07739772412845779	0.07380658399820665	-0.046323704065663704	0.039992310112078676	-0.10021920450417697	0.06250034319892749	-0.07147488127035605	0.03433621003095987	-0.039382045479238376
0.05745963440065031	-0.05303388611601975	0.12484591123044982	-0.07677372418538315	0.05716874096418375	-0.15732166168366757	0.27090336072098936	-0.8193232027849451	0.10576011958551866	-0.06836420051579654	0.13126464388974918	-0.31669393037926397	0.9999999999999977	-0.09127308097771532	0.05240506392714591	-0.1518109761749321	0.1990242149706685	-0.24189260702104384	0.08723558784385207	-0.06753337098715702	0.09756175890350953	-0.14013834060302463	0.13015830308038365	-0.07962188076701153	0.08408299427245869	-0.09883764260170265	0.08644521026345695	-0.08631821083808712	0.05631803002859988	-0.04922971597974587	0.10742348950232276	-0.07070543160574244	0.08204624081154965	-0.04159909835114299	0.04833002289644373
-0.07701106868883674	0.06498160500090898	-0.2040402559771537	0.15129274582634678	-0.12515759307844157	0.04758977604907274	-0.0699010044607277	0.07895129380430647	-0.2905043537677096	0.14681857963366113	-0.04491804195355808	0.06573665475180587	-0.09127308097771532	0.9999999999999956	-0.5211608296331337	0.10404359022112697	-0.12879316034854135	0.16218814732994435	-0.5361163583562997	0.3111798587982304	-0.08059102090983405	0.11466648522751079	-0.14870093009801974	0.24797980523247112	-0.30609004578442256	0.09236537434394701	-0.09913136491886476	0.10602467854890292	-0.14316851539216527	0.1339305367309915	-0.1123378339939447	0.08108127520232065	-0.10408629390168463	0.09726377803164794	-0.13597691566367942
0.04380170749144405	-0.0374817482923484	0.11371345258570348	-0.09129911803324596	0.0842218238333175	-0.028033466509504536	0.04036579467479305	-0.04581172967256923	0.1397877962492884	-0.11191822756369404	0.026306339490538427	-0.03829804770332853	0.05240506392714591	-0.5211608296331337	0.9999999999999963	-0.06202099285732328	0.0742950884662812	-0.09725475787810631	0.24101951361046486	-0.7746745905332513	0.047463589340104195	-0.06825871314307001	0.08586230569965807	-0.15534578537716162	0.177009179370319	-0.05467067069083233	0.05735769422108774	-0.06203526001388541	0.0808094471299427	-0.07975789185849358	0.06512285819396135	-0.04736706816810152	0.05982678363534738	-0.05632146282570054	0.07658648643146423
-0.052154672418466115	0.043368637802629804	-0.11038916970824919	0.057373051736574705	-0.046892374921310945	0.12305190366534334	-0.163375051753941	0.12007313252880454	-0.08245123271260797	0.05137581511186255	-0.13573499963334448	0.1600939158720292	-0.1518109761749321	0.10404359022112697	-0.06202099285732328	0.9999999999999956	-0.49327385258632656	0.24221669824704353	-0.11601199890488309	0.08201224578340728	-0.6148324772467814	0.31179508778741905	-0.23714508100275625	0.11619639182592105	-0.12986887425590066	0.27093189958188624	-0.19746308389491785	0.1622672718281926	-0.09660507166468355	0.08047203948156001	-0.3503145899026912	0.15000797663393822	-0.17377383069194446	0.07160442589594639	-0.08077262389832088
0.0595812577228128	-0.05123975342975658	0.12320944779689302	-0.0674203251100256	0.05442447885601158	-0.16201574853209283	0.22539234929728857	-0.18554308870920436	0.09571827015345798	-0.06136870931895292	0.14860903421297492	-0.34862596323425654	0.1990242149706685	-0.12879316034854135	0.0742950884662812	-0.49327385258632656	0.9999999999999943	-0.4834961582220749	0.1383048618954194	-0.10039137307458071	0.2561273536902785	-0.40254861570444805	0.2529804131403294	-0.1352869972976818	0.137166286994315	-0.22483938205619247	0.1828894811762759	-0.1755539496955801	0.09962068773213759	-0.08563963460461378	0.224148545729458	-0.14898152023074973	0.16218061916356147	-0.07490716458629758	0.08304801765293941
-0.06247970706623682	0.052315106214156276	-0.1383273180428178	0.07607779592174407	-0.06209657377339853	0.10582529441998248	-0.17720666896434448	0.16649686173756711	-0.11098719777424033	0.06951191625608774	-0.10385395803407477	0.1717955169783203	-0.24189260702104384	0.16218814732994435	-0.09725475787810631	0.24221669824704353	-0.4834961582220749	0.9999999999999936	-0.23544585763952341	0.1272887883647871	-0.19723769368798794	0.2732228508396051	-0.5739879905080216	0.19805099521718336	-0.20148890332151942	0.1931042283714037	-0.23404445038475133	0.24165719025508176	-0.14172109621123172	0.1183644404274437	-0.2413622724330292	0.17670550211108116	-0.2399785502658665	0.10299718475752118	-0.1172507011571692
0.05806439322366625	-0.04927668905288923	0.1432687607261904	-0.10416127052129173	0.08396671319372445	-0.048514002617662894	0.06873204684935337	-0.07436478871763175	0.15444780263229088	-0.10425636319859334	0.04548312109355864	-0.06687994060665158	0.08723558784385207	-0.5361163583562997	0.24101951361046486	-0.11601199890488309	0.1383048618954194	-0.23544585763952341	0.9999999999999938	-0.3616400027990429	0.0886152402937076	-0.13244898867657892	0.18031614085921296	-0.5801249802134458	0.28539285672850456	-0.09992842721097607	0.1062333045965655	-0.12115567096458708	0.13603115798444088	-0.13843708139727465	0.11409460439337585	-0.08831417997420682	0.10946680361857312	-0.09777511727748907	0.12390192188308026
-0.055238814288230104	0.045888252895406566	-0.1417983061426002	0.0944303222132477	-0.0879532270128088	0.03640406840429815	-0.05275696319102416	0.057435858795161845	-0.1495054163658834	0.10258429616177328	-0.034424540794757076	0.049977360660300986	-0.06753337098715702	0.3111798587982304	-0.7746745905332513	0.08201224578340728	-0.10039137307458071	0.1272887883647871	-0.3616400027990429	0.9999999999999937	-0.06369744254654337	0.09103374525225716	-0.11774809493084533	0.2020569668356528	-0.2834254285218836	0.07318869721309425	-0.07925223224644647	0.08548257086445234	-0.12008604486661015	0.11657094617292262	-0.0887444118364466	0.06503728798055045	-0.08352619145950978	0.08196084715238396	-0.11506107217835403
0.03617425856183715	-0.030023460617195557	0.07818730537702993	-0.041369996972077494	0.03384938295011905	-0.07910665936533547	0.09759566103538322	-0.07980402648005665	0.05942137903237614	-0.03743312787876218	0.07828826868222744	-0.09916730887190849	0.09756175890350953	-0.08059102090983405	0.047463589340104195	-0.6148324772467814	0.2561273536902785	-0.19723769368798794	0.0886152402937076	-0.06369744254654337	0.9999999999999919	-0.545372164552613	0.1956933176795234	-0.09248664081805193	0.09811506268514283	-0.43464818866962796	0.18557633783576996	-0.1465494895886605	0.07668809614070907	-0.06382530471533471	0.28159752407319755	-0.14046769757989003	0.1435036625961277	-0.057858858421781435	0.06266822719633916
-0.04989301680180411	0.041434067571715555	-0.10824794819636897	0.057628435996787596	-0.047183795726954504	0.0923440344354713	-0.13958855552845828	0.11070321623721266	-0.08311589600414464	0.05224238170265806	-0.09298726910301464	0.13634175022020176	-0.14013834060302463	0.11466648522751079	-0.06825871314307001	0.31179508778741905	-0.40254861570444805	0.2732228508396051	-0.13244898867657892	0.09103374525225716	-0.545372164552613	0.9999999999999937	-0.39527037575082324	0.14080407812856427	-0.15053483736826095	0.2686464381361097	-0.3432707948440659	0.23230314019068338	-0.11927649573967136	0.09705965530233802	-0.31578577574816646	0.20644875857453282	-0.23465011598859847	0.08861946466931955	-0.09618843778238897
0.0476242540464821	-0.03973572230217991	0.10722579437100312	-0.061092798167460834	0.04992418871085502	-0.07719661527882149	0.10744443878125375	-0.10758620419271372	0.08828722889533783	-0.057010760872504895	0.07290050118169829	-0.10919157314678603	0.13015830308038365	-0.14870093009801974	0.08586230569965807	-0.23714508100275625	0.2529804131403294	-0.5739879905080216	0.18031614085921296	-0.11774809493084533	0.1956933176795234	-0.39527037575082324	0.9999999999999908	-0.2519571375366579	0.1869507967579071	-0.1982953730465512	0.2515941112243527	-0.48335618021852284	0.1505194450196662	-0.12668972408496712	0.20217001004577065	-0.21169583932270378	0.2468699159135747	-0.11462859643623263	0.11516744141168989
-0.048557501890493134	0.04037419605721501	-0.11786578307253691	0.07466067009169726	-0.061850792402104005	0.04556847423042656	-0.06440401088770221	0.06635041688301938	-0.11260452073813867	0.07261783024505815	-0.04306707061670129	0.06267146175892298	-0.07962188076701153	0.24797980523247112	-0.15534578537716162	0.11619639182592105	-0.1352869972976818	0.19805099521718336	-0.5801249802134458	0.2020569668356528	-0.09248664081805193	0.14080407812856427	-0.2519571375366579	0.9999999999999912	-0.6118463443591012	0.10286794696360661	-0.12254815756026954	0.1464518438572862	-0.2120285563247483	0.20647820885289728	-0.1175957602568514	0.1005552020362014	-0.12979679005726655	0.1390720357496226	-0.19020410129109316
0.05609167026788268	-0.04693564759455138	0.13493501630451823	-0.08873970314854081	0.07267526705003191	-0.05047980621565716	0.06814341484449851	-0.07217967343058326	0.12783286162263824	-0.08813975551033468	0.046990635979702225	-0.06689172506553516	0.08408299427245869	-0.30609004578442256	0.177009179370319	-0.12986887425590066	0.137166286994315	-0.20148890332151942	0.28539285672850456	-0.2834254285218836	0.09811506268514283	-0.15053483736826095	0.1869507967579071	-0.6118463443591012	0.9999999999999916	-0.11439593665643047	0.12282384079308174	-0.14963545179298204	0.2275937744860984	-0.427162784139836	0.12418370603634715	-0.10639249475739226	0.12906202184531057	-0.18075579786386897	0.2221320294113106
-0.04245377784554918	0.03470159579794511	-0.09386295266899783	0.04857142606281283	-0.039940379335292875	0.07136640579839477	-0.09372548916304792	0.08002461467622225	-0.06992829537526991	0.04365746917054477	-0.07015928532987613	0.09160213197050537	-0.09883764260170265	0.09236537434394701	-0.05467067069083233	0.27093189958188624	-0.22483938205619247	0.1931042283714037	-0.09992842721097607	0.07318869721309425	-0.43464818866962796	0.2686464381361097	-0.1982953730465512	0.10286794696360661	-0.11439593665643047	0.99999999999999	-0.2713463079275001	0.17278278437644193	-0.09223903360690199	0.07570182198005021	-0.7537830921955759	0.1901700425124458	-0.1870995012106445	0.06965641077364199	-0.07524154560324306
0.03540781019520792	-0.029314679090014836	0.07924971765629017	-0.04384156640553995	0.035915259041073996	-0.05761691508754079	0.07710697760265474	-0.07170396806852941	0.06303677987317702	-0.04056275229911106	0.054908881918303315	-0.07739772412845779	0.08644521026345695	-0.09913136491886476	0.05735769422108774	-0.19746308389491785	0.1828894811762759	-0.23404445038475133	0.1062333045965655	-0.07925223224644647	0.18557633783576996	-0.3432707948440659	0.2515941112243527	-0.12254815756026954	0.12282384079308174	-0.2713463079275001	0.9999999999999903	-0.4954198236188061	0.13192911482763575	-0.10386621413491012	0.22954478542253054	-0.6246520121814692	0.3242649770748172	-0.10602106441599662	0.09539981075682205
-0.03512544528779461	0.029109329810189537	-0.07934390503155662	0.04461277133739674	-0.03658107124646785	0.053236510245675744	-0.07457159738255006	0.07003989136185747	-0.06448274577419841	0.041533236515859266	-0.050962067968299336	0.07380658399820665	-0.08631821083808712	0.10602467854890292	-0.06203526001388541	0.1622672718281926	-0.1755539496955801	0.24165719025508176	-0.12115567096458708	0.08548257086445234	-0.1465494895886605	0.23230314019068338	-0.48335618021852284	0.1464518438572862	-0.14963545179298204	0.17278278437644193	-0.4954198236188061	0.9999999999999901	-0.22172511275294013	0.13507943415280085	-0.18991044318882944	0.298244521309333	-0.5561047999519168	0.1432050597289584	-0.1259656608148676
0.03241595854096386	-0.026951406039731906	0.07643417848907913	-0.047356088987791235	0.03879912953214231	-0.03477707075344406	0.0469183639409059	-0.04760203369443176	0.06810716869873615	-0.04601581696400308	0.032605688851182625	-0.046323704065663704	0.05631803002859988	-0.14316851539216527	0.0808094471299427	-0.09660507166468355	0.09962068773213759	-0.14172109621123172	0.13603115798444088	-0.12008604486661015	0.07668809614070907	-0.11927649573967136	0.1505194450196662	-0.2120285563247483	0.2275937744860984	-0.09223903360690199	0.13192911482763575	-0.22172511275294013	0.99999999999999	-0.5407927018355746	0.09881094858458095	-0.11818155083160611	0.1562254618638725	-0.6553480471389443	0.32767219228960337
-0.029563232062052396	0.024555979356876916	-0.07025021725780518	0.04371321453301969	-0.03594286659896049	0.029900016672267254	-0.04077083993845639	0.04150165517690029	-0.06337313470333587	0.04256073889774101	-0.02809171138164089	0.039992310112078676	-0.04922971597974587	0.1339305367309915	-0.07975789185849358	0.08047203948156001	-0.08563963460461378	0.1183644404274437	-0.13843708139727465	0.11657094617292262	-0.06382530471533471	0.09705965530233802	-0.12668972408496712	0.20647820885289728	-0.427162784139836	0.07570182198005021	-0.10386621413491012	0.13507943415280085	-0.5407927018355746	0.9999999999999889	-0.08388356438993073	0.08860876927647006	-0.12109675498085093	0.30779364370205253	-0.6068697529523214
0.049385293529079444	-0.040379628785220924	0.10976831132053563	-0.05739378968812834	0.04715468450755892	-0.08499342834594108	0.09886504246627856	-0.09096966766869577	0.08211247089376598	-0.051959121469749875	0.07918524908972287	-0.10021920450417697	0.10742348950232276	-0.1123378339939447	0.06512285819396135	-0.3503145899026912	0.224148545729458	-0.2413622724330292	0.11409460439337585	-0.0887444118364466	0.28159752407319755	-0.31578577574816646	0.20217001004577065	-0.1175957602568514	0.12418370603634715	-0.7537830921955759	0.22954478542253054	-0.18991044318882944	0.09881094858458095	-0.08388356438993073	0.9999999999999893	-0.24102777421572874	0.18903277020287007	-0.07665103943194713	0.0810240643677154
-0.029477348776397513	0.024339311997605088	-0.06611026118255232	0.03631160468463596	-0.02979221109786416	0.046351673062089906	-0.06318051027651392	0.0578669269592623	-0.05232690469559196	0.0335033661313965	-0.04444819012975852	0.06250034319892749	-0.07070543160574244	0.08108127520232065	-0.04736706816810152	0.15000797663393822	-0.14898152023074973	0.17670550211108116	-0.08831417997420682	0.06503728798055045	-0.14046769757989003	0.20644875857453282	-0.21169583932270378	0.1005552020362014	-0.10639249475739226	0.1901700425124458	-0.6246520121814692	0.298244521309333	-0.11818155083160611	0.08860876927647006	-0.24102777421572874	0.9999999999999892	-0.6425200452509525	0.09713391470496616	-0.08944681674407264
0.03474434460826843	-0.028777608449338597	0.07842733677307379	-0.044077379870444904	0.03610479437813769	-0.053700702698279486	0.07098558415991198	-0.06872074196393313	0.06333368344361731	-0.04108637001285915	0.05055533788782658	-0.07147488127035605	0.08204624081154965	-0.10408629390168463	0.05982678363534738	-0.17377383069194446	0.16218061916356147	-0.2399785502658665	0.10946680361857312	-0.08352619145950978	0.1435036625961277	-0.23465011598859847	0.2468699159135747	-0.12979679005726655	0.12906202184531057	-0.1870995012106445	0.3242649770748172	-0.5561047999519168	0.1562254618638725	-0.12109675498085093	0.18903277020287007	-0.6425200452509525	0.9999999999999893	-0.14797069049811404	0.11597322150172326
-0.02324388093984653	0.019282095239754833	-0.05465394278914552	0.03330264933592032	-0.02734143171208738	0.025652609363935285	-0.03487270554069875	0.03490126532332731	-0.048096052910212246	0.032153089254336145	-0.02415566056424797	0.03433621003095987	-0.04159909835114299	0.09726377803164794	-0.05632146282570054	0.07160442589594639	-0.07490716458629758	0.10299718475752118	-0.09777511727748907	0.08196084715238396	-0.057858858421781435	0.08861946466931955	-0.11462859643623263	0.1390720357496226	-0.18075579786386897	0.06965641077364199	-0.10602106441599662	0.1432050597289584	-0.6553480471389443	0.30779364370205253	-0.07665103943194713	0.09713391470496616	-0.14797069049811404	0.9999999999999895	-0.6451688822011369
0.029566037304207808	-0.02458812461909978	0.07011163203534776	-0.0439476798412625	0.03600428799262449	-0.029784527847195166	0.039967049064532655	-0.041110407094995235	0.06313056738423131	-0.042918794649272854	0.0278287970035012	-0.039382045479238376	0.04833002289644373	-0.13597691566367942	0.07658648643146423	-0.08077262389832088	0.08304801765293941	-0.1172507011571692	0.12390192188308026	-0.11506107217835403	0.06266822719633916	-0.09618843778238897	0.11516744141168989	-0.19020410129109316	0.2221320294113106	-0.07524154560324306	0.09539981075682205	-0.1259656608148676	0.32767219228960337	-0.6068697529523214	0.0810240643677154	-0.08944681674407264	0.11597322150172326	-0.6451688822011369	0.9999999999999896
