1.0	-0.7586836409586238	0.30287283193279624	-0.37451421530281315	0.13057092872178228	-0.2634849900846657	0.17085465786458068	-0.193119188932776	0.14889217490822265	-0.16771496993029072	0.11653612490472764	-0.12200065072228776	0.10864416586988544	-0.05355656481798	0.05870929841375611	-0.0874236933748398	0.1224439742274993	-0.09784605969445043	0.062372584978279313	-0.0531650658334106	0.06936137922698805	-0.0670258393565826	0.0736832332526719	-0.05497274421418338	0.04263867763400084	-0.057919066223074626	0.05266012800892334	-0.0797750149502443	0.0423042381984692	-0.04844200859806991	0.042671383102521776	-0.04428937354402405	0.05441715173251489	-0.04782963318574357	0.03186330804470381	-0.04197244331827492	0.04695839840223003	-0.05575434400684728	0.045357949340175556	-0.03270092540838609	0.05909582494811215	-0.03745396008228582	0.049347152452654384	-0.024370853477802476	0.028409345266453383
-0.7586836409586238	0.9999999999999994	-0.5284690721050891	0.2511829679258196	-0.09354367258090815	0.15887048310543972	-0.14707233115612314	0.15049796033003002	-0.12278779937016407	0.1131454329983686	-0.09148456163101329	0.09312800136061113	-0.08526583900273493	0.039871752773275745	-0.043685297779993616	0.06590524958052092	-0.09766106302703192	0.07354137700522613	-0.04594217360140211	0.03802919975011365	-0.05223265161816254	0.04962191859015892	-0.05470209717380019	0.03960540579252971	-0.030784281282511247	0.0417763488726832	-0.038324728385755485	0.05778860984131126	-0.03048122958114206	0.034659112480353575	-0.030829272122105372	0.03203864559954917	-0.03937165132181339	0.034289310434131776	-0.022869154005687377	0.030201047603530505	-0.0338733060632127	0.040047424346424665	-0.032629387228220404	0.0234202813732877	-0.04238598293726889	0.026910397773680282	-0.03542949221576794	0.017474899427005627	-0.020376956365730434
0.30287283193279624	-0.5284690721050891	0.9999999999999996	-0.5931822497381474	0.18881251727328982	-0.13917851405629694	0.11592365587476598	-0.35451221388839455	0.23755307883058555	-0.2345899364525904	0.09598341019547307	-0.09962503752689716	0.11245288408379037	-0.07032242097610941	0.07528253767208555	-0.07537296188763354	0.10626701490652486	-0.10061485488112211	0.07460718433353732	-0.06212767223741087	0.06483470423024257	-0.06316168869950733	0.07354339794560222	-0.06297166158710203	0.04925473371120686	-0.05748232875969786	0.05267707200277268	-0.07960245282636913	0.04682780563841082	-0.053799739611040724	0.04308416370857996	-0.044603723554247084	0.05553974568986238	-0.05060243310385968	0.034074031328635034	-0.04249055031953321	0.047831222570111034	-0.05688626249113074	0.04782424169735787	-0.03473256532933599	0.06096285979775626	-0.038428876550329436	0.050957759310993625	-0.025353296300410024	0.02959828792581154
-0.37451421530281315	0.2511829679258196	-0.5931822497381474	0.9999999999999996	-0.4028542225788845	0.14172885647564107	-0.13526306153332068	0.2595539251893245	-0.3492693536424574	0.2704900321233868	-0.11549161898051112	0.1096073270404219	-0.12708503909391733	0.08750111292485867	-0.09789356148437892	0.08612533638521556	-0.12906101425570493	0.10594316820873768	-0.09389640241541276	0.0722341447185851	-0.07610922707854416	0.07160572170774268	-0.08452240498820247	0.07367847541437109	-0.058932288227170976	0.06482530027367908	-0.06099010407885416	0.08720859769543561	-0.054789982462845464	0.06183406728164685	-0.04973360420037818	0.05107568178938484	-0.06369298739090637	0.05771425240785148	-0.03939870264156218	0.048663682295817454	-0.05539823517855585	0.0641696597374613	-0.055416350871294345	0.039795015465891655	-0.07165164858543319	0.044649322343805094	-0.05972924572589016	0.029466655543884578	-0.03459751464539749
0.13057092872178228	-0.09354367258090815	0.18881251727328982	-0.4028542225788845	0.9999999999999989	-0.05737263426036501	0.05364675911303509	-0.1774903479585491	0.19558416180285962	-0.856277751090534	0.04896881636162242	-0.047957595946248564	0.06131532066807909	-0.0605661125296286	0.06703988824129127	-0.03790185821099692	0.05544983988434967	-0.05283561431378118	0.05378187645215902	-0.04468079535006989	0.03426276837972548	-0.03292904547242453	0.03998451656101694	-0.0432377689005533	0.03405104682061912	-0.030326666668722732	0.02838201407645261	-0.042125221810199794	0.030005049270383707	-0.034631816083304096	0.023190275515802324	-0.0240580766880463	0.030541422726434814	-0.029622917812745952	0.020325241608026554	-0.022817677805923524	0.02597758769039072	-0.031005616849987868	0.027768480598290297	-0.020410978349192973	0.03309735535160661	-0.020900009399933996	0.027859622944690514	-0.014133125545715676	0.01650274387741139
-0.2634849900846657	0.15887048310543972	-0.13917851405629694	0.14172885647564107	-0.05737263426036501	0.9999999999999992	-0.7747785896188302	0.09609757466464738	-0.08112767046250688	0.0705143666085953	-0.3193188740350103	0.2868242140674245	-0.1916272531026766	0.04043088507550081	-0.04574250844189467	0.18458179962203827	-0.2887002339919475	0.15650840247149234	-0.057138081998681	0.04745426568896568	-0.12373229483974488	0.11263144423907742	-0.11049966621685789	0.053632013802802664	-0.040312284631132296	0.07874516434599599	-0.07191380024997392	0.11185405634327415	-0.04469974763130418	0.0496003961085713	-0.05529349683814642	0.05856604937120792	-0.06999949064582633	0.05522541657989361	-0.03568600165315222	0.05339166509045371	-0.05911746106104923	0.0702822528301608	-0.052774995271090704	0.03702525894307538	-0.06917871331651483	0.045353500327639344	-0.058168809260174065	0.028403286527242423	-0.03284989630946287
0.17085465786458068	-0.14707233115612314	0.11592365587476598	-0.13526306153332068	0.05364675911303509	-0.7747785896188302	0.9999999999999988	-0.09081039227353638	0.07418540336034196	-0.06694830903781007	0.23063969872701173	-0.47077707246164324	0.17190453968964764	-0.037480842204685054	0.042135392194592586	-0.17042401689608158	0.2359453474073274	-0.1554477572065285	0.052702208242549856	-0.04452700923172458	0.10774201986322231	-0.10494918169969102	0.10061911579345288	-0.05021382879060377	0.03758370508482146	-0.07385586839838533	0.06593014609685356	-0.10734653516704686	0.04182506128145451	-0.046667784593058106	0.05107301761118119	-0.054447240261218104	0.06512930373788865	-0.051963437261016175	0.033366176870180855	-0.049747975430863026	0.05466206685848006	-0.06628118636704906	0.04922132394331605	-0.03473896814930571	0.06370091603537004	-0.0420020462766993	0.05366590877979592	-0.026361700187564483	0.030403208096329133
-0.193119188932776	0.15049796033003002	-0.35451221388839455	0.2595539251893245	-0.1774903479585491	0.09609757466464738	-0.09081039227353638	0.9999999999999989	-0.8178277391021122	0.189411964361768	-0.08414254807824807	0.09125955908314907	-0.1647863635434604	0.10748725089092344	-0.10922817171977732	0.06700854633979708	-0.0994964113310265	0.11905586662992715	-0.09361906959000241	0.06670920942507445	-0.058760413187747176	0.057688717500926544	-0.07184244089492414	0.06776753300052918	-0.05368134356586434	0.0499065909034172	-0.04648528598266602	0.07428918523049359	-0.04774360639123129	0.05390386000389125	-0.03744268418011264	0.039401699850842575	-0.05022262228372593	0.04736974205363828	-0.03215155355878974	0.036821269699891204	-0.04172697886748629	0.05079609172531431	-0.04431610135586615	0.032328426231808656	-0.05167066285323713	0.03314988502433127	-0.04373689171364007	0.022261378756738802	-0.02588454399971083
0.14889217490822265	-0.12278779937016407	0.23755307883058555	-0.3492693536424574	0.19558416180285962	-0.08112767046250688	0.07418540336034196	-0.8178277391021122	0.999999999999999	-0.2812216728013541	0.07157055997854009	-0.07766845131356341	0.12089502422892597	-0.13582198930058678	0.11444978448791292	-0.058257808657699243	0.08398347397932424	-0.10558504141034515	0.09487403885734576	-0.06962731974019526	0.051878919299498415	-0.051509364878066684	0.06413731160572875	-0.0696497752618138	0.054367492027938044	-0.04574259369072898	0.04244495374365899	-0.06822098308056476	0.04732268240884828	-0.05410311767616807	0.034388968750906905	-0.03624831901925039	0.04652591876412676	-0.04562655165715899	0.031082986000332154	-0.033944654648600865	0.03848388976499084	-0.04736591716590604	0.042215371082272454	-0.031176165861374193	0.047668589626422404	-0.030660709145528306	0.04048091464392472	-0.020865120922291383	0.02422075900752382
-0.16771496993029072	0.1131454329983686	-0.2345899364525904	0.2704900321233868	-0.856277751090534	0.0705143666085953	-0.06694830903781007	0.189411964361768	-0.2812216728013541	0.9999999999999986	-0.06037611765580331	0.05823836259568095	-0.07364233982880021	0.07299251392838883	-0.08581430552682393	0.046125930907577654	-0.06825115048278362	0.06192063492761293	-0.06579410674732697	0.0527292095376347	-0.04168741751673789	0.03973514863744944	-0.04815265609798219	0.05133146192657958	-0.040814931879896654	0.03649264720586831	-0.03430913227953127	0.05017581292857815	-0.03586330036812539	0.041087225691035574	-0.02801596414045681	0.028991481335634145	-0.03674030450746592	0.035382084468201694	-0.02433098727046321	0.027514213058343878	-0.03138014602635294	0.037164986774671276	-0.03334631377781554	0.02439656824605341	-0.04014935553689259	0.025266605197616646	-0.033743672165496764	0.017044875154684544	-0.019934466598136625
0.11653612490472764	-0.09148456163101329	0.09598341019547307	-0.11549161898051112	0.04896881636162242	-0.3193188740350103	0.23063969872701173	-0.08414254807824807	0.07157055997854009	-0.06037611765580331	0.9999999999999981	-0.4439118374587367	0.202212181523537	-0.04852985406711402	0.0558180452288224	-0.6511524127024655	0.3134680055467189	-0.20976298312814262	0.07520820435531557	-0.06533876642679369	0.2388783345328223	-0.23941027688351418	0.17388083902687848	-0.07640329819993973	0.056491292135176494	-0.14105648726522474	0.12127986385253338	-0.19611429593314453	0.06674475910283166	-0.07390726196707628	0.09140963304977463	-0.09919967774845002	0.11359344515830175	-0.08749654088572192	0.054952334257330544	-0.08876431005133692	0.09551276481120173	-0.11684284061599565	0.08232951288128042	-0.05777297943085825	0.10630904552098774	-0.0719118571368071	0.0898600885645027	-0.04410954149058147	0.05046859514212486
-0.12200065072228776	0.09312800136061113	-0.09962503752689716	0.1096073270404219	-0.047957595946248564	0.2868242140674245	-0.47077707246164324	0.09125955908314907	-0.07766845131356341	0.05823836259568095	-0.4439118374587367	0.999999999999999	-0.3628154729785096	0.04394613089070992	-0.04941961733424436	0.2583710049538421	-0.5536724693404521	0.24937915308296224	-0.06488350337743705	0.05347308039217997	-0.15807476602696371	0.14742646398698975	-0.14331246114389912	0.062230754155936	-0.045867366438494685	0.09594530859475453	-0.086789414753887	0.1440152608330049	-0.052384041323004865	0.05779445733970787	-0.06584923585416325	0.07085330423136403	-0.08470823643741635	0.06565521626243098	-0.04186482042883384	0.06366426143090863	-0.07004601249347966	0.0851083814874412	-0.06222968289562904	0.0436064244482486	-0.07969484643689986	0.05314467184846969	-0.06739379054726273	0.03307534078629125	-0.038051855630353876
0.10864416586988544	-0.08526583900273493	0.11245288408379037	-0.12708503909391733	0.06131532066807909	-0.1916272531026766	0.17190453968964764	-0.1647863635434604	0.12089502422892597	-0.07364233982880021	0.202212181523537	-0.3628154729785096	0.9999999999999981	-0.06625939612975704	0.07023214847238021	-0.1858931948888417	0.27645980373695517	-0.7792884288475672	0.09332280495439343	-0.07442049442006132	0.14448253540555628	-0.15775969943300305	0.20509119674063295	-0.08822242184896194	0.06290778530426565	-0.1117343171787831	0.10081969709019291	-0.21249072864746302	0.0713278308872779	-0.07884687515538294	0.07791791737662745	-0.08601985689811929	0.10935095768166085	-0.08644202438150289	0.05467837214655118	-0.0768199819704073	0.08501018215449448	-0.1103425466289147	0.08033849050574754	-0.05689042384525688	0.09618400405817791	-0.06486823427385399	0.08228340258820535	-0.04118276453224863	0.04717984854046958
-0.05355656481798	0.039871752773275745	-0.07032242097610941	0.08750111292485867	-0.0605661125296286	0.04043088507550081	-0.037480842204685054	0.10748725089092344	-0.13582198930058678	0.07299251392838883	-0.04852985406711402	0.04394613089070992	-0.06625939612975704	0.9999999999999986	-0.7866056389678213	0.04101659185712081	-0.05509663456447953	0.06195301307618203	-0.4799819436112207	0.21818661186574148	-0.04648141765775786	0.04645777658634973	-0.0660170719763331	0.21387072756537823	-0.16894550926232776	0.05008461252135328	-0.04820317435043144	0.07194287438083362	-0.1213999057455297	0.13639278400331914	-0.03993800708974648	0.04305431310658174	-0.06095833405924449	0.08519124126643778	-0.061449871818786604	0.0399459315848103	-0.046851366787410385	0.06239401534613722	-0.07436392166794976	0.05852069978358849	-0.05680204648438553	0.03780246665125745	-0.05059599612780444	0.029995672609079038	-0.03448242814105443
0.05870929841375611	-0.043685297779993616	0.07528253767208555	-0.09789356148437892	0.06703988824129127	-0.04574250844189467	0.042135392194592586	-0.10922817171977732	0.11444978448791292	-0.08581430552682393	0.0558180452288224	-0.04941961733424436	0.07023214847238021	-0.7866056389678213	0.9999999999999993	-0.047511302604522174	0.062368569829944126	-0.06732237541009674	0.29112392057133973	-0.36733109899136046	0.05492824209368214	-0.05522096684106251	0.07794962435325599	-0.266388892442768	0.20356508503394927	-0.061429953982798	0.058652217310492825	-0.08743286711710671	0.1437586581854806	-0.18049764795591997	0.048897891692983336	-0.05273209881968948	0.07451093541423116	-0.10720245650505655	0.07715610264036918	-0.04912307044602017	0.05744347619042107	-0.0772540115685392	0.09104297180586328	-0.07464515427315974	0.06979130904259868	-0.04654939218014568	0.06223363686908051	-0.037388223266455106	0.042788812765896994
-0.0874236933748398	0.06590524958052092	-0.07537296188763354	0.08612533638521556	-0.03790185821099692	0.18458179962203827	-0.17042401689608158	0.06700854633979708	-0.058257808657699243	0.046125930907577654	-0.6511524127024655	0.2583710049538421	-0.1858931948888417	0.04101659185712081	-0.047511302604522174	0.9999999999999999	-0.4627025503871959	0.18309597231811842	-0.06508508562264867	0.05501740509651894	-0.4356211491281459	0.24069724890030117	-0.17721822223205974	0.06567089441417315	-0.04834916170776068	0.12756310678109262	-0.11730935361256091	0.16853595535111915	-0.05761131927217832	0.06284049259674272	-0.08444485236424046	0.0904962634542531	-0.10203008764734135	0.07516575129622251	-0.04750931191400232	0.0790075332428437	-0.08653032225942435	0.10098223336354142	-0.07179338628286167	0.0496622236429624	-0.0945253457371293	0.06391172304145125	-0.07974141511953149	0.038649285370095286	-0.04433039031901081
0.1224439742274993	-0.09766106302703192	0.10626701490652486	-0.12906101425570493	0.05544983988434967	-0.2887002339919475	0.2359453474073274	-0.0994964113310265	0.08398347397932424	-0.06825115048278362	0.3134680055467189	-0.5536724693404521	0.27645980373695517	-0.05509663456447953	0.062368569829944126	-0.4627025503871959	0.9999999999999984	-0.38932747377188465	0.08463435721918634	-0.07169366047357244	0.21642113629382176	-0.22802226958588287	0.1942785169113677	-0.08419621163485015	0.061546537887465606	-0.13838484597986095	0.12147999489105618	-0.2096110734629151	0.07179973180734382	-0.07950393593645917	0.09208907891112007	-0.100326470551317	0.11839816827483496	-0.09193239832129602	0.057955473249091116	-0.0898226643140957	0.09757016364098885	-0.12093364675872992	0.08632496004924753	-0.060726112185641494	0.10959536154240404	-0.0738627047190929	0.09286768561654522	-0.04578454368161665	0.05245044971287366
-0.09784605969445043	0.07354137700522613	-0.10061485488112211	0.10594316820873768	-0.05283561431378118	0.15650840247149234	-0.1554477572065285	0.11905586662992715	-0.10558504141034515	0.06192063492761293	-0.20976298312814262	0.24937915308296224	-0.7792884288475672	0.06195301307618203	-0.06732237541009674	0.18309597231811842	-0.38932747377188465	0.9999999999999972	-0.09744678429023887	0.07030194654092273	-0.15716669148458384	0.16226496736870905	-0.29030942870191956	0.08641500388293957	-0.06064848417964774	0.10577080868280862	-0.1002803217569902	0.2001283834896361	-0.0691035728729413	0.07465192112459318	-0.07526259824491832	0.0831719795353487	-0.10723158546953593	0.08145716173381314	-0.05206460943425477	0.07304870330919407	-0.0821014364942587	0.10328092357025964	-0.07687291786997523	0.0536789883899647	-0.09229990297073071	0.06205571854022394	-0.07899242915307622	0.03922848648443704	-0.04510348484121564
0.062372584978279313	-0.04594217360140211	0.07460718433353732	-0.09389640241541276	0.05378187645215902	-0.057138081998681	0.052702208242549856	-0.09361906959000241	0.09487403885734576	-0.06579410674732697	0.07520820435531557	-0.06488350337743705	0.09332280495439343	-0.4799819436112207	0.29112392057133973	-0.06508508562264867	0.08463435721918634	-0.09744678429023887	0.9999999999999988	-0.36181205348687734	0.07789460891186574	-0.07964029990122659	0.11645297427188192	-0.601978451367875	0.25315174839082977	-0.08813276847069602	0.08432722167055316	-0.12991688775920632	0.23710232673197137	-0.28244401204731145	0.07010728139149774	-0.07642357615669325	0.10965071136910819	-0.16748809342590304	0.11681119979815749	-0.07058589606484592	0.08271972772571957	-0.1136226205724671	0.13626283447901666	-0.11311810550533039	0.09908074126278073	-0.0668192477945472	0.08904612066053412	-0.05461113464568357	0.062221926574593536
-0.0531650658334106	0.03802919975011365	-0.06212767223741087	0.0722341447185851	-0.04468079535006989	0.04745426568896568	-0.04452700923172458	0.06670920942507445	-0.06962731974019526	0.0527292095376347	-0.06533876642679369	0.05347308039217997	-0.07442049442006132	0.21818661186574148	-0.36733109899136046	0.05501740509651894	-0.07169366047357244	0.07030194654092273	-0.36181205348687734	0.9999999999999962	-0.06815823122506316	0.0664493183502622	-0.09649174543378529	0.26884688706672905	-0.7383978309796257	0.07680159743505528	-0.0763852434764966	0.10394907183542552	-0.21920689602949914	0.2420671186106295	-0.06370027815129392	0.06826933600136488	-0.09934772434634358	0.14002990024373194	-0.11155588345698646	0.06340297924026866	-0.07597289037392355	0.09966559361409887	-0.13387253091014187	0.09902952807719766	-0.09302817659192303	0.0615789180418078	-0.08376034948171499	0.050162946769413255	-0.05848880910055576
0.06936137922698805	-0.05223265161816254	0.06483470423024257	-0.07610922707854416	0.03426276837972548	-0.12373229483974488	0.10774201986322231	-0.058760413187747176	0.051878919299498415	-0.04168741751673789	0.2388783345328223	-0.15807476602696371	0.14448253540555628	-0.04648141765775786	0.05492824209368214	-0.4356211491281459	0.21642113629382176	-0.15716669148458384	0.07789460891186574	-0.06815823122506316	0.9999999999999964	-0.7144492090478444	0.25059073502922957	-0.08435248497669927	0.06107348550543519	-0.22343126468867974	0.1846744480000089	-0.261758202307448	0.07647103066214345	-0.08281910428323301	0.12714322394357158	-0.14154280975596426	0.14532915012420072	-0.10394442136338858	0.06417008197089291	-0.1173188690456484	0.12471602923964699	-0.14588054898507127	0.0980624778070438	-0.06763059656034763	0.12821840997077644	-0.0897212323106425	0.10841265397186803	-0.05260323137631387	0.05971839576796725
-0.0670258393565826	0.04962191859015892	-0.06316168869950733	0.07160572170774268	-0.03292904547242453	0.11263144423907742	-0.10494918169969102	0.057688717500926544	-0.051509364878066684	0.03973514863744944	-0.23941027688351418	0.14742646398698975	-0.15775969943300305	0.04645777658634973	-0.05522096684106251	0.24069724890030117	-0.22802226958588287	0.16226496736870905	-0.07964029990122659	0.0664493183502622	-0.7144492090478444	0.9999999999999978	-0.44082099751303977	0.08529858694611836	-0.061001184901649436	0.18849693549648736	-0.24569929288457582	0.2527403924545368	-0.07668358662001142	0.08063728252284927	-0.12570278893180012	0.15040307367778588	-0.15375573256937097	0.10118173845048123	-0.06336018877633637	0.11421213497660081	-0.1292083010269877	0.14139613629988443	-0.09774086568212104	0.06594243404625635	-0.12830751443744928	0.09002722640003218	-0.10927261961550472	0.05218847063521696	-0.05955454412058158
0.0736832332526719	-0.05470209717380019	0.07354339794560222	-0.08452240498820247	0.03998451656101694	-0.11049966621685789	0.10061911579345288	-0.07184244089492414	0.06413731160572875	-0.04815265609798219	0.17388083902687848	-0.14331246114389912	0.20509119674063295	-0.0660170719763331	0.07794962435325599	-0.17721822223205974	0.1942785169113677	-0.29030942870191956	0.11645297427188192	-0.09649174543378529	0.25059073502922957	-0.44082099751303977	0.9999999999999941	-0.14273467473096577	0.09041463327210353	-0.18077856827613206	0.17665277059359288	-0.6835240789016502	0.11937423987264476	-0.1218840049758618	0.1265046831402294	-0.15453053907061134	0.21422553563481006	-0.1456030748891193	0.08815208167358289	-0.12437586885957178	0.14100092237514816	-0.1998748602302969	0.1335765299439575	-0.09159365686260681	0.14635053855328162	-0.1036617080758721	0.12851724700314016	-0.06458327999548558	0.07327276327352784
-0.05497274421418338	0.03960540579252971	-0.06297166158710203	0.07367847541437109	-0.0432377689005533	0.053632013802802664	-0.05021382879060377	0.06776753300052918	-0.0696497752618138	0.05133146192657958	-0.07640329819993973	0.062230754155936	-0.08822242184896194	0.21387072756537823	-0.266388892442768	0.06567089441417315	-0.08419621163485015	0.08641500388293957	-0.601978451367875	0.26884688706672905	-0.08435248497669927	0.08529858694611836	-0.14273467473096577	0.9999999999999991	-0.3854305149967638	0.09058777005285418	-0.09069955869326354	0.1391367515967831	-0.4847615379096589	0.2925049874591489	-0.07404478112263894	0.08164807825268579	-0.12372424519993425	0.18874087558861188	-0.1355723700090397	0.07369144526658772	-0.08851553000756654	0.1210646473359269	-0.16667677864556207	0.12044966984063535	-0.10374647664833607	0.07045593257681082	-0.09464864473041891	0.058088859565216255	-0.06711003457082737
0.04263867763400084	-0.030784281282511247	0.04925473371120686	-0.058932288227170976	0.03405104682061912	-0.040312284631132296	0.03758370508482146	-0.05368134356586434	0.054367492027938044	-0.040814931879896654	0.056491292135176494	-0.045867366438494685	0.06290778530426565	-0.16894550926232776	0.20356508503394927	-0.04834916170776068	0.061546537887465606	-0.06064848417964774	0.25315174839082977	-0.7383978309796257	0.06107348550543519	-0.061001184901649436	0.09041463327210353	-0.3854305149967638	0.9999999999999991	-0.07062490910831556	0.06954547935739712	-0.10099692902570047	0.24190521612180282	-0.40530052970520214	0.05779783840474863	-0.06333310809138619	0.09418660238404303	-0.151263326364087	0.12080320155958282	-0.05800673969000243	0.06932374680671093	-0.09605956738921999	0.13011499466007648	-0.1103832365015087	0.08220048036020972	-0.0559777819431464	0.07529388324527239	-0.04825129601284536	0.055254380132541525
-0.057919066223074626	0.0417763488726832	-0.05748232875969786	0.06482530027367908	-0.030326666668722732	0.07874516434599599	-0.07385586839838533	0.0499065909034172	-0.04574259369072898	0.03649264720586831	-0.14105648726522474	0.09594530859475453	-0.1117343171787831	0.05008461252135328	-0.061429953982798	0.12756310678109262	-0.13838484597986095	0.10577080868280862	-0.08813276847069602	0.07680159743505528	-0.22343126468867974	0.18849693549648736	-0.18077856827613206	0.09058777005285418	-0.07062490910831556	0.9999999999999949	-0.5217188961535297	0.18946754785508343	-0.09019005790029362	0.09756232232532536	-0.5680946037521998	0.28927834527250157	-0.23182254494812699	0.1403529675633113	-0.09129055124455404	0.29127680963485225	-0.30873389887525937	0.21540778419704978	-0.14713731974107053	0.09575718101116462	-0.2928624853633077	0.19214468447594912	-0.2232761176573241	0.09610737938004124	-0.11019694337869433
0.05266012800892334	-0.038324728385755485	0.05267707200277268	-0.06099010407885416	0.02838201407645261	-0.07191380024997392	0.06593014609685356	-0.04648528598266602	0.04244495374365899	-0.03430913227953127	0.12127986385253338	-0.086789414753887	0.10081969709019291	-0.04820317435043144	0.058652217310492825	-0.11730935361256091	0.12147999489105618	-0.1002803217569902	0.08432722167055316	-0.0763852434764966	0.1846744480000089	-0.24569929288457582	0.17665277059359288	-0.09069955869326354	0.06954547935739712	-0.5217188961535297	0.9999999999999976	-0.21245512073395886	0.09093535532834511	-0.09959195466550595	0.2637479175580202	-0.6267373690375632	0.24586265022322804	-0.15067497885069542	0.08981668220578409	-0.2569249953829489	0.2694958448655212	-0.24696496777613683	0.1444105092457396	-0.09639388829763652	0.2142889935272917	-0.17394965742437307	0.18095174304731626	-0.0844192220919583	0.09311824980796166
-0.0797750149502443	0.05778860984131126	-0.07960245282636913	0.08720859769543561	-0.042125221810199794	0.11185405634327415	-0.10734653516704686	0.07428918523049359	-0.06822098308056476	0.05017581292857815	-0.19611429593314453	0.1440152608330049	-0.21249072864746302	0.07194287438083362	-0.08743286711710671	0.16853595535111915	-0.2096110734629151	0.2001283834896361	-0.12991688775920632	0.10394907183542552	-0.261758202307448	0.2527403924545368	-0.6835240789016502	0.1391367515967831	-0.10099692902570047	0.18946754785508343	-0.21245512073395886	0.9999999999999941	-0.1496414597393424	0.13633448299949635	-0.15115807227792352	0.18457492807672005	-0.3862493874045384	0.1707275703898118	-0.10711648922947611	0.14344738293655893	-0.17653186843690244	0.23131618394129655	-0.16931467249557391	0.10731611560016004	-0.18099961436124326	0.12590512131262208	-0.16129848742452083	0.07853030090461452	-0.0905864043419046
0.0423042381984692	-0.03048122958114206	0.04682780563841082	-0.054789982462845464	0.030005049270383707	-0.04469974763130418	0.04182506128145451	-0.04774360639123129	0.04732268240884828	-0.03586330036812539	0.06674475910283166	-0.052384041323004865	0.0713278308872779	-0.1213999057455297	0.1437586581854806	-0.05761131927217832	0.07179973180734382	-0.0691035728729413	0.23710232673197137	-0.21920689602949914	0.07647103066214345	-0.07668358662001142	0.11937423987264476	-0.4847615379096589	0.24190521612180282	-0.09019005790029362	0.09093535532834511	-0.1496414597393424	0.9999999999999983	-0.6781491645637157	0.07442009076603533	-0.0856477736631028	0.13959089263334587	-0.3559911195716258	0.19063821532921157	-0.07489404490262092	0.09123743572891378	-0.13729503479944408	0.20877219914453723	-0.16891744990338445	0.1016974671339386	-0.07220664447721863	0.09622880974384602	-0.06574070081136679	0.07450293638518157
-0.04844200859806991	0.034659112480353575	-0.053799739611040724	0.06183406728164685	-0.034631816083304096	0.0496003961085713	-0.046667784593058106	0.05390386000389125	-0.05410311767616807	0.041087225691035574	-0.07390726196707628	0.05779445733970787	-0.07884687515538294	0.13639278400331914	-0.18049764795591997	0.06284049259674272	-0.07950393593645917	0.07465192112459318	-0.28244401204731145	0.2420671186106295	-0.08281910428323301	0.08063728252284927	-0.1218840049758618	0.2925049874591489	-0.40530052970520214	0.09756232232532536	-0.09959195466550595	0.13633448299949635	-0.6781491645637157	1.0000000000000004	-0.0822049730579143	0.09148258421474421	-0.14560851507755562	0.24941569507385017	-0.2760793303500257	0.08213425140853067	-0.10091024946233651	0.14265863234353013	-0.23537334102124693	0.1889329457170992	-0.11598451668868562	0.08077849777315446	-0.10983821748637652	0.07447421738013887	-0.08684690162228825
0.042671383102521776	-0.030829272122105372	0.04308416370857996	-0.04973360420037818	0.023190275515802324	-0.05529349683814642	0.05107301761118119	-0.03744268418011264	0.034388968750906905	-0.02801596414045681	0.09140963304977463	-0.06584923585416325	0.07791791737662745	-0.03993800708974648	0.048897891692983336	-0.08444485236424046	0.09208907891112007	-0.07526259824491832	0.07010728139149774	-0.06370027815129392	0.12714322394357158	-0.12570278893180012	0.1265046831402294	-0.07404478112263894	0.05779783840474863	-0.5680946037521998	0.2637479175580202	-0.15115807227792352	0.07442009076603533	-0.0822049730579143	0.9999999999999974	-0.3106130466783378	0.18684016896235836	-0.12185672909542554	0.07597109351408614	-0.638453617875268	0.2749322408287397	-0.2006906807839447	0.12198781010877399	-0.08173106927885913	0.24154476358860383	-0.17630158540270244	0.1779796588497957	-0.07988342755714964	0.08802566027569723
-0.04428937354402405	0.03203864559954917	-0.044603723554247084	0.05107568178938484	-0.0240580766880463	0.05856604937120792	-0.054447240261218104	0.039401699850842575	-0.03624831901925039	0.028991481335634145	-0.09919967774845002	0.07085330423136403	-0.08601985689811929	0.04305431310658174	-0.05273209881968948	0.0904962634542531	-0.100326470551317	0.0831719795353487	-0.07642357615669325	0.06826933600136488	-0.14154280975596426	0.15040307367778588	-0.15453053907061134	0.08164807825268579	-0.06333310809138619	0.28927834527250157	-0.6267373690375632	0.18457492807672005	-0.0856477736631028	0.09148258421474421	-0.3106130466783378	0.9999999999999986	-0.3933592234528154	0.1479451146902202	-0.08839419141395506	0.25021867279651716	-0.46355072291820343	0.25424069903632796	-0.14809394226025974	0.09314673333861385	-0.22083326381035473	0.18985830606168314	-0.19721063315574125	0.08489778730400882	-0.09415599673001473
0.05441715173251489	-0.03937165132181339	0.05553974568986238	-0.06369298739090637	0.030541422726434814	-0.06999949064582633	0.06512930373788865	-0.05022262228372593	0.04652591876412676	-0.03674030450746592	0.11359344515830175	-0.08470823643741635	0.10935095768166085	-0.06095833405924449	0.07451093541423116	-0.10203008764734135	0.11839816827483496	-0.10723158546953593	0.10965071136910819	-0.09934772434634358	0.14532915012420072	-0.15375573256937097	0.21422553563481006	-0.12372424519993425	0.09418660238404303	-0.23182254494812699	0.24586265022322804	-0.3862493874045384	0.13959089263334587	-0.14560851507755562	0.18684016896235836	-0.3933592234528154	0.9999999999999979	-0.3094655950207281	0.14344422341917396	-0.19489010602394158	0.2468533390971352	-0.6218669346509725	0.2479148391598639	-0.15216845468188953	0.20165573640676995	-0.16687839167833488	0.19540467152715	-0.09916554102143697	0.10876823600176021
-0.04782963318574357	0.034289310434131776	-0.05060243310385968	0.05771425240785148	-0.029622917812745952	0.05522541657989361	-0.051963437261016175	0.04736974205363828	-0.04562655165715899	0.035382084468201694	-0.08749654088572192	0.06565521626243098	-0.08644202438150289	0.08519124126643778	-0.10720245650505655	0.07516575129622251	-0.09193239832129602	0.08145716173381314	-0.16748809342590304	0.14002990024373194	-0.10394442136338858	0.10118173845048123	-0.1456030748891193	0.18874087558861188	-0.151263326364087	0.1403529675633113	-0.15067497885069542	0.1707275703898118	-0.3559911195716258	0.24941569507385017	-0.12185672909542554	0.1479451146902202	-0.3094655950207281	1.0000000000000018	-0.4085510980821295	0.12193758364585446	-0.1572688950595093	0.25683494798297923	-0.6328379086172061	0.2800067852242134	-0.1606700620530952	0.11916592586418509	-0.1597253875552433	0.11192613893692688	-0.12862148002720952
0.03186330804470381	-0.022869154005687377	0.034074031328635034	-0.03939870264156218	0.020325241608026554	-0.03568600165315222	0.033366176870180855	-0.03215155355878974	0.031082986000332154	-0.02433098727046321	0.054952334257330544	-0.04186482042883384	0.05467837214655118	-0.061449871818786604	0.07715610264036918	-0.04750931191400232	0.057955473249091116	-0.05206460943425477	0.11681119979815749	-0.11155588345698646	0.06417008197089291	-0.06336018877633637	0.08815208167358289	-0.1355723700090397	0.12080320155958282	-0.09129055124455404	0.08981668220578409	-0.10711648922947611	0.19063821532921157	-0.2760793303500257	0.07597109351408614	-0.08839419141395506	0.14344422341917396	-0.4085510980821295	0.9999999999999957	-0.07915426397160254	0.0969204127489932	-0.16121034032672596	0.2827925882871697	-0.7895566033398194	0.10555625161987785	-0.08264406606292099	0.11080902173996322	-0.12072224010721513	0.1306545663098362
-0.04197244331827492	0.030201047603530505	-0.04249055031953321	0.048663682295817454	-0.022817677805923524	0.05339166509045371	-0.049747975430863026	0.036821269699891204	-0.033944654648600865	0.027514213058343878	-0.08876431005133692	0.06366426143090863	-0.0768199819704073	0.0399459315848103	-0.04912307044602017	0.0790075332428437	-0.0898226643140957	0.07304870330919407	-0.07058589606484592	0.06340297924026866	-0.1173188690456484	0.11421213497660081	-0.12437586885957178	0.07369144526658772	-0.05800673969000243	0.29127680963485225	-0.2569249953829489	0.14344738293655893	-0.07489404490262092	0.08213425140853067	-0.638453617875268	0.25021867279651716	-0.19489010602394158	0.12193758364585446	-0.07915426397160254	0.9999999999999982	-0.48902652305630523	0.20337428977010338	-0.12921851761208455	0.0845842667052349	-0.39206107529620093	0.2304012100460163	-0.2289093235848225	0.0933293479096624	-0.1033694313319831
0.04695839840223003	-0.0338733060632127	0.047831222570111034	-0.05539823517855585	0.02597758769039072	-0.05911746106104923	0.05466206685848006	-0.04172697886748629	0.03848388976499084	-0.03138014602635294	0.09551276481120173	-0.07004601249347966	0.08501018215449448	-0.046851366787410385	0.05744347619042107	-0.08653032225942435	0.09757016364098885	-0.0821014364942587	0.08271972772571957	-0.07597289037392355	0.12471602923964699	-0.1292083010269877	0.14100092237514816	-0.08851553000756654	0.06932374680671093	-0.30873389887525937	0.2694958448655212	-0.17653186843690244	0.09123743572891378	-0.10091024946233651	0.2749322408287397	-0.46355072291820343	0.2468533390971352	-0.1572688950595093	0.0969204127489932	-0.48902652305630523	0.9999999999999978	-0.3386714276918408	0.1618995277931295	-0.10620908970453542	0.2903988038749422	-0.4277204327910461	0.26418993060694324	-0.11316481325930726	0.11776097705575357
-0.05575434400684728	0.040047424346424665	-0.05688626249113074	0.0641696597374613	-0.031005616849987868	0.0702822528301608	-0.06628118636704906	0.05079609172531431	-0.04736591716590604	0.037164986774671276	-0.11684284061599565	0.0851083814874412	-0.1103425466289147	0.06239401534613722	-0.0772540115685392	0.10098223336354142	-0.12093364675872992	0.10328092357025964	-0.1136226205724671	0.09966559361409887	-0.14588054898507127	0.14139613629988443	-0.1998748602302969	0.1210646473359269	-0.09605956738921999	0.21540778419704978	-0.24696496777613683	0.23131618394129655	-0.13729503479944408	0.14265863234353013	-0.2006906807839447	0.25424069903632796	-0.6218669346509725	0.25683494798297923	-0.16121034032672596	0.20337428977010338	-0.3386714276918408	0.9999999999999963	-0.4126385107536382	0.16965822681849493	-0.2469532115784249	0.20252445887128054	-0.28351029239487674	0.12391938015963469	-0.13920650261621997
0.045357949340175556	-0.032629387228220404	0.04782424169735787	-0.055416350871294345	0.027768480598290297	-0.052774995271090704	0.04922132394331605	-0.04431610135586615	0.042215371082272454	-0.03334631377781554	0.08232951288128042	-0.06222968289562904	0.08033849050574754	-0.07436392166794976	0.09104297180586328	-0.07179338628286167	0.08632496004924753	-0.07687291786997523	0.13626283447901666	-0.13387253091014187	0.0980624778070438	-0.09774086568212104	0.1335765299439575	-0.16667677864556207	0.13011499466007648	-0.14713731974107053	0.1444105092457396	-0.16931467249557391	0.20877219914453723	-0.23537334102124693	0.12198781010877399	-0.14809394226025974	0.2479148391598639	-0.6328379086172061	0.2827925882871697	-0.12921851761208455	0.1618995277931295	-0.4126385107536382	0.9999999999999962	-0.4296245387571238	0.1605838187286126	-0.1276115198313491	0.16563449398426522	-0.14093959675356263	0.14305425989908713
-0.03270092540838609	0.0234202813732877	-0.03473256532933599	0.039795015465891655	-0.020410978349192973	0.03702525894307538	-0.03473896814930571	0.032328426231808656	-0.031176165861374193	0.02439656824605341	-0.05777297943085825	0.0436064244482486	-0.05689042384525688	0.05852069978358849	-0.07464515427315974	0.0496622236429624	-0.060726112185641494	0.0536789883899647	-0.11311810550533039	0.09902952807719766	-0.06763059656034763	0.06594243404625635	-0.09159365686260681	0.12044966984063535	-0.1103832365015087	0.09575718101116462	-0.09639388829763652	0.10731611560016004	-0.16891744990338445	0.1889329457170992	-0.08173106927885913	0.09314673333861385	-0.15216845468188953	0.2800067852242134	-0.7895566033398194	0.0845842667052349	-0.10620908970453542	0.16965822681849493	-0.4296245387571238	0.9999999999999961	-0.11623149685274693	0.0909285046071458	-0.12683782801039595	0.13849967273384217	-0.18488285081644568
0.05909582494811215	-0.04238598293726889	0.06096285979775626	-0.07165164858543319	0.03309735535160661	-0.06917871331651483	0.06370091603537004	-0.05167066285323713	0.047668589626422404	-0.04014935553689259	0.10630904552098774	-0.07969484643689986	0.09618400405817791	-0.05680204648438553	0.06979130904259868	-0.0945253457371293	0.10959536154240404	-0.09229990297073071	0.09908074126278073	-0.09302817659192303	0.12821840997077644	-0.12830751443744928	0.14635053855328162	-0.10374647664833607	0.08220048036020972	-0.2928624853633077	0.2142889935272917	-0.18099961436124326	0.1016974671339386	-0.11598451668868562	0.24154476358860383	-0.22083326381035473	0.20165573640676995	-0.1606700620530952	0.10555625161987785	-0.39206107529620093	0.2903988038749422	-0.2469532115784249	0.1605838187286126	-0.11623149685274693	0.9999999999999962	-0.5107637008622367	0.3027287548721206	-0.14307301445489287	0.14388450680533987
-0.03745396008228582	0.026910397773680282	-0.038428876550329436	0.044649322343805094	-0.020900009399933996	0.045353500327639344	-0.0420020462766993	0.03314988502433127	-0.030660709145528306	0.025266605197616646	-0.0719118571368071	0.05314467184846969	-0.06486823427385399	0.03780246665125745	-0.04654939218014568	0.06391172304145125	-0.0738627047190929	0.06205571854022394	-0.0668192477945472	0.0615789180418078	-0.0897212323106425	0.09002722640003218	-0.1036617080758721	0.07045593257681082	-0.0559777819431464	0.19214468447594912	-0.17394965742437307	0.12590512131262208	-0.07220664447721863	0.08077849777315446	-0.17630158540270244	0.18985830606168314	-0.16687839167833488	0.11916592586418509	-0.08264406606292099	0.2304012100460163	-0.4277204327910461	0.20252445887128054	-0.1276115198313491	0.0909285046071458	-0.5107637008622367	0.9999999999999963	-0.641966657856981	0.1551460035662419	-0.16275981288245017
0.049347152452654384	-0.03542949221576794	0.050957759310993625	-0.05972924572589016	0.027859622944690514	-0.058168809260174065	0.05366590877979592	-0.04373689171364007	0.04048091464392472	-0.033743672165496764	0.0898600885645027	-0.06739379054726273	0.08228340258820535	-0.05059599612780444	0.06223363686908051	-0.07974141511953149	0.09286768561654522	-0.07899242915307622	0.08904612066053412	-0.08376034948171499	0.10841265397186803	-0.10927261961550472	0.12851724700314016	-0.09464864473041891	0.07529388324527239	-0.2232761176573241	0.18095174304731626	-0.16129848742452083	0.09622880974384602	-0.10983821748637652	0.1779796588497957	-0.19721063315574125	0.19540467152715	-0.1597253875552433	0.11080902173996322	-0.2289093235848225	0.26418993060694324	-0.28351029239487674	0.16563449398426522	-0.12683782801039595	0.3027287548721206	-0.641966657856981	0.9999999999999962	-0.31357947291944777	0.22301654824297903
