1.0	-0.11261805907420407	0.0786945764561778	-0.044956035948622006	0.053214618706388016	-0.8791950698451519	0.1316221468353024	-0.11926705015916965	0.06405492983931463	-0.05740008171829775	0.24961514275390184	-0.19012240242326614	0.08596139049483771	-0.071910015055475	0.05390300569325478	-0.24535214253403306	0.14524089392175266	-0.08832315348720576	0.07298405245154854	-0.06749094494156446	0.12767984867728568	-0.12219558052126583	0.07806674364941664	-0.06808192234490959	0.06551738883305788	-0.07111319729926997	0.0688012128696919	-0.06408487409502339	0.06016011346202975	-0.058755419698853076	0.06152812759563131	-0.05973775381213932	0.06597884848285443	-0.0725976140511399	0.08275033005490823
-0.11261805907420407	1.0	-0.7382040980061304	0.241316802538929	-0.32653147007543226	0.08939052477721465	-0.42998138903504585	0.29122504434726804	-0.12066868603257877	0.09924094377060541	-0.09808243119510116	0.16012569162549434	-0.12795202247508247	0.10335640809596189	-0.08109375197781495	0.08352276981185261	-0.13982022779173606	0.10838368104519615	-0.09813818173751761	0.09204337809992647	-0.0790798607748414	0.0733397027596895	-0.06891374538805013	0.06312534703715986	-0.06488280136644228	0.043787438723090405	-0.05008699916026732	0.049073219463416196	-0.05052942943375306	0.05369579868990441	-0.04287837429291966	0.04135451799360217	-0.05165072733727391	0.056634060567794915	-0.07735114175078153
0.0786945764561778	-0.7382040980061304	1.0	-0.3789753374578879	0.2643389323976486	-0.06641042498374071	0.27061374522450465	-0.4078761474872945	0.11529860663084027	-0.09831332540538408	0.07541038159070505	-0.1400074160229862	0.11925490992358677	-0.09981838472157674	0.07475499128975475	-0.0668017689760614	0.1122104474718723	-0.10325834112470617	0.08916126511804835	-0.08733999954134648	0.064303382993854	-0.06174273629641464	0.05873635570941532	-0.05539262045623485	0.05627682584015033	-0.036286078284516896	0.04192549492322709	-0.0416585427323558	0.04295178990393895	-0.0464825872654632	0.03546902980111849	-0.03466186050469991	0.04332790182361931	-0.04843105653155087	0.0651918917770739
-0.044956035948622006	0.241316802538929	-0.3789753374578879	0.9999999999999998	-0.869534470829573	0.03703472916885871	-0.13536159544874715	0.15557544481482033	-0.13329966545328492	0.10384513048968214	-0.04765513174497881	0.08586096076770287	-0.07747285186735396	0.08192807008919574	-0.06969662640875897	0.04236776561605574	-0.07219169920398867	0.0678277831310409	-0.07080930840528944	0.075931697496096	-0.044340995579523736	0.043545037761422774	-0.043829885651478266	0.042221429619329814	-0.043513393646553454	0.025417463219359834	-0.03012928552579701	0.030445916092446314	-0.03180571199242703	0.03532295300661119	-0.025107811424200998	0.024791159329719977	-0.03142075511594304	0.0355839572995065	-0.048530393635979704
0.053214618706388016	-0.32653147007543226	0.2643389323976486	-0.869534470829573	1.0	-0.04431914889541902	0.15039726017145116	-0.18670508411953973	0.13065723682885053	-0.12506822595939246	0.05643642624647301	-0.10552569616313955	0.08909616704666541	-0.09473078548457753	0.0802366955206348	-0.050708221841435565	0.0847195536482596	-0.08085161049774345	0.08150351579438547	-0.09134624939812284	0.05300531498430832	-0.0525419087394577	0.05210535326289226	-0.05035946553380733	0.05178439999650263	-0.030564468988105227	0.03620286361133749	-0.036658667268445536	0.038200811627534546	-0.04241877896969005	0.03013456611820918	-0.029857364599954243	0.03777389448533384	-0.04304359817668285	0.058131653259395386
-0.8791950698451519	0.08939052477721465	-0.06641042498374071	0.03703472916885871	-0.04431914889541902	0.9999999999999997	-0.1313142474208429	0.10093957249359425	-0.051856951268863846	0.045839110894157015	-0.35730656159379126	0.14646828861676042	-0.07065778503243823	0.057553372985792675	-0.04307896392735622	0.2013490747836368	-0.12573074536573894	0.07136584308048757	-0.05881344530948686	0.05340112319255409	-0.10944245614705288	0.09434179265718363	-0.061570653968923354	0.053177553697363336	-0.05141931170748851	0.056556453167880064	-0.05428751636987164	0.04988851471850575	-0.04689909985487482	0.045703453289527254	-0.04960255913881406	0.04677790985332193	-0.05186952166104038	0.05593136376891692	-0.06447903298967692
0.1316221468353024	-0.42998138903504585	0.27061374522450465	-0.13536159544874715	0.15039726017145116	-0.1313142474208429	0.9999999999999992	-0.7404458584338082	0.14588084865022435	-0.1263371404908238	0.12498586543016071	-0.30489600124755967	0.19021064666802204	-0.14579244375814845	0.10135006853729807	-0.1104724815908786	0.18967586482273788	-0.1682825448644123	0.13078706757169323	-0.12213204860911916	0.09783030377791362	-0.09322757760189916	0.08562609365268191	-0.08076372140624795	0.0808104354585363	-0.05469751985971959	0.06198107512423514	-0.06114783323831837	0.06241087567140577	-0.06706023785699063	0.05282470619624699	-0.05143421506516619	0.06345185162798532	-0.0707583348183294	0.09343508952701149
-0.11926705015916965	0.29122504434726804	-0.4078761474872945	0.15557544481482033	-0.18670508411953973	0.10093957249359425	-0.7404458584338082	1.0000000000000007	-0.18481965143959178	0.13374436016656063	-0.11781667084806649	0.21623223537215525	-0.2587681828121263	0.15581154242029568	-0.10950214673115653	0.10166778174944978	-0.19008123314752565	0.17304363476562853	-0.14228997782873706	0.12384269953910368	-0.09477057192114584	0.08903513939092544	-0.08584064116885695	0.08089150155397454	-0.0814789127080065	0.05254112494832337	-0.06027930086377886	0.059531380503965864	-0.061323109229844096	0.0663385532298283	-0.05127489782962738	0.04969406660758441	-0.06191945167794259	0.06850020226970177	-0.09262004373581577
0.06405492983931463	-0.12066868603257877	0.11529860663084027	-0.13329966545328492	0.13065723682885053	-0.051856951268863846	0.14588084865022435	-0.18481965143959178	1.000000000000001	-0.7089453466875241	0.0843966697220004	-0.16138466204333893	0.19565862504489998	-0.4395269301966877	0.28492716076674846	-0.07861381063142941	0.14151832911167353	-0.1810643049441727	0.24552420134488295	-0.3197995344152095	0.0932223327462622	-0.10058139379809702	0.11376704208805212	-0.12346028214096683	0.12477014518209684	-0.055980895903838285	0.06959915273368325	-0.07431417910421866	0.07901807219947915	-0.09690118056451467	0.055491835686156926	-0.05688091464106476	0.07295543395791232	-0.08740733992924087	0.11639033833121844
-0.05740008171829775	0.09924094377060541	-0.09831332540538408	0.10384513048968214	-0.12506822595939246	0.045839110894157015	-0.1263371404908238	0.13374436016656063	-0.7089453466875241	1.0000000000000007	-0.07593755247222421	0.13147578255633477	-0.17187288440692214	0.2538258288336257	-0.5254224906710637	0.06958245803515169	-0.12718309210610926	0.14780486136626628	-0.23667004749965384	0.27539318154121223	-0.08462769453127116	0.08894875476588561	-0.10651114920283951	0.110155466674648	-0.11884177415138447	0.0502847203214427	-0.06307727864834774	0.06680694940859998	-0.07241626849494631	0.08761402036222425	-0.05028273150142949	0.051130184799076626	-0.06630247045721634	0.07777893258088435	-0.10953783588861651
0.24961514275390184	-0.09808243119510116	0.07541038159070505	-0.04765513174497881	0.05643642624647301	-0.35730656159379126	0.12498586543016071	-0.11781667084806649	0.0843966697220004	-0.07593755247222421	1.0000000000000007	-0.3011234658320646	0.12071188287520067	-0.09975334790137606	0.07428931243369552	-0.736660620209477	0.24464210011926948	-0.1313263931087705	0.1041255929085628	-0.09379637959103161	0.22681642896726764	-0.2042225788174676	0.11883300427323723	-0.10245151953154197	0.09649615576753104	-0.12165805543165455	0.10880823456082812	-0.0991216281243779	0.09075585329059528	-0.08724517561722182	0.09959252076821062	-0.09533498917311055	0.10135764361539934	-0.10996701510994669	0.12089249973685288
-0.19012240242326614	0.16012569162549434	-0.1400074160229862	0.08586096076770287	-0.10552569616313955	0.14646828861676042	-0.30489600124755967	0.21623223537215525	-0.16138466204333893	0.13147578255633477	-0.3011234658320646	1.0	-0.325780050371057	0.1869116690384585	-0.13384669822083067	0.2440305551891342	-0.6841969478435653	0.2585255693529224	-0.2040734658328292	0.15360649199880402	-0.2006374655439468	0.16963618500951164	-0.14783723663765805	0.12983826460242853	-0.13084237377534794	0.10348996955334103	-0.11275105369753011	0.1059504533671725	-0.10661149356442001	0.10889266380326834	-0.1001989362830453	0.09296049893543137	-0.11322694874216982	0.11890127306846408	-0.15935251081980026
0.08596139049483771	-0.12795202247508247	0.11925490992358677	-0.07747285186735396	0.08909616704666541	-0.07065778503243823	0.19021064666802204	-0.2587681828121263	0.19565862504489998	-0.17187288440692214	0.12071188287520067	-0.325780050371057	0.9999999999999998	-0.4293365052368193	0.16212376957298927	-0.11961324333676555	0.2536839836177234	-0.6958609385706834	0.2877383553892991	-0.20022950543020054	0.1117168310426919	-0.1134120443808792	0.11803548946948052	-0.12384760357170782	0.11341229909929476	-0.06382178881394543	0.07489840911703921	-0.0764152693946883	0.07876234942715324	-0.08985759995713546	0.06190303368639277	-0.06156103873792692	0.07663456878846184	-0.08774253175541688	0.11500918508081517
-0.071910015055475	0.10335640809596189	-0.09981838472157674	0.08192807008919574	-0.09473078548457753	0.057553372985792675	-0.14579244375814845	0.15581154242029568	-0.4395269301966877	0.2538258288336257	-0.09975334790137606	0.1869116690384585	-0.4293365052368193	0.9999999999999996	-0.3000844358338357	0.09367156725626843	-0.1869527731593422	0.2786540265068344	-0.6081857218105708	0.2670265241410678	-0.10789952610795174	0.11360365797976162	-0.14594731742192416	0.15667887545754594	-0.14381138313317918	0.0630932840693309	-0.07851465434968487	0.08268579772845877	-0.08800548515191303	0.10484943558682135	-0.0626799926318225	0.06338150145604204	-0.0813126569518493	0.09402139434637312	-0.12940407911151552
0.05390300569325478	-0.08109375197781495	0.07475499128975475	-0.06969662640875897	0.0802366955206348	-0.04307896392735622	0.10135006853729807	-0.10950214673115653	0.28492716076674846	-0.5254224906710637	0.07428931243369552	-0.13384669822083067	0.16212376957298927	-0.3000844358338357	0.9999999999999993	-0.06956286879365524	0.12296796019451388	-0.15911215553700422	0.24470470614344844	-0.6907763380502572	0.0881440913561838	-0.09809325142537884	0.11610766381079303	-0.13193808006895846	0.1486152910974342	-0.053993206570949026	0.06865786499762803	-0.0754733935550386	0.08189893534456111	-0.1103411259711754	0.05369415683653421	-0.05593452504471371	0.07233418516787266	-0.08912465577714095	0.11885773418714819
-0.24535214253403306	0.08352276981185261	-0.0668017689760614	0.04236776561605574	-0.050708221841435565	0.2013490747836368	-0.1104724815908786	0.10166778174944978	-0.07861381063142941	0.06958245803515169	-0.736660620209477	0.2440305551891342	-0.11961324333676555	0.09367156725626843	-0.06956286879365524	0.999999999999998	-0.3650825457099166	0.13070266576250603	-0.10166150397628594	0.08677808945289717	-0.35991827098572593	0.19506547641335484	-0.11620785967538737	0.0964497663149103	-0.09130626156068154	0.12827245721018551	-0.1095598172737526	0.09475439913702616	-0.08616501165075945	0.0813662891333445	-0.10867308386248678	0.09383195699493445	-0.09950561200036341	0.10183821598805952	-0.11272961280164034
0.14524089392175266	-0.13982022779173606	0.1122104474718723	-0.07219169920398867	0.0847195536482596	-0.12573074536573894	0.18967586482273788	-0.19008123314752565	0.14151832911167353	-0.12718309210610926	0.24464210011926948	-0.6841969478435653	0.2536839836177234	-0.1869527731593422	0.12296796019451388	-0.3650825457099166	0.9999999999999972	-0.3841842025240268	0.19406446378020561	-0.1558410617390674	0.1916705924648638	-0.18576871507187828	0.13913152157571887	-0.12882298118029276	0.12219711453326358	-0.1042199790364722	0.10882558834775445	-0.10355731492952278	0.10105574190129207	-0.10429649165051022	0.09484724339065763	-0.09147558844783867	0.10658049072710896	-0.11718888042997663	0.1440496936489352
-0.08832315348720576	0.10838368104519615	-0.10325834112470617	0.0678277831310409	-0.08085161049774345	0.07136584308048757	-0.1682825448644123	0.17304363476562853	-0.1810643049441727	0.14780486136626628	-0.1313263931087705	0.2585255693529224	-0.6958609385706834	0.2786540265068344	-0.15911215553700422	0.13070266576250603	-0.3841842025240268	0.9999999999999976	-0.4359824333839222	0.18724930350583358	-0.1177784941477195	0.11593770703903909	-0.12810676235416182	0.13121041657090993	-0.11861011924252333	0.06551052767633961	-0.07665292803357034	0.07759136239775181	-0.0801502547808079	0.09067876481310193	-0.06356612043841976	0.06258110143487472	-0.0778888152483149	0.087688815704828	-0.11687374270151038
0.07298405245154854	-0.09813818173751761	0.08916126511804835	-0.07080930840528944	0.08150351579438547	-0.05881344530948686	0.13078706757169323	-0.14228997782873706	0.24552420134488295	-0.23667004749965384	0.1041255929085628	-0.2040734658328292	0.2877383553892991	-0.6081857218105708	0.24470470614344844	-0.10166150397628594	0.19406446378020561	-0.4359824333839222	0.9999999999999983	-0.4125194940552959	0.11905140999337328	-0.1344841432735408	0.17355966258317004	-0.2505491774111275	0.17461083233817382	-0.0712666665284197	0.08953698075212706	-0.09694453173392684	0.1016690876996015	-0.12813270737609475	0.0702668387658182	-0.07245008420659617	0.09227112962743017	-0.10975187368791245	0.14454324099607976
-0.06749094494156446	0.09204337809992647	-0.08733999954134648	0.075931697496096	-0.09134624939812284	0.05340112319255409	-0.12213204860911916	0.12384269953910368	-0.3197995344152095	0.27539318154121223	-0.09379637959103161	0.15360649199880402	-0.20022950543020054	0.2670265241410678	-0.6907763380502572	0.08677808945289717	-0.1558410617390674	0.18724930350583358	-0.4125194940552959	0.9999999999999977	-0.1136982377513649	0.12415296083666225	-0.16125289956062844	0.1762188284718092	-0.24840976358498246	0.06913921638771534	-0.08935855900609438	0.09785123021996725	-0.11033734419091824	0.1470806123702045	-0.06938969476581049	0.07195565145581898	-0.09437480168034862	0.11398148220001941	-0.16508656607510425
0.12767984867728568	-0.0790798607748414	0.064303382993854	-0.044340995579523736	0.05300531498430832	-0.10944245614705288	0.09783030377791362	-0.09477057192114584	0.0932223327462622	-0.08462769453127116	0.22681642896726764	-0.2006374655439468	0.1117168310426919	-0.10789952610795174	0.0881440913561838	-0.35991827098572593	0.1916705924648638	-0.1177784941477195	0.11905140999337328	-0.1136982377513649	0.9999999999999967	-0.5876652205943347	0.22073927374115365	-0.17833039891367125	0.15594004093454022	-0.4142484105353058	0.24026289071739163	-0.19838139095077298	0.1642407468825654	-0.14685282864034394	0.24273550101817878	-0.21682020367347415	0.1981405151635001	-0.20188746414807696	0.19161752031217097
-0.12219558052126583	0.0733397027596895	-0.06174273629641464	0.043545037761422774	-0.0525419087394577	0.09434179265718363	-0.09322757760189916	0.08903513939092544	-0.10058139379809702	0.08894875476588561	-0.2042225788174676	0.16963618500951164	-0.1134120443808792	0.11360365797976162	-0.09809325142537884	0.19506547641335484	-0.18576871507187828	0.11593770703903909	-0.1344841432735408	0.12415296083666225	-0.5876652205943347	0.9999999999999952	-0.436094555348058	0.2264046251682576	-0.20835681027854033	0.23794788143903045	-0.36722914921538297	0.2306278482224602	-0.1999889201304373	0.1737010760353651	-0.23972410895094354	0.21747450655430212	-0.236482835162306	0.20967294536327724	-0.23231099416906426
0.07806674364941664	-0.06891374538805013	0.05873635570941532	-0.043829885651478266	0.05210535326289226	-0.061570653968923354	0.08562609365268191	-0.08584064116885695	0.11376704208805212	-0.10651114920283951	0.11883300427323723	-0.14783723663765805	0.11803548946948052	-0.14594731742192416	0.11610766381079303	-0.11620785967538737	0.13913152157571887	-0.12810676235416182	0.17355966258317004	-0.16125289956062844	0.22073927374115365	-0.436094555348058	0.9999999999999951	-0.6604272813811448	0.2698216644735237	-0.14143708797879428	0.19781646766080213	-0.26129188740098347	0.19897271300299008	-0.2397690525755292	0.13633524071074504	-0.15256500605766066	0.18636746079834482	-0.21596897266333198	0.227333719212309
-0.06808192234490959	0.06312534703715986	-0.05539262045623485	0.042221429619329814	-0.05035946553380733	0.053177553697363336	-0.08076372140624795	0.08089150155397454	-0.12346028214096683	0.110155466674648	-0.10245151953154197	0.12983826460242853	-0.12384760357170782	0.15667887545754594	-0.13193808006895846	0.0964497663149103	-0.12882298118029276	0.13121041657090993	-0.2505491774111275	0.1762188284718092	-0.17833039891367125	0.2264046251682576	-0.6604272813811448	0.9999999999999974	-0.5163634247576068	0.10842985145856707	-0.15305454239021682	0.1750075469557856	-0.18712438441977555	0.2421054769739667	-0.10988283453136549	0.11651597526240512	-0.1533848385243559	0.1770968204428518	-0.24661959129029976
0.06551738883305788	-0.06488280136644228	0.05627682584015033	-0.043513393646553454	0.05178439999650263	-0.05141931170748851	0.0808104354585363	-0.0814789127080065	0.12477014518209684	-0.11884177415138447	0.09649615576753104	-0.13084237377534794	0.11341229909929476	-0.14381138313317918	0.1486152910974342	-0.09130626156068154	0.12219711453326358	-0.11861011924252333	0.17461083233817382	-0.24840976358498246	0.15594004093454022	-0.20835681027854033	0.2698216644735237	-0.5163634247576068	0.9999999999999957	-0.10663822948812814	0.14717836414624025	-0.19051277728622587	0.221978030777422	-0.6036107448274888	0.10562236924100837	-0.11995906760913816	0.1574982541709523	-0.22813940159636092	0.2796179386284114
-0.07111319729926997	0.043787438723090405	-0.036286078284516896	0.025417463219359834	-0.030564468988105227	0.056556453167880064	-0.05469751985971959	0.05254112494832337	-0.055980895903838285	0.0502847203214427	-0.12165805543165455	0.10348996955334103	-0.06382178881394543	0.0630932840693309	-0.053993206570949026	0.12827245721018551	-0.1042199790364722	0.06551052767633961	-0.0712666665284197	0.06913921638771534	-0.4142484105353058	0.23794788143903045	-0.14143708797879428	0.10842985145856707	-0.10663822948812814	0.9999999999999981	-0.34542331974361257	0.18791121935569313	-0.14409375530073953	0.10403039318005435	-0.7374737244871649	0.27531480724909396	-0.23417850512897515	0.16472034203358554	-0.13679464916056705
0.0688012128696919	-0.05008699916026732	0.04192549492322709	-0.03012928552579701	0.03620286361133749	-0.05428751636987164	0.06198107512423514	-0.06027930086377886	0.06959915273368325	-0.06307727864834774	0.10880823456082812	-0.11275105369753011	0.07489840911703921	-0.07851465434968487	0.06865786499762803	-0.1095598172737526	0.10882558834775445	-0.07665292803357034	0.08953698075212706	-0.08935855900609438	0.24026289071739163	-0.36722914921538297	0.19781646766080213	-0.15305454239021682	0.14717836414624025	-0.34542331974361257	0.9999999999999962	-0.5019227406721767	0.2326801725433964	-0.15493566400057418	0.2699821075428026	-0.5501632073801572	0.30975562509098764	-0.27208436597458224	0.18508359191586987
-0.06408487409502339	0.049073219463416196	-0.0416585427323558	0.030445916092446314	-0.036658667268445536	0.04988851471850575	-0.06114783323831837	0.059531380503965864	-0.07431417910421866	0.06680694940859998	-0.0991216281243779	0.1059504533671725	-0.0764152693946883	0.08268579772845877	-0.0754733935550386	0.09475439913702616	-0.10355731492952278	0.07759136239775181	-0.09694453173392684	0.09785123021996725	-0.19838139095077298	0.2306278482224602	-0.26129188740098347	0.1750075469557856	-0.19051277728622587	0.18791121935569313	-0.5019227406721767	0.9999999999999974	-0.5232502671456105	0.20342594282477394	-0.19769202406162012	0.26914265655174124	-0.48509349655249684	0.30602651570615613	-0.22965233137484994
0.06016011346202975	-0.05052942943375306	0.04295178990393895	-0.03180571199242703	0.038200811627534546	-0.04689909985487482	0.06241087567140577	-0.061323109229844096	0.07901807219947915	-0.07241626849494631	0.09075585329059528	-0.10661149356442001	0.07876234942715324	-0.08800548515191303	0.08189893534456111	-0.08616501165075945	0.10105574190129207	-0.0801502547808079	0.1016690876996015	-0.11033734419091824	0.1642407468825654	-0.1999889201304373	0.19897271300299008	-0.18712438441977555	0.221978030777422	-0.14409375530073953	0.2326801725433964	-0.5232502671456105	0.9999999999999971	-0.395419041729957	0.1428317873249226	-0.19229540607335222	0.27443235695442114	-0.6050173224982097	0.27178288579240395
-0.058755419698853076	0.05369579868990441	-0.0464825872654632	0.03532295300661119	-0.04241877896969005	0.045703453289527254	-0.06706023785699063	0.0663385532298283	-0.09690118056451467	0.08761402036222425	-0.08724517561722182	0.10889266380326834	-0.08985759995713546	0.10484943558682135	-0.1103411259711754	0.0813662891333445	-0.10429649165051022	0.09067876481310193	-0.12813270737609475	0.1470806123702045	-0.14685282864034394	0.1737010760353651	-0.2397690525755292	0.2421054769739667	-0.6036107448274888	0.10403039318005435	-0.15493566400057418	0.20342594282477394	-0.395419041729957	0.9999999999999964	-0.10607253886961052	0.12243055493107988	-0.1735222960148741	0.2551954112113095	-0.5343379251903857
0.06152812759563131	-0.04287837429291966	0.03546902980111849	-0.025107811424200998	0.03013456611820918	-0.04960255913881406	0.05282470619624699	-0.05127489782962738	0.055491835686156926	-0.05028273150142949	0.09959252076821062	-0.1001989362830453	0.06190303368639277	-0.0626799926318225	0.05369415683653421	-0.10867308386248678	0.09484724339065763	-0.06356612043841976	0.0702668387658182	-0.06938969476581049	0.24273550101817878	-0.23972410895094354	0.13633524071074504	-0.10988283453136549	0.10562236924100837	-0.7374737244871649	0.2699821075428026	-0.19769202406162012	0.1428317873249226	-0.10607253886961052	0.9999999999999964	-0.4759242248266029	0.23089954487416153	-0.1837668577873013	0.13692402645089108
-0.05973775381213932	0.04135451799360217	-0.03466186050469991	0.024791159329719977	-0.029857364599954243	0.04677790985332193	-0.05143421506516619	0.04969406660758441	-0.05688091464106476	0.051130184799076626	-0.09533498917311055	0.09296049893543137	-0.06156103873792692	0.06338150145604204	-0.05593452504471371	0.09383195699493445	-0.09147558844783867	0.06258110143487472	-0.07245008420659617	0.07195565145581898	-0.21682020367347415	0.21747450655430212	-0.15256500605766066	0.11651597526240512	-0.11995906760913816	0.27531480724909396	-0.5501632073801572	0.26914265655174124	-0.19229540607335222	0.12243055493107988	-0.4759242248266029	0.9999999999999967	-0.5411576737746959	0.22472731137822974	-0.15835130422728486
0.06597884848285443	-0.05165072733727391	0.04332790182361931	-0.03142075511594304	0.03777389448533384	-0.05186952166104038	0.06345185162798532	-0.06191945167794259	0.07295543395791232	-0.06630247045721634	0.10135764361539934	-0.11322694874216982	0.07663456878846184	-0.0813126569518493	0.07233418516787266	-0.09950561200036341	0.10658049072710896	-0.0778888152483149	0.09227112962743017	-0.09437480168034862	0.1981405151635001	-0.236482835162306	0.18636746079834482	-0.1533848385243559	0.1574982541709523	-0.23417850512897515	0.30975562509098764	-0.48509349655249684	0.27443235695442114	-0.1735222960148741	0.23089954487416153	-0.5411576737746959	0.9999999999999969	-0.4734462967474915	0.21480256076059775
-0.0725976140511399	0.056634060567794915	-0.04843105653155087	0.0355839572995065	-0.04304359817668285	0.05593136376891692	-0.0707583348183294	0.06850020226970177	-0.08740733992924087	0.07777893258088435	-0.10996701510994669	0.11890127306846408	-0.08774253175541688	0.09402139434637312	-0.08912465577714095	0.10183821598805952	-0.11718888042997663	0.087688815704828	-0.10975187368791245	0.11398148220001941	-0.20188746414807696	0.20967294536327724	-0.21596897266333198	0.1770968204428518	-0.22813940159636092	0.16472034203358554	-0.27208436597458224	0.30602651570615613	-0.6050173224982097	0.2551954112113095	-0.1837668577873013	0.22472731137822974	-0.4734462967474915	0.9999999999999972	-0.3970796649316367
0.08275033005490823	-0.07735114175078153	0.0651918917770739	-0.048530393635979704	0.058131653259395386	-0.06447903298967692	0.09343508952701149	-0.09262004373581577	0.11639033833121844	-0.10953783588861651	0.12089249973685288	-0.15935251081980026	0.11500918508081517	-0.12940407911151552	0.11885773418714819	-0.11272961280164034	0.1440496936489352	-0.11687374270151038	0.14454324099607976	-0.16508656607510425	0.19161752031217097	-0.23231099416906426	0.227333719212309	-0.24661959129029976	0.2796179386284114	-0.13679464916056705	0.18508359191586987	-0.22965233137484994	0.27178288579240395	-0.5343379251903857	0.13692402645089108	-0.15835130422728486	0.21480256076059775	-0.3970796649316367	0.9999999999999971
