0.9999999999999999	-0.4753244761626833	0.1708221565932679	-0.1697807247185844	0.21778811424636318	-0.6299526415232258	0.24934243922171134	-0.23686618160342957	0.1005618443001891	-0.08116078251764355	0.3045950205479253	-0.25331954326660394	0.20433019101168912	-0.11578642661698405	0.10944931973523019	-0.21762997905808348	0.22084793429752222	-0.13458404701027885	0.10939534659920522	-0.12103096741526563	0.11245171514789067	-0.12645820266010752	0.05540556867063969	-0.05649143178997989	0.09422823412711874	-0.09040853462331083	0.0965706872568213	-0.09040758665124769	0.09115654750505751	-0.10337537650197005	0.0786451693487827	-0.09787856519175563	0.10185519778705064	-0.08277522064659322	0.10328002182455272	-0.05610380693767436	0.049722775886335294	-0.10008355371681554	0.07402133915595518	-0.05884864278820351	0.021182964301089603	-0.019996301702128832	0.04266341361314177	-0.03906972024956064	0.07323084002637086
-0.4753244761626833	1.0000000000000004	-0.42663263788273753	0.260512666096845	-0.39167433823627407	0.24927854595978596	-0.3680126703052524	0.24991708276483776	-0.1304677696111263	0.10236485188804273	-0.3010091969531304	0.23533448845130137	-0.24987584838049162	0.13453757870142494	-0.13660268746581333	0.18131870682917664	-0.2541412606309605	0.1398207937331003	-0.12122587735817733	0.12192209856310218	-0.10371317253115975	0.1141354906041535	-0.0550429846200542	0.05518994751219137	-0.09932095591469058	0.08288919446332776	-0.09200732110573534	0.08745528976080441	-0.09192026807122836	0.10225508609880792	-0.0746240377392226	0.09118939001017368	-0.10135333700711611	0.08121103484508697	-0.10667351096504141	0.05288629952870961	-0.04747335869907307	0.0951486749875379	-0.07346971610222328	0.05917337950440544	-0.020544493106467384	0.0192998708256124	-0.042963782785483275	0.03888449813299857	-0.07497045647697453
0.1708221565932679	-0.42663263788273753	1.0	-0.7968510130539053	0.27013353233796616	-0.11319208604554067	0.15715490389551837	-0.17444982167655734	0.08439158944841142	-0.06910613411017287	0.1332561679319331	-0.12197233164402886	0.1329250054434349	-0.08110111344969254	0.07888521906593936	-0.10246980658383986	0.12965917120064335	-0.07967152634446707	0.06749890442112774	-0.07096859636249653	0.05765439035504775	-0.06468765035354658	0.031266285951910056	-0.031593148394845255	0.056225731560508634	-0.047500270774080554	0.052016247458078944	-0.050485459458326776	0.0523391347691611	-0.05932252926400657	0.04241727829022288	-0.05234464856880045	0.057685046105663704	-0.046814781989283835	0.0605698900015873	-0.030809626064975757	0.027487736169570325	-0.055797017363420125	0.04231782507249125	-0.034016688997278645	0.011910121387956286	-0.011217392079272132	0.024792120142819903	-0.022535700018506213	0.042831745609250585
-0.1697807247185844	0.260512666096845	-0.7968510130539053	1.0000000000000002	-0.447437662429758	0.10628509413277186	-0.14143085707869552	0.1389448675175839	-0.09722807012252019	0.07717982808427577	-0.13290440574222767	0.11489617070887577	-0.13010495527941024	0.08330547750678549	-0.08366378967736694	0.0984028980927444	-0.12942974377408636	0.07769552772796869	-0.06714206537752232	0.0695511768777654	-0.05607566115352075	0.0626149246039973	-0.03062666202097919	0.030853756370852088	-0.05562349828098975	0.04607210283872959	-0.05074986787606435	0.049256767508104135	-0.05142433465929449	0.057986587430104874	-0.04135492271735369	0.050866675691292364	-0.05659082843349528	0.04577977261914252	-0.05972341101069093	0.02994191105221014	-0.026774383692330418	0.05424820504852243	-0.04145215285288318	0.03338046721847399	-0.011624028605655087	0.010938073609193518	-0.02432455813227514	0.022066079489855808	-0.04216058906322445
0.21778811424636318	-0.39167433823627407	0.27013353233796616	-0.447437662429758	1.0000000000000004	-0.1494840789812783	0.1785669302387519	-0.18486442220609575	0.1321551436639387	-0.12700956931936738	0.18357940340440568	-0.16939417640922935	0.17751208860542422	-0.1250327697183105	0.12573813337264908	-0.18001200071632428	0.2078461401089506	-0.129075411644131	0.1086721350411327	-0.12358212383973269	0.10108743190173135	-0.11470946580347874	0.05487676364921226	-0.05579859821767201	0.09727075888091312	-0.08597879666352522	0.09312397658470385	-0.09198881635873707	0.09431203019050105	-0.10672428089645344	0.07657728147350078	-0.09493387948729719	0.10460210198849283	-0.08559968718081622	0.10891819186533443	-0.057156986516550434	0.0507571831610674	-0.10416099058084295	0.07778905490694356	-0.062350729243212916	0.022146616772315834	-0.02089509022894135	0.04603778564014141	-0.041917835987913016	0.07838563314097648
-0.6299526415232258	0.24927854595978596	-0.11319208604554067	0.10628509413277186	-0.1494840789812783	1.0000000000000007	-0.314156125838125	0.2095945392456349	-0.08361338051241604	0.06562458359431365	-0.6025442764532944	0.24471063111276978	-0.1977350211383357	0.09746092252919158	-0.09319670989889131	0.1639545621727769	-0.19237356237937145	0.1076641332473726	-0.08902370141207697	0.09166116167418674	-0.08757969419736682	0.09406312144567493	-0.04185366371389126	0.04228611252715551	-0.07224904089921759	0.06641662786113793	-0.0723616032241847	0.0663432398462797	-0.06791252064594767	0.0764953689483461	-0.058500417344250134	0.07175550059786642	-0.07562486836987999	0.060734919310558216	-0.07719145721303802	0.04063368631811015	-0.03624882507040829	0.07208225836630248	-0.05429074041540089	0.04330157334713558	-0.015411876088034154	0.014512645198785416	-0.031201928955201998	0.02847129983985807	-0.054132628306190395
0.24934243922171134	-0.3680126703052524	0.15715490389551837	-0.14143085707869552	0.1785669302387519	-0.314156125838125	1.000000000000001	-0.6919567801240354	0.11209014274311875	-0.08875090345277895	0.25843225223935334	-0.3916582260944512	0.2868860756649173	-0.13561071550785234	0.12220577386203968	-0.16752400358817565	0.21698263006537677	-0.1402039755420077	0.11234578660365493	-0.11213639315592272	0.09060710402130416	-0.10256540199143402	0.048330853181807375	-0.04894670790542769	0.08612018365291323	-0.07236950989850788	0.07889913303502095	-0.07493964906966757	0.07691071828262601	-0.08952286980250287	0.06365649577356614	-0.07917656014554346	0.0843038914693043	-0.06856752407449791	0.0881579157210222	-0.045122169649165114	0.04017979208710808	-0.08097594883460656	0.06107842816251913	-0.048987574111826214	0.01710714016931808	-0.016127442038946088	0.03500945881950231	-0.03199476654908315	0.06107510464736152
-0.23686618160342957	0.24991708276483776	-0.17444982167655734	0.1389448675175839	-0.18486442220609575	0.2095945392456349	-0.6919567801240354	1.0000000000000009	-0.14810319687059928	0.10907897417605619	-0.24956629808864997	0.2844908405868879	-0.4952227676592954	0.16883448836619347	-0.1603240598465218	0.1560434188934382	-0.22698356398741384	0.1557058610631533	-0.13255872830841134	0.11853704962858996	-0.08782447964244162	0.09852240902609136	-0.05009680380176981	0.050153563191666785	-0.09340139266195123	0.07021952871822291	-0.07787352482825516	0.07510115694039088	-0.07884192817718272	0.09170655055825043	-0.06266182280854234	0.07749230122035324	-0.08528260900248655	0.06913035996900317	-0.09174398915837241	0.044394710674077506	-0.03974213737363646	0.0802031384613586	-0.061785026406859476	0.04995851123292643	-0.01701271017356094	0.01601103527680385	-0.03552314320364769	0.032323220420968274	-0.06271488637935255
0.1005618443001891	-0.1304677696111263	0.08439158944841142	-0.09722807012252019	0.1321551436639387	-0.08361338051241604	0.11209014274311875	-0.14810319687059928	1.0000000000000004	-0.7814768500620118	0.10390778504852398	-0.13484210392459123	0.17623489447087173	-0.4495644115867132	0.31295839745327103	-0.10230112999359385	0.12467588878292292	-0.13183928961887456	0.11915865999407453	-0.11648374460773826	0.057767847534871984	-0.06672864788772612	0.038215409278884706	-0.03892223659629433	0.07985680487617698	-0.04895656346527962	0.0539486336060731	-0.05637500069659981	0.05915587160792102	-0.07617343492199449	0.0436572746661764	-0.05497932538970267	0.06179928295557739	-0.05172235856981213	0.06973140247750238	-0.032198957721711476	0.02869057862795993	-0.05960740446730511	0.04572050847696178	-0.037381933058125635	0.012282905151228509	-0.011595596677255019	0.02603526477563574	-0.023848112227838416	0.04633634976671257
-0.08116078251764355	0.10236485188804273	-0.06910613411017287	0.07717982808427577	-0.12700956931936738	0.06562458359431365	-0.08875090345277895	0.10907897417605619	-0.7814768500620118	0.9999999999999989	-0.08342116581860637	0.10307747307879359	-0.1447187373880526	0.2910929512185066	-0.5149777753737002	0.07976282816065365	-0.10147563725798663	0.10192993554049266	-0.09774861794334494	0.0971455512838775	-0.04576035431135275	0.05259044204019904	-0.0308638210443334	0.03120627374059477	-0.06886141876550352	0.03879911457033939	-0.043133611869296366	0.04531372893798556	-0.048372273937706295	0.06173017599933124	-0.03487141586131233	0.04376245598437554	-0.0501777068083094	0.04183782436429381	-0.05771930311168405	0.0256800174087253	-0.022959549211371357	0.04768280615392488	-0.03710921891264441	0.030482448610166513	-0.009862298929412426	0.009299692311108556	-0.021174365776377012	0.01933255971921231	-0.03799986357680558
0.3045950205479253	-0.3010091969531304	0.1332561679319331	-0.13290440574222767	0.18357940340440568	-0.6025442764532944	0.25843225223935334	-0.24956629808864997	0.10390778504852398	-0.08342116581860637	1.0000000000000004	-0.4815212534315473	0.2432431487385294	-0.12727012113619493	0.11650325394962552	-0.27315061680865843	0.25528111092211997	-0.147277431735805	0.11758754547719717	-0.12635639632823706	0.13021074272358835	-0.14000226974122987	0.05857723536108903	-0.05954405151875241	0.09797087457407629	-0.09706835601432103	0.1040777750021999	-0.09367296226426847	0.09440687278421186	-0.10644445988645924	0.08414504817988858	-0.10370891517275267	0.10599555871522279	-0.08520580106508562	0.10610386177608407	-0.05795065495172957	0.05151415920002143	-0.10197847902234626	0.0757934021630777	-0.060099345704720294	0.02173536928790069	-0.020489962908003402	0.043277622179753956	-0.039630646040102746	0.07469367297071619
-0.25331954326660394	0.23533448845130137	-0.12197233164402886	0.11489617070887577	-0.16939417640922935	0.24471063111276978	-0.3916582260944512	0.2844908405868879	-0.13484210392459123	0.10307747307879359	-0.4815212534315473	0.9999999999999979	-0.516197203920398	0.17101197024736514	-0.15961571267195213	0.21306245248820704	-0.4329945828948945	0.18002778737649686	-0.14732738516012123	0.13624634747013678	-0.11738476262127401	0.13249566719165773	-0.060169319083876294	0.06047401863777574	-0.10612403800639156	0.08974241254837743	-0.0993966680774298	0.09097166939457746	-0.0936198747386243	0.10772794556893378	-0.07895181301407742	0.09773875144521241	-0.10280956481502038	0.0828312926879758	-0.1067781645816756	0.05456855404654013	-0.04871329986858853	0.0969874062700314	-0.07355144106268122	0.05890128956939431	-0.02059633279841795	0.019397072542262472	-0.04186688714220331	0.03824687150952574	-0.0734436310588111
0.20433019101168912	-0.24987584838049162	0.1329250054434349	-0.13010495527941024	0.17751208860542422	-0.1977350211383357	0.2868860756649173	-0.4952227676592954	0.17623489447087173	-0.1447187373880526	0.2432431487385294	-0.516197203920398	0.9999999999999989	-0.34607184880999714	0.2135377568510083	-0.20078664478344072	0.26014996908268556	-0.2907296476937755	0.19468504487684257	-0.17344458946939237	0.10981418203193834	-0.12691714448960836	0.06762180987550069	-0.0684614374167459	0.12530782924839734	-0.0898726614472207	0.09842188328782304	-0.09768714307120961	0.10098931511399892	-0.12437383316191077	0.07919031505770645	-0.09950721473568463	0.10772365313899386	-0.08896399245225098	0.11690465880995592	-0.056932439463770704	0.05066808005153677	-0.10355385699561129	0.07859713489069732	-0.06361645776675515	0.021526844586570337	-0.020316513259624032	0.04464045446052891	-0.040911792657782116	0.07885195297973499
-0.11578642661698405	0.13453757870142494	-0.08110111344969254	0.08330547750678549	-0.1250327697183105	0.09746092252919158	-0.13561071550785234	0.16883448836619347	-0.4495644115867132	0.2910929512185066	-0.12727012113619493	0.17101197024736514	-0.34607184880999714	0.9999999999999967	-0.7036479911687429	0.1158746476963375	-0.15657208308986084	0.17981646007201885	-0.20558222347571517	0.15057828886153782	-0.06681397415703187	0.07684200047875663	-0.04725475896148348	0.047477192806076395	-0.10599576754594002	0.056230917895840477	-0.06293076782578033	0.06626402891752128	-0.0713241151005477	0.09168311238927224	-0.05064061366349226	0.0635573341848833	-0.07328712492163207	0.06106404237356073	-0.0853976283237533	0.03702850650534259	-0.03316920811664077	0.0688088238578088	-0.05401905619527929	0.044518223494403625	-0.014211833266542857	0.013394358504751536	-0.03067102835153049	0.027989774698706008	-0.055513036162183
0.10944931973523019	-0.13660268746581333	0.07888521906593936	-0.08366378967736694	0.12573813337264908	-0.09319670989889131	0.12220577386203968	-0.1603240598465218	0.31295839745327103	-0.5149777753737002	0.11650325394962552	-0.15961571267195213	0.2135377568510083	-0.7036479911687429	0.9999999999999977	-0.1168662199625036	0.14356914035730567	-0.1665545561635638	0.1551196508591889	-0.17005725095895963	0.06652290772868864	-0.07704937955141297	0.046276884114497784	-0.04710963531838148	0.10608537051508463	-0.056647602002484934	0.06281378655224516	-0.06694490336029592	0.07110285523417151	-0.09501442456276744	0.050712157751436705	-0.06401558932919295	0.07303572253390961	-0.061507596552274085	0.08480244801460461	-0.03745427641477121	0.03342996938503639	-0.06980051051876247	0.05412369325667269	-0.04456835172261212	0.01429176141074921	-0.013490090563471151	0.030631499624977097	-0.028065671881780975	0.05515211456764267
-0.21762997905808348	0.18131870682917664	-0.10246980658383986	0.0984028980927444	-0.18001200071632428	0.1639545621727769	-0.16752400358817565	0.1560434188934382	-0.10230112999359385	0.07976282816065365	-0.27315061680865843	0.21306245248820704	-0.20078664478344072	0.1158746476963375	-0.1168662199625036	0.9999999999999969	-0.4766199290493526	0.16247962198753646	-0.14268258097116804	0.15489981079102072	-0.5739914134536518	0.292226343460019	-0.09916492828586516	0.0951140607516037	-0.1390825137796665	0.2038632856278653	-0.2385947285891156	0.15730178726542257	-0.1670696788658616	0.15222084236746156	-0.19342821040778224	0.1950798562178238	-0.2038267662133825	0.14256554825454784	-0.17802539581226262	0.102052492992863	-0.0953610429678448	0.16021182263789963	-0.12916080377299544	0.10016681371263153	-0.03934687388622464	0.0363334491583158	-0.07372878641335598	0.06585945209325048	-0.12844022063329238
0.22084793429752222	-0.2541412606309605	0.12965917120064335	-0.12942974377408636	0.2078461401089506	-0.19237356237937145	0.21698263006537677	-0.22698356398741384	0.12467588878292292	-0.10147563725798663	0.25528111092211997	-0.4329945828948945	0.26014996908268556	-0.15657208308986084	0.14356914035730567	-0.4766199290493526	0.9999999999999978	-0.2851324802124194	0.19366706201556644	-0.21730035229516081	0.23536283475694503	-0.3091550506063621	0.10477858423912213	-0.10791928545524128	0.1614002824479615	-0.1804395570125546	0.19381813793031238	-0.16525409701090568	0.1600202212835687	-0.18294883845950732	0.15112835962023224	-0.1938724772289226	0.18151468894065356	-0.14675079049553105	0.17464401785944117	-0.10233864407084375	0.09015331691168238	-0.17705842738290162	0.12794237106957343	-0.10012986077662797	0.03713609307572363	-0.03511721732101616	0.0711150594443963	-0.06576835195183993	0.12235655370697485
-0.13458404701027885	0.1398207937331003	-0.07967152634446707	0.07769552772796869	-0.129075411644131	0.1076641332473726	-0.1402039755420077	0.1557058610631533	-0.13183928961887456	0.10192993554049266	-0.147277431735805	0.18002778737649686	-0.2907296476937755	0.17981646007201885	-0.1665545561635638	0.16247962198753646	-0.2851324802124194	0.999999999999995	-0.7699103723143559	0.2636033462100847	-0.10224861536122709	0.11834395076600421	-0.1172118196608586	0.10551406954645305	-0.2235850490592739	0.08704698296682563	-0.10236865191139527	0.11403238227586385	-0.1310524065598168	0.1612206085591368	-0.08102282258307685	0.10126881999054771	-0.12733712846177103	0.10489181326917214	-0.16093758370401234	0.05884355466279414	-0.05346781947819482	0.11148607524037626	-0.09319897668717375	0.07848955652104019	-0.0230651850818957	0.021652334196412697	-0.052740207414663884	0.047639245392533294	-0.0995924962529684
0.10939534659920522	-0.12122587735817733	0.06749890442112774	-0.06714206537752232	0.1086721350411327	-0.08902370141207697	0.11234578660365493	-0.13255872830841134	0.11915865999407453	-0.09774861794334494	0.11758754547719717	-0.14732738516012123	0.19468504487684257	-0.20558222347571517	0.1551196508591889	-0.14268258097116804	0.19366706201556644	-0.7699103723143559	0.9999999999999962	-0.43915687275767423	0.08676677480374173	-0.10209264063259628	0.09031960787643735	-0.09149640763332745	0.21047213850659202	-0.07567325718438048	0.08695217562358042	-0.10150723379738269	0.11250856189254663	-0.1659946166261104	0.06931306301886843	-0.0881177311405036	0.10762800002578009	-0.0922998252354174	0.13711476745478046	-0.05158599828960288	0.04644309057262917	-0.0988133224358902	0.08013311193570889	-0.06768094642633492	0.01984136948582898	-0.018701590942186846	0.044588882019709654	-0.04080096387082324	0.08351557507561
-0.12103096741526563	0.12192209856310218	-0.07096859636249653	0.0695511768777654	-0.12358212383973269	0.09166116167418674	-0.11213639315592272	0.11853704962858996	-0.11648374460773826	0.0971455512838775	-0.12635639632823706	0.13624634747013678	-0.17344458946939237	0.15057828886153782	-0.17005725095895963	0.15489981079102072	-0.21730035229516081	0.2636033462100847	-0.43915687275767423	0.9999999999999963	-0.10566399226332251	0.12089920363547385	-0.10941614702332152	0.10718699471049567	-0.651204661961798	0.09730720193020846	-0.11770142402535085	0.14801785441610993	-0.18529293598297747	0.27437802274152734	-0.09403658988603446	0.1186102302714925	-0.16706978772363823	0.14344786152684627	-0.2512104761931824	0.07130678862123278	-0.0654201053607444	0.14190244623568038	-0.12613897160503953	0.11010777401021771	-0.02840305846157318	0.026650360943170102	-0.06963690283408079	0.06289314443917493	-0.13901806623760793
0.11245171514789067	-0.10371317253115975	0.05765439035504775	-0.05607566115352075	0.10108743190173135	-0.08757969419736682	0.09060710402130416	-0.08782447964244162	0.057767847534871984	-0.04576035431135275	0.13021074272358835	-0.11738476262127401	0.10981418203193834	-0.06681397415703187	0.06652290772868864	-0.5739914134536518	0.23536283475694503	-0.10224861536122709	0.08676677480374173	-0.10566399226332251	0.9999999999999952	-0.6317840745672091	0.09176637882947765	-0.09128741360966618	0.0930209362171204	-0.30624419228429095	0.2567327708342107	-0.13668378786439478	0.1279309123455308	-0.11117201386648792	0.20107473462764197	-0.21867743647084747	0.16204660210727703	-0.11382929589420661	0.12435459318644852	-0.09408970797991571	0.08470635344104278	-0.13145644784851787	0.09833307991981659	-0.07319431878214211	0.03219159225476201	-0.02993562460766115	0.05277882380986344	-0.04813351727132903	0.09053335838169181
-0.12645820266010752	0.1141354906041535	-0.06468765035354658	0.0626149246039973	-0.11470946580347874	0.09406312144567493	-0.10256540199143402	0.09852240902609136	-0.06672864788772612	0.05259044204019904	-0.14000226974122987	0.13249566719165773	-0.12691714448960836	0.07684200047875663	-0.07704937955141297	0.292226343460019	-0.3091550506063621	0.11834395076600421	-0.10209264063259628	0.12089920363547385	-0.6317840745672091	0.9999999999999949	-0.13535101525321633	0.11731170796672802	-0.11029965259567813	0.2351754632653262	-0.5006252324942885	0.16411457193533255	-0.161824395860754	0.12856294091406978	-0.21353881517538692	0.24511310123855154	-0.2022862210608128	0.13109106700311732	-0.1479665978746269	0.0993903854762998	-0.09269720496581335	0.14479204572450557	-0.11404533529577154	0.0850107323867919	-0.0356845603915031	0.03300448499266787	-0.0610749776722898	0.05528150219795323	-0.1062209918455315
0.05540556867063969	-0.0550429846200542	0.031266285951910056	-0.03062666202097919	0.05487676364921226	-0.04185366371389126	0.048330853181807375	-0.05009680380176981	0.038215409278884706	-0.0308638210443334	0.05857723536108903	-0.060169319083876294	0.06762180987550069	-0.04725475896148348	0.046276884114497784	-0.09916492828586516	0.10477858423912213	-0.1172118196608586	0.09031960787643735	-0.10941614702332152	0.09176637882947765	-0.13535101525321633	0.999999999999995	-0.9446127378661583	0.11188882094382943	-0.07039502451551352	0.09532043523949349	-0.16254050538966158	0.15108000540244676	-0.10743876318205302	0.06432388108384121	-0.08314581105355942	0.09533511546317847	-0.07251352527498854	0.09130139634883426	-0.04221027247167154	0.03822907731280337	-0.07658765529088168	0.06048104759278527	-0.04811269073885302	0.015633248718959682	-0.0146949802232783	0.032090696356073395	-0.029570191987040792	0.05836040982096762
-0.05649143178997989	0.05518994751219137	-0.031593148394845255	0.030853756370852088	-0.05579859821767201	0.04228611252715551	-0.04894670790542769	0.050153563191666785	-0.03892223659629433	0.03120627374059477	-0.05954405151875241	0.06047401863777574	-0.0684614374167459	0.047477192806076395	-0.04710963531838148	0.0951140607516037	-0.10791928545524128	0.10551406954645305	-0.09149640763332745	0.10718699471049567	-0.09128741360966618	0.11731170796672802	-0.9446127378661583	0.9999999999999957	-0.12687598221097515	0.06865184984404381	-0.09472828119776493	0.14604902408380196	-0.17516341802228	0.1089869241413979	-0.06430798492175437	0.08099166881128986	-0.09709859908051721	0.07310135047839474	-0.09553756916388853	0.04189521715170395	-0.03824389155792154	0.07616447189314096	-0.06165906732684699	0.04929893658213363	-0.01575917107867221	0.014774409166851247	-0.03289232653703147	0.030126904187423614	-0.06041784761275633
0.09422823412711874	-0.09932095591469058	0.056225731560508634	-0.05562349828098975	0.09727075888091312	-0.07224904089921759	0.08612018365291323	-0.09340139266195123	0.07985680487617698	-0.06886141876550352	0.09797087457407629	-0.10612403800639156	0.12530782924839734	-0.10599576754594002	0.10608537051508463	-0.1390825137796665	0.1614002824479615	-0.2235850490592739	0.21047213850659202	-0.651204661961798	0.0930209362171204	-0.11029965259567813	0.11188882094382943	-0.12687598221097515	0.9999999999999963	-0.08895657774356376	0.10493867397477222	-0.15550376515759193	0.17824977573620077	-0.5724268460358443	0.08365545346279729	-0.10969664590833716	0.14632140060918655	-0.14231548159917182	0.23019485444710003	-0.06680010109523801	0.060197598346328235	-0.13743090187294085	0.11499588327084659	-0.10345913176743898	0.025477744151367675	-0.024114674098645858	0.06043318409810475	-0.0565010703272094	0.11872061720025051
-0.09040853462331083	0.08288919446332776	-0.047500270774080554	0.04607210283872959	-0.08597879666352522	0.06641662786113793	-0.07236950989850788	0.07021952871822291	-0.04895656346527962	0.03879911457033939	-0.09706835601432103	0.08974241254837743	-0.0898726614472207	0.056230917895840477	-0.056647602002484934	0.2038632856278653	-0.1804395570125546	0.08704698296682563	-0.07567325718438048	0.09730720193020846	-0.30624419228429095	0.2351754632653262	-0.07039502451551352	0.06865184984404381	-0.08895657774356376	0.9999999999999951	-0.3830770446507359	0.14547600322852697	-0.13961524653790774	0.11167702084234071	-0.7558240621034035	0.28398975778416874	-0.2042726030087146	0.12961237648666626	-0.1367399191294245	0.161750971651616	-0.15613125548569753	0.15342126217229912	-0.11782648003409942	0.08332376531456148	-0.051449686879987314	0.04639608129443333	-0.06203547905849613	0.05574693473298858	-0.10456341459494232
0.0965706872568213	-0.09200732110573534	0.052016247458078944	-0.05074986787606435	0.09312397658470385	-0.0723616032241847	0.07889913303502095	-0.07787352482825516	0.0539486336060731	-0.043133611869296366	0.1040777750021999	-0.0993966680774298	0.09842188328782304	-0.06293076782578033	0.06281378655224516	-0.2385947285891156	0.19381813793031238	-0.10236865191139527	0.08695217562358042	-0.11770142402535085	0.2567327708342107	-0.5006252324942885	0.09532043523949349	-0.09472828119776493	0.10493867397477222	-0.3830770446507359	0.9999999999999953	-0.24811152644592338	0.18325093927402994	-0.13839445695774946	0.26934379837988887	-0.588238293943166	0.2466745555479733	-0.1621130861451593	0.15380856690005001	-0.1260836826220204	0.11293068851706452	-0.17593754579094437	0.1289255636160929	-0.09258400884690739	0.04058679023361716	-0.038052571011983026	0.06453455469673476	-0.05980745624199584	0.11077792795554375
-0.09040758665124769	0.08745528976080441	-0.050485459458326776	0.049256767508104135	-0.09198881635873707	0.0663432398462797	-0.07493964906966757	0.07510115694039088	-0.05637500069659981	0.04531372893798556	-0.09367296226426847	0.09097166939457746	-0.09768714307120961	0.06626402891752128	-0.06694490336029592	0.15730178726542257	-0.16525409701090568	0.11403238227586385	-0.10150723379738269	0.14801785441610993	-0.13668378786439478	0.16411457193533255	-0.16254050538966158	0.14604902408380196	-0.15550376515759193	0.14547600322852697	-0.24811152644592338	0.9999999999999956	-0.7861917305264959	0.21825196831415813	-0.14321306111884086	0.20184655270322102	-0.34857994704780565	0.190973080276537	-0.22058478549147448	0.09447136365344122	-0.08704309517232059	0.18005553143174077	-0.15182571259489488	0.11432421071368863	-0.03503498827668643	0.03288234012276605	-0.07470761814674445	0.06869347834109854	-0.1385418136418305
0.09115654750505751	-0.09192026807122836	0.0523391347691611	-0.05142433465929449	0.09431203019050105	-0.06791252064594767	0.07691071828262601	-0.07884192817718272	0.05915587160792102	-0.048372273937706295	0.09440687278421186	-0.0936198747386243	0.10098931511399892	-0.0713241151005477	0.07110285523417151	-0.1670696788658616	0.1600202212835687	-0.1310524065598168	0.11250856189254663	-0.18529293598297747	0.1279309123455308	-0.161824395860754	0.15108000540244676	-0.17516341802228	0.17824977573620077	-0.13961524653790774	0.18325093927402994	-0.7861917305264959	0.9999999999999953	-0.3331573640494644	0.12758632397120612	-0.18491672351709787	0.23837740962892714	-0.19761154827689922	0.21393334134740832	-0.09709089538920587	0.08620908129087579	-0.19459210398759874	0.14682567842081823	-0.11450281086158047	0.03454552794938323	-0.03284240025494329	0.07245465076829277	-0.06858405582687845	0.13141011680353681
-0.10337537650197005	0.10225508609880792	-0.05932252926400657	0.057986587430104874	-0.10672428089645344	0.0764953689483461	-0.08952286980250287	0.09170655055825043	-0.07617343492199449	0.06173017599933124	-0.10644445988645924	0.10772794556893378	-0.12437383316191077	0.09168311238927224	-0.09501442456276744	0.15222084236746156	-0.18294883845950732	0.1612206085591368	-0.1659946166261104	0.27437802274152734	-0.11117201386648792	0.12856294091406978	-0.10743876318205302	0.1089869241413979	-0.5724268460358443	0.11167702084234071	-0.13839445695774946	0.21825196831415813	-0.3331573640494644	0.999999999999994	-0.10987237095355994	0.1436428058572785	-0.22082582719296337	0.21366766575278245	-0.5173978259773055	0.08814614703458623	-0.08093815142370961	0.18686535519673114	-0.17604608349763326	0.1622842862801522	-0.03447014837687115	0.03249305921510341	-0.08811178308954429	0.08132182533836207	-0.19140328859037442
0.0786451693487827	-0.0746240377392226	0.04241727829022288	-0.04135492271735369	0.07657728147350078	-0.058500417344250134	0.06365649577356614	-0.06266182280854234	0.0436572746661764	-0.03487141586131233	0.08414504817988858	-0.07895181301407742	0.07919031505770645	-0.05064061366349226	0.050712157751436705	-0.19342821040778224	0.15112835962023224	-0.08102282258307685	0.06931306301886843	-0.09403658988603446	0.20107473462764197	-0.21353881517538692	0.06432388108384121	-0.06430798492175437	0.08365545346279729	-0.7558240621034035	0.26934379837988887	-0.14321306111884086	0.12758632397120612	-0.10987237095355994	0.9999999999999946	-0.43029258084991956	0.20200944886298458	-0.13670469607473243	0.13000475961507613	-0.23793732956126767	0.17066465242922	-0.17089043236680102	0.1189968590240526	-0.08252605777060096	0.05341961806170919	-0.04962105028236581	0.06057442745269556	-0.05544921765566839	0.10044424016409136
-0.09787856519175563	0.09118939001017368	-0.05234464856880045	0.050866675691292364	-0.09493387948729719	0.07175550059786642	-0.07917656014554346	0.07749230122035324	-0.05497932538970267	0.04376245598437554	-0.10370891517275267	0.09773875144521241	-0.09950721473568463	0.0635573341848833	-0.06401558932919295	0.1950798562178238	-0.1938724772289226	0.10126881999054771	-0.0881177311405036	0.1186102302714925	-0.21867743647084747	0.24511310123855154	-0.08314581105355942	0.08099166881128986	-0.10969664590833716	0.28398975778416874	-0.588238293943166	0.20184655270322102	-0.18491672351709787	0.1436428058572785	-0.43029258084991956	0.9999999999999957	-0.4642314060568364	0.19630678620680106	-0.1829170544259382	0.14856384861015798	-0.14659558082520108	0.19470867198213912	-0.1582722121772754	0.1080894886280613	-0.048670097333335875	0.04509295770909921	-0.07496899301166775	0.06864621563521398	-0.130654944056228
0.10185519778705064	-0.10135333700711611	0.057685046105663704	-0.05659082843349528	0.10460210198849283	-0.07562486836987999	0.0843038914693043	-0.08528260900248655	0.06179928295557739	-0.0501777068083094	0.10599555871522279	-0.10280956481502038	0.10772365313899386	-0.07328712492163207	0.07303572253390961	-0.2038267662133825	0.18151468894065356	-0.12733712846177103	0.10762800002578009	-0.16706978772363823	0.16204660210727703	-0.2022862210608128	0.09533511546317847	-0.09709859908051721	0.14632140060918655	-0.2042726030087146	0.2466745555479733	-0.34857994704780565	0.23837740962892714	-0.22082582719296337	0.20200944886298458	-0.4642314060568364	0.9999999999999959	-0.5096963664882554	0.26090492400732324	-0.15606878440674635	0.13922751449175433	-0.35587703822053285	0.2539203235007915	-0.16835086939226931	0.051616517283882314	-0.04941261718326113	0.10439988747750353	-0.10134836609378331	0.181138994577934
-0.08277522064659322	0.08121103484508697	-0.046814781989283835	0.04577977261914252	-0.08559968718081622	0.060734919310558216	-0.06856752407449791	0.06913035996900317	-0.05172235856981213	0.04183782436429381	-0.08520580106508562	0.0828312926879758	-0.08896399245225098	0.06106404237356073	-0.061507596552274085	0.14256554825454784	-0.14675079049553105	0.10489181326917214	-0.0922998252354174	0.14344786152684627	-0.11382929589420661	0.13109106700311732	-0.07251352527498854	0.07310135047839474	-0.14231548159917182	0.12961237648666626	-0.1621130861451593	0.190973080276537	-0.19761154827689922	0.21366766575278245	-0.13670469607473243	0.19630678620680106	-0.5096963664882554	0.9999999999999957	-0.48769446336731004	0.11894486238263856	-0.11372052444617049	0.29424434477295497	-0.5291250075041093	0.2262331561181439	-0.04506844906883656	0.042641246296822734	-0.12193596321213974	0.11628792853083612	-0.23963606573088014
0.10328002182455272	-0.10667351096504141	0.0605698900015873	-0.05972341101069093	0.10891819186533443	-0.07719145721303802	0.0881579157210222	-0.09174398915837241	0.06973140247750238	-0.05771930311168405	0.10610386177608407	-0.1067781645816756	0.11690465880995592	-0.0853976283237533	0.08480244801460461	-0.17802539581226262	0.17464401785944117	-0.16093758370401234	0.13711476745478046	-0.2512104761931824	0.12435459318644852	-0.1479665978746269	0.09130139634883426	-0.09553756916388853	0.23019485444710003	-0.1367399191294245	0.15380856690005001	-0.22058478549147448	0.21393334134740832	-0.5173978259773055	0.13000475961507613	-0.1829170544259382	0.26090492400732324	-0.48769446336731004	0.9999999999999977	-0.12542127496744762	0.11167739650525009	-0.302770013500651	0.2665996824267812	-0.3317318415174543	0.04547643185641728	-0.0437004572646496	0.11544827756302234	-0.11687252755488789	0.2482812531606436
-0.05610380693767436	0.05288629952870961	-0.030809626064975757	0.02994191105221014	-0.057156986516550434	0.04063368631811015	-0.045122169649165114	0.044394710674077506	-0.032198957721711476	0.0256800174087253	-0.05795065495172957	0.05456855404654013	-0.056932439463770704	0.03702850650534259	-0.03745427641477121	0.102052492992863	-0.10233864407084375	0.05884355466279414	-0.05158599828960288	0.07130678862123278	-0.09408970797991571	0.0993903854762998	-0.04221027247167154	0.04189521715170395	-0.06680010109523801	0.161750971651616	-0.1260836826220204	0.09447136365344122	-0.09709089538920587	0.08814614703458623	-0.23793732956126767	0.14856384861015798	-0.15606878440674635	0.11894486238263856	-0.12542127496744762	0.9999999999999962	-0.8710873279956799	0.21821516716923503	-0.15486270871478292	0.09314143809125154	-0.1584962295040796	0.13807669526972305	-0.08191280386635011	0.07046873817433125	-0.12377624214316252
0.049722775886335294	-0.04747335869907307	0.027487736169570325	-0.026774383692330418	0.0507571831610674	-0.03624882507040829	0.04017979208710808	-0.03974213737363646	0.02869057862795993	-0.022959549211371357	0.05151415920002143	-0.04871329986858853	0.05066808005153677	-0.03316920811664077	0.03342996938503639	-0.0953610429678448	0.09015331691168238	-0.05346781947819482	0.04644309057262917	-0.0654201053607444	0.08470635344104278	-0.09269720496581335	0.03822907731280337	-0.03824389155792154	0.060197598346328235	-0.15613125548569753	0.11293068851706452	-0.08704309517232059	0.08620908129087579	-0.08093815142370961	0.17066465242922	-0.14659558082520108	0.13922751449175433	-0.11372052444617049	0.11167739650525009	-0.8710873279956799	0.9999999999999962	-0.3001743899242033	0.1440720604075739	-0.08609340376052826	0.1466263767320759	-0.17152612064836248	0.07378570409947449	-0.06570208514472323	0.10849925989029524
-0.10008355371681554	0.0951486749875379	-0.055797017363420125	0.05424820504852243	-0.10416099058084295	0.07208225836630248	-0.08097594883460656	0.0802031384613586	-0.05960740446730511	0.04768280615392488	-0.10197847902234626	0.0969874062700314	-0.10355385699561129	0.0688088238578088	-0.06980051051876247	0.16021182263789963	-0.17705842738290162	0.11148607524037626	-0.0988133224358902	0.14190244623568038	-0.13145644784851787	0.14479204572450557	-0.07658765529088168	0.07616447189314096	-0.13743090187294085	0.15342126217229912	-0.17593754579094437	0.18005553143174077	-0.19459210398759874	0.18686535519673114	-0.17089043236680102	0.19470867198213912	-0.35587703822053285	0.29424434477295497	-0.302770013500651	0.21821516716923503	-0.3001743899242033	0.9999999999999959	-0.5898092481365556	0.2507846799919176	-0.08791875512089231	0.08146532524096951	-0.19777962650053696	0.1657640010016354	-0.3352931113200712
0.07402133915595518	-0.07346971610222328	0.04231782507249125	-0.04145215285288318	0.07778905490694356	-0.05429074041540089	0.06107842816251913	-0.061785026406859476	0.04572050847696178	-0.03710921891264441	0.0757934021630777	-0.07355144106268122	0.07859713489069732	-0.05401905619527929	0.05412369325667269	-0.12916080377299544	0.12794237106957343	-0.09319897668717375	0.08013311193570889	-0.12613897160503953	0.09833307991981659	-0.11404533529577154	0.06048104759278527	-0.06165906732684699	0.11499588327084659	-0.11782648003409942	0.1289255636160929	-0.15182571259489488	0.14682567842081823	-0.17604608349763326	0.1189968590240526	-0.1582722121772754	0.2539203235007915	-0.5291250075041093	0.2665996824267812	-0.15486270871478292	0.1440720604075739	-0.5898092481365556	0.9999999999999964	-0.40082953353744766	0.05374650820538847	-0.052122450036905514	0.1575767759749221	-0.17851782832415067	0.2750175697032795
-0.05884864278820351	0.05917337950440544	-0.034016688997278645	0.03338046721847399	-0.062350729243212916	0.04330157334713558	-0.048987574111826214	0.04995851123292643	-0.037381933058125635	0.030482448610166513	-0.060099345704720294	0.05890128956939431	-0.06361645776675515	0.044518223494403625	-0.04456835172261212	0.10016681371263153	-0.10012986077662797	0.07848955652104019	-0.06768094642633492	0.11010777401021771	-0.07319431878214211	0.0850107323867919	-0.04811269073885302	0.04929893658213363	-0.10345913176743898	0.08332376531456148	-0.09258400884690739	0.11432421071368863	-0.11450281086158047	0.1622842862801522	-0.08252605777060096	0.1080894886280613	-0.16835086939226931	0.2262331561181439	-0.3317318415174543	0.09314143809125154	-0.08609340376052826	0.2507846799919176	-0.40082953353744766	0.9999999999999961	-0.03777340248099381	0.036171800860910555	-0.14247341172003153	0.14162351502559378	-0.787354752555506
0.021182964301089603	-0.020544493106467384	0.011910121387956286	-0.011624028605655087	0.022146616772315834	-0.015411876088034154	0.01710714016931808	-0.01701271017356094	0.012282905151228509	-0.009862298929412426	0.02173536928790069	-0.02059633279841795	0.021526844586570337	-0.014211833266542857	0.01429176141074921	-0.03934687388622464	0.03713609307572363	-0.0230651850818957	0.01984136948582898	-0.02840305846157318	0.03219159225476201	-0.0356845603915031	0.015633248718959682	-0.01575917107867221	0.025477744151367675	-0.051449686879987314	0.04058679023361716	-0.03503498827668643	0.03454552794938323	-0.03447014837687115	0.05341961806170919	-0.048670097333335875	0.051616517283882314	-0.04506844906883656	0.04547643185641728	-0.1584962295040796	0.1466263767320759	-0.08791875512089231	0.05374650820538847	-0.03777340248099381	0.9999999999999964	-0.9675282991921379	0.07422211626505223	-0.0714719317791997	0.04674420859452003
-0.019996301702128832	0.0192998708256124	-0.011217392079272132	0.010938073609193518	-0.02089509022894135	0.014512645198785416	-0.016127442038946088	0.01601103527680385	-0.011595596677255019	0.009299692311108556	-0.020489962908003402	0.019397072542262472	-0.020316513259624032	0.013394358504751536	-0.013490090563471151	0.0363334491583158	-0.03511721732101616	0.021652334196412697	-0.018701590942186846	0.026650360943170102	-0.02993562460766115	0.03300448499266787	-0.0146949802232783	0.014774409166851247	-0.024114674098645858	0.04639608129443333	-0.038052571011983026	0.03288234012276605	-0.03284240025494329	0.03249305921510341	-0.04962105028236581	0.04509295770909921	-0.04941261718326113	0.042641246296822734	-0.0437004572646496	0.13807669526972305	-0.17152612064836248	0.08146532524096951	-0.052122450036905514	0.036171800860910555	-0.9675282991921379	0.9999999999999973	-0.07951199576295784	0.06803757385890061	-0.045547169788128346
0.04266341361314177	-0.042963782785483275	0.024792120142819903	-0.02432455813227514	0.04603778564014141	-0.031201928955201998	0.03500945881950231	-0.03552314320364769	0.02603526477563574	-0.021174365776377012	0.043277622179753956	-0.04186688714220331	0.04464045446052891	-0.03067102835153049	0.030631499624977097	-0.07372878641335598	0.0711150594443963	-0.052740207414663884	0.044588882019709654	-0.06963690283408079	0.05277882380986344	-0.0610749776722898	0.032090696356073395	-0.03289232653703147	0.06043318409810475	-0.06203547905849613	0.06453455469673476	-0.07470761814674445	0.07245465076829277	-0.08811178308954429	0.06057442745269556	-0.07496899301166775	0.10439988747750353	-0.12193596321213974	0.11544827756302234	-0.08191280386635011	0.07378570409947449	-0.19777962650053696	0.1575767759749221	-0.14247341172003153	0.07422211626505223	-0.07951199576295784	0.9999999999999971	-0.9336681670118661	0.16473865174228353
