1.0	-0.6096565290383911	0.255904130529117	-0.0921190520721388	0.10210486749679136	-0.6071010514907216	0.2724576672993753	-0.21392363022295427	0.11906763825435601	-0.10552756690478912	0.2435074654252952	-0.21863584634178687	0.1897104884092301	-0.12917894399304183	0.09613319835829387	-0.24274831608192368	0.17226204003681808	-0.18136546225480724	0.0981965335934538	-0.06931002558181569	0.10266687731015883	-0.10889186278622805	0.09831610962736768	-0.0835585718878968	0.08416206645032856	-0.08120455299080342	0.0887241722343948	-0.0732378252126511	0.07483356896734286	-0.0623415469015395	0.03413518210837535	-0.033447262390850406	0.06071058114753558	-0.0640374215689501	0.051236010722394	-0.03206213515572922	0.04328017962812156	-0.04674065890922376	0.04410178150617353	-0.05067256405979484	0.023637993184980017	-0.037517940308462144	0.05188075149151116	-0.05016228929870196	0.06520024654349926
-0.6096565290383911	1.0	-0.5023606902489672	0.09928298067173677	-0.10830077510368873	0.28832732269514516	-0.44989210069364394	0.26493495712834675	-0.13415916093715574	0.10857038027569456	-0.21068184359106412	0.21895962220880913	-0.213688651138808	0.12982649123991863	-0.09925417668276311	0.18881488402651542	-0.16817837772424712	0.16857295649685	-0.08984562751080917	0.0631767748749424	-0.08729815440042578	0.09281827506404251	-0.08679992181559086	0.07376924520476369	-0.07567494124488251	0.06808506230962963	-0.07693558942576954	0.06340158137435795	-0.06555841408215038	0.054425820514592	-0.02924230955914434	0.02853658190949572	-0.052836824757465296	0.055561608048230106	-0.0446977045477968	0.02758776997594673	-0.03740915328224613	0.04041542250585907	-0.03821324130123835	0.04388268067627987	-0.020378420030207258	0.03231711591430171	-0.044942081579958014	0.04333498398265004	-0.05657575709487995
0.255904130529117	-0.5023606902489672	1.0000000000000004	-0.158130034416419	0.14625371973767265	-0.28247407138402103	0.3037367240378673	-0.6273244837861122	0.19387842385057974	-0.161808794942557	0.20323469167292463	-0.2430362967190832	0.2565288737171436	-0.18445504700552104	0.13229840577765303	-0.23310518599865399	0.18935820804794448	-0.22588416446369045	0.11311181186951191	-0.08118021650742596	0.10448974162313071	-0.11417355918442203	0.10724655269914896	-0.09321569397868126	0.09486275252086815	-0.08359749908996603	0.09235376813019447	-0.08046556462280641	0.08258303819216803	-0.0694999864084692	0.03599738994295035	-0.03530167702655712	0.06647961651468116	-0.07077721646206654	0.056740134250556705	-0.0350562423799009	0.047194667396440716	-0.05123478485190768	0.048573589659730416	-0.056088676698970656	0.02583567237710518	-0.04104908045719824	0.05682713923656303	-0.055308975758423265	0.07183488253747472
-0.0921190520721388	0.09928298067173677	-0.158130034416419	1.0000000000000004	-0.6806542299405995	0.09794826683586912	-0.1282757529798016	0.16368577376438936	-0.6183718500949421	0.27790720202903	-0.09292338195705378	0.10597983275701423	-0.1376302182614347	0.20644693382315718	-0.18202203568897646	0.1045523100606322	-0.09968153386073729	0.10955290738912798	-0.08078123479486846	0.060794510490078786	-0.05373989462923334	0.05954584540874946	-0.0636155264962735	0.05865280970627091	-0.06530057477268945	0.04288968424486195	-0.04968256302439794	0.04765352791744448	-0.051162996981607686	0.04365648189826017	-0.019784544939816448	0.019303356266529407	-0.039887791348503746	0.043115136004630045	-0.03527988550571067	0.020686980301536116	-0.02794865693949623	0.030566743548898795	-0.029401127957210844	0.03431598992275908	-0.015294389569180764	0.024297490205251914	-0.03407192339049511	0.03333783918488183	-0.043974733442711175
0.10210486749679136	-0.10830077510368873	0.14625371973767265	-0.6806542299405995	1.0000000000000009	-0.11631035275716758	0.13302176082129757	-0.15958948762685146	0.32450201796280426	-0.504210182637309	0.11054302734236898	-0.12522112332781843	0.15582123242996643	-0.30922638685766146	0.23504742223216918	-0.13476641128426575	0.12159116857397274	-0.13965645131529134	0.10714908520084294	-0.08287205822418628	0.0692032762451072	-0.07740109604778742	0.08364976507858471	-0.07868447049197258	0.08673861271819351	-0.055841795825466806	0.06426720077329935	-0.06422050431117013	0.06871625252576259	-0.05939847852672964	0.026067778906025667	-0.02548088414714707	0.05353560052722109	-0.05846979198234742	0.04774151594473705	-0.028012747593224595	0.037640370883263476	-0.04130033882111254	0.03983267150821844	-0.046745054067413444	0.020678137798874306	-0.032892671998516476	0.045985390485136377	-0.04531210187086578	0.05961469520440247
-0.6071010514907216	0.28832732269514516	-0.28247407138402103	0.09794826683586912	-0.11631035275716758	1.0000000000000016	-0.3755383931235313	0.21586731911417759	-0.13312734836438894	0.1117889118802735	-0.4991609416934213	0.2603531903390863	-0.23499883738030458	0.13837710403134074	-0.10860456193290811	0.25714810648435604	-0.2144448125079321	0.1929801208451219	-0.1101183208947576	0.07615222472059206	-0.11911106481772193	0.11958787039028802	-0.11057356331047319	0.09147233854721674	-0.09399566320706314	0.08926721536967691	-0.10250780191029861	0.0787695402441184	-0.08188449838494444	0.06698540097677708	-0.037996814321904264	0.036864750565548624	-0.06630077086011922	0.06870802297001752	-0.05541743929491379	0.03434725935248536	-0.04693872803992998	0.05036951800438819	-0.04742540589003419	0.05411029069403005	-0.025431057403036493	0.04024024513267302	-0.05617432220659088	0.05356218988154752	-0.0703091979111712
0.2724576672993753	-0.44989210069364394	0.3037367240378673	-0.1282757529798016	0.13302176082129757	-0.3755383931235313	1.0000000000000024	-0.4549280882754561	0.16903668048848486	-0.14371364371617473	0.26640617663632077	-0.4963662288368047	0.2875242805104775	-0.17679174512955032	0.1275420168528781	-0.26232912683380105	0.2212025688716288	-0.24088512648183444	0.11608429165761572	-0.08244145375232137	0.11455586666350011	-0.12393013437365136	0.11264437356273801	-0.09654425102018793	0.0973434235547395	-0.09029655598211848	0.0997414935077878	-0.08309233164619836	0.08491464917375705	-0.07095463549559637	0.03814389742163385	-0.03736233838121472	0.06859203813507997	-0.07251704661377079	0.058017127613588425	-0.03602770285195832	0.048652484381026664	-0.052675312098395335	0.049764818141823396	-0.057179294334559504	0.026561535903729824	-0.04217569279935507	0.05836352253978498	-0.056588209960636494	0.07325280267537476
-0.21392363022295427	0.26493495712834675	-0.6273244837861122	0.16368577376438936	-0.15958948762685146	0.21586731911417759	-0.4549280882754561	1.0000000000000033	-0.29190983457088937	0.16673315982557546	-0.19394934236663683	0.2539849295165704	-0.41353745451831553	0.1887598806008848	-0.14366308078493867	0.19220651394729812	-0.19000302525560625	0.210361310553982	-0.10480300130193633	0.07451127647037364	-0.09103526822455536	0.09922287150454244	-0.0954508243666816	0.08268644463189388	-0.0857928537716707	0.07152095275929413	-0.08115649346536473	0.06956326315043146	-0.07221008155504137	0.060417270522030844	-0.031074101574881753	0.030357183834076647	-0.05772621673599113	0.061156294295767834	-0.049275427871275625	0.030029294184535302	-0.04065733229017528	0.04412653469132718	-0.04187815896326124	0.04823727768548122	-0.0221743583264839	0.03519844310798702	-0.04898877109907203	0.04751451443202459	-0.06185828159955285
0.11906763825435601	-0.13415916093715574	0.19387842385057974	-0.6183718500949421	0.32450201796280426	-0.13312734836438894	0.16903668048848486	-0.29190983457088937	1.0000000000000038	-0.4831160699216127	0.12363790883453143	-0.1480370811054358	0.18821955507222998	-0.3510685148125283	0.24522998373118807	-0.1430836234557028	0.13248253220491216	-0.15272595193744046	0.1081609888712213	-0.0826385016927072	0.07195252183829674	-0.0800777830384927	0.08448019747049074	-0.07875737811062841	0.08638174670491496	-0.05763077523052069	0.06611557206647736	-0.06377607135791813	0.06795119340096373	-0.05838234717298048	0.026386781981900587	-0.025787116300730384	0.05304191830620501	-0.05760273665019777	0.04694859463499978	-0.027623247514061443	0.03721307756699498	-0.0407664717455518	0.039204485314837945	-0.04580205883910124	0.02039534747047308	-0.032430420119611336	0.045322653427304155	-0.04454396210513853	0.05836956379805279
-0.10552756690478912	0.10857038027569456	-0.161808794942557	0.27790720202903	-0.504210182637309	0.1117889118802735	-0.14371364371617473	0.16673315982557546	-0.4831160699216127	1.000000000000002	-0.11089525421996263	0.12494590650782827	-0.17074581282622275	0.306052452899415	-0.5668820961693947	0.12381516411805313	-0.12311300512328845	0.13295607453767863	-0.11638981795405849	0.09273305793622655	-0.06627547891940336	0.07382162559456842	-0.08258974071412038	0.0785308082247466	-0.09391918885726305	0.05273893819101564	-0.061925619846853554	0.06110105505493141	-0.0669598010148881	0.05745063832422093	-0.024741544797291917	0.024104130853738834	-0.051264768913071496	0.05574399024395517	-0.04612830435023771	0.026283302055060787	-0.03561880680772279	0.03908536585297668	-0.03780899187100342	0.04424523149779763	-0.019457494351239855	0.03091208884476844	-0.043570518520665506	0.04274487401677733	-0.05657068670562865
0.2435074654252952	-0.21068184359106412	0.20323469167292463	-0.09292338195705378	0.11054302734236898	-0.4991609416934213	0.26640617663632077	-0.19394934236663683	0.12363790883453143	-0.11089525421996263	1.0000000000000036	-0.4759711581553082	0.24885377380399887	-0.14647639014678893	0.1091303917616799	-0.5497532777136679	0.2458883675430365	-0.23619704410624084	0.12089386654271589	-0.08470941175209265	0.16329291832583406	-0.16019935623562787	0.12889890372131035	-0.1065629482669335	0.10393174588088204	-0.12260213230192368	0.12756051784223346	-0.0926482159217074	0.0929089460175449	-0.07649786644542587	0.047098053856306776	-0.0461267473716043	0.07616204783731682	-0.0792186872716895	0.06284724198021038	-0.04012169259277186	0.05445822884790274	-0.05836554359232612	0.05447589756120171	-0.06180356287453883	0.02955682776423619	-0.046871970074436255	0.06439243087159666	-0.06185959680084485	0.0791521202042122
-0.21863584634178687	0.21895962220880913	-0.2430362967190832	0.10597983275701423	-0.12522112332781843	0.2603531903390863	-0.4963662288368047	0.2539849295165704	-0.1480370811054358	0.12494590650782827	-0.4759711581553082	1.000000000000004	-0.5179752164044011	0.17220593253868505	-0.13085833157388144	0.2688506539780758	-0.336226539507489	0.26646358921591146	-0.11900653797982046	0.08274813065825623	-0.12337008152901063	0.13121887031219845	-0.11651603579949311	0.09737370955552234	-0.09806041867396223	0.09301483824849184	-0.10596615691390687	0.08224178212047384	-0.08416346833510015	0.06949396616115491	-0.03889121792789982	0.03789627697242669	-0.06801954784297086	0.07104650937541537	-0.05686938214397569	0.03523554381113206	-0.04793620898781869	0.05172382825787593	-0.04869001079058096	0.05553849536881657	-0.02602204481898949	0.041262126321267543	-0.05726659970239234	0.05515387202739791	-0.07120010989542744
0.1897104884092301	-0.213688651138808	0.2565288737171436	-0.1376302182614347	0.15582123242996643	-0.23499883738030458	0.2875242805104775	-0.41353745451831553	0.18821955507222998	-0.17074581282622275	0.24885377380399887	-0.5179752164044011	1.0000000000000033	-0.30932615070212466	0.18015337451767593	-0.27293007775475825	0.2810311181545654	-0.4689327705454027	0.14510418602990804	-0.10280552981867233	0.12511586747709927	-0.13966000527333475	0.1322363373356266	-0.11478022304859263	0.11518859697412143	-0.09865032588176681	0.11052824408240072	-0.09526533505540677	0.09721363718617403	-0.08158936018829503	0.042142489617918236	-0.04128126103904246	0.07794422227332078	-0.08269061210160086	0.06611863857308929	-0.04046219875417727	0.0546862065006909	-0.05952424874015383	0.05636899130729804	-0.06475901044006788	0.029834013953967092	-0.047410994454233704	0.06573503744169171	-0.06405963796470868	0.082338984670727
-0.12917894399304183	0.12982649123991863	-0.18445504700552104	0.20644693382315718	-0.30922638685766146	0.13837710403134074	-0.17679174512955032	0.1887598806008848	-0.3510685148125283	0.306052452899415	-0.14647639014678893	0.17220593253868505	-0.30932615070212466	1.000000000000003	-0.6992337188680745	0.15809613581726234	-0.16688867758219383	0.18287043901974395	-0.18526560889713412	0.1311173713801034	-0.08625324206073565	0.0965871592465677	-0.11058025221405109	0.10833329566204349	-0.12767269376513807	0.06823050112976352	-0.08064093575680112	0.08035971770881414	-0.08860622879747482	0.07611233240429284	-0.032051640534376674	0.03121089650244224	-0.06713071287718364	0.07326459996710649	-0.06061785997483837	0.03408460728487428	-0.0462712479219319	0.050937672597771544	-0.04937418881786552	0.05771133121292757	-0.025237161406129967	0.04011472980525397	-0.056617404971698065	0.05575594212727118	-0.07328007751276398
0.09613319835829387	-0.09925417668276311	0.13229840577765303	-0.18202203568897646	0.23504742223216918	-0.10860456193290811	0.1275420168528781	-0.14366308078493867	0.24522998373118807	-0.5668820961693947	0.1091303917616799	-0.13085833157388144	0.18015337451767593	-0.6992337188680745	1.0000000000000009	-0.12905915999193626	0.1242822130458156	-0.1468152669864245	0.13967449852656247	-0.13217996070287513	0.06870484129758908	-0.07783487946450042	0.08857804655576612	-0.09025845667541041	0.1091016711111946	-0.05508021829096499	0.06410837163214587	-0.06664860597555305	0.07284666863478167	-0.06445813471065667	0.02597025296749846	-0.025367480400292727	0.05507103125746114	-0.061171266730110196	0.05054692192448698	-0.028303596737638204	0.03814124069205711	-0.04219580569635026	0.04105067220150716	-0.048370450451135326	0.02090081502182474	-0.033293048825106884	0.04671315323119117	-0.04657326913891435	0.06069235166940625
-0.24274831608192368	0.18881488402651542	-0.23310518599865399	0.1045523100606322	-0.13476641128426575	0.25714810648435604	-0.26232912683380105	0.19220651394729812	-0.1430836234557028	0.12381516411805313	-0.5497532777136679	0.2688506539780758	-0.27293007775475825	0.15809613581726234	-0.12905915999193626	1.0000000000000016	-0.3993143892151843	0.25843667851499946	-0.16641223152166695	0.1125549226703607	-0.36822878340116466	0.24074410782645897	-0.1954351841450728	0.14785796205636464	-0.14637621515811222	0.19476274407243213	-0.22372861876048217	0.1271922203736717	-0.12993587426686237	0.10294864127788302	-0.07497250554110245	0.07128065809932665	-0.10768761013451822	0.10734905103897727	-0.0858644724472242	0.05535883191815477	-0.0770127019753146	0.08078053596252319	-0.07445554395592387	0.08290004912741816	-0.04105892391005716	0.06467446447628702	-0.08970086850067506	0.08353133281059005	-0.10793307959434734
0.17226204003681808	-0.16817837772424712	0.18935820804794448	-0.09968153386073729	0.12159116857397274	-0.2144448125079321	0.2212025688716288	-0.19000302525560625	0.13248253220491216	-0.12311300512328845	0.2458883675430365	-0.336226539507489	0.2810311181545654	-0.16688867758219383	0.1242822130458156	-0.3993143892151843	1.0000000000000027	-0.6756265102390128	0.17087929000320246	-0.11985941161234051	0.1929437170653409	-0.2696926156660684	0.18364879356953887	-0.15263384663031157	0.13984737252042864	-0.15043491208497112	0.16826600483776014	-0.12829942005282138	0.12455353039753728	-0.10338772726100755	0.05990004980700374	-0.05901436550922929	0.10207120502419618	-0.10692161337254037	0.08366109933635148	-0.05301890377228185	0.0716333411371163	-0.07776241548552405	0.07262424952290236	-0.08220356036637784	0.0389697163729167	-0.0619830841656525	0.08491772161394745	-0.08271468725101669	0.10336040625858703
-0.18136546225480724	0.16857295649685	-0.22588416446369045	0.10955290738912798	-0.13965645131529134	0.1929801208451219	-0.24088512648183444	0.210361310553982	-0.15272595193744046	0.13295607453767863	-0.23619704410624084	0.26646358921591146	-0.4689327705454027	0.18287043901974395	-0.1468152669864245	0.25843667851499946	-0.6756265102390128	1.0000000000000002	-0.2153753961955444	0.13108433715444978	-0.1565439789710608	0.18204432471227244	-0.19388980101994413	0.15176214402066227	-0.15122894149537325	0.11813940883448772	-0.1452624429193934	0.11957984960892683	-0.1231967106739452	0.10019524866207398	-0.051912401742054554	0.050395328008213766	-0.0983862432945965	0.10150700707651963	-0.08137553110246488	0.0487469912117338	-0.06694100503932683	0.07288416770682213	-0.06883228122250773	0.07799827604821472	-0.03612093387804503	0.05726728042001103	-0.08046892488531505	0.07749559164446666	-0.09936083831282372
0.0981965335934538	-0.08984562751080917	0.11311181186951191	-0.08078123479486846	0.10714908520084294	-0.1101183208947576	0.11608429165761572	-0.10480300130193633	0.1081609888712213	-0.11638981795405849	0.12089386654271589	-0.11900653797982046	0.14510418602990804	-0.18526560889713412	0.13967449852656247	-0.16641223152166695	0.17087929000320246	-0.2153753961955444	1.0000000000000016	-0.6568480507791691	0.12134689760691522	-0.154984571854261	0.232332873957127	-0.3993397923439574	0.3254992261567175	-0.09961804003052607	0.12094274599469726	-0.18230151194899594	0.20378694168673347	-0.19582879051375232	0.05382216775839616	-0.05279776158109872	0.1411277742204456	-0.17316647952577233	0.13863617172882958	-0.07079153368835975	0.09405354334624273	-0.10877460418737331	0.10924451060674945	-0.13107018705398926	0.0519557153473995	-0.0836604037208612	0.11694186323283781	-0.12509286670119502	0.15132144903449823
-0.06931002558181569	0.0631767748749424	-0.08118021650742596	0.060794510490078786	-0.08287205822418628	0.07615222472059206	-0.08244145375232137	0.07451127647037364	-0.0826385016927072	0.09273305793622655	-0.08470941175209265	0.08274813065825623	-0.10280552981867233	0.1311173713801034	-0.13217996070287513	0.1125549226703607	-0.11985941161234051	0.13108433715444978	-0.6568480507791691	1.0000000000000022	-0.086911375851204	0.10766266441211451	-0.18147728501934388	0.2487218892227729	-0.6376640813123876	0.06976492932252394	-0.08738204590457795	0.12694781298143568	-0.1618726418231582	0.1587447782764164	-0.03827315563720329	0.03731416998777399	-0.10326172520386591	0.12526746533065625	-0.11612999267608493	0.0496280572813703	-0.06735459904395703	0.07748958818011294	-0.07960791157842223	0.0973532993911957	-0.03672146721490266	0.058883809039620455	-0.08436543054365067	0.08879029857353969	-0.1164603058173185
0.10266687731015883	-0.08729815440042578	0.10448974162313071	-0.05373989462923334	0.0692032762451072	-0.11911106481772193	0.11455586666350011	-0.09103526822455536	0.07195252183829674	-0.06627547891940336	0.16329291832583406	-0.12337008152901063	0.12511586747709927	-0.08625324206073565	0.06870484129758908	-0.36822878340116466	0.1929437170653409	-0.1565439789710608	0.12134689760691522	-0.086911375851204	1.0000000000000033	-0.5924197089385129	0.19955354513483534	-0.14986883711600374	0.11389712728902487	-0.562023168564233	0.3188745038626754	-0.12948604071713496	0.11175595527110775	-0.08904194634470317	0.10648732759040942	-0.10611254704506091	0.09797791471208897	-0.09743807947375978	0.07246484553495819	-0.054284402383406836	0.07423159963368926	-0.0761952485147728	0.06655298887311636	-0.07118585339017479	0.0393568034308057	-0.06249480537918663	0.08007132470648194	-0.07590303300748327	0.08749754139905255
-0.10889186278622805	0.09281827506404251	-0.11417355918442203	0.05954584540874946	-0.07740109604778742	0.11958787039028802	-0.12393013437365136	0.09922287150454244	-0.0800777830384927	0.07382162559456842	-0.16019935623562787	0.13121887031219845	-0.13966000527333475	0.0965871592465677	-0.07783487946450042	0.24074410782645897	-0.2696926156660684	0.18204432471227244	-0.154984571854261	0.10766266441211451	-0.5924197089385129	1.000000000000001	-0.3819825083048053	0.1928069502251585	-0.1472224253663659	0.2976903743991636	-0.49125586974864227	0.15830898982571023	-0.14012238960252682	0.10628980290953191	-0.10292359875376832	0.09905737401417716	-0.1225470362158035	0.11562009742546935	-0.0867977845193676	0.06030806619295502	-0.08441142549132681	0.08846558694780093	-0.07838592570459059	0.08325748109793252	-0.04431403537824628	0.07007724405816373	-0.09400415228130968	0.08813715148536751	-0.10304533474048662
0.09831610962736768	-0.08679992181559086	0.10724655269914896	-0.0636155264962735	0.08364976507858471	-0.11057356331047319	0.11264437356273801	-0.0954508243666816	0.08448019747049074	-0.08258974071412038	0.12889890372131035	-0.11651603579949311	0.1322363373356266	-0.11058025221405109	0.08857804655576612	-0.1954351841450728	0.18364879356953887	-0.19388980101994413	0.232332873957127	-0.18147728501934388	0.19955354513483534	-0.3819825083048053	1.0000000000000033	-0.5947227936770323	0.2353700029641229	-0.15770619424896967	0.19289765553794944	-0.3907884823148607	0.2414056602387297	-0.18349193315745868	0.07524700926480486	-0.07439208925510346	0.21502580553562584	-0.2054340204664589	0.14223463202640438	-0.08755929481490402	0.12075048754709274	-0.14387748080463705	0.1292904852576931	-0.13614125386474477	0.06446563346359734	-0.10375277209925375	0.1459573295582598	-0.14637763543425192	0.15878176008394035
-0.0835585718878968	0.07376924520476369	-0.09321569397868126	0.05865280970627091	-0.07868447049197258	0.09147233854721674	-0.09654425102018793	0.08268644463189388	-0.07875737811062841	0.0785308082247466	-0.1065629482669335	0.09737370955552234	-0.11478022304859263	0.10833329566204349	-0.09025845667541041	0.14785796205636464	-0.15263384663031157	0.15176214402066227	-0.3993397923439574	0.2487218892227729	-0.14986883711600374	0.1928069502251585	-0.5947227936770323	1.0000000000000038	-0.4347830992865865	0.1128752089577016	-0.15060272307899297	0.2244002929594289	-0.36252352540429406	0.20034893425172637	-0.06066629012075104	0.05887719522216776	-0.1795203488096767	0.20274210060538028	-0.15218202631892058	0.07466212325295733	-0.1047743539658058	0.12167314888741533	-0.12235362320003118	0.13187911091902454	-0.05564805895405929	0.08904290783024406	-0.13041429195989954	0.13356227986064675	-0.15587038346524398
0.08416206645032856	-0.07567494124488251	0.09486275252086815	-0.06530057477268945	0.08673861271819351	-0.09399566320706314	0.0973434235547395	-0.0857928537716707	0.08638174670491496	-0.09391918885726305	0.10393174588088204	-0.09806041867396223	0.11518859697412143	-0.12767269376513807	0.1091016711111946	-0.14637621515811222	0.13984737252042864	-0.15122894149537325	0.3254992261567175	-0.6376640813123876	0.11389712728902487	-0.1472224253663659	0.2353700029641229	-0.4347830992865865	1.0000000000000022	-0.09371815680365317	0.11496119129010356	-0.1864368251772157	0.22506041942731336	-0.2894239678573453	0.05269056727249503	-0.051656022236671005	0.14560645470089112	-0.18803575474242162	0.1719125933803477	-0.07216339615482695	0.0963184900959206	-0.1124902948976995	0.1167507726666738	-0.1479275923514861	0.053052053893475504	-0.08554702121067378	0.12073675946506021	-0.13197911096435394	0.16629281189632408
-0.08120455299080342	0.06808506230962963	-0.08359749908996603	0.04288968424486195	-0.055841795825466806	0.08926721536967691	-0.09029655598211848	0.07152095275929413	-0.05763077523052069	0.05273893819101564	-0.12260213230192368	0.09301483824849184	-0.09865032588176681	0.06823050112976352	-0.05508021829096499	0.19476274407243213	-0.15043491208497112	0.11813940883448772	-0.09961804003052607	0.06976492932252394	-0.562023168564233	0.2976903743991636	-0.15770619424896967	0.1128752089577016	-0.09371815680365317	1.0000000000000024	-0.7013384242252847	0.10383178540408501	-0.0928722364398541	0.07280634691659402	-0.1889492560802341	0.15503631551178812	-0.08483969798917808	0.08086394266466908	-0.06040739176753753	0.053497859126924556	-0.07548098241271659	0.0698682525343063	-0.05750766251930981	0.059379471590315536	-0.038609227833686074	0.06042333102514831	-0.07271979654748009	0.06526803497424002	-0.07371230183350751
0.0887241722343948	-0.07693558942576954	0.09235376813019447	-0.04968256302439794	0.06426720077329935	-0.10250780191029861	0.0997414935077878	-0.08115649346536473	0.06611557206647736	-0.061925619846853554	0.12756051784223346	-0.10596615691390687	0.11052824408240072	-0.08064093575680112	0.06410837163214587	-0.22372861876048217	0.16826600483776014	-0.1452624429193934	0.12094274599469726	-0.08738204590457795	0.3188745038626754	-0.49125586974864227	0.19289765553794944	-0.15060272307899297	0.11496119129010356	-0.7013384242252847	1.0000000000000018	-0.13823373006804063	0.11702058460862674	-0.09415470810874647	0.16027145613231988	-0.18440098270859429	0.10590973552940938	-0.10499722992737147	0.07691317944509025	-0.06606212956328958	0.09013201553247172	-0.0875598281612448	0.07313095266696193	-0.07657088538670734	0.04721841859346508	-0.07509592592561311	0.09003147635663553	-0.08401662173762105	0.0931467615225488
-0.0732378252126511	0.06340158137435795	-0.08046556462280641	0.04765352791744448	-0.06422050431117013	0.0787695402441184	-0.08309233164619836	0.06956326315043146	-0.06377607135791813	0.06110105505493141	-0.0926482159217074	0.08224178212047384	-0.09526533505540677	0.08035971770881414	-0.06664860597555305	0.1271922203736717	-0.12829942005282138	0.11957984960892683	-0.18230151194899594	0.12694781298143568	-0.12948604071713496	0.15830898982571023	-0.3907884823148607	0.2244002929594289	-0.1864368251772157	0.10383178540408501	-0.13823373006804063	1.0000000000000013	-0.31028194093062494	0.17940179036085954	-0.0847026601006484	0.08151484898155492	-0.6889636523280088	0.24686620162754352	-0.16372113676314784	0.12190579353942792	-0.20429570647286383	0.24284781870954728	-0.18088683169318903	0.15178885242667242	-0.09508250746863942	0.14887046230400414	-0.24632940766364161	0.18467533966250374	-0.18886892911910308
0.07483356896734286	-0.06555841408215038	0.08258303819216803	-0.051162996981607686	0.06871625252576259	-0.08188449838494444	0.08491464917375705	-0.07221008155504137	0.06795119340096373	-0.0669598010148881	0.0929089460175449	-0.08416346833510015	0.09721363718617403	-0.08860622879747482	0.07284666863478167	-0.12993587426686237	0.12455353039753728	-0.1231967106739452	0.20378694168673347	-0.1618726418231582	0.11175595527110775	-0.14012238960252682	0.2414056602387297	-0.36252352540429406	0.22506041942731336	-0.0928722364398541	0.11702058460862674	-0.31028194093062494	1.0000000000000004	-0.4346065879835123	0.06557904851790479	-0.0642722042275734	0.23887544719000556	-0.5736045824779679	0.2684797336188643	-0.11079268071859233	0.1490726165184359	-0.18851518587760382	0.2278662552171889	-0.22701551440993514	0.08134778121589009	-0.13350785213612745	0.19240657444608433	-0.2542997795883695	0.23420807068755126
-0.0623415469015395	0.054425820514592	-0.0694999864084692	0.04365648189826017	-0.05939847852672964	0.06698540097677708	-0.07095463549559637	0.060417270522030844	-0.05838234717298048	0.05745063832422093	-0.07649786644542587	0.06949396616115491	-0.08158936018829503	0.07611233240429284	-0.06445813471065667	0.10294864127788302	-0.10338772726100755	0.10019524866207398	-0.19582879051375232	0.1587447782764164	-0.08904194634470317	0.10628980290953191	-0.18349193315745868	0.20034893425172637	-0.2894239678573453	0.07280634691659402	-0.09415470810874647	0.17940179036085954	-0.4346065879835123	0.9999999999999999	-0.05133778890484418	0.04963964473996077	-0.1718808184516317	0.27588890204242905	-0.6718396938313886	0.08159188458423682	-0.114499552265109	0.1350686510777521	-0.17311253040684565	0.2709030046205593	-0.06141121542746579	0.09850644730409536	-0.15139872734377496	0.17234843799455687	-0.33731244831246987
0.03413518210837535	-0.02924230955914434	0.03599738994295035	-0.019784544939816448	0.026067778906025667	-0.037996814321904264	0.03814389742163385	-0.031074101574881753	0.026386781981900587	-0.024741544797291917	0.047098053856306776	-0.03889121792789982	0.042142489617918236	-0.032051640534376674	0.02597025296749846	-0.07497250554110245	0.05990004980700374	-0.051912401742054554	0.05382216775839616	-0.03827315563720329	0.10648732759040942	-0.10292359875376832	0.07524700926480486	-0.06066629012075104	0.05269056727249503	-0.1889492560802341	0.16027145613231988	-0.0847026601006484	0.06557904851790479	-0.05133778890484418	1.000000000000003	-0.9372862165337545	0.08217828032561555	-0.06755491454153395	0.045418501262313796	-0.10347102271618026	0.14454798538227506	-0.10171391148493496	0.05814263575919916	-0.0475569572562554	0.06852605780632944	-0.10765893593500271	0.08872729406513549	-0.06733248481916693	0.05625674019315866
-0.033447262390850406	0.02853658190949572	-0.03530167702655712	0.019303356266529407	-0.02548088414714707	0.036864750565548624	-0.03736233838121472	0.030357183834076647	-0.025787116300730384	0.024104130853738834	-0.0461267473716043	0.03789627697242669	-0.04128126103904246	0.03121089650244224	-0.025367480400292727	0.07128065809932665	-0.05901436550922929	0.050395328008213766	-0.05279776158109872	0.03731416998777399	-0.10611254704506091	0.09905737401417716	-0.07439208925510346	0.05887719522216776	-0.051656022236671005	0.15503631551178812	-0.18440098270859429	0.08151484898155492	-0.0642722042275734	0.04963964473996077	-0.9372862165337545	1.0000000000000022	-0.08456491830611942	0.06528614827273714	-0.04423336858340706	0.09455874101678458	-0.17431904120355085	0.09962160267546445	-0.057171035824153144	0.04598866386577553	-0.06659838785837194	0.10092140664683547	-0.08887085445481994	0.06472376458556775	-0.05497398767457348
0.06071058114753558	-0.052836824757465296	0.06647961651468116	-0.039887791348503746	0.05353560052722109	-0.06630077086011922	0.06859203813507997	-0.05772621673599113	0.05304191830620501	-0.051264768913071496	0.07616204783731682	-0.06801954784297086	0.07794422227332078	-0.06713071287718364	0.05507103125746114	-0.10768761013451822	0.10207120502419618	-0.0983862432945965	0.1411277742204456	-0.10326172520386591	0.09797791471208897	-0.1225470362158035	0.21502580553562584	-0.1795203488096767	0.14560645470089112	-0.08483969798917808	0.10590973552940938	-0.6889636523280088	0.23887544719000556	-0.1718808184516317	0.08217828032561555	-0.08456491830611942	1.0000000000000033	-0.33338233316119414	0.15780124305189666	-0.1434767110303248	0.2151935866047487	-0.42869354644891167	0.20403055820416519	-0.15606487691977772	0.10450250749218348	-0.17412874931941802	0.24263246668072266	-0.21918037410280305	0.1726450218441229
-0.0640374215689501	0.055561608048230106	-0.07077721646206654	0.043115136004630045	-0.05846979198234742	0.06870802297001752	-0.07251704661377079	0.061156294295767834	-0.05760273665019777	0.05574399024395517	-0.0792186872716895	0.07104650937541537	-0.08269061210160086	0.07326459996710649	-0.061171266730110196	0.10734905103897727	-0.10692161337254037	0.10150700707651963	-0.17316647952577233	0.12526746533065625	-0.09743807947375978	0.11562009742546935	-0.2054340204664589	0.20274210060538028	-0.18803575474242162	0.08086394266466908	-0.10499722992737147	0.24686620162754352	-0.5736045824779679	0.27588890204242905	-0.06755491454153395	0.06528614827273714	-0.33338233316119414	1.0000000000000004	-0.3704130645256764	0.11490994782266632	-0.17419335137785683	0.21741221725696594	-0.4235901480679172	0.23882545410963119	-0.08815267253191139	0.14137762222812048	-0.23672688065636113	0.2706077822094225	-0.27550005025478
0.051236010722394	-0.0446977045477968	0.056740134250556705	-0.03527988550571067	0.04774151594473705	-0.05541743929491379	0.058017127613588425	-0.049275427871275625	0.04694859463499978	-0.04612830435023771	0.06284724198021038	-0.05686938214397569	0.06611863857308929	-0.06061785997483837	0.05054692192448698	-0.0858644724472242	0.08366109933635148	-0.08137553110246488	0.13863617172882958	-0.11612999267608493	0.07246484553495819	-0.0867977845193676	0.14223463202640438	-0.15218202631892058	0.1719125933803477	-0.06040739176753753	0.07691317944509025	-0.16372113676314784	0.2684797336188643	-0.6718396938313886	0.045418501262313796	-0.04423336858340706	0.15780124305189666	-0.3704130645256764	1.0000000000000007	-0.07881256723831023	0.10806332613641734	-0.13485410491080996	0.19140603162006956	-0.48682305382422175	0.05856686250455856	-0.09552865344113833	0.14360057524480843	-0.19219664851800905	0.28839435229042387
-0.03206213515572922	0.02758776997594673	-0.0350562423799009	0.020686980301536116	-0.028012747593224595	0.03434725935248536	-0.03602770285195832	0.030029294184535302	-0.027623247514061443	0.026283302055060787	-0.04012169259277186	0.03523554381113206	-0.04046219875417727	0.03408460728487428	-0.028303596737638204	0.05535883191815477	-0.05301890377228185	0.0487469912117338	-0.07079153368835975	0.0496280572813703	-0.054284402383406836	0.06030806619295502	-0.08755929481490402	0.07466212325295733	-0.07216339615482695	0.053497859126924556	-0.06606212956328958	0.12190579353942792	-0.11079268071859233	0.08159188458423682	-0.10347102271618026	0.09455874101678458	-0.1434767110303248	0.11490994782266632	-0.07881256723831023	0.9999999999999999	-0.43211041048862486	0.20310984325897524	-0.12479100871768226	0.08474538394760324	-0.7594818172647277	0.3184041477158112	-0.28824558316141413	0.13584084670348498	-0.1053394730440005
0.04328017962812156	-0.03740915328224613	0.047194667396440716	-0.02794865693949623	0.037640370883263476	-0.04693872803992998	0.048652484381026664	-0.04065733229017528	0.03721307756699498	-0.03561880680772279	0.05445822884790274	-0.04793620898781869	0.0546862065006909	-0.0462712479219319	0.03814124069205711	-0.0770127019753146	0.0716333411371163	-0.06694100503932683	0.09405354334624273	-0.06735459904395703	0.07423159963368926	-0.08441142549132681	0.12075048754709274	-0.1047743539658058	0.0963184900959206	-0.07548098241271659	0.09013201553247172	-0.20429570647286383	0.1490726165184359	-0.114499552265109	0.14454798538227506	-0.17431904120355085	0.2151935866047487	-0.17419335137785683	0.10806332613641734	-0.43211041048862486	1.0000000000000009	-0.5372330386409248	0.18247018031404688	-0.11947855955344894	0.26111728529905087	-0.5203393465466112	0.3056416973275466	-0.20993110192801567	0.13468944868929159
-0.04674065890922376	0.04041542250585907	-0.05123478485190768	0.030566743548898795	-0.04130033882111254	0.05036951800438819	-0.052675312098395335	0.04412653469132718	-0.0407664717455518	0.03908536585297668	-0.05836554359232612	0.05172382825787593	-0.05952424874015383	0.050937672597771544	-0.04219580569635026	0.08078053596252319	-0.07776241548552405	0.07288416770682213	-0.10877460418737331	0.07748958818011294	-0.0761952485147728	0.08846558694780093	-0.14387748080463705	0.12167314888741533	-0.1124902948976995	0.0698682525343063	-0.0875598281612448	0.24284781870954728	-0.18851518587760382	0.1350686510777521	-0.10171391148493496	0.09962160267546445	-0.42869354644891167	0.21741221725696594	-0.13485410491080996	0.20310984325897524	-0.5372330386409248	0.9999999999999997	-0.3223200167861957	0.1455116211878457	-0.160422243540781	0.258904349431248	-0.5114618136642929	0.2569914737799818	-0.16676400122249535
0.04410178150617353	-0.03821324130123835	0.048573589659730416	-0.029401127957210844	0.03983267150821844	-0.04742540589003419	0.049764818141823396	-0.04187815896326124	0.039204485314837945	-0.03780899187100342	0.05447589756120171	-0.04869001079058096	0.05636899130729804	-0.04937418881786552	0.04105067220150716	-0.07445554395592387	0.07262424952290236	-0.06883228122250773	0.10924451060674945	-0.07960791157842223	0.06655298887311636	-0.07838592570459059	0.1292904852576931	-0.12235362320003118	0.1167507726666738	-0.05750766251930981	0.07313095266696193	-0.18088683169318903	0.2278662552171889	-0.17311253040684565	0.05814263575919916	-0.057171035824153144	0.20403055820416519	-0.4235901480679172	0.19140603162006956	-0.12479100871768226	0.18247018031404688	-0.3223200167861957	1.0000000000000004	-0.27690735515129644	0.09297389847739364	-0.15853403899427804	0.2597311734209802	-0.7182917993146126	0.2240633593272754
-0.05067256405979484	0.04388268067627987	-0.056088676698970656	0.03431598992275908	-0.046745054067413444	0.05411029069403005	-0.057179294334559504	0.04823727768548122	-0.04580205883910124	0.04424523149779763	-0.06180356287453883	0.05553849536881657	-0.06475901044006788	0.05771133121292757	-0.048370450451135326	0.08290004912741816	-0.08220356036637784	0.07799827604821472	-0.13107018705398926	0.0973532993911957	-0.07118585339017479	0.08325748109793252	-0.13614125386474477	0.13187911091902454	-0.1479275923514861	0.059379471590315536	-0.07657088538670734	0.15178885242667242	-0.22701551440993514	0.2709030046205593	-0.0475569572562554	0.04598866386577553	-0.15606487691977772	0.23882545410963119	-0.48682305382422175	0.08474538394760324	-0.11947855955344894	0.1455116211878457	-0.27690735515129644	0.9999999999999998	-0.06384846241000447	0.10330758215543892	-0.1633029394458679	0.21221448827049696	-0.7188951192485294
0.023637993184980017	-0.020378420030207258	0.02583567237710518	-0.015294389569180764	0.020678137798874306	-0.025431057403036493	0.026561535903729824	-0.0221743583264839	0.02039534747047308	-0.019457494351239855	0.02955682776423619	-0.02602204481898949	0.029834013953967092	-0.025237161406129967	0.02090081502182474	-0.04105892391005716	0.0389697163729167	-0.03612093387804503	0.0519557153473995	-0.03672146721490266	0.0393568034308057	-0.04431403537824628	0.06446563346359734	-0.05564805895405929	0.053052053893475504	-0.038609227833686074	0.04721841859346508	-0.09508250746863942	0.08134778121589009	-0.06141121542746579	0.06852605780632944	-0.06659838785837194	0.10450250749218348	-0.08815267253191139	0.05856686250455856	-0.7594818172647277	0.26111728529905087	-0.160422243540781	0.09297389847739364	-0.06384846241000447	0.9999999999999991	-0.5497250353344968	0.21134558030834666	-0.10907360148115268	0.07652037400920952
-0.037517940308462144	0.03231711591430171	-0.04104908045719824	0.024297490205251914	-0.032892671998516476	0.04024024513267302	-0.04217569279935507	0.03519844310798702	-0.032430420119611336	0.03091208884476844	-0.046871970074436255	0.041262126321267543	-0.047410994454233704	0.04011472980525397	-0.033293048825106884	0.06467446447628702	-0.0619830841656525	0.05726728042001103	-0.0836604037208612	0.058883809039620455	-0.06249480537918663	0.07007724405816373	-0.10375277209925375	0.08904290783024406	-0.08554702121067378	0.06042333102514831	-0.07509592592561311	0.14887046230400414	-0.13350785213612745	0.09850644730409536	-0.10765893593500271	0.10092140664683547	-0.17412874931941802	0.14137762222812048	-0.09552865344113833	0.3184041477158112	-0.5203393465466112	0.258904349431248	-0.15853403899427804	0.10330758215543892	-0.5497250353344968	0.9999999999999987	-0.4760155841664193	0.17851236491383138	-0.1264932775009217
0.05188075149151116	-0.044942081579958014	0.05682713923656303	-0.03407192339049511	0.045985390485136377	-0.05617432220659088	0.05836352253978498	-0.04898877109907203	0.045322653427304155	-0.043570518520665506	0.06439243087159666	-0.05726659970239234	0.06573503744169171	-0.056617404971698065	0.04671315323119117	-0.08970086850067506	0.08491772161394745	-0.08046892488531505	0.11694186323283781	-0.08436543054365067	0.08007132470648194	-0.09400415228130968	0.1459573295582598	-0.13041429195989954	0.12073675946506021	-0.07271979654748009	0.09003147635663553	-0.24632940766364161	0.19240657444608433	-0.15139872734377496	0.08872729406513549	-0.08887085445481994	0.24263246668072266	-0.23672688065636113	0.14360057524480843	-0.28824558316141413	0.3056416973275466	-0.5114618136642929	0.2597311734209802	-0.1633029394458679	0.21134558030834666	-0.4760155841664193	0.9999999999999993	-0.4259796854181198	0.17761017911807092
