1.0	-0.47030996651802975	0.28678475178266927	-0.08127112500462957	0.09803427860418634	-0.4651938764935478	0.29264062968566995	-0.35208860224989225	0.10151693702445834	-0.08902068135985308	0.27708068260221796	-0.359326783280514	0.21528352653502697	-0.14928825464857282	0.13801590996815663	-0.26255891781675544	0.20502339436667746	-0.2396096081369237	0.12919332057256047	-0.10407359343994184	0.14693312631814864	-0.16442382030235153	0.17049988117796092	-0.1389557250010801	0.10623311677567529	-0.13725310755496134	0.12543302240207052	-0.1580633308467985	0.12046194655847998	-0.08709730780901091	0.11975853699559286	-0.12199204502452164	0.09412913567050357	-0.1235809930766584	0.12720883667761773	-0.07287778343653176	0.08565980305125961	-0.10358383844734477	0.07152493763475078	-0.0728610305963814	0.10070617764756593	-0.08182474962398667	0.07295891885544258	-0.059022029174128805	0.08218250245049905
-0.47030996651802975	1.0	-0.6600293178494622	0.05878694851070449	-0.06448645201872848	0.19549310292309405	-0.4797306404349432	0.31953084423431	-0.0689480258684981	0.05585876558432836	-0.16880321774568233	0.21658091719626316	-0.1379696818926631	0.08909397244933001	-0.08465030396194755	0.13683203247259432	-0.12135678104173336	0.13289388233269747	-0.07421415917475495	0.05849562287477674	-0.08054125455465395	0.08760324909133552	-0.09556241965285911	0.07747744263317018	-0.05994936256994685	0.07249859396282334	-0.06782135134388664	0.0841738515205208	-0.06600683587624334	0.04769437924734501	-0.06441894546999656	0.06440270047061268	-0.05005446031574018	0.06519470245348413	-0.06931847804451595	0.03891091754823923	-0.04577835205428249	0.05472219663598938	-0.038340051146965405	0.039054073286714064	-0.05400190464372337	0.04346096531115951	-0.03887700613146542	0.03149801146580837	-0.04403568107380553
0.28678475178266927	-0.6600293178494622	1.0000000000000004	-0.08139082094081024	0.08097065041032712	-0.20029774238758757	0.3152957779118356	-0.5685309277042427	0.08770560206913923	-0.07043987777419815	0.16559218063932776	-0.241861371517793	0.16000521591767403	-0.1097339489483937	0.1027600437749537	-0.16461200175915525	0.13803999895800315	-0.16290928198073518	0.09043957942684488	-0.07196059326182398	0.0960889974760426	-0.10615131429810944	0.11589544295244064	-0.09547732374486957	0.07323573825986181	-0.0887899170243955	0.08229598692482092	-0.10403314476459774	0.08088426506592218	-0.0585852914359805	0.07890898122611299	-0.07968624576929063	0.06183469912409643	-0.08089454279530808	0.08504222216836509	-0.04787980893872115	0.05635445802238335	-0.0678349326981603	0.04727611001142344	-0.048193817594198385	0.06640405044626194	-0.0536876121601825	0.048002877313694826	-0.038893166204066944	0.05428806589886843
-0.08127112500462957	0.05878694851070449	-0.08139082094081024	1.000000000000001	-0.537929971556489	0.05369336118303294	-0.06142885516200687	0.0732188358669737	-0.7433697514799544	0.2692903684309447	-0.056004617883973346	0.08390002909491245	-0.1224774599307087	0.20703195923869283	-0.2261431444461486	0.07690972308540296	-0.06804419187655407	0.11552389880130513	-0.10777586475853568	0.08177396692657506	-0.05357905627583368	0.05924982963560813	-0.09500682752726915	0.10328459088184701	-0.07628033790797153	0.05497471857092115	-0.05222657530202191	0.0788107013565157	-0.0657713913813159	0.05015557693846007	-0.05385132465767992	0.0563283348730548	-0.04517311685579498	0.05977698148758622	-0.06637256418903772	0.033189604008024155	-0.039512613299872865	0.04913311844389268	-0.03492133332940815	0.03631044417945109	-0.046467739501713796	0.03806390574666229	-0.034536236199693246	0.028377392231945547	-0.03958655811732616
0.09803427860418634	-0.06448645201872848	0.08097065041032712	-0.537929971556489	1.0000000000000004	-0.06676138504681504	0.07253069150319433	-0.08467939711652722	0.30293379923703956	-0.6605523101700199	0.06978228525965191	-0.10670363964139319	0.14468068818187033	-0.2542948556999704	0.2706951444764158	-0.10261437291249557	0.08863447819269411	-0.15406236922100772	0.1321050321281355	-0.10874988264089384	0.0715573959675299	-0.07990280589588641	0.1237324242061605	-0.139972141401118	0.09804179694310233	-0.07513131508674277	0.07073545106404192	-0.10878992687541399	0.08755915442100896	-0.06713362650835013	0.07347503856797015	-0.07794262147019798	0.06221590664646644	-0.08291544648167698	0.08891607451096017	-0.04553288119953602	0.05421396264744479	-0.06806371226962812	0.04770458830438751	-0.04963019244987742	0.06362190790515748	-0.05247170541710021	0.04748412354936451	-0.03894848372961538	0.05412761033034841
-0.4651938764935478	0.19549310292309405	-0.20029774238758757	0.05369336118303294	-0.06676138504681504	1.0000000000000009	-0.2696783503623468	0.20312624319266157	-0.06908027463597095	0.05913141533064202	-0.7534063049859403	0.26990347029462525	-0.16465398711248222	0.09924906489362827	-0.09522188851981969	0.1744248964905825	-0.15697940477915473	0.15198325913110303	-0.08466666425835255	0.06593316869894111	-0.10056371734465161	0.10430295125003061	-0.11073047549900265	0.08723915689616646	-0.06829369830153004	0.0843653936576539	-0.08002671276182349	0.09500102168525436	-0.075081833116809	0.05402739224560831	-0.07404170173227363	0.07258939913212557	-0.05649476164685126	0.0729341910569141	-0.07869704864497096	0.04427922504632358	-0.051994741536552785	0.06127301670230586	-0.04324520936488141	0.04398074143718573	-0.06138938931336954	0.049011896294736124	-0.0438162384757703	0.03546846211144988	-0.04968895389728886
0.29264062968566995	-0.4797306404349432	0.3152957779118356	-0.06142885516200687	0.07253069150319433	-0.2696783503623468	1.0000000000000007	-0.6284590359852581	0.07641468911996667	-0.06458487485325662	0.2167867925353066	-0.4087482267089265	0.18312074281078866	-0.11028878622273841	0.10138182045801446	-0.17863364828347034	0.1650621895003869	-0.17131081707248505	0.09091996609372262	-0.07070995969689814	0.10071829827460109	-0.1099655247690321	0.11493797188676902	-0.09366309285542279	0.0721613372599176	-0.08774370393686584	0.08252670660159153	-0.09980852945082294	0.07807565380332682	-0.05652146052618848	0.07634700455415061	-0.07581312769137273	0.05899216393266832	-0.0764561522996277	0.08163294217259973	-0.0458693373957047	0.053869240688831976	-0.06397017100156849	0.044927305055236975	-0.04578390123506035	0.06345113695240517	-0.050952928153210494	0.04553141866923268	-0.03687589454155009	0.05155253184920534
-0.35208860224989225	0.31953084423431	-0.5685309277042427	0.0732188358669737	-0.08467939711652722	0.20312624319266157	-0.6284590359852581	1.0000000000000002	-0.0900551630853812	0.07305781146798826	-0.20250493970839742	0.2521607885691179	-0.20471547576040108	0.11758904393936287	-0.11427109900273949	0.15800194519918767	-0.15130490423493725	0.16668379902503574	-0.09642511136444464	0.07471536078203395	-0.09882867805811353	0.10485667171372512	-0.12307913177022448	0.09827700987914177	-0.07729314330639511	0.08749999766373662	-0.08350610700898128	0.1034103845444478	-0.08373689124329134	0.06032451400223849	-0.0801239180701921	0.0787254669999278	-0.06162329938059772	0.07974529069118795	-0.08769866267312038	0.04815071766163289	-0.05675433067938368	0.06718101718646508	-0.04779126538432453	0.048646400385603666	-0.06726899652206328	0.05361696341984656	-0.04816147192299891	0.039089687118854466	-0.05490793252487437
0.10151693702445834	-0.0689480258684981	0.08770560206913923	-0.7433697514799544	0.30293379923703956	-0.06908027463597095	0.07641468911996667	-0.0900551630853812	1.0000000000000013	-0.3600818149448043	0.0723807276923458	-0.1116817132850954	0.1608174703674281	-0.3554506475775607	0.2470120058244247	-0.10418316027307276	0.09141856158277353	-0.1615913082364906	0.1473698833751251	-0.11384020180162112	0.07204101966952355	-0.08023132678087365	0.12620080008000717	-0.14683805478239884	0.10201112021458557	-0.07456820022199417	0.07051367842469569	-0.10767788079421242	0.08780186757620623	-0.06755299369916667	0.07254456592795028	-0.07656864438741083	0.061315407144532784	-0.0814169098517669	0.08854784998149086	-0.04481471616252262	0.05333791612200548	-0.06667829071053419	0.04700266210701077	-0.04895370108106094	0.06257877118038413	-0.05149516094994107	0.04663717039551955	-0.03828911829625148	0.05326100930255986
-0.08902068135985308	0.05585876558432836	-0.07043987777419815	0.2692903684309447	-0.6605523101700199	0.05913141533064202	-0.06458487485325662	0.07305781146798826	-0.3600818149448043	1.0000000000000004	-0.06296769613194812	0.09489907113954595	-0.14265341765686657	0.24415689201515375	-0.5438617924145017	0.08940550084488567	-0.07913465806773809	0.13695274751554054	-0.1291008245038698	0.10297815545922911	-0.06308298258387787	0.0698159187640638	-0.11409800614532555	0.12554269425140477	-0.09496698424502356	0.06528442139719266	-0.062078092711669024	0.09471815017278334	-0.0797163085779161	0.06110790764593555	-0.06433993057149709	0.06748086546356186	-0.054220132615112514	0.07183468485921946	-0.08019521832309034	0.03970286541280513	-0.04730138708815158	0.05896738741797394	-0.04198378260046401	0.04372929377785456	-0.05561598979085994	0.04561015081171765	-0.04142776476818575	0.03408101617214667	-0.04754035743056878
0.27708068260221796	-0.16880321774568233	0.16559218063932776	-0.056004617883973346	0.06978228525965191	-0.7534063049859403	0.2167867925353066	-0.20250493970839742	0.0723807276923458	-0.06296769613194812	1.0000000000000009	-0.4454984949052622	0.18189225006885806	-0.11079942358068318	0.10106816309587867	-0.24233408620300106	0.19168547640222125	-0.18220698098083565	0.09367860432890764	-0.07283571928954742	0.11721468153576467	-0.12507216771372684	0.11984784480180828	-0.09681834115480766	0.07434399822575077	-0.09705210380385985	0.09055464068923322	-0.10531193063015325	0.08084206168272891	-0.058500410674691916	0.08087548739436703	-0.08001549743584396	0.062005765631025764	-0.08007695388612132	0.08443865960369736	-0.048332151749909694	0.05654972853982074	-0.06676993087797091	0.046662460973723986	-0.04752783602165621	0.06636839543545403	-0.053331325314697295	0.04746637340217499	-0.03836300635721317	0.05352281978083076
-0.359326783280514	0.21658091719626316	-0.241861371517793	0.08390002909491245	-0.10670363964139319	0.26990347029462525	-0.4087482267089265	0.2521607885691179	-0.1116817132850954	0.09489907113954595	-0.4454984949052622	1.0	-0.3974257358010194	0.17163911269472654	-0.15889143102034026	0.2687550180024484	-0.4034543807547748	0.26622191242111876	-0.14081532537732852	0.10462104046964123	-0.16110428449500194	0.16696640271560462	-0.17308414266139727	0.1375874531040105	-0.10780009567307587	0.1269901126868917	-0.12467824883209877	0.1412896283319689	-0.11272534550350059	0.08146604343221184	-0.10991951126979255	0.10616053497164603	-0.08315729682891687	0.10629666551616346	-0.1169018269107899	0.06506723907226786	-0.07629728410984911	0.08886290988051301	-0.06327188959885421	0.06444992174678386	-0.0899530840192144	0.07141935275223717	-0.06386196026930611	0.0517244702849381	-0.07254109864632913
0.21528352653502697	-0.1379696818926631	0.16000521591767403	-0.1224774599307087	0.14468068818187033	-0.16465398711248222	0.18312074281078866	-0.20471547576040108	0.1608174703674281	-0.14265341765686657	0.18189225006885806	-0.3974257358010194	1.0000000000000009	-0.41471596448983405	0.22951856096177434	-0.2548409425706308	0.2480737569349065	-0.6242551717595634	0.22669716806050183	-0.16221894673240564	0.14999812243829633	-0.16682850729504675	0.21293839220028993	-0.2134176666156738	0.1508015782299008	-0.13618894817456142	0.12944658933669417	-0.17337124032798293	0.13601473798903502	-0.10263375064375177	0.12089078270225094	-0.12336147053846966	0.09802934684373354	-0.12759877045454265	0.1376943257210225	-0.0731019974894952	0.08620980711610972	-0.10427369021066114	0.07353811336456599	-0.07598522998520349	0.10086409381718303	-0.08194305837564261	0.07359822049632082	-0.0600132239471623	0.08356137198471897
-0.14928825464857282	0.08909397244933001	-0.1097339489483937	0.20703195923869283	-0.2542948556999704	0.09924906489362827	-0.11028878622273841	0.11758904393936287	-0.3554506475775607	0.24415689201515375	-0.11079942358068318	0.17163911269472654	-0.41471596448983405	1.000000000000001	-0.5637368843512458	0.1495563229930826	-0.1426731221306591	0.2601925107837337	-0.38907364121713045	0.1932173018370664	-0.10497372218476454	0.11480211377283155	-0.20534778049401756	0.23516410440354266	-0.1813905569472737	0.10429987845176746	-0.10092430600377575	0.15153021396624305	-0.1337330823418178	0.10333355410730806	-0.10182759816946053	0.10527819375256534	-0.08562271823329262	0.11211480230975074	-0.13136727634486692	0.06225563086835359	-0.07412241349718884	0.09133166314755223	-0.06625299413521218	0.0692741656809466	-0.08705021489115658	0.07096605097029529	-0.06465120032818014	0.05337107825627654	-0.07465935714036434
0.13801590996815663	-0.08465030396194755	0.1027600437749537	-0.2261431444461486	0.2706951444764158	-0.09522188851981969	0.10138182045801446	-0.11427109900273949	0.2470120058244247	-0.5438617924145017	0.10106816309587867	-0.15889143102034026	0.22951856096177434	-0.5637368843512458	1.0000000000000002	-0.15165033639692999	0.1326570812401212	-0.24262926991848147	0.22222625449842115	-0.19225006326090166	0.10499742642362919	-0.11749008157927758	0.18498071285335138	-0.22794088738564888	0.15908575221475793	-0.10965209963988513	0.10351039860877521	-0.1604054995580632	0.13031533433411768	-0.10203181890962816	0.10639968624418661	-0.11315915878670497	0.09073387872717084	-0.12082837370804178	0.13061900824807993	-0.06584256454641828	0.07838257908458857	-0.09848105472895848	0.06922116944282859	-0.07238093056975739	0.09175603596631902	-0.07580390169931064	0.06863324749173033	-0.05640058330371299	0.0782820303523315
-0.26255891781675544	0.13683203247259432	-0.16461200175915525	0.07690972308540296	-0.10261437291249557	0.1744248964905825	-0.17863364828347034	0.15800194519918767	-0.10418316027307276	0.08940550084488567	-0.24233408620300106	0.2687550180024484	-0.2548409425706308	0.1495563229930826	-0.15165033639692999	0.9999999999999999	-0.6844966370662968	0.25711626679428434	-0.14247990369746374	0.10607526211558069	-0.3898483388259551	0.2634940396155187	-0.19960980259620484	0.1407193994303837	-0.11361318048511067	0.18750353183245227	-0.1839121987426783	0.1646150741992725	-0.12616485946837408	0.08952379394374628	-0.1395207575546689	0.12615845849159762	-0.09736303933150775	0.12071817704803076	-0.13092461414418155	0.0791026268384349	-0.09123486755056391	0.10085338860311542	-0.07152231546516805	0.07231504898324329	-0.10663189955026989	0.08324284781334629	-0.07324762073830114	0.058711183438686226	-0.08215268344892598
0.20502339436667746	-0.12135678104173336	0.13803999895800315	-0.06804419187655407	0.08863447819269411	-0.15697940477915473	0.1650621895003869	-0.15130490423493725	0.09141856158277353	-0.07913465806773809	0.19168547640222125	-0.4034543807547748	0.2480737569349065	-0.1426731221306591	0.1326570812401212	-0.6844966370662968	0.9999999999999986	-0.39040435940822077	0.13662925827403838	-0.09961951238019712	0.2385051862695585	-0.3054510466057087	0.1724071770325674	-0.13307843933062974	0.10180719642406218	-0.16244050107883173	0.15785590644433917	-0.1468770039731806	0.10742837822123999	-0.07753420158210016	0.11473485308084226	-0.10924621881012016	0.08415730408393177	-0.10527646093122425	0.11049119927203753	-0.0663433506799064	0.07645428190414987	-0.08645107936039421	0.0605014053340454	-0.06150471943638253	0.08862813203684854	-0.07048638450153413	0.061950938221988744	-0.049734106236389464	0.06919110895213378
-0.2396096081369237	0.13289388233269747	-0.16290928198073518	0.11552389880130513	-0.15406236922100772	0.15198325913110303	-0.17131081707248505	0.16668379902503574	-0.1615913082364906	0.13695274751554054	-0.18220698098083565	0.26622191242111876	-0.6242551717595634	0.2601925107837337	-0.24262926991848147	0.25711626679428434	-0.39040435940822077	1.0000000000000013	-0.31604737122749343	0.1762014455579203	-0.17399533466113173	0.18032793674493036	-0.28918972983484387	0.22877254600589025	-0.1801470410091158	0.1460160875044725	-0.14644462606277195	0.18853793648414044	-0.15682022276520372	0.11597031412329521	-0.1346603722355534	0.13201703013456814	-0.10670089569145698	0.13595283680470543	-0.15740700569605226	0.08015832903815297	-0.09469408903933653	0.11167408675338164	-0.08120077041101632	0.08360635458253263	-0.11152946943842978	0.08885365371786033	-0.08031925065116743	0.06565177531321395	-0.0922587063932531
0.12919332057256047	-0.07421415917475495	0.09043957942684488	-0.10777586475853568	0.1321050321281355	-0.08466666425835255	0.09091996609372262	-0.09642511136444464	0.1473698833751251	-0.1291008245038698	0.09367860432890764	-0.14081532537732852	0.22669716806050183	-0.38907364121713045	0.22222625449842115	-0.14247990369746374	0.13662925827403838	-0.31604737122749343	0.9999999999999999	-0.47635743170253225	0.104749662533175	-0.11687959511139379	0.24514020437965117	-0.594849865704537	0.2865730286306834	-0.10898083561120159	0.10631362694798299	-0.17709896326693028	0.1608780994270138	-0.1359525441554526	0.10693676589879902	-0.11398630551461338	0.09470068135136471	-0.124663553010693	0.14906659167970476	-0.06572665892889937	0.07849802129110943	-0.09847064709023531	0.07184013225515636	-0.07686258157988594	0.0913082475233952	-0.07546520402504589	0.06901510528651703	-0.057476583211732504	0.07985728034045295
-0.10407359343994184	0.05849562287477674	-0.07196059326182398	0.08177396692657506	-0.10874988264089384	0.06593316869894111	-0.07070995969689814	0.07471536078203395	-0.11384020180162112	0.10297815545922911	-0.07283571928954742	0.10462104046964123	-0.16221894673240564	0.1932173018370664	-0.19225006326090166	0.10607526211558069	-0.09961951238019712	0.1762014455579203	-0.47635743170253225	1.0000000000000013	-0.08439091561936736	0.09272961254554868	-0.20275648860078246	0.286939491614316	-0.7443746636227765	0.09110804188396585	-0.08980408516671574	0.15138021566602397	-0.20123547380844886	0.18394792979910288	-0.09504417367015035	0.10153475275410999	-0.08590891249750733	0.1150091113508152	-0.17778120831963848	0.0589178433734877	-0.07092888849182793	0.09102241795664308	-0.07144906507939557	0.07889915603790057	-0.08259314026395503	0.06889229522611778	-0.06440081542029073	0.055264047343424286	-0.07737691526290139
0.14693312631814864	-0.08054125455465395	0.0960889974760426	-0.05357905627583368	0.0715573959675299	-0.10056371734465161	0.10071829827460109	-0.09882867805811353	0.07204101966952355	-0.06308298258387787	0.11721468153576467	-0.16110428449500194	0.14999812243829633	-0.10497372218476454	0.10499742642362919	-0.3898483388259551	0.2385051862695585	-0.17399533466113173	0.104749662533175	-0.08439091561936736	0.9999999999999976	-0.6895892280200066	0.18204369627761893	-0.11667783635985586	0.09146689039082628	-0.45015639193542184	0.2899499081849474	-0.1957985671291579	0.11787880648392775	-0.08258354190269426	0.1721400526172886	-0.15550280542687903	0.11167712540840877	-0.13475672527843802	0.12257936731501114	-0.09492966511993525	0.10294136723626227	-0.10845635457889881	0.07167274472598918	-0.07187609432573366	0.11483346173305999	-0.09227670537990085	0.07702007366035993	-0.06023161238638626	0.08199871528717283
-0.16442382030235153	0.08760324909133552	-0.10615131429810944	0.05924982963560813	-0.07990280589588641	0.10430295125003061	-0.1099655247690321	0.10485667171372512	-0.08023132678087365	0.0698159187640638	-0.12507216771372684	0.16696640271560462	-0.16682850729504675	0.11480211377283155	-0.11749008157927758	0.2634940396155187	-0.3054510466057087	0.18032793674493036	-0.11687959511139379	0.09272961254554868	-0.6895892280200066	0.9999999999999959	-0.22761053636481057	0.12936109502649973	-0.10235221536272607	0.2985047497500915	-0.4597858245621265	0.2103840681773095	-0.1318289389418085	0.09098832085743046	-0.1771275585019915	0.1565111092613553	-0.11885609176540228	0.13797182056009913	-0.1353579636503998	0.0957831522156682	-0.10812719197184856	0.11202711450086007	-0.07683459550149965	0.07693067056349813	-0.12237606446541596	0.09514249237084732	-0.08129854554092034	0.06386026091099262	-0.0881370748129371
0.17049988117796092	-0.09556241965285911	0.11589544295244064	-0.09500682752726915	0.1237324242061605	-0.11073047549900265	0.11493797188676902	-0.12307913177022448	0.12620080008000717	-0.11409800614532555	0.11984784480180828	-0.17308414266139727	0.21293839220028993	-0.20534778049401756	0.18498071285335138	-0.19960980259620484	0.1724071770325674	-0.28918972983484387	0.24514020437965117	-0.20275648860078246	0.18204369627761893	-0.22761053636481057	1.0000000000000002	-0.47157117613431226	0.2110190579895143	-0.2172540015491052	0.21619701552496354	-0.5268254086719081	0.2250595646397736	-0.16871858347323937	0.19981917019632903	-0.2278395697907797	0.20028426913274114	-0.2516382014827265	0.2193570712937565	-0.1223329578130908	0.1456963737040672	-0.18079478349622424	0.12176356319833453	-0.1261097932831541	0.16553519794015892	-0.13783674742110025	0.12380460392258635	-0.09998082731828259	0.13672310172249383
-0.1389557250010801	0.07747744263317018	-0.09547732374486957	0.10328459088184701	-0.139972141401118	0.08723915689616646	-0.09366309285542279	0.09827700987914177	-0.14683805478239884	0.12554269425140477	-0.09681834115480766	0.1375874531040105	-0.2134176666156738	0.23516410440354266	-0.22794088738564888	0.1407193994303837	-0.13307843933062974	0.22877254600589025	-0.594849865704537	0.286939491614316	-0.11667783635985586	0.12936109502649973	-0.47157117613431226	0.9999999999999964	-0.403751055904486	0.1243734907185061	-0.12533423915095018	0.21767280235283645	-0.21903659673614467	0.16793042810541148	-0.12656676932364663	0.13327099792620548	-0.11423854514463368	0.14683645825566502	-0.18798083023654047	0.07735091834654086	-0.09272452496750383	0.11514543724499655	-0.08633111443162281	0.09221879960804899	-0.10798071381412488	0.0885296587418798	-0.0816395230052154	0.06829779895174778	-0.09553545518717817
0.10623311677567529	-0.05994936256994685	0.07323573825986181	-0.07628033790797153	0.09804179694310233	-0.06829369830153004	0.0721613372599176	-0.07729314330639511	0.10201112021458557	-0.09496698424502356	0.07434399822575077	-0.10780009567307587	0.1508015782299008	-0.1813905569472737	0.15908575221475793	-0.11361318048511067	0.10180719642406218	-0.1801470410091158	0.2865730286306834	-0.7443746636227765	0.09146689039082628	-0.10235221536272607	0.2110190579895143	-0.403751055904486	0.9999999999999992	-0.10313509546423683	0.10036576842571594	-0.1788129982937819	0.21674555439833135	-0.29063176932017304	0.10698977318177677	-0.11807220503304038	0.0994065764498945	-0.13592138715572613	0.19360902752259568	-0.06694387291057391	0.08063418113550956	-0.10576822262340578	0.08075987157561529	-0.09190595746610565	0.09324121453696212	-0.07900734278411162	0.07345794471009544	-0.06313410552762366	0.08714494455897337
-0.13725310755496134	0.07249859396282334	-0.0887899170243955	0.05497471857092115	-0.07513131508674277	0.0843653936576539	-0.08774370393686584	0.08749999766373662	-0.07456820022199417	0.06528442139719266	-0.09705210380385985	0.1269901126868917	-0.13618894817456142	0.10429987845176746	-0.10965209963988513	0.18750353183245227	-0.16244050107883173	0.1460160875044725	-0.10898083561120159	0.09110804188396585	-0.45015639193542184	0.2985047497500915	-0.2172540015491052	0.1243734907185061	-0.10313509546423683	1.0	-0.6665809879051887	0.2458213270760685	-0.15111936440127213	0.10214891252824378	-0.35403203399931465	0.21474608625036523	-0.15263005385883105	0.17078626658142756	-0.15747475663663715	0.14935128414216953	-0.15649236498743277	0.14261447694091625	-0.09412910627299653	0.09297433586181336	-0.17198053102316357	0.12944396751114634	-0.10452433905322733	0.0799015595731021	-0.10841898062087249
0.12543302240207052	-0.06782135134388664	0.08229598692482092	-0.05222657530202191	0.07073545106404192	-0.08002671276182349	0.08252670660159153	-0.08350610700898128	0.07051367842469569	-0.062078092711669024	0.09055464068923322	-0.12467824883209877	0.12944658933669417	-0.10092430600377575	0.10351039860877521	-0.1839121987426783	0.15785590644433917	-0.14644462606277195	0.10631362694798299	-0.08980408516671574	0.2899499081849474	-0.4597858245621265	0.21619701552496354	-0.12533423915095018	0.10036576842571594	-0.6665809879051887	1.0000000000000002	-0.38244710312611624	0.14909341067189194	-0.10194410123106303	0.22770280104648702	-0.24034937206978013	0.16570136405582067	-0.18294887874834653	0.15093461376576375	-0.1250406899425541	0.13587284772662042	-0.13808320751563968	0.08964155154344498	-0.08930106293629417	0.14621040677301328	-0.11819288344727313	0.09778926132558755	-0.0755262955153441	0.10201082699387454
-0.1580633308467985	0.0841738515205208	-0.10403314476459774	0.0788107013565157	-0.10878992687541399	0.09500102168525436	-0.09980852945082294	0.1034103845444478	-0.10767788079421242	0.09471815017278334	-0.10531193063015325	0.1412896283319689	-0.17337124032798293	0.15153021396624305	-0.1604054995580632	0.1646150741992725	-0.1468770039731806	0.18853793648414044	-0.17709896326693028	0.15138021566602397	-0.1957985671291579	0.2103840681773095	-0.5268254086719081	0.21767280235283645	-0.1788129982937819	0.2458213270760685	-0.38244710312611624	0.9999999999999998	-0.3293280523956598	0.19367925441892117	-0.26555006954902105	0.26258410940540866	-0.36360370119017066	0.27669118260816405	-0.2786525508920562	0.15034636408248692	-0.18266700891452795	0.19842917004451116	-0.14533486975592966	0.14529334622926132	-0.20699091084846039	0.15914707051338653	-0.1469838902683247	0.11640736369607113	-0.16366153971006775
0.12046194655847998	-0.06600683587624334	0.08088426506592218	-0.0657713913813159	0.08755915442100896	-0.075081833116809	0.07807565380332682	-0.08373689124329134	0.08780186757620623	-0.0797163085779161	0.08084206168272891	-0.11272534550350059	0.13601473798903502	-0.1337330823418178	0.13031533433411768	-0.12616485946837408	0.10742837822123999	-0.15682022276520372	0.1608780994270138	-0.20123547380844886	0.11787880648392775	-0.1318289389418085	0.2250595646397736	-0.21903659673614467	0.21674555439833135	-0.15111936440127213	0.14909341067189194	-0.3293280523956598	1.0000000000000022	-0.6915844672347057	0.16747754018578465	-0.19888314725370163	0.1730677490826101	-0.2539036232861435	0.31496342688767104	-0.10722505114344041	0.1305593368141365	-0.18282497663915176	0.1374528039819125	-0.17186709204620745	0.14838413240079926	-0.13105417025359278	0.12261434453657323	-0.10803786780067239	0.14450814468954282
-0.08709730780901091	0.04769437924734501	-0.0585852914359805	0.05015557693846007	-0.06713362650835013	0.05402739224560831	-0.05652146052618848	0.06032451400223849	-0.06755299369916667	0.06110790764593555	-0.058500410674691916	0.08146604343221184	-0.10263375064375177	0.10333355410730806	-0.10203181890962816	0.08952379394374628	-0.07753420158210016	0.11597031412329521	-0.1359525441554526	0.18394792979910288	-0.08258354190269426	0.09098832085743046	-0.16871858347323937	0.16793042810541148	-0.29063176932017304	0.10214891252824378	-0.10194410123106303	0.19367925441892117	-0.6915844672347057	1.0000000000000004	-0.11881884546469752	0.13517009388718823	-0.1213856279476135	0.17423459842832767	-0.5487519521552569	0.07604396839774213	-0.09329395761849378	0.13068967857649294	-0.11925279433237405	0.14750384927793223	-0.10692954257737577	0.09400262097151091	-0.09192664360581718	0.0851848307219574	-0.11888665340952163
0.11975853699559286	-0.06441894546999656	0.07890898122611299	-0.05385132465767992	0.07347503856797015	-0.07404170173227363	0.07634700455415061	-0.0801239180701921	0.07254456592795028	-0.06433993057149709	0.08087548739436703	-0.10991951126979255	0.12089078270225094	-0.10182759816946053	0.10639968624418661	-0.1395207575546689	0.11473485308084226	-0.1346603722355534	0.10693676589879902	-0.09504417367015035	0.1721400526172886	-0.1771275585019915	0.19981917019632903	-0.12656676932364663	0.10698977318177677	-0.35403203399931465	0.22770280104648702	-0.26555006954902105	0.16747754018578465	-0.11881884546469752	1.0000000000000004	-0.5076254622594429	0.23864053270808144	-0.29610135165720325	0.1902259290013288	-0.48579805056551173	0.2931121862213617	-0.2540461703367624	0.13799208235485072	-0.13518968034434933	0.28511352252555816	-0.2567234488284438	0.172231266372367	-0.12633672560874676	0.15737563640671892
-0.12199204502452164	0.06440270047061268	-0.07968624576929063	0.0563283348730548	-0.07794262147019798	0.07258939913212557	-0.07581312769137273	0.0787254669999278	-0.07656864438741083	0.06748086546356186	-0.08001549743584396	0.10616053497164603	-0.12336147053846966	0.10527819375256534	-0.11315915878670497	0.12615845849159762	-0.10924621881012016	0.13201703013456814	-0.11398630551461338	0.10153475275410999	-0.15550280542687903	0.1565111092613553	-0.2278395697907797	0.13327099792620548	-0.11807220503304038	0.21474608625036523	-0.24034937206978013	0.26258410940540866	-0.19888314725370163	0.13517009388718823	-0.5076254622594429	1.000000000000001	-0.5131754463084557	0.3040004269713735	-0.23033660582993204	0.250465591938108	-0.36722133890837394	0.2346071332773964	-0.15196588287992296	0.14300759399096052	-0.29508699889255363	0.22267173836328769	-0.18099175770611006	0.1302365901492093	-0.17559617277177997
0.09412913567050357	-0.05005446031574018	0.06183469912409643	-0.04517311685579498	0.06221590664646644	-0.05649476164685126	0.05899216393266832	-0.06162329938059772	0.061315407144532784	-0.054220132615112514	0.062005765631025764	-0.08315729682891687	0.09802934684373354	-0.08562271823329262	0.09073387872717084	-0.09736303933150775	0.08415730408393177	-0.10670089569145698	0.09470068135136471	-0.08590891249750733	0.11167712540840877	-0.11885609176540228	0.20028426913274114	-0.11423854514463368	0.0994065764498945	-0.15263005385883105	0.16570136405582067	-0.36360370119017066	0.1730677490826101	-0.1213856279476135	0.23864053270808144	-0.5131754463084557	0.9999999999999994	-0.6778885118670982	0.20004210229538047	-0.143178606807513	0.1840637376673967	-0.2371352048390811	0.1298495546104299	-0.12223478670141937	0.18338755034911333	-0.15063233345595717	0.14443418203617903	-0.10605613719766901	0.1406588131175961
-0.1235809930766584	0.06519470245348413	-0.08089454279530808	0.05977698148758622	-0.08291544648167698	0.0729341910569141	-0.0764561522996277	0.07974529069118795	-0.0814169098517669	0.07183468485921946	-0.08007695388612132	0.10629666551616346	-0.12759877045454265	0.11211480230975074	-0.12082837370804178	0.12071817704803076	-0.10527646093122425	0.13595283680470543	-0.124663553010693	0.1150091113508152	-0.13475672527843802	0.13797182056009913	-0.2516382014827265	0.14683645825566502	-0.13592138715572613	0.17078626658142756	-0.18294887874834653	0.27669118260816405	-0.2539036232861435	0.17423459842832767	-0.29610135165720325	0.3040004269713735	-0.6778885118670982	0.9999999999999996	-0.3337393028985801	0.16868533300970642	-0.21763556127626507	0.22772505051504693	-0.18163808453211236	0.16727757521356132	-0.23709792288582754	0.1784837925018396	-0.17437631895115696	0.1361524678843577	-0.1890796297221574
0.12720883667761773	-0.06931847804451595	0.08504222216836509	-0.06637256418903772	0.08891607451096017	-0.07869704864497096	0.08163294217259973	-0.08769866267312038	0.08854784998149086	-0.08019521832309034	0.08443865960369736	-0.1169018269107899	0.1376943257210225	-0.13136727634486692	0.13061900824807993	-0.13092461414418155	0.11049119927203753	-0.15740700569605226	0.14906659167970476	-0.17778120831963848	0.12257936731501114	-0.1353579636503998	0.2193570712937565	-0.18798083023654047	0.19360902752259568	-0.15747475663663715	0.15093461376576375	-0.2786525508920562	0.31496342688767104	-0.5487519521552569	0.1902259290013288	-0.23033660582993204	0.20004210229538047	-0.3337393028985801	0.9999999999999993	-0.12543633422105174	0.15475197587934883	-0.2338898183221382	0.21096361796061716	-0.3450335308540015	0.17558404930242347	-0.16161256772652954	0.15827573918629126	-0.15341414639117723	0.2038178905626243
-0.07287778343653176	0.03891091754823923	-0.04787980893872115	0.033189604008024155	-0.04553288119953602	0.04427922504632358	-0.0458693373957047	0.04815071766163289	-0.04481471616252262	0.03970286541280513	-0.048332151749909694	0.06506723907226786	-0.0731019974894952	0.06225563086835359	-0.06584256454641828	0.0791026268384349	-0.0663433506799064	0.08015832903815297	-0.06572665892889937	0.0589178433734877	-0.09492966511993525	0.0957831522156682	-0.1223329578130908	0.07735091834654086	-0.06694387291057391	0.14935128414216953	-0.1250406899425541	0.15034636408248692	-0.10722505114344041	0.07604396839774213	-0.48579805056551173	0.250465591938108	-0.143178606807513	0.16868533300970642	-0.12543633422105174	1.000000000000001	-0.6086932295146588	0.20471433164889088	-0.10641281561789978	0.10044345728421852	-0.5287453451247279	0.27437591163631647	-0.15802642309568005	0.10446579727414498	-0.12508406926617172
0.08565980305125961	-0.04577835205428249	0.05635445802238335	-0.039512613299872865	0.05421396264744479	-0.051994741536552785	0.053869240688831976	-0.05675433067938368	0.05333791612200548	-0.04730138708815158	0.05654972853982074	-0.07629728410984911	0.08620980711610972	-0.07412241349718884	0.07838257908458857	-0.09123486755056391	0.07645428190414987	-0.09469408903933653	0.07849802129110943	-0.07092888849182793	0.10294136723626227	-0.10812719197184856	0.1456963737040672	-0.09272452496750383	0.08063418113550956	-0.15649236498743277	0.13587284772662042	-0.18266700891452795	0.1305593368141365	-0.09329395761849378	0.2931121862213617	-0.36722133890837394	0.1840637376673967	-0.21763556127626507	0.15475197587934883	-0.6086932295146588	0.9999999999999989	-0.30878605404171383	0.13975683706916114	-0.1313200238296493	0.32699906582525917	-0.48554226309534726	0.21698850718602763	-0.14252564434306422	0.16209797107241858
-0.10358383844734477	0.05472219663598938	-0.0678349326981603	0.04913311844389268	-0.06806371226962812	0.06127301670230586	-0.06397017100156849	0.06718101718646508	-0.06667829071053419	0.05896738741797394	-0.06676993087797091	0.08886290988051301	-0.10427369021066114	0.09133166314755223	-0.09848105472895848	0.10085338860311542	-0.08645107936039421	0.11167408675338164	-0.09847064709023531	0.09102241795664308	-0.10845635457889881	0.11202711450086007	-0.18079478349622424	0.11514543724499655	-0.10576822262340578	0.14261447694091625	-0.13808320751563968	0.19842917004451116	-0.18282497663915176	0.13068967857649294	-0.2540461703367624	0.2346071332773964	-0.2371352048390811	0.22772505051504693	-0.2338898183221382	0.20471433164889088	-0.30878605404171383	0.9999999999999999	-0.34467938132362397	0.242417289478418	-0.33713817232416976	0.2966807531203122	-0.5750436301947925	0.2820802484093169	-0.365463330673014
0.07152493763475078	-0.038340051146965405	0.04727611001142344	-0.03492133332940815	0.04770458830438751	-0.04324520936488141	0.044927305055236975	-0.04779126538432453	0.04700266210701077	-0.04198378260046401	0.046662460973723986	-0.06327188959885421	0.07353811336456599	-0.06625299413521218	0.06922116944282859	-0.07152231546516805	0.0605014053340454	-0.08120077041101632	0.07184013225515636	-0.07144906507939557	0.07167274472598918	-0.07683459550149965	0.12176356319833453	-0.08633111443162281	0.08075987157561529	-0.09412910627299653	0.08964155154344498	-0.14533486975592966	0.1374528039819125	-0.11925279433237405	0.13799208235485072	-0.15196588287992296	0.1298495546104299	-0.18163808453211236	0.21096361796061716	-0.10641281561789978	0.13975683706916114	-0.34467938132362397	1.0	-0.6963362261217213	0.15882513829558803	-0.18382041985369146	0.24087370819383136	-0.4679513008632818	0.31858545101608937
-0.0728610305963814	0.039054073286714064	-0.048193817594198385	0.03631044417945109	-0.04963019244987742	0.04398074143718573	-0.04578390123506035	0.048646400385603666	-0.04895370108106094	0.04372929377785456	-0.04752783602165621	0.06444992174678386	-0.07598522998520349	0.0692741656809466	-0.07238093056975739	0.07231504898324329	-0.06150471943638253	0.08360635458253263	-0.07686258157988594	0.07889915603790057	-0.07187609432573366	0.07693067056349813	-0.1261097932831541	0.09221879960804899	-0.09190595746610565	0.09297433586181336	-0.08930106293629417	0.14529334622926132	-0.17186709204620745	0.14750384927793223	-0.13518968034434933	0.14300759399096052	-0.12223478670141937	0.16727757521356132	-0.3450335308540015	0.10044345728421852	-0.1313200238296493	0.242417289478418	-0.6963362261217213	1.0000000000000004	-0.15408019855644353	0.15866130499637993	-0.21503326794301422	0.2814052676064024	-0.47712971798111536
0.10070617764756593	-0.05400190464372337	0.06640405044626194	-0.046467739501713796	0.06362190790515748	-0.06138938931336954	0.06345113695240517	-0.06726899652206328	0.06257877118038413	-0.05561598979085994	0.06636839543545403	-0.0899530840192144	0.10086409381718303	-0.08705021489115658	0.09175603596631902	-0.10663189955026989	0.08862813203684854	-0.11152946943842978	0.0913082475233952	-0.08259314026395503	0.11483346173305999	-0.12237606446541596	0.16553519794015892	-0.10798071381412488	0.09324121453696212	-0.17198053102316357	0.14621040677301328	-0.20699091084846039	0.14838413240079926	-0.10692954257737577	0.28511352252555816	-0.29508699889255363	0.18338755034911333	-0.23709792288582754	0.17558404930242347	-0.5287453451247279	0.32699906582525917	-0.33713817232416976	0.15882513829558803	-0.15408019855644353	1.0000000000000004	-0.5465185582321105	0.2403418541028363	-0.16548106579368374	0.18356492539975267
-0.08182474962398667	0.04346096531115951	-0.0536876121601825	0.03806390574666229	-0.05247170541710021	0.049011896294736124	-0.050952928153210494	0.05361696341984656	-0.05149516094994107	0.04561015081171765	-0.053331325314697295	0.07141935275223717	-0.08194305837564261	0.07096605097029529	-0.07580390169931064	0.08324284781334629	-0.07048638450153413	0.08885365371786033	-0.07546520402504589	0.06889229522611778	-0.09227670537990085	0.09514249237084732	-0.13783674742110025	0.0885296587418798	-0.07900734278411162	0.12944396751114634	-0.11819288344727313	0.15914707051338653	-0.13105417025359278	0.09400262097151091	-0.2567234488284438	0.22267173836328769	-0.15063233345595717	0.1784837925018396	-0.16161256772652954	0.27437591163631647	-0.48554226309534726	0.2966807531203122	-0.18382041985369146	0.15866130499637993	-0.5465185582321105	1.0	-0.484469761041661	0.20578787692723635	-0.2373549565120848
0.07295891885544258	-0.03887700613146542	0.048002877313694826	-0.034536236199693246	0.04748412354936451	-0.0438162384757703	0.04553141866923268	-0.04816147192299891	0.04663717039551955	-0.04142776476818575	0.04746637340217499	-0.06386196026930611	0.07359822049632082	-0.06465120032818014	0.06863324749173033	-0.07324762073830114	0.061950938221988744	-0.08031925065116743	0.06901510528651703	-0.06440081542029073	0.07702007366035993	-0.08129854554092034	0.12380460392258635	-0.0816395230052154	0.07345794471009544	-0.10452433905322733	0.09778926132558755	-0.1469838902683247	0.12261434453657323	-0.09192664360581718	0.172231266372367	-0.18099175770611006	0.14443418203617903	-0.17437631895115696	0.15827573918629126	-0.15802642309568005	0.21698850718602763	-0.5750436301947925	0.24087370819383136	-0.21503326794301422	0.2403418541028363	-0.484469761041661	0.9999999999999994	-0.491093609209402	0.28211540592604667
