1.0	-0.7861134070065952	0.28152791852367093	-0.15190937099807272	0.13662584795886962	-0.29096839291542587	0.2552565999792875	-0.20895453134630193	0.1577807097623078	-0.24269006929296263	0.19559843878042882	-0.22493062801086566	0.15513261916882962	-0.15185396490356928	0.1270003004529278	-0.15122931716020008	0.1282407964169706	-0.16351359499106707	0.03774758896883591	-0.044863810936287205	0.09351009208351531	-0.10508756010387217	0.09587239917532933	-0.04642253019609102	0.047832495256629554	-0.08695098061709976	0.09475639554226639	-0.10899821119368659	0.0530052882033055	-0.0568162209679381	0.07999382691978169	-0.09179717462766003	0.08007699182025955	-0.06667587646548585	0.08114980191356315	-0.07157502603752419	0.0816517683444086	-0.09063738406603863	0.051281756613642177	-0.061179883928074684	0.10095244889297372	-0.044973046426562614	0.03197478356692203	-0.029350082889956584	0.038752135196672866
-0.7861134070065952	0.9999999999999998	-0.4181735863489394	0.1367795698071444	-0.126328965801454	0.22026073364484636	-0.32144253645965787	0.18209991653295568	-0.14202150612050496	0.18350520950262672	-0.17307703293106674	0.17910025798508275	-0.13041970420124477	0.12144829753757892	-0.10433340605335313	0.11738382030773821	-0.10321482276745314	0.1276399331747285	-0.02933219796197037	0.034553509174470316	-0.07355918759424547	0.08135667284831856	-0.0750633325239685	0.035867160787121585	-0.037114330849579304	0.06692046631074655	-0.07438052083629926	0.08343557467059916	-0.04075906189831599	0.043437444539678155	-0.06205812084100475	0.07032605704473505	-0.06155666472059171	0.050931312046433724	-0.06274254707673778	0.05488664871534344	-0.0631002504444706	0.06860211463576663	-0.03897966402948394	0.04616721263380798	-0.07733259360773542	0.034017666586164806	-0.024289810611603763	0.022239745802412274	-0.029469124036642633
0.28152791852367093	-0.4181735863489394	0.9999999999999996	-0.3752713496543316	0.25832423823624406	-0.2133414355800885	0.2306979862879222	-0.3969268645551167	0.2697936003424189	-0.42547382426019187	0.20418970589713492	-0.25414355636901353	0.2116816093394283	-0.2604808418931767	0.2117897425877838	-0.17794636058705376	0.15706380195157033	-0.2179814299146981	0.05303604043130623	-0.0627240234255431	0.11599534005278174	-0.13257783622604244	0.1252552128064112	-0.06252921317593511	0.0643187958113116	-0.10800903113008165	0.12004791621564975	-0.14248710870843767	0.06964490911254903	-0.07489426686676029	0.10203996205846279	-0.11753876780716152	0.10385434057378005	-0.0871295040027195	0.10669611335421521	-0.09170034283072837	0.1052667419045606	-0.11757793475384871	0.06683810132862293	-0.07975273396702916	0.13392634194654013	-0.05884569961611967	0.04185230054608054	-0.03840710142410307	0.05079258520733191
-0.15190937099807272	0.1367795698071444	-0.3752713496543316	0.9999999999999991	-0.7801930949820748	0.10662675469277497	-0.12638361444732915	0.2192523474005713	-0.34446277961746063	0.2725758869375721	-0.11335156755474433	0.1289429401952461	-0.12430467433351944	0.18565360674493628	-0.17588268275413899	0.08997224295932	-0.08337908033844679	0.11279291675687374	-0.03015156291908754	0.034652912145689364	-0.060509433712378095	0.0677206548320667	-0.06586729232447319	0.033426472498260286	-0.034669159134434906	0.05475488316730297	-0.06277128816256371	0.07206836043817143	-0.03612774117932651	0.03852035211498841	-0.05281262604053412	0.05958958216780487	-0.05322367458410565	0.04442627133237215	-0.055996978090575404	0.046701267888457736	-0.054388482397589394	0.05863822658438917	-0.03370501123730423	0.039667840135132	-0.06933334919521714	0.029468312627515605	-0.021139432896350563	0.01930186721942063	-0.025732066247918538
0.13662584795886962	-0.126328965801454	0.25832423823624406	-0.7801930949820748	0.9999999999999998	-0.10622097735164074	0.12020788819993615	-0.21423165337705327	0.23550164275473642	-0.4442676813931832	0.11330820984552648	-0.13382876276389996	0.12305422396248734	-0.21452278864920357	0.18929974561626597	-0.09436619088630054	0.08619045095443965	-0.11827719546158695	0.03298734788041461	-0.03815862958577799	0.0634637518215682	-0.07156710213518679	0.06909128228075066	-0.036029311199360245	0.037232346650272	-0.05796675782746304	0.06592377107537004	-0.07672181864098572	0.03861832884406915	-0.041356860693644755	0.05589121756051748	-0.06345487291283164	0.05664304298450368	-0.047564267844949576	0.05968554668896767	-0.04972612547138666	0.057741744975100026	-0.06292620196293368	0.03613115667153998	-0.04268029742136799	0.0742838134274572	-0.03169530251149223	0.022688255470388684	-0.020741436400467314	0.027610486301117784
-0.29096839291542587	0.22026073364484636	-0.2133414355800885	0.10662675469277497	-0.10622097735164074	0.9999999999999998	-0.7055512821104791	0.19551797212658686	-0.1528123376401373	0.14544074476978308	-0.5119078556047665	0.26694032327010886	-0.16980698620945134	0.1121555549935172	-0.09950996523898076	0.17521948924743247	-0.15016793209402793	0.15713338590839226	-0.03168029703133815	0.0369309312299897	-0.09747483526296837	0.10244590708800254	-0.09108559855456014	0.040339527127376006	-0.04180659697895419	0.08461883586268058	-0.0941549007177588	0.09797201956565879	-0.045952712059777995	0.04832626756616014	-0.07480012382778099	0.08293870544554027	-0.07115573303920737	0.057295410623968215	-0.07045632118922922	0.06426349778736135	-0.07380668078379765	0.0771229302645698	-0.0434568591631684	0.05087849030534051	-0.08254267876595921	0.037102073136827264	-0.026643345487416828	0.024331241773755844	-0.032247461451579626
0.2552565999792875	-0.32144253645965787	0.2306979862879222	-0.12638361444732915	0.12020788819993615	-0.7055512821104791	0.9999999999999999	-0.3026404605138324	0.17970167534439443	-0.17537968423114816	0.29205792201798525	-0.3669727381076803	0.19770752430622818	-0.1375683585636452	0.11556323114386821	-0.1833519443024567	0.15597768424636602	-0.1872657269247034	0.03602709260106581	-0.0420918364901605	0.10179403689031478	-0.11296725983303535	0.10281026122551415	-0.0456409249361133	0.04695634071100795	-0.09211156586087993	0.10147445191578203	-0.11271657596194981	0.05116673478447211	-0.05410417038139866	0.08098074806345121	-0.09172814774006216	0.0790101414825879	-0.06396712330650281	0.07776815084062433	-0.07061723575085344	0.08060507031770316	-0.08647330871262102	0.04847049928779799	-0.057059198198081876	0.09061331572250922	-0.04135597826872002	0.02961039068168128	-0.02711195760821735	0.03581242599950131
-0.20895453134630193	0.18209991653295568	-0.3969268645551167	0.2192523474005713	-0.21423165337705327	0.19551797212658686	-0.3026404605138324	0.9999999999999999	-0.6448689173408281	0.23832707048066606	-0.20309568356914004	0.23270251310929738	-0.3511492562674554	0.2382404879876969	-0.21422411146198728	0.14850583407568832	-0.14707325522637607	0.21175357717777965	-0.04300953454161475	0.048764208859975254	-0.09576595618181966	0.10844048753572433	-0.11248172197772148	0.050272324799717265	-0.05196422599591895	0.08480963936968591	-0.10056756279523126	0.11639771950354319	-0.053512577305264916	0.05642862538853124	-0.08001921245281393	0.09010075684769321	-0.08058604216445717	0.06552708518941346	-0.08196440944654743	0.06943293327430937	-0.08125344700131162	0.08624245375781418	-0.04913782107614691	0.057316995807837876	-0.09598945163151083	0.041958517280103476	-0.030229154713269066	0.02758387986468616	-0.036721973718868164
0.1577807097623078	-0.14202150612050496	0.2697936003424189	-0.34446277961746063	0.23550164275473642	-0.1528123376401373	0.17970167534439443	-0.6448689173408281	0.9999999999999998	-0.3093300693848232	0.1527450257809835	-0.191370276689907	0.20198066577253987	-0.4457678338894065	0.2471915498155606	-0.12462505256133154	0.11701389927975965	-0.17739190696242077	0.0430180150753189	-0.0483071493150838	0.0794077763218891	-0.09144661042455302	0.0921799704762351	-0.04566423709702287	0.046464894514814774	-0.07180910019884494	0.08341130664512375	-0.10025398071707294	0.04628181344419028	-0.049289912854731575	0.06743314770672874	-0.07687107019550078	0.06862195877756903	-0.056589762083018226	0.07037295366567334	-0.05917493325474311	0.06881859855369517	-0.07451853454923646	0.04234299419662267	-0.04967093718078824	0.08239092634146723	-0.036264264388752174	0.026049146738840883	-0.02381975700283541	0.03163622132330075
-0.24269006929296263	0.18350520950262672	-0.42547382426019187	0.2725758869375721	-0.4442676813931832	0.14544074476978308	-0.17537968423114816	0.23832707048066606	-0.3093300693848232	1.0	-0.16828055766730735	0.17284451779633933	-0.1672067630521838	0.2933841305469357	-0.534005186559756	0.12500015491816446	-0.11832625757629611	0.1488966368088283	-0.04774857258297701	0.0541425709528698	-0.09000318202910804	0.09696916988287518	-0.0937246049159715	0.0506032231701056	-0.05347516559856321	0.0797804824901629	-0.0925568958862258	0.10054532673173229	-0.05544115501524574	0.05878771830894381	-0.08045175226253043	0.08834072189035433	-0.07986334203960842	0.0673158680037965	-0.08848762364624468	0.07085434026565315	-0.08361770181895611	0.08692251865350985	-0.05108033258107162	0.05946677499969405	-0.11497337918154929	0.045324455206563516	-0.03277503761364961	0.029715479024388657	-0.040115271872267814
0.19559843878042882	-0.17307703293106674	0.20418970589713492	-0.11335156755474433	0.11330820984552648	-0.5119078556047665	0.29205792201798525	-0.20309568356914004	0.1527450257809835	-0.16828055766730735	0.9999999999999969	-0.5453088620482975	0.24151290460501837	-0.1289544783638767	0.11101502819434365	-0.39685693068245825	0.250268982102197	-0.2591443196814803	0.045141901177196714	-0.0530018657692436	0.15985058327015378	-0.1690402407637925	0.1416765416036152	-0.060162529462952787	0.06168107991643954	-0.14407084908575543	0.1478359387543936	-0.15654997495564013	0.06858894082144786	-0.07218083944468501	0.11600561525311308	-0.13041609239671711	0.10869855974699262	-0.08656027255482754	0.10329669232500138	-0.10025928109837769	0.11201051725472415	-0.11872740355016043	0.06555020168674544	-0.07711064037179902	0.11680040763739949	-0.055248225747369	0.0395326917739455	-0.03621666317764091	0.04761914967584769
-0.22493062801086566	0.17910025798508275	-0.25414355636901353	0.1289429401952461	-0.13382876276389996	0.26694032327010886	-0.3669727381076803	0.23270251310929738	-0.191370276689907	0.17284451779633933	-0.5453088620482975	0.9999999999999979	-0.4870177208045315	0.1442832367603987	-0.13102653445045037	0.2557400461168226	-0.31575326342299176	0.28118527980142055	-0.047916760281163644	0.05493374873929536	-0.15180343286121514	0.167930033986466	-0.15796484102952607	0.06313435791031784	-0.06572796786687342	0.12749265911159838	-0.15856168798966505	0.1559993863040333	-0.07058183547316231	0.07316817151345623	-0.11575144510719461	0.12732371078551488	-0.11055245142143921	0.08687373439756481	-0.10821550438543973	0.09706807123625263	-0.11415852265448924	0.11496097375365043	-0.06499746072893066	0.07496434380267582	-0.12113660789221534	0.0544631226349324	-0.03942649363182026	0.03587221848589481	-0.04774134987702641
0.15513261916882962	-0.13041970420124477	0.2116816093394283	-0.12430467433351944	0.12305422396248734	-0.16980698620945134	0.19770752430622818	-0.3511492562674554	0.20198066577253987	-0.1672067630521838	0.24151290460501837	-0.4870177208045315	0.9999999999999951	-0.16889575997217454	0.13310559816449746	-0.2251819438768294	0.23884089619981438	-0.640969305479529	0.04909925134892683	-0.055777314986600546	0.1272978047551342	-0.16175546357679227	0.18861595611365514	-0.06727251329794724	0.06691393142774203	-0.11336476520377137	0.14125372492660887	-0.19603853249875758	0.06719594079277291	-0.07029353749657022	0.10103560144977154	-0.11803033353956442	0.1059466954675948	-0.08272472578411884	0.09847078505005176	-0.0865050189203047	0.10090791866982561	-0.1095522679166224	0.06024829931256918	-0.06988680109776599	0.1029642582416373	-0.04909023167939079	0.035451292932754765	-0.03246468986361662	0.04277219592968383
-0.15185396490356928	0.12144829753757892	-0.2604808418931767	0.18565360674493628	-0.21452278864920357	0.1121555549935172	-0.1375683585636452	0.2382404879876969	-0.4457678338894065	0.2933841305469357	-0.1289544783638767	0.1442832367603987	-0.16889575997217454	0.9999999999999972	-0.7304510575016695	0.09949302135298059	-0.09614084151734359	0.1326138516319888	-0.058223934790504174	0.05927766407502116	-0.0680666083868969	0.07609385449277438	-0.07770749421272406	0.047655457640810764	-0.04822987844413848	0.06055828538414564	-0.07140942646332035	0.08217956709157871	-0.042743231879898244	0.04572529965643052	-0.05916002056670678	0.06631156171178855	-0.06019771952943542	0.0506822124844221	-0.0653670679284788	0.051753085284672054	-0.060947710813862764	0.06479741051010493	-0.03753676566491786	0.043724353198739165	-0.07655277065126717	0.0323067679876263	-0.02331720622662101	0.02125452306358714	-0.028441252322587707
0.1270003004529278	-0.10433340605335313	0.2117897425877838	-0.17588268275413899	0.18929974561626597	-0.09950996523898076	0.11556323114386821	-0.21422411146198728	0.2471915498155606	-0.534005186559756	0.11101502819434365	-0.13102653445045037	0.13310559816449746	-0.7304510575016695	0.9999999999999963	-0.090585806785275	0.08502285463172546	-0.12098368857518645	0.04790127619796699	-0.05307479847755662	0.06086899914081522	-0.06896680383942821	0.06921590978744033	-0.042053511188058834	0.042555729111746696	-0.05489778688503655	0.06386318973762517	-0.07532810369124089	0.038390440213625546	-0.041265918642876806	0.05309607027862804	-0.060100742656153804	0.054288961800524574	-0.045848068730406456	0.05845683159711403	-0.046752546769874	0.05473958474223942	-0.05904463586585388	0.034013235273917544	-0.039809776363670064	0.0685644993345001	-0.02930488613349342	0.021092429442211645	-0.019261534917725715	0.02569946505877216
-0.15122931716020008	0.11738382030773821	-0.17794636058705376	0.08997224295932	-0.09436619088630054	0.17521948924743247	-0.1833519443024567	0.14850583407568832	-0.12462505256133154	0.12500015491816446	-0.39685693068245825	0.2557400461168226	-0.2251819438768294	0.09949302135298059	-0.090585806785275	0.9999999999999949	-0.6781947364654465	0.2450742801010378	-0.04472718990807849	0.051531687206055554	-0.34185812961626133	0.2295725305795884	-0.15800745327602153	0.0616071247480422	-0.0642988377814365	0.20624442342179652	-0.21657080559198494	0.15581004418479302	-0.07314036141106414	0.07468784646333687	-0.15641030490936883	0.15550894434825857	-0.12197121877290792	0.09182171586083625	-0.111714399493276	0.12161208994610534	-0.13709103534973374	0.12554341253281562	-0.06933618504176493	0.07933499546464227	-0.12479853262876639	0.057575859218240356	-0.04171546489386574	0.03774862717060817	-0.05004454435725169
0.1282407964169706	-0.10321482276745314	0.15706380195157033	-0.08337908033844679	0.08619045095443965	-0.15016793209402793	0.15597768424636602	-0.14707325522637607	0.11701389927975965	-0.11832625757629611	0.250268982102197	-0.31575326342299176	0.23884089619981438	-0.09614084151734359	0.08502285463172546	-0.6781947364654465	0.9999999999999931	-0.4082954119747536	0.045425004401761705	-0.05215684928856451	0.2103626403560581	-0.33952907252322917	0.17935996769364568	-0.06467208334212379	0.06560522305761639	-0.18169809460716063	0.21784485029766776	-0.1811507925245913	0.0716637532959906	-0.07372196280991836	0.1354829012553496	-0.15441573779613285	0.12008196659097303	-0.0903658641798062	0.10640194762861445	-0.11205431802887263	0.1255873184715873	-0.12350148823496963	0.06691461927905996	-0.07707877373568998	0.1123888813982765	-0.05456189771950472	0.03941597760297601	-0.0358875847241385	0.04720509355035646
-0.16351359499106707	0.1276399331747285	-0.2179814299146981	0.11279291675687374	-0.11827719546158695	0.15713338590839226	-0.1872657269247034	0.21175357717777965	-0.17739190696242077	0.1488966368088283	-0.2591443196814803	0.28118527980142055	-0.640969305479529	0.1326138516319888	-0.12098368857518645	0.2450742801010378	-0.4082954119747536	0.9999999999999938	-0.05871915287346699	0.06410767453872418	-0.15326439853371757	0.19628544423261524	-0.33951850472318024	0.08446379391747526	-0.08512310272464575	0.128336418146038	-0.18164053685788384	0.22972900088453693	-0.07983219505671527	0.08180524946952167	-0.11924333615535644	0.13659293283467033	-0.12705457403015444	0.09570682525799365	-0.11672178007247193	0.0990885393671434	-0.1190136318223545	0.12344199679769213	-0.06883511656007557	0.07836750679497118	-0.11710150877176334	0.05515699760692969	-0.04019418937191002	0.03663720939823311	-0.04857565577378336
0.03774758896883591	-0.02933219796197037	0.05303604043130623	-0.03015156291908754	0.03298734788041461	-0.03168029703133815	0.03602709260106581	-0.04300953454161475	0.0430180150753189	-0.04774857258297701	0.045141901177196714	-0.047916760281163644	0.04909925134892683	-0.058223934790504174	0.04790127619796699	-0.04472718990807849	0.045425004401761705	-0.05871915287346699	0.999999999999992	-0.8394230414684474	0.04058644989180165	-0.05444371479350121	0.09121989879096541	-0.4388899765345842	0.2744788878363365	-0.03686282095354896	0.052083286765938416	-0.08948421363821903	0.08990618254274571	-0.11084444635346336	0.04194235705568124	-0.05338503716015279	0.0613493820048663	-0.07234695288958241	0.10447479391283407	-0.036765301451517574	0.04685636837812642	-0.06057660495464073	0.037773317349095295	-0.042798034081671085	0.04599582504371379	-0.025946498081865547	0.019002964863478196	-0.01799528444358303	0.023597853600817887
-0.044863810936287205	0.034553509174470316	-0.0627240234255431	0.034652912145689364	-0.03815862958577799	0.0369309312299897	-0.0420918364901605	0.048764208859975254	-0.0483071493150838	0.0541425709528698	-0.0530018657692436	0.05493374873929536	-0.055777314986600546	0.05927766407502116	-0.05307479847755662	0.051531687206055554	-0.05215684928856451	0.06410767453872418	-0.8394230414684474	0.9999999999999938	-0.04837015211502637	0.060999689868909454	-0.0954400191773789	0.2877449725102309	-0.3983014104989357	0.043642237859493095	-0.06039531987926864	0.0913873967031263	-0.12096112290351207	0.13739959168397556	-0.05103731617550165	0.0638415177553393	-0.07526073671703268	0.09133564339636582	-0.14502761604141445	0.04462345858041438	-0.05750462333007384	0.07334841041128624	-0.04749448398528605	0.053156162263367064	-0.05734465302007677	0.03208671533697785	-0.023611627568417334	0.022385872358276174	-0.029534138986929408
0.09351009208351531	-0.07355918759424547	0.11599534005278174	-0.060509433712378095	0.0634637518215682	-0.09747483526296837	0.10179403689031478	-0.09576595618181966	0.0794077763218891	-0.09000318202910804	0.15985058327015378	-0.15180343286121514	0.1272978047551342	-0.0680666083868969	0.06086899914081522	-0.34185812961626133	0.2103626403560581	-0.15326439853371757	0.04058644989180165	-0.04837015211502637	0.999999999999994	-0.2791803020238883	0.13172232007456053	-0.057596924089134416	0.05989532743335769	-0.7577470637515153	0.22323936279720852	-0.14588090057373354	0.07857794772707677	-0.08040714626734848	0.25133794431469464	-0.2257658048071483	0.14263905372587368	-0.10544774551596084	0.118472268506253	-0.20694175351195818	0.17739212347578326	-0.16042365493065228	0.0828488573369138	-0.09688646183400382	0.1409131961705633	-0.06979633730941054	0.049644187117359115	-0.0449895410035818	0.058432735017391865
-0.10508756010387217	0.08135667284831856	-0.13257783622604244	0.0677206548320667	-0.07156710213518679	0.10244590708800254	-0.11296725983303535	0.10844048753572433	-0.09144661042455302	0.09696916988287518	-0.1690402407637925	0.167930033986466	-0.16175546357679227	0.07609385449277438	-0.06896680383942821	0.2295725305795884	-0.33952907252322917	0.19628544423261524	-0.05444371479350121	0.060999689868909454	-0.2791803020238883	0.9999999999999948	-0.2780033076692864	0.08090578963879885	-0.08368555309694758	0.21008451973170994	-0.7366159717642591	0.22942427691143216	-0.09363997577451545	0.09248470167653873	-0.1943977142935386	0.23586766421950386	-0.17309872817118457	0.11745390024016882	-0.13898373360919256	0.14728769830312724	-0.1874829114656074	0.15795562674349958	-0.08541864083801914	0.09513604397219814	-0.13422288571648994	0.06724255471863225	-0.0493302519332249	0.044401106102721924	-0.0587193298130195
0.09587239917532933	-0.0750633325239685	0.1252552128064112	-0.06586729232447319	0.06909128228075066	-0.09108559855456014	0.10281026122551415	-0.11248172197772148	0.0921799704762351	-0.0937246049159715	0.1416765416036152	-0.15796484102952607	0.18861595611365514	-0.07770749421272406	0.06921590978744033	-0.15800745327602153	0.17935996769364568	-0.33951850472318024	0.09121989879096541	-0.0954400191773789	0.13172232007456053	-0.2780033076692864	0.9999999999999929	-0.18250668388848226	0.1444537451005371	-0.11858610500587476	0.21515689276539535	-0.7877459835436375	0.10867615969567253	-0.11275116925069072	0.12016289172546969	-0.16375847642120103	0.1781243680242966	-0.1283873925553997	0.13906879561433416	-0.10175528967000769	0.12715726770131447	-0.15946849469809105	0.0819311516578426	-0.09257795546817264	0.10585106300135333	-0.05894497156664478	0.0432875148140776	-0.039971311388371	0.051842117754173966
-0.04642253019609102	0.035867160787121585	-0.06252921317593511	0.033426472498260286	-0.036029311199360245	0.040339527127376006	-0.0456409249361133	0.050272324799717265	-0.04566423709702287	0.0506032231701056	-0.060162529462952787	0.06313435791031784	-0.06727251329794724	0.047655457640810764	-0.042053511188058834	0.0616071247480422	-0.06467208334212379	0.08446379391747526	-0.4388899765345842	0.2877449725102309	-0.057596924089134416	0.08090578963879885	-0.18250668388848226	0.9999999999999932	-0.7817875274140769	0.052029770521989406	-0.07769941230759563	0.14319943549801548	-0.15573558388336967	0.1791699544021466	-0.05983636502733673	0.07711758211730711	-0.0925675272448124	0.10964429211037648	-0.1629906890265583	0.05197892255334447	-0.06704977825914853	0.08727632663241756	-0.054906222523219896	0.06133909004955259	-0.062480182928523004	0.03630103797849484	-0.026728433369650525	0.025370142229689478	-0.033224776989065875
0.047832495256629554	-0.037114330849579304	0.0643187958113116	-0.034669159134434906	0.037232346650272	-0.04180659697895419	0.04695634071100795	-0.05196422599591895	0.046464894514814774	-0.05347516559856321	0.06168107991643954	-0.06572796786687342	0.06691393142774203	-0.04822987844413848	0.042555729111746696	-0.0642988377814365	0.06560522305761639	-0.08512310272464575	0.2744788878363365	-0.3983014104989357	0.05989532743335769	-0.08368555309694758	0.1444537451005371	-0.7817875274140769	0.9999999999999883	-0.05493105354722149	0.07918201717404293	-0.14855581188538214	0.1668367699344065	-0.2817159649118344	0.06322535829526114	-0.08316755701906314	0.09865856110143988	-0.12585578032113812	0.17026953153317634	-0.05566632391161167	0.07129317957440702	-0.09677803455083119	0.06007178875006214	-0.06831533663431268	0.06658214581445576	-0.039809162851897874	0.029138653373220337	-0.027809878327526086	0.036150173142215025
-0.08695098061709976	0.06692046631074655	-0.10800903113008165	0.05475488316730297	-0.05796675782746304	0.08461883586268058	-0.09211156586087993	0.08480963936968591	-0.07180910019884494	0.0797804824901629	-0.14407084908575543	0.12749265911159838	-0.11336476520377137	0.06055828538414564	-0.05489778688503655	0.20624442342179652	-0.18169809460716063	0.128336418146038	-0.03686282095354896	0.043642237859493095	-0.7577470637515153	0.21008451973170994	-0.11858610500587476	0.052029770521989406	-0.05493105354722149	0.9999999999999903	-0.25128554827084876	0.1282231230333504	-0.07395926874219398	0.07398423052699174	-0.4275025502430291	0.21517194830022565	-0.13883122124405406	0.09775493953433728	-0.11356633637912077	0.20855836169405773	-0.1968392412896319	0.1456669594610682	-0.07689737924228555	0.08734234341573435	-0.14317321297440544	0.06493598919023702	-0.0468005367488651	0.041732663835527165	-0.054933759825153285
0.09475639554226639	-0.07438052083629926	0.12004791621564975	-0.06277128816256371	0.06592377107537004	-0.0941549007177588	0.10147445191578203	-0.10056756279523126	0.08341130664512375	-0.0925568958862258	0.1478359387543936	-0.15856168798966505	0.14125372492660887	-0.07140942646332035	0.06386318973762517	-0.21657080559198494	0.21784485029766776	-0.18164053685788384	0.052083286765938416	-0.06039531987926864	0.22323936279720852	-0.7366159717642591	0.21515689276539535	-0.07769941230759563	0.07918201717404293	-0.25128554827084876	0.9999999999999936	-0.2750615927456308	0.0971754271734523	-0.09706464294461586	0.2024106198622667	-0.3790397211718554	0.19035703023858647	-0.12968159683395275	0.1405344362839943	-0.16465771157192807	0.19481253559011394	-0.18148295318205698	0.09269353310310882	-0.10513315650946167	0.13466235831886925	-0.07219641622492323	0.05243111748581904	-0.04756980455740402	0.06191060065283813
-0.10899821119368659	0.08343557467059916	-0.14248710870843767	0.07206836043817143	-0.07672181864098572	0.09797201956565879	-0.11271657596194981	0.11639771950354319	-0.10025398071707294	0.10054532673173229	-0.15654997495564013	0.1559993863040333	-0.19603853249875758	0.08217956709157871	-0.07532810369124089	0.15581004418479302	-0.1811507925245913	0.22972900088453693	-0.08948421363821903	0.0913873967031263	-0.14588090057373354	0.22942427691143216	-0.7877459835436375	0.14319943549801548	-0.14855581188538214	0.1282231230333504	-0.2750615927456308	0.9999999999999882	-0.13123544525950798	0.12296508395908116	-0.14009443691480197	0.18496880270632296	-0.26125044650172535	0.14824199916523162	-0.16615780675334216	0.11535823392516857	-0.15079881518569038	0.17709650268371738	-0.09480235554904115	0.10303720442966624	-0.12271353074106249	0.06647643015123773	-0.04950648695787845	0.04535094044960018	-0.059486375693777474
0.0530052882033055	-0.04075906189831599	0.06964490911254903	-0.03612774117932651	0.03861832884406915	-0.045952712059777995	0.05116673478447211	-0.053512577305264916	0.04628181344419028	-0.05544115501524574	0.06858894082144786	-0.07058183547316231	0.06719594079277291	-0.042743231879898244	0.038390440213625546	-0.07314036141106414	0.0716637532959906	-0.07983219505671527	0.08990618254274571	-0.12096112290351207	0.07857794772707677	-0.09363997577451545	0.10867615969567253	-0.15573558388336967	0.1668367699344065	-0.07395926874219398	0.0971754271734523	-0.13123544525950798	0.9999999999999915	-0.6940652910216395	0.09648232122711159	-0.1419343726141218	0.2004637427182478	-0.5524657792949133	0.3111100050101349	-0.08723572040146736	0.11553818062300601	-0.19140602963749975	0.12199963742385955	-0.1379708809974414	0.09780741541839175	-0.06901131766675644	0.050777144451886275	-0.049991769829479345	0.0633077493509662
-0.0568162209679381	0.043437444539678155	-0.07489426686676029	0.03852035211498841	-0.041356860693644755	0.04832626756616014	-0.05410417038139866	0.05642862538853124	-0.049289912854731575	0.05878771830894381	-0.07218083944468501	0.07316817151345623	-0.07029353749657022	0.04572529965643052	-0.041265918642876806	0.07468784646333687	-0.07372196280991836	0.08180524946952167	-0.11084444635346336	0.13739959168397556	-0.08040714626734848	0.09248470167653873	-0.11275116925069072	0.1791699544021466	-0.2817159649118344	0.07398423052699174	-0.09706464294461586	0.12296508395908116	-0.6940652910216395	0.9999999999999852	-0.09652482872016434	0.12830661081500827	-0.18203562959324168	0.2955119164222795	-0.5162917675564832	0.08548119460067756	-0.11454925593796508	0.16581239157267608	-0.11726693790628795	0.1284037775879878	-0.10409514915098372	0.06780200566832638	-0.05026055523765847	0.04901760767130167	-0.06383445017405476
0.07999382691978169	-0.06205812084100475	0.10203996205846279	-0.05281262604053412	0.05589121756051748	-0.07480012382778099	0.08098074806345121	-0.08001921245281393	0.06743314770672874	-0.08045175226253043	0.11600561525311308	-0.11575144510719461	0.10103560144977154	-0.05916002056670678	0.05309607027862804	-0.15641030490936883	0.1354829012553496	-0.11924333615535644	0.04194235705568124	-0.05103731617550165	0.25133794431469464	-0.1943977142935386	0.12016289172546969	-0.05983636502733673	0.06322535829526114	-0.4275025502430291	0.2024106198622667	-0.14009443691480197	0.09648232122711159	-0.09652482872016434	0.9999999999999891	-0.4445849133907569	0.19871036636588574	-0.13676690342266895	0.14564661424983363	-0.6010655391970411	0.3050168453793264	-0.2259152750545576	0.10935480725728063	-0.126449117466057	0.19126202906172385	-0.09361799673537796	0.06617513391743632	-0.05898543654194947	0.07612404264000268
-0.09179717462766003	0.07032605704473505	-0.11753876780716152	0.05958958216780487	-0.06345487291283164	0.08293870544554027	-0.09172814774006216	0.09010075684769321	-0.07687107019550078	0.08834072189035433	-0.13041609239671711	0.12732371078551488	-0.11803033353956442	0.06631156171178855	-0.060100742656153804	0.15550894434825857	-0.15441573779613285	0.13659293283467033	-0.05338503716015279	0.0638415177553393	-0.2257658048071483	0.23586766421950386	-0.16375847642120103	0.07711758211730711	-0.08316755701906314	0.21517194830022565	-0.3790397211718554	0.18496880270632296	-0.1419343726141218	0.12830661081500827	-0.4445849133907569	0.9999999999999895	-0.44989574794418	0.1945898178409487	-0.21034991584414042	0.2765416668790532	-0.47350082937975485	0.2741070524135165	-0.13982527682038606	0.1474311270601603	-0.19004384657269957	0.10396446824899788	-0.07767562599541002	0.06817913166733378	-0.08980854326030632
0.08007699182025955	-0.06155666472059171	0.10385434057378005	-0.05322367458410565	0.05664304298450368	-0.07115573303920737	0.0790101414825879	-0.08058604216445717	0.06862195877756903	-0.07986334203960842	0.10869855974699262	-0.11055245142143921	0.1059466954675948	-0.06019771952943542	0.054288961800524574	-0.12197121877290792	0.12008196659097303	-0.12705457403015444	0.0613493820048663	-0.07526073671703268	0.14263905372587368	-0.17309872817118457	0.1781243680242966	-0.0925675272448124	0.09865856110143988	-0.13883122124405406	0.19035703023858647	-0.26125044650172535	0.2004637427182478	-0.18203562959324168	0.19871036636588574	-0.44989574794418	0.9999999999999888	-0.4357124451903643	0.2603598635579171	-0.17705246281285383	0.24336696000873137	-0.5731092229751533	0.1967941083782882	-0.21025706301138847	0.15376298783005996	-0.11319040955287693	0.08673449400701413	-0.08055994772234115	0.09974136543406559
-0.06667587646548585	0.050931312046433724	-0.0871295040027195	0.04442627133237215	-0.047564267844949576	0.057295410623968215	-0.06396712330650281	0.06552708518941346	-0.056589762083018226	0.0673158680037965	-0.08656027255482754	0.08687373439756481	-0.08272472578411884	0.0506822124844221	-0.045848068730406456	0.09182171586083625	-0.0903658641798062	0.09570682525799365	-0.07234695288958241	0.09133564339636582	-0.10544774551596084	0.11745390024016882	-0.1283873925553997	0.10964429211037648	-0.12585578032113812	0.09775493953433728	-0.12968159683395275	0.14824199916523162	-0.5524657792949133	0.2955119164222795	-0.13676690342266895	0.1945898178409487	-0.4357124451903643	0.9999999999999893	-0.5481789583589497	0.11847168916748202	-0.1656283209861484	0.25228584946947524	-0.19529781068928448	0.1821475570445894	-0.13101192223543637	0.09032396056568778	-0.06859813091921647	0.06712554581947491	-0.08637203552261755
0.08114980191356315	-0.06274254707673778	0.10669611335421521	-0.055996978090575404	0.05968554668896767	-0.07045632118922922	0.07776815084062433	-0.08196440944654743	0.07037295366567334	-0.08848762364624468	0.10329669232500138	-0.10821550438543973	0.09847078505005176	-0.0653670679284788	0.05845683159711403	-0.111714399493276	0.10640194762861445	-0.11672178007247193	0.10447479391283407	-0.14502761604141445	0.118472268506253	-0.13898373360919256	0.13906879561433416	-0.1629906890265583	0.17026953153317634	-0.11356633637912077	0.1405344362839943	-0.16615780675334216	0.3111100050101349	-0.5162917675564832	0.14564661424983363	-0.21034991584414042	0.2603598635579171	-0.5481789583589497	0.9999999999999915	-0.13727830996996065	0.17623643767849015	-0.3122285953671204	0.20040918719514578	-0.26909910603364884	0.16356864058076398	-0.12452944369558624	0.08835067170890133	-0.0891262779920092	0.11107665304292963
-0.07157502603752419	0.05488664871534344	-0.09170034283072837	0.046701267888457736	-0.04972612547138666	0.06426349778736135	-0.07061723575085344	0.06943293327430937	-0.05917493325474311	0.07085434026565315	-0.10025928109837769	0.09706807123625263	-0.0865050189203047	0.051753085284672054	-0.046752546769874	0.12161208994610534	-0.11205431802887263	0.0990885393671434	-0.036765301451517574	0.04462345858041438	-0.20694175351195818	0.14728769830312724	-0.10175528967000769	0.05197892255334447	-0.05566632391161167	0.20855836169405773	-0.16465771157192807	0.11535823392516857	-0.08723572040146736	0.08548119460067756	-0.6010655391970411	0.2765416668790532	-0.17705246281285383	0.11847168916748202	-0.13727830996996065	0.9999999999999896	-0.6184683315007812	0.20205775368962278	-0.10237779764230674	0.11238467541085123	-0.27679095258284353	0.09545506929360081	-0.0682933673899251	0.05772013945496947	-0.07643428473618147
0.0816517683444086	-0.0631002504444706	0.1052667419045606	-0.054388482397589394	0.057741744975100026	-0.07380668078379765	0.08060507031770316	-0.08125344700131162	0.06881859855369517	-0.08361770181895611	0.11201051725472415	-0.11415852265448924	0.10090791866982561	-0.060947710813862764	0.05473958474223942	-0.13709103534973374	0.1255873184715873	-0.1190136318223545	0.04685636837812642	-0.05750462333007384	0.17739212347578326	-0.1874829114656074	0.12715726770131447	-0.06704977825914853	0.07129317957440702	-0.1968392412896319	0.19481253559011394	-0.15079881518569038	0.11553818062300601	-0.11454925593796508	0.3050168453793264	-0.47350082937975485	0.24336696000873137	-0.1656283209861484	0.17623643767849015	-0.6184683315007812	0.9999999999999898	-0.3672217893516495	0.1498073286907547	-0.16996752778647073	0.21316196496324685	-0.1398257235543124	0.09523685182230748	-0.08122576726638345	0.10392570212898777
-0.09063738406603863	0.06860211463576663	-0.11757793475384871	0.05863822658438917	-0.06292620196293368	0.0771229302645698	-0.08647330871262102	0.08624245375781418	-0.07451853454923646	0.08692251865350985	-0.11872740355016043	0.11496097375365043	-0.1095522679166224	0.06479741051010493	-0.05904463586585388	0.12554341253281562	-0.12350148823496963	0.12344199679769213	-0.06057660495464073	0.07334841041128624	-0.16042365493065228	0.15795562674349958	-0.15946849469809105	0.08727632663241756	-0.09677803455083119	0.1456669594610682	-0.18148295318205698	0.17709650268371738	-0.19140602963749975	0.16581239157267608	-0.2259152750545576	0.2741070524135165	-0.5731092229751533	0.25228584946947524	-0.3122285953671204	0.20205775368962278	-0.3672217893516495	0.9999999999999893	-0.3969964685333174	0.26199351425297385	-0.19688395183519009	0.14896218174184414	-0.13486419057218862	0.11335663316878564	-0.1449688502140658
0.051281756613642177	-0.03897966402948394	0.06683810132862293	-0.03370501123730423	0.03613115667153998	-0.0434568591631684	0.04847049928779799	-0.04913782107614691	0.04234299419662267	-0.05108033258107162	0.06555020168674544	-0.06499746072893066	0.06024829931256918	-0.03753676566491786	0.034013235273917544	-0.06933618504176493	0.06691461927905996	-0.06883511656007557	0.037773317349095295	-0.04749448398528605	0.0828488573369138	-0.08541864083801914	0.0819311516578426	-0.054906222523219896	0.06007178875006214	-0.07689737924228555	0.09269353310310882	-0.09480235554904115	0.12199963742385955	-0.11726693790628795	0.10935480725728063	-0.13982527682038606	0.1967941083782882	-0.19529781068928448	0.20040918719514578	-0.10237779764230674	0.1498073286907547	-0.3969964685333174	0.9999999999999892	-0.8223136095963826	0.1165662274849164	-0.14198954955662604	0.11165882185639386	-0.1534957385311375	0.16778345757884905
-0.061179883928074684	0.04616721263380798	-0.07975273396702916	0.039667840135132	-0.04268029742136799	0.05087849030534051	-0.057059198198081876	0.057316995807837876	-0.04967093718078824	0.05946677499969405	-0.07711064037179902	0.07496434380267582	-0.06988680109776599	0.043724353198739165	-0.039809776363670064	0.07933499546464227	-0.07707877373568998	0.07836750679497118	-0.042798034081671085	0.053156162263367064	-0.09688646183400382	0.09513604397219814	-0.09257795546817264	0.06133909004955259	-0.06831533663431268	0.08734234341573435	-0.10513315650946167	0.10303720442966624	-0.1379708809974414	0.1284037775879878	-0.126449117466057	0.1474311270601603	-0.21025706301138847	0.1821475570445894	-0.26909910603364884	0.11238467541085123	-0.16996752778647073	0.26199351425297385	-0.8223136095963826	0.9999999999999889	-0.14033625392669663	0.14754175412934745	-0.12186791943267175	0.15110044008372278	-0.2319803537748473
0.10095244889297372	-0.07733259360773542	0.13392634194654013	-0.06933334919521714	0.0742838134274572	-0.08254267876595921	0.09061331572250922	-0.09598945163151083	0.08239092634146723	-0.11497337918154929	0.11680040763739949	-0.12113660789221534	0.1029642582416373	-0.07655277065126717	0.0685644993345001	-0.12479853262876639	0.1123888813982765	-0.11710150877176334	0.04599582504371379	-0.05734465302007677	0.1409131961705633	-0.13422288571648994	0.10585106300135333	-0.062480182928523004	0.06658214581445576	-0.14317321297440544	0.13466235831886925	-0.12271353074106249	0.09780741541839175	-0.10409514915098372	0.19126202906172385	-0.19004384657269957	0.15376298783005996	-0.13101192223543637	0.16356864058076398	-0.27679095258284353	0.21316196496324685	-0.19688395183519009	0.1165662274849164	-0.14033625392669663	0.9999999999999887	-0.1766828673867366	0.11034320962702165	-0.09413401305268082	0.12492075408846756
-0.044973046426562614	0.034017666586164806	-0.05884569961611967	0.029468312627515605	-0.03169530251149223	0.037102073136827264	-0.04135597826872002	0.041958517280103476	-0.036264264388752174	0.045324455206563516	-0.055248225747369	0.0544631226349324	-0.04909023167939079	0.0323067679876263	-0.02930488613349342	0.057575859218240356	-0.05456189771950472	0.05515699760692969	-0.025946498081865547	0.03208671533697785	-0.06979633730941054	0.06724255471863225	-0.05894497156664478	0.03630103797849484	-0.039809162851897874	0.06493598919023702	-0.07219641622492323	0.06647643015123773	-0.06901131766675644	0.06780200566832638	-0.09361799673537796	0.10396446824899788	-0.11319040955287693	0.09032396056568778	-0.12452944369558624	0.09545506929360081	-0.1398257235543124	0.14896218174184414	-0.14198954955662604	0.14754175412934745	-0.1766828673867366	0.9999999999999877	-0.7519751749053734	0.3098985743296597	-0.48458247926268616
0.03197478356692203	-0.024289810611603763	0.04185230054608054	-0.021139432896350563	0.022688255470388684	-0.026643345487416828	0.02961039068168128	-0.030229154713269066	0.026049146738840883	-0.03277503761364961	0.0395326917739455	-0.03942649363182026	0.035451292932754765	-0.02331720622662101	0.021092429442211645	-0.04171546489386574	0.03941597760297601	-0.04019418937191002	0.019002964863478196	-0.023611627568417334	0.049644187117359115	-0.0493302519332249	0.0432875148140776	-0.026728433369650525	0.029138653373220337	-0.0468005367488651	0.05243111748581904	-0.04950648695787845	0.050777144451886275	-0.05026055523765847	0.06617513391743632	-0.07767562599541002	0.08673449400701413	-0.06859813091921647	0.08835067170890133	-0.0682933673899251	0.09523685182230748	-0.13486419057218862	0.11165882185639386	-0.12186791943267175	0.11034320962702165	-0.7519751749053734	0.9999999999999882	-0.5419246545533769	0.309949891314161
