1.0	-0.7342843850984851	0.14866662765960756	-0.14458580292072934	0.11584250128285209	-0.5152223032571915	0.3236496053173219	-0.12331934713157781	0.12113810453116508	-0.05095596897955081	0.18911560074974892	-0.12632199629134006	0.10418259694945774	-0.06829148606492574	0.0551903762928943	-0.18502087399721656	0.10231393134665848	-0.09923041779011862	0.07151353567200205	-0.05263777612791704	0.06265592210790243	-0.07975030216295345	0.06551223103543119	-0.08193848618828567	0.042595877784761815	-0.07095077719914969	0.07308896569013607	-0.04893289611803451	0.047992185259166084	-0.041878934805729226	0.06576042618564404	-0.05796465501566543	0.045782880994312936	-0.04074691672489571	0.035198065800316494
-0.7342843850984851	1.0000000000000002	-0.19996800878367094	0.14752245994358035	-0.11113402404697983	0.3043402255923891	-0.5422226800979247	0.12382487266237432	-0.12287514836469429	0.04816303134213709	-0.16542817468282076	0.1051585690803658	-0.09627122341359852	0.06118755292559427	-0.05191456757913832	0.1467334298517926	-0.08984284173151398	0.0865198440879077	-0.06492340914860655	0.044170134551395596	-0.05106036813360056	0.0664217017666179	-0.055489319423860484	0.0679946408736943	-0.035953852267850285	0.05743611737777441	-0.061361855117091996	0.0407450149669694	-0.04013270788688064	0.0348691387705531	-0.05487913064337416	0.04795477236344736	-0.038257069048769535	0.033897511404756886	-0.029445609905706556
0.14866662765960756	-0.19996800878367094	1.0000000000000007	-0.7586044707541086	0.22057787694715203	-0.11616817166126	0.14494791425230172	-0.43996074022746934	0.28382765251123837	-0.09931874074976368	0.14304480370405373	-0.12780542390391975	0.16541068268506154	-0.10254223739926738	0.09880658346821507	-0.17488763713863023	0.11808406250935674	-0.13582636334886575	0.10192596513264064	-0.06234869213579358	0.06374750515987815	-0.08751960063103029	0.07568646907856656	-0.09125141950007075	0.05062283122271346	-0.07163765752892207	0.08105720386407857	-0.05417631866524602	0.053758892065922735	-0.047148395878067434	0.07244653631503567	-0.06288778820257032	0.051139492802914036	-0.04530201293873226	0.03993091379974664
-0.14458580292072934	0.14752245994358035	-0.7586044707541086	1.0000000000000007	-0.3529866276729339	0.10895809582278554	-0.14211453303230542	0.27552378286393964	-0.3872881788641661	0.11922380929302741	-0.14475336231086183	0.11778935740630421	-0.15432182096762365	0.09869863066553905	-0.12157511188144783	0.16730093865178455	-0.11459707249436091	0.12254984132043119	-0.10351704205307682	0.0625317689026359	-0.061868885955486265	0.08441203969668463	-0.07355079246028229	0.08828881689428274	-0.0510600306322951	0.06929051009505402	-0.07995863775303629	0.0531493848599095	-0.05295481060588434	0.04655966005658797	-0.0717066125335666	0.06171036180556833	-0.05052429303066305	0.04456820571127533	-0.03962511998198619
0.11584250128285209	-0.11113402404697983	0.22057787694715203	-0.3529866276729339	0.9999999999999998	-0.10912414601613143	0.12940189774401806	-0.20132459049549908	0.2409920838045952	-0.2760230572483911	0.18123050285655792	-0.1347396531332642	0.1501589784249647	-0.10647053133710556	0.21824579319390158	-0.28676497796549705	0.14098352942503342	-0.1400075419726025	0.11540262340145173	-0.11203117605365577	0.10372244762844043	-0.12920086206798165	0.10926840484636705	-0.14245364123515844	0.08886966905748145	-0.11824940692337604	0.13082757861273467	-0.08945594596909573	0.08889694444275113	-0.08176177020629145	0.12564096737771768	-0.10737334309072269	0.0866910959994503	-0.07682783098493141	0.0690811890892798
-0.5152223032571915	0.3043402255923891	-0.11616817166126	0.10895809582278554	-0.10912414601613143	1.0000000000000004	-0.6736236595708825	0.11695388602156892	-0.12053043387102438	0.0490636498883563	-0.3682376604756286	0.16181678966905383	-0.1226539544304965	0.07530226036346957	-0.05398640366418635	0.18883221161854363	-0.12644236860845467	0.11229558936491142	-0.08054606103789273	0.05370434774842151	-0.06507483037348506	0.08546613930979112	-0.07070441650365467	0.08538366377641488	-0.0438494591694624	0.07269500652188454	-0.0774088987934921	0.05093883081439917	-0.050081441402163786	0.04305816400430706	-0.06842281442352077	0.059864613080803694	-0.04760918182185725	0.04212815022712358	-0.03636781657058164
0.3236496053173219	-0.5422226800979247	0.14494791425230172	-0.14211453303230542	0.12940189774401806	-0.6736236595708825	1.0	-0.14364868421339044	0.1373784917542464	-0.05776256122880815	0.2288856240799053	-0.15670114533972776	0.12392653431972925	-0.08120611405907022	0.06300176796453605	-0.22779926771479952	0.12339895633653782	-0.11939382514827257	0.08473542786125465	-0.06328564306953359	0.07645171897691311	-0.09684495941114514	0.07911171410190136	-0.0993176728577324	0.051161305460030136	-0.08668493058166	0.08828896017722677	-0.059186552444973485	0.05796356688198196	-0.050561850515884105	0.0794108045685129	-0.0702116075383502	0.055274123895070526	-0.04925364799347902	0.04243878992133203
-0.12331934713157781	0.12382487266237432	-0.43996074022746934	0.27552378286393964	-0.20132459049549908	0.11695388602156892	-0.14364868421339044	0.9999999999999993	-0.6676360416084726	0.12463869100690594	-0.19604635631750744	0.18802865706096208	-0.389131760434623	0.16154786693911424	-0.1295240802847783	0.19971177340604057	-0.177846479255966	0.2032723931143316	-0.1641285227704643	0.07415960504978378	-0.07553591272724507	0.11102579218325075	-0.10000087584668703	0.11203781225758565	-0.061291628371677016	0.083574253145309	-0.09996182598037047	0.06537170389949994	-0.065250588790817	0.0558435197634232	-0.08575810911089662	0.07420414169656217	-0.06134635188125377	0.05401669608382462	-0.04765085225206943
0.12113810453116508	-0.12287514836469429	0.28382765251123837	-0.3872881788641661	0.2409920838045952	-0.12053043387102438	0.1373784917542464	-0.6676360416084726	0.9999999999999991	-0.20828944598159557	0.19384629746242563	-0.1927914177751196	0.24593793185779314	-0.1853634983537496	0.17169605245853983	-0.26840625048328925	0.17686388531520722	-0.21782963840080344	0.1644884629611678	-0.09745237219011631	0.0970865236106089	-0.1348748547822212	0.11638351943393416	-0.1419619012875311	0.07843280515208664	-0.10950700223739655	0.12250508833449923	-0.08268082270948236	0.08196898958546071	-0.07212683292577642	0.10850879263688039	-0.09526875676141883	0.07753682835179261	-0.06910309179139631	0.060842492555281846
-0.05095596897955081	0.04816303134213709	-0.09931874074976368	0.11922380929302741	-0.2760230572483911	0.0490636498883563	-0.05776256122880815	0.12463869100690594	-0.20828944598159557	0.9999999999999994	-0.08399671074252107	0.06793748885111896	-0.08198035258190645	0.06482683291246678	-0.9061128134019227	0.11813484475606638	-0.06941825440099833	0.07336828998525241	-0.06706224043622636	0.0795492650758272	-0.044897329778194876	0.06046674074081161	-0.05373087984646453	0.06865103882371201	-0.06607365970030164	0.05048957979598314	-0.06110470803558031	0.04229717569595346	-0.04371410099604059	0.042365256266303566	-0.056188172244605886	0.047818992639486586	-0.04203011932348355	0.03716902722461733	-0.03694128169923511
0.18911560074974892	-0.16542817468282076	0.14304480370405373	-0.14475336231086183	0.18123050285655792	-0.3682376604756286	0.2288856240799053	-0.19604635631750744	0.19384629746242563	-0.08399671074252107	0.9999999999999991	-0.5664459124160202	0.24993116544818594	-0.15787552270048258	0.09312767556492427	-0.43906523305068423	0.26906635565201265	-0.2554032153197983	0.15794993877581293	-0.11042971662647881	0.14125023482584198	-0.1875059844290592	0.14939164885679057	-0.18260206942730137	0.08973194528202996	-0.15805189719990734	0.16082509958365362	-0.10659559247063614	0.10412648973108819	-0.0892189330112704	0.14136611779958302	-0.12535768239872405	0.09854852395367877	-0.08770334844024108	0.07493397838376539
-0.12632199629134006	0.1051585690803658	-0.12780542390391975	0.11778935740630421	-0.1347396531332642	0.16181678966905383	-0.15670114533972776	0.18802865706096208	-0.1927914177751196	0.06793748885111896	-0.5664459124160202	1.0000000000000007	-0.46015889009686106	0.1689510326562809	-0.07499712879487265	0.24875225057286532	-0.5239103321677097	0.2949214210000764	-0.18354769126067977	0.07974341656316145	-0.09593247925134642	0.1577236267783543	-0.13562974533779223	0.13765232360024093	-0.06717183158795377	0.10256929994668842	-0.12907291498911935	0.07962586143811294	-0.07910969467840112	0.06431104641887245	-0.10313318608091024	0.0891453944614886	-0.07343497072826449	0.06395484446747124	-0.055128758547213455
0.10418259694945774	-0.09627122341359852	0.16541068268506154	-0.15432182096762365	0.1501589784249647	-0.1226539544304965	0.12392653431972925	-0.389131760434623	0.24593793185779314	-0.08198035258190645	0.24993116544818594	-0.46015889009686106	0.9999999999999984	-0.34519289120864305	0.08758937854773076	-0.25518662941011516	0.29676127818406983	-0.5357357530946394	0.24957254447806085	-0.08873748362824453	0.096833827405537	-0.16101981270694032	0.14649128906709408	-0.15425500776530074	0.07371426425911416	-0.10623056808482421	0.12913540620305164	-0.08393965626396438	0.08340107995077797	-0.06894891683516033	0.10533645745222317	-0.09262204041649202	0.0767071541795738	-0.06785434714580005	0.05858806575143973
-0.06829148606492574	0.06118755292559427	-0.10254223739926738	0.09869863066553905	-0.10647053133710556	0.07530226036346957	-0.08120611405907022	0.16154786693911424	-0.1853634983537496	0.06482683291246678	-0.15787552270048258	0.1689510326562809	-0.34519289120864305	0.999999999999999	-0.07170938163039312	0.16012931568272332	-0.17161070749161778	0.21474079232933352	-0.8663518408312464	0.07083280040377304	-0.06311062163886777	0.10007998774155544	-0.09352049560324562	0.10135068029331344	-0.05943052809807126	0.06899637617130619	-0.08764099491156112	0.05694211719190414	-0.057606547015366896	0.04880146200418865	-0.07239946998003946	0.06259320596266146	-0.05330021212805566	0.0468141078528046	-0.04205283515777436
0.0551903762928943	-0.05191456757913832	0.09880658346821507	-0.12157511188144783	0.21824579319390158	-0.05398640366418635	0.06300176796453605	-0.1295240802847783	0.17169605245853983	-0.9061128134019227	0.09312767556492427	-0.07499712879487265	0.08758937854773076	-0.07170938163039312	0.9999999999999984	-0.13946411981014079	0.07702756699344016	-0.08124943908734196	0.07234584282054332	-0.10052365296173976	0.05252489422923147	-0.0699277577163188	0.06161316240944902	-0.0804526494860858	0.07574192147303524	-0.05931793066637652	0.07069101512408331	-0.049346634676665245	0.05082973083584274	-0.049833388590952696	0.06547401952565786	-0.05602800151003039	0.048867090993288426	-0.043493278601408135	0.042912449579600026
-0.18502087399721656	0.1467334298517926	-0.17488763713863023	0.16730093865178455	-0.28676497796549705	0.18883221161854363	-0.22779926771479952	0.19971177340604057	-0.26840625048328925	0.11813484475606638	-0.43906523305068423	0.24875225057286532	-0.25518662941011516	0.16012931568272332	-0.13946411981014079	0.9999999999999962	-0.3196100205422048	0.23039585874235832	-0.19719200627858885	0.13250117715647614	-0.3565430779194121	0.22553192571174432	-0.19117104020995063	0.20842912348376877	-0.11597638578021732	0.2499806030479074	-0.26619844165621664	0.14946038935786551	-0.14854362344346406	0.11810526785733025	-0.2723171438786893	0.19014898143449036	-0.15029479191277528	0.12120392622244594	-0.10627374498366546
0.10231393134665848	-0.08984284173151398	0.11808406250935674	-0.11459707249436091	0.14098352942503342	-0.12644236860845467	0.12339895633653782	-0.177846479255966	0.17686388531520722	-0.06941825440099833	0.26906635565201265	-0.5239103321677097	0.29676127818406983	-0.17161070749161778	0.07702756699344016	-0.3196100205422048	0.9999999999999956	-0.6195663319778432	0.17755014399840566	-0.09659939487887624	0.12173672090613043	-0.2658728315962864	0.1908715149817497	-0.18473085735351263	0.08201275450848805	-0.12888597941340055	0.1670033487328304	-0.1020160823129014	0.10038164226464408	-0.07953568703568625	0.12668380121614234	-0.11155178878051919	0.09174106041655748	-0.08006513667364727	0.06805608195983813
-0.09923041779011862	0.0865198440879077	-0.13582636334886575	0.12254984132043119	-0.1400075419726025	0.11229558936491142	-0.11939382514827257	0.2032723931143316	-0.21782963840080344	0.07336828998525241	-0.2554032153197983	0.2949214210000764	-0.5357357530946394	0.21474079232933352	-0.08124943908734196	0.23039585874235832	-0.6195663319778432	0.9999999999999937	-0.2735775003236363	0.09078537102350123	-0.10135203671569172	0.19794280762013275	-0.2322838256785571	0.17416555060808256	-0.07906216199894364	0.10608526019342986	-0.15294311267285016	0.09318048111388941	-0.0943296679272432	0.07310476666845735	-0.11442284413178481	0.09844274468561502	-0.08469835582720064	0.07333960325754522	-0.06332540443162706
0.07151353567200205	-0.06492340914860655	0.10192596513264064	-0.10351704205307682	0.11540262340145173	-0.08054606103789273	0.08473542786125465	-0.1641285227704643	0.1644884629611678	-0.06706224043622636	0.15794993877581293	-0.18354769126067977	0.24957254447806085	-0.8663518408312464	0.07234584282054332	-0.19719200627858885	0.17755014399840566	-0.2735775003236363	0.9999999999999926	-0.08732996933706032	0.07502503041705293	-0.11796138219928931	0.1070674021565339	-0.12332771607862236	0.06987639850875944	-0.08313855100160024	0.10069001322115986	-0.06716399287122019	0.06751979723695156	-0.05799331023126525	0.08403658226317232	-0.07387569699160454	0.06227929967163242	-0.05537939700839918	0.04938963763059527
-0.05263777612791704	0.044170134551395596	-0.06234869213579358	0.0625317689026359	-0.11203117605365577	0.05370434774842151	-0.06328564306953359	0.07415960504978378	-0.09745237219011631	0.0795492650758272	-0.11042971662647881	0.07974341656316145	-0.08873748362824453	0.07083280040377304	-0.10052365296173976	0.13250117715647614	-0.09659939487887624	0.09078537102350123	-0.08732996933706032	0.9999999999999917	-0.0798159566346443	0.13303063194091463	-0.15306134983406244	0.2091130532771976	-0.8723977136134244	0.08434918854954095	-0.1721206340108259	0.13274844487914372	-0.1662765188094514	0.2089509206993054	-0.15091305832756363	0.11929232218624904	-0.15602250897225703	0.13640012823262182	-0.20163415891607428
0.06265592210790243	-0.05106036813360056	0.06374750515987815	-0.061868885955486265	0.10372244762844043	-0.06507483037348506	0.07645171897691311	-0.07553591272724507	0.0970865236106089	-0.044897329778194876	0.14125023482584198	-0.09593247925134642	0.096833827405537	-0.06311062163886777	0.05252489422923147	-0.3565430779194121	0.12173672090613043	-0.10135203671569172	0.07502503041705293	-0.0798159566346443	0.9999999999999922	-0.2248500888164271	0.13693906440801942	-0.14824099990022654	0.06874173049317156	-0.8515687936286156	0.19490551410579895	-0.10560592103671029	0.09694402107059584	-0.07523982771157922	0.180189105231977	-0.14804040834391452	0.09621598417604427	-0.08016874769182565	0.06526642984404925
-0.07975030216295345	0.0664217017666179	-0.08751960063103029	0.08441203969668463	-0.12920086206798165	0.08546613930979112	-0.09684495941114514	0.11102579218325075	-0.1348748547822212	0.06046674074081161	-0.1875059844290592	0.1577236267783543	-0.16101981270694032	0.10007998774155544	-0.0699277577163188	0.22553192571174432	-0.2658728315962864	0.19794280762013275	-0.11796138219928931	0.13303063194091463	-0.2248500888164271	0.9999999999999921	-0.6141305849275712	0.30160141939677676	-0.12635696775504787	0.19200749627458175	-0.5058858779356598	0.1948048512057156	-0.19413517523685878	0.12667525561816412	-0.2242648773910661	0.194583829990464	-0.17002904533725796	0.13690824942810773	-0.11411902377220695
0.06551223103543119	-0.055489319423860484	0.07568646907856656	-0.07355079246028229	0.10926840484636705	-0.07070441650365467	0.07911171410190136	-0.10000087584668703	0.11638351943393416	-0.05373087984646453	0.14939164885679057	-0.13562974533779223	0.14649128906709408	-0.09352049560324562	0.06161316240944902	-0.19117104020995063	0.1908715149817497	-0.2322838256785571	0.1070674021565339	-0.15306134983406244	0.13693906440801942	-0.6141305849275712	0.9999999999999897	-0.6193825743212841	0.1410260622311943	-0.14148748953053136	0.26329525222322586	-0.18348929661327296	0.1857347939404346	-0.12644290576142547	0.16414980259503176	-0.15081123165811008	0.14501795495338066	-0.1315832557936239	0.10756707471947075
-0.08193848618828567	0.0679946408736943	-0.09125141950007075	0.08828881689428274	-0.14245364123515844	0.08538366377641488	-0.0993176728577324	0.11203781225758565	-0.1419619012875311	0.06865103882371201	-0.18260206942730137	0.13765232360024093	-0.15425500776530074	0.10135068029331344	-0.0804526494860858	0.20842912348376877	-0.18473085735351263	0.17416555060808256	-0.12332771607862236	0.2091130532771976	-0.14824099990022654	0.30160141939677676	-0.6193825743212841	0.9999999999999912	-0.26344220512625116	0.14862265353179832	-0.3533915775737779	0.23291886271566564	-0.3535496013915822	0.18150267311489818	-0.23861316275711186	0.19157429175931817	-0.21526022052623608	0.18734395946099347	-0.1660099400555666
0.042595877784761815	-0.035953852267850285	0.05062283122271346	-0.0510600306322951	0.08886966905748145	-0.0438494591694624	0.051161305460030136	-0.061291628371677016	0.07843280515208664	-0.06607365970030164	0.08973194528202996	-0.06717183158795377	0.07371426425911416	-0.05943052809807126	0.07574192147303524	-0.11597638578021732	0.08201275450848805	-0.07906216199894364	0.06987639850875944	-0.8723977136134244	0.06874173049317156	-0.12635696775504787	0.1410260622311943	-0.26344220512625116	0.999999999999989	-0.07363531511889193	0.1447588629761029	-0.12346096762594799	0.15308640477078922	-0.27636405369669403	0.12120338052121941	-0.10328924775829279	0.1333404811906113	-0.13004000961436832	0.17947393679435306
-0.07095077719914969	0.05743611737777441	-0.07163765752892207	0.06929051009505402	-0.11824940692337604	0.07269500652188454	-0.08668493058166	0.083574253145309	-0.10950700223739655	0.05048957979598314	-0.15805189719990734	0.10256929994668842	-0.10623056808482421	0.06899637617130619	-0.05931793066637652	0.2499806030479074	-0.12888597941340055	0.10608526019342986	-0.08313855100160024	0.08434918854954095	-0.8515687936286156	0.19200749627458175	-0.14148748953053136	0.14862265353179832	-0.07363531511889193	0.9999999999999893	-0.2513878366520711	0.11723099980929537	-0.10850021532436843	0.08198739852627228	-0.251365344129062	0.16832080091426535	-0.1105401709768943	0.08853997049893014	-0.07258625565857799
0.07308896569013607	-0.061361855117091996	0.08105720386407857	-0.07995863775303629	0.13082757861273467	-0.0774088987934921	0.08828896017722677	-0.09996182598037047	0.12250508833449923	-0.06110470803558031	0.16082509958365362	-0.12907291498911935	0.12913540620305164	-0.08764099491156112	0.07069101512408331	-0.26619844165621664	0.1670033487328304	-0.15294311267285016	0.10069001322115986	-0.1721206340108259	0.19490551410579895	-0.5058858779356598	0.26329525222322586	-0.3533915775737779	0.1447588629761029	-0.2513878366520711	0.999999999999989	-0.40792311344333154	0.2474153109872788	-0.17806734112239703	0.2764645280425193	-0.40616749037948086	0.2415600286153145	-0.2031058971544866	0.1495611265245379
-0.04893289611803451	0.0407450149669694	-0.05417631866524602	0.0531493848599095	-0.08945594596909573	0.05093883081439917	-0.059186552444973485	0.06537170389949994	-0.08268082270948236	0.04229717569595346	-0.10659559247063614	0.07962586143811294	-0.08393965626396438	0.05694211719190414	-0.049346634676665245	0.14946038935786551	-0.1020160823129014	0.09318048111388941	-0.06716399287122019	0.13274844487914372	-0.10560592103671029	0.1948048512057156	-0.18348929661327296	0.23291886271566564	-0.12346096762594799	0.11723099980929537	-0.40792311344333154	0.9999999999999898	-0.6097583713793485	0.20945431760369274	-0.2083406026550726	0.2116831294181632	-0.5304580637256631	0.28939329210150366	-0.20300724528640363
0.047992185259166084	-0.04013270788688064	0.053758892065922735	-0.05295481060588434	0.08889694444275113	-0.050081441402163786	0.05796356688198196	-0.065250588790817	0.08196898958546071	-0.04371410099604059	0.10412648973108819	-0.07910969467840112	0.08340107995077797	-0.057606547015366896	0.05082973083584274	-0.14854362344346406	0.10038164226464408	-0.0943296679272432	0.06751979723695156	-0.1662765188094514	0.09694402107059584	-0.19413517523685878	0.1857347939404346	-0.3535496013915822	0.15308640477078922	-0.10850021532436843	0.2474153109872788	-0.6097583713793485	0.9999999999999883	-0.3409106840740604	0.1759824897217032	-0.18239298201723497	0.3126776182587555	-0.4718720267796076	0.247183370966678
-0.041878934805729226	0.0348691387705531	-0.047148395878067434	0.04655966005658797	-0.08176177020629145	0.04305816400430706	-0.050561850515884105	0.0558435197634232	-0.07212683292577642	0.042365256266303566	-0.0892189330112704	0.06431104641887245	-0.06894891683516033	0.04880146200418865	-0.049833388590952696	0.11810526785733025	-0.07953568703568625	0.07310476666845735	-0.05799331023126525	0.2089509206993054	-0.07523982771157922	0.12667525561816412	-0.12644290576142547	0.18150267311489818	-0.27636405369669403	0.08198739852627228	-0.17806734112239703	0.20945431760369274	-0.3409106840740604	0.9999999999999883	-0.16180389445211157	0.1432474374077225	-0.28191143520048983	0.2847823946737125	-0.7690088525773442
0.06576042618564404	-0.05487913064337416	0.07244653631503567	-0.0717066125335666	0.12564096737771768	-0.06842281442352077	0.0794108045685129	-0.08575810911089662	0.10850879263688039	-0.056188172244605886	0.14136611779958302	-0.10313318608091024	0.10533645745222317	-0.07239946998003946	0.06547401952565786	-0.2723171438786893	0.12668380121614234	-0.11442284413178481	0.08403658226317232	-0.15091305832756363	0.180189105231977	-0.2242648773910661	0.16414980259503176	-0.23861316275711186	0.12120338052121941	-0.251365344129062	0.2764645280425193	-0.2083406026550726	0.1759824897217032	-0.16180389445211157	0.9999999999999889	-0.7728183499557548	0.2160005129151359	-0.1848301582404708	0.13187224152812085
-0.05796465501566543	0.04795477236344736	-0.06288778820257032	0.06171036180556833	-0.10737334309072269	0.059864613080803694	-0.0702116075383502	0.07420414169656217	-0.09526875676141883	0.047818992639486586	-0.12535768239872405	0.0891453944614886	-0.09262204041649202	0.06259320596266146	-0.05602800151003039	0.19014898143449036	-0.11155178878051919	0.09844274468561502	-0.07387569699160454	0.11929232218624904	-0.14804040834391452	0.194583829990464	-0.15081123165811008	0.19157429175931817	-0.10328924775829279	0.16832080091426535	-0.40616749037948086	0.2116831294181632	-0.18239298201723497	0.1432474374077225	-0.7728183499557548	0.9999999999999885	-0.3066099004657231	0.1794847182964815	-0.13175022523032295
0.045782880994312936	-0.038257069048769535	0.051139492802914036	-0.05052429303066305	0.0866910959994503	-0.04760918182185725	0.055274123895070526	-0.06134635188125377	0.07753682835179261	-0.04203011932348355	0.09854852395367877	-0.07343497072826449	0.0767071541795738	-0.05330021212805566	0.048867090993288426	-0.15029479191277528	0.09174106041655748	-0.08469835582720064	0.06227929967163242	-0.15602250897225703	0.09621598417604427	-0.17002904533725796	0.14501795495338066	-0.21526022052623608	0.1333404811906113	-0.1105401709768943	0.2415600286153145	-0.5304580637256631	0.3126776182587555	-0.28191143520048983	0.2160005129151359	-0.3066099004657231	0.9999999999999885	-0.6113634224495196	0.2406944746815337
-0.04074691672489571	0.033897511404756886	-0.04530201293873226	0.04456820571127533	-0.07682783098493141	0.04212815022712358	-0.04925364799347902	0.05401669608382462	-0.06910309179139631	0.03716902722461733	-0.08770334844024108	0.06395484446747124	-0.06785434714580005	0.0468141078528046	-0.043493278601408135	0.12120392622244594	-0.08006513667364727	0.07333960325754522	-0.05537939700839918	0.13640012823262182	-0.08016874769182565	0.13690824942810773	-0.1315832557936239	0.18734395946099347	-0.13004000961436832	0.08853997049893014	-0.2031058971544866	0.28939329210150366	-0.4718720267796076	0.2847823946737125	-0.1848301582404708	0.1794847182964815	-0.6113634224495196	0.9999999999999885	-0.47274229846707705
0.035198065800316494	-0.029445609905706556	0.03993091379974664	-0.03962511998198619	0.0690811890892798	-0.03636781657058164	0.04243878992133203	-0.04765085225206943	0.060842492555281846	-0.03694128169923511	0.07493397838376539	-0.055128758547213455	0.05858806575143973	-0.04205283515777436	0.042912449579600026	-0.10627374498366546	0.06805608195983813	-0.06332540443162706	0.04938963763059527	-0.20163415891607428	0.06526642984404925	-0.11411902377220695	0.10756707471947075	-0.1660099400555666	0.17947393679435306	-0.07258625565857799	0.1495611265245379	-0.20300724528640363	0.247183370966678	-0.7690088525773442	0.13187224152812085	-0.13175022523032295	0.2406944746815337	-0.47274229846707705	0.9999999999999885
