1.0	-0.3383887036013138	0.12921820098957765	-0.1180265107672554	0.057068610029466824	-0.8254909286255134	0.26259914572432136	-0.18678472393419013	0.13063495817987097	-0.06290865737107486	0.255437292485683	-0.28569330581333535	0.1466811327063218	-0.13092802254274302	0.12282806390829165	-0.03299777992341309	0.03174519460412652	-0.06594366457709869	0.0397597222901917	-0.03811961434209638	0.016461976298062207	-0.017608595502410732	0.06737817643229738	-0.03531308867192395	0.028051047682658536	-0.01222318608005177	0.013726563057722782	-0.025361305951683153	0.02498872781380564	-0.019542881171167748	0.010763999854845066	-0.010477358299732025	0.027270758218297844	-0.022314317683172	0.025013087776041477
-0.3383887036013138	0.9999999999999998	-0.32212160919673355	0.20359644740739397	-0.09731012365470684	0.24953013172170602	-0.6787243076785029	0.2752779810943447	-0.2451545252568667	0.0998634348120258	-0.33027963053082965	0.26656425053928473	-0.2502614568782733	0.19398325764844312	-0.18559950174491144	0.041843652121839464	-0.0418064052268292	0.101551493948025	-0.05876471781158642	0.055436515460431185	-0.0243712167947517	0.02579658718204461	-0.1119927267531072	0.05024021491906169	-0.04072377426545198	0.017889904747272967	-0.020353192262147105	0.038814119329883594	-0.03661132111497478	0.028185471486411227	-0.01585725761411242	0.015399018859620969	-0.042563150602086666	0.032184167859032456	-0.0363317919474132
0.12921820098957765	-0.32212160919673355	0.9999999999999996	-0.7667395017014932	0.17473777166011592	-0.10888059375001767	0.19846543572514183	-0.3194645422184439	0.26674211977285295	-0.19810150893637762	0.1518425346087126	-0.15417732035682022	0.20151216747763115	-0.23481575304219146	0.1624633258568698	-0.02823841514677904	0.027833838822151773	-0.08216908728949951	0.05326565260744473	-0.052008016656778386	0.017785807594934113	-0.019012470572576844	0.08471052120444006	-0.042296749869741364	0.033602994208467823	-0.013376740829440141	0.01519332302332857	-0.03012449171584475	0.029723665891950295	-0.023313431939793572	0.011813326982644663	-0.01158162497021576	0.032515985350416575	-0.026349442290039278	0.029545656832286597
-0.1180265107672554	0.20359644740739397	-0.7667395017014932	0.9999999999999997	-0.2636816165426536	0.09413765146446611	-0.1663602542802364	0.22009706612783086	-0.4061457494702425	0.20227833005995402	-0.14154211500521963	0.13193905194894728	-0.19253322204479248	0.21703952873419	-0.16347893442038508	0.02590020250600263	-0.02571590461070082	0.07608003038605085	-0.05084466589497454	0.048973571450810646	-0.01676862242228429	0.017851746141625595	-0.0817735243013023	0.039079857318643454	-0.03135342727535872	0.012533126231614976	-0.014286478528831687	0.02839631888227362	-0.027754555201164946	0.021678145848287225	-0.011092035708844358	0.010855807673840702	-0.030902463593326265	0.0244646073454141	-0.027534321251228712
0.057068610029466824	-0.09731012365470684	0.17473777166011592	-0.2636816165426536	0.9999999999999993	-0.04633479543167516	0.07467311533678529	-0.10029442665931827	0.14852426532534937	-0.9233364292590459	0.07054210038338106	-0.06854297256942107	0.08810108298980075	-0.11408327500970009	0.13587725401896544	-0.013938213550475516	0.013706082808930556	-0.039213093580777056	0.034546875493436706	-0.03487763444553915	0.00913188049019731	-0.009757186580503823	0.041246711848619645	-0.025528058809638838	0.020448974842263042	-0.007067071683971359	0.00800502450397869	-0.016036086687867497	0.017519557675157352	-0.014108305564098072	0.006261820011465033	-0.006161746565558541	0.01730150518008481	-0.01564316398255923	0.017712112196576896
-0.8254909286255134	0.24953013172170602	-0.10888059375001767	0.09413765146446611	-0.04633479543167516	0.9999999999999988	-0.34229438233722476	0.16039643131284617	-0.1130724708569208	0.05016680474376342	-0.3476983655144643	0.2413718198555254	-0.13278933443193955	0.10764053015243213	-0.10080567099228782	0.02901104371529773	-0.028228413364103783	0.05658407467211046	-0.032617156267330936	0.031088455917719793	-0.01411841021716659	0.015037923965414942	-0.05910595202975524	0.028751368270891937	-0.022961028206908124	0.010310453460739917	-0.011620555631919697	0.021392533129250463	-0.02057759999840094	0.01597267579338326	-0.009083915974807542	0.008816354876985257	-0.023142018784872063	0.018269153257094384	-0.020498336997383824
0.26259914572432136	-0.6787243076785029	0.19846543572514183	-0.1663602542802364	0.07467311533678529	-0.34229438233722476	0.9999999999999987	-0.4098117275786691	0.18974919972331095	-0.08092494643540497	0.2699897126425854	-0.36464084607894964	0.2309086596750577	-0.17698192703128707	0.14256360994559145	-0.036881627945401986	0.03643047486196577	-0.0907989949925195	0.0475927744033207	-0.04548997119240846	0.020186334260499494	-0.02152869789908969	0.09372547798937862	-0.04138762788588246	0.032965536146322	-0.014753541090917945	0.01674297759348602	-0.03204540675161304	0.029800567566922603	-0.02292910282521992	0.013003171107174779	-0.012664213679931112	0.03471395975123713	-0.02628905337121208	0.029402256844040825
-0.18678472393419013	0.2752779810943447	-0.3194645422184439	0.22009706612783086	-0.10029442665931827	0.16039643131284617	-0.4098117275786691	0.9999999999999982	-0.3678016240986233	0.10507956866670735	-0.23164514819932294	0.23245399453309254	-0.6282804901435598	0.28053681829080734	-0.18749037979406843	0.04486649469016705	-0.045245536575794824	0.15640471500318703	-0.06633770684723597	0.06285693629219573	-0.029497229009103093	0.031381372838753134	-0.17028488009087878	0.05721060563777478	-0.045505928188026436	0.02110541437571414	-0.024337421489946078	0.04937659531183952	-0.042213015868622285	0.031632389112097356	-0.018594520563502748	0.018171629964958996	-0.0540462432555311	0.0366004537652189	-0.04066918889320345
0.13063495817987097	-0.2451545252568667	0.26674211977285295	-0.4061457494702425	0.14852426532534937	-0.1130724708569208	0.18974919972331095	-0.3678016240986233	0.9999999999999989	-0.17442299396238542	0.16656858072167446	-0.18153760420646115	0.2796909910876285	-0.6595369164588386	0.23003592112678645	-0.03584488762385116	0.03519837168628735	-0.11205331346895404	0.0838202404476401	-0.0830709400749874	0.02301440041618777	-0.024693202578474748	0.11166047659812038	-0.05907430005368382	0.04666558904714784	-0.017429248064922343	0.019803307358840467	-0.04001679481129681	0.04068171288161555	-0.03232037596218273	0.015363816599250495	-0.015124063418842489	0.042917460661360735	-0.036075189436320154	0.040377269946989355
-0.06290865737107486	0.0998634348120258	-0.19810150893637762	0.20227833005995402	-0.9233364292590459	0.05016680474376342	-0.08092494643540497	0.10507956866670735	-0.17442299396238542	0.999999999999999	-0.07771551989135658	0.07297508630246623	-0.09729282723441202	0.12005231331496427	-0.16879652979138202	0.015044052368521002	-0.01484779172623413	0.04256233061190265	-0.037980755803608934	0.0378987659622896	-0.009919565914402757	0.01057824106355689	-0.0454478372978902	0.02710612277247066	-0.02186071303946634	0.007628658829833922	-0.008658463668586122	0.017339978508442908	-0.018736754540209625	0.01503936903731052	-0.006764056793427568	0.006647519779930486	-0.018784582698630606	0.016653750327255783	-0.018892820585763283
0.255437292485683	-0.33027963053082965	0.1518425346087126	-0.14154211500521963	0.07054210038338106	-0.3476983655144643	0.2699897126425854	-0.23164514819932294	0.16656858072167446	-0.07771551989135658	1.0000000000000016	-0.7653589467974697	0.2096233396869679	-0.17840870153330754	0.16231299478941433	-0.06566571195825739	0.061125167925540874	-0.09427190726846955	0.053396967203873255	-0.05123163323290579	0.025334318863081365	-0.027061150314840264	0.09442219159013591	-0.04804965938087858	0.03801873112252568	-0.018074339115490418	0.020208621108463474	-0.03523912493966403	0.03408041595154929	-0.026544191893092952	0.01582473568231053	-0.015289089256092184	0.03778914142281957	-0.0304433066114326	0.0339963353114681
-0.28569330581333535	0.26656425053928473	-0.15417732035682022	0.13193905194894728	-0.06854297256942107	0.2413718198555254	-0.36464084607894964	0.23245399453309254	-0.18153760420646115	0.07297508630246623	-0.7653589467974697	1.0000000000000024	-0.29328425105427164	0.17727823999384104	-0.1653851941888034	0.061313418965170056	-0.0629218523592715	0.10409263573996448	-0.05384083674573357	0.05080152334600295	-0.026480934744288195	0.028072365187592187	-0.11058908465738415	0.04730587932810685	-0.037977933037687484	0.018552250395316702	-0.020972202709305172	0.0374065036542265	-0.034453904781751025	0.02639105187757761	-0.01630597981365607	0.01570860662054901	-0.04072519703944411	0.030327150342469217	-0.03400663272198029
0.1466811327063218	-0.2502614568782733	0.20151216747763115	-0.19253322204479248	0.08810108298980075	-0.13278933443193955	0.2309086596750577	-0.6282804901435598	0.2796909910876285	-0.09729282723441202	0.2096233396869679	-0.29328425105427164	1.0000000000000027	-0.48390503124140777	0.18899818782429106	-0.05278233416767146	0.05240433248980589	-0.26387423561174195	0.0744422967648723	-0.072113512506482	0.032879361296815894	-0.035581337511013195	0.19575509218751674	-0.0642032123740629	0.04955152682573842	-0.02349946108006268	0.02702515492529612	-0.05622785962820367	0.04636900947974939	-0.03467228035541287	0.02050701184637288	-0.020178673430069276	0.05957872479282976	-0.040334364027450456	0.044136898973335094
-0.13092802254274302	0.19398325764844312	-0.23481575304219146	0.21703952873419	-0.11408327500970009	0.10764053015243213	-0.17698192703128707	0.28053681829080734	-0.6595369164588386	0.12005231331496427	-0.17840870153330754	0.17727823999384104	-0.48390503124140777	1.0000000000000033	-0.33467892723246717	0.03934773085988079	-0.03940178674285165	0.13639271608893766	-0.110333380915994	0.09993730073565732	-0.02658385171612075	0.028355848965155653	-0.14572101382077507	0.06454077999343519	-0.0517752242324139	0.01959462609694611	-0.022507444361793097	0.04635730779952321	-0.04524371079273039	0.03552227551066396	-0.017284147135374406	0.016984814100519552	-0.05040578668055702	0.03941929628933695	-0.044258361438156396
0.12282806390829165	-0.18559950174491144	0.1624633258568698	-0.16347893442038508	0.13587725401896544	-0.10080567099228782	0.14256360994559145	-0.18749037979406843	0.23003592112678645	-0.16879652979138202	0.16231299478941433	-0.1653851941888034	0.18899818782429106	-0.33467892723246717	1.0000000000000053	-0.03796834637977757	0.036805366817853166	-0.10226891991349099	0.1655757728324752	-0.20100448076848404	0.02611789579326155	-0.028110776663506542	0.10416274318179103	-0.1079427670088185	0.0864370919893746	-0.021693928417045948	0.02438367804496147	-0.05086786023488146	0.06960949567750951	-0.05933040143200988	0.019265379738443715	-0.019214838490177036	0.054048320089843706	-0.06323325132351475	0.07219040547127527
-0.03299777992341309	0.041843652121839464	-0.02823841514677904	0.02590020250600263	-0.013938213550475516	0.02901104371529773	-0.036881627945401986	0.04486649469016705	-0.03584488762385116	0.015044052368521002	-0.06566571195825739	0.061313418965170056	-0.05278233416767146	0.03934773085988079	-0.03796834637977757	1.0000000000000042	-0.9683582968431804	0.10692282252993847	-0.020206895031475335	0.01902098574927497	-0.12080145960872876	0.11750193065865337	-0.11241067185069054	0.02967863738796502	-0.02303324358774116	0.05616214369504878	-0.061823754312803375	0.03859222284381585	-0.024429773292559874	0.01675444594232878	-0.04699144177723955	0.04056127068799659	-0.04186143235932372	0.021275037976182284	-0.02232079584256178
0.03174519460412652	-0.0418064052268292	0.027833838822151773	-0.02571590461070082	0.013706082808930556	-0.028228413364103783	0.03643047486196577	-0.045245536575794824	0.03519837168628735	-0.01484779172623413	0.061125167925540874	-0.0629218523592715	0.05240433248980589	-0.03940178674285165	0.036805366817853166	-0.9683582968431804	1.0000000000000047	-0.12038473451688254	0.019688558303108797	-0.018665701281080232	0.10779063065896123	-0.13107339174438962	0.10458918057890974	-0.028389553053861448	0.021675202546776386	-0.05373394949184148	0.057655486117350406	-0.03652732784898222	0.022963154418377447	-0.01581631403916136	0.043214501323856166	-0.03876836362418186	0.03865610040746188	-0.0200806951554159	0.020916647160316253
-0.06594366457709869	0.101551493948025	-0.08216908728949951	0.07608003038605085	-0.039213093580777056	0.05658407467211046	-0.0907989949925195	0.15640471500318703	-0.11205331346895404	0.04256233061190265	-0.09427190726846955	0.10409263573996448	-0.26387423561174195	0.13639271608893766	-0.10226891991349099	0.10692282252993847	-0.12038473451688254	1.0000000000000044	-0.07638026214801655	0.06869510852460903	-0.07768940008785699	0.08370357462438048	-0.8889473516422243	0.10005299878047688	-0.07527112816288349	0.0493671916427615	-0.05928116336857983	0.13474721680410057	-0.08147305722280572	0.05315225336623993	-0.04261119358676517	0.04193646244796798	-0.14644977271164544	0.06635114715694276	-0.07002287594352688
0.0397597222901917	-0.05876471781158642	0.05326565260744473	-0.05084466589497454	0.034546875493436706	-0.032617156267330936	0.0475927744033207	-0.06633770684723597	0.0838202404476401	-0.037980755803608934	0.053396967203873255	-0.05384083674573357	0.0744422967648723	-0.110333380915994	0.1655757728324752	-0.020206895031475335	0.019688558303108797	-0.07638026214801655	1.0000000000000036	-0.9369188172299274	0.015790238982449273	-0.017186344977713125	0.07306686177723715	-0.17004499842884827	0.1286604682618888	-0.013894039591395319	0.016082464388469254	-0.04255490558232839	0.0885026631175246	-0.08386975404806214	0.012171729341606239	-0.012662448805086553	0.044614193939194316	-0.07275411128182815	0.08283050324595999
-0.03811961434209638	0.055436515460431185	-0.052008016656778386	0.048973571450810646	-0.03487763444553915	0.031088455917719793	-0.04548997119240846	0.06285693629219573	-0.0830709400749874	0.0378987659622896	-0.05123163323290579	0.05080152334600295	-0.072113512506482	0.09993730073565732	-0.20100448076848404	0.01902098574927497	-0.018665701281080232	0.06869510852460903	-0.9369188172299274	1.0000000000000033	-0.01524949097808458	0.016517811848762137	-0.07080071000161835	0.14254132310548173	-0.1471214309362092	0.013423395481049134	-0.015596144314657001	0.04130901948486742	-0.08856063189562242	0.08440592898833553	-0.011803788816821063	0.012265818145883168	-0.044059078068153304	0.0706774420700599	-0.08598099757636998
0.016461976298062207	-0.0243712167947517	0.017785807594934113	-0.01676862242228429	0.00913188049019731	-0.01411841021716659	0.020186334260499494	-0.029497229009103093	0.02301440041618777	-0.009919565914402757	0.025334318863081365	-0.026480934744288195	0.032879361296815894	-0.02658385171612075	0.02611789579326155	-0.12080145960872876	0.10779063065896123	-0.07768940008785699	0.015790238982449273	-0.01524949097808458	1.0000000000000029	-0.8548102756042195	0.08087200374201155	-0.030938656743122638	0.02307029281805868	-0.3816457053156466	0.2467492045476571	-0.06290998836656972	0.028448110495958717	-0.01843970840897809	0.18490411087167885	-0.17838263194633935	0.06283491405946448	-0.02617486993805239	0.024537160109480566
-0.017608595502410732	0.02579658718204461	-0.019012470572576844	0.017851746141625595	-0.009757186580503823	0.015037923965414942	-0.02152869789908969	0.031381372838753134	-0.024693202578474748	0.01057824106355689	-0.027061150314840264	0.028072365187592187	-0.035581337511013195	0.028355848965155653	-0.028110776663506542	0.11750193065865337	-0.13107339174438962	0.08370357462438048	-0.017186344977713125	0.016517811848762137	-0.8548102756042195	1.000000000000004	-0.09899237463938886	0.03409553489056419	-0.025809658750875316	0.2613005986534029	-0.34504825518517673	0.07171633210013328	-0.03219728087982215	0.020607337638820923	-0.20958801525540044	0.1752027848282846	-0.07429442997441126	0.029366521279907673	-0.02766951433779412
0.06737817643229738	-0.1119927267531072	0.08471052120444006	-0.0817735243013023	0.041246711848619645	-0.05910595202975524	0.09372547798937862	-0.17028488009087878	0.11166047659812038	-0.0454478372978902	0.09442219159013591	-0.11058908465738415	0.19575509218751674	-0.14572101382077507	0.10416274318179103	-0.11241067185069054	0.10458918057890974	-0.8889473516422243	0.07306686177723715	-0.07080071000161835	0.08087200374201155	-0.09899237463938886	1.0000000000000036	-0.11961044645979631	0.0782860301666606	-0.05380059718972083	0.06326757830924697	-0.17523964739841597	0.08640266853280182	-0.0565161320320255	0.04481490890902337	-0.04546396312614352	0.14505348805881582	-0.07147291597571179	0.07233081359644156
-0.03531308867192395	0.05024021491906169	-0.042296749869741364	0.039079857318643454	-0.025528058809638838	0.028751368270891937	-0.04138762788588246	0.05721060563777478	-0.05907430005368382	0.02710612277247066	-0.04804965938087858	0.04730587932810685	-0.0642032123740629	0.06454077999343519	-0.1079427670088185	0.02967863738796502	-0.028389553053861448	0.10005299878047688	-0.17004499842884827	0.14254132310548173	-0.030938656743122638	0.03409553489056419	-0.11961044645979631	1.0000000000000044	-0.5790154403092422	0.03375789953772213	-0.040627624335338314	0.13941493430645818	-0.5727541747299664	0.3087822829663947	-0.02970758258502977	0.03279527766000925	-0.15213822539621977	0.2885612876277246	-0.3906429921761303
0.028051047682658536	-0.04072377426545198	0.033602994208467823	-0.03135342727535872	0.020448974842263042	-0.022961028206908124	0.032965536146322	-0.045505928188026436	0.04666558904714784	-0.02186071303946634	0.03801873112252568	-0.037977933037687484	0.04955152682573842	-0.0517752242324139	0.0864370919893746	-0.02303324358774116	0.021675202546776386	-0.07527112816288349	0.1286604682618888	-0.1471214309362092	0.02307029281805868	-0.025809658750875316	0.0782860301666606	-0.5790154403092422	1.0000000000000042	-0.026022491223363645	0.030521025218284925	-0.10625850607405951	0.28643565134261373	-0.6650142415738236	0.022339111202525505	-0.025080572767738774	0.10474737769124896	-0.29290512881390796	0.28939462997948856
-0.01222318608005177	0.017889904747272967	-0.013376740829440141	0.012533126231614976	-0.007067071683971359	0.010310453460739917	-0.014753541090917945	0.02110541437571414	-0.017429248064922343	0.007628658829833922	-0.018074339115490418	0.018552250395316702	-0.02349946108006268	0.01959462609694611	-0.021693928417045948	0.05616214369504878	-0.05373394949184148	0.0493671916427615	-0.013894039591395319	0.013423395481049134	-0.3816457053156466	0.2613005986534029	-0.05380059718972083	0.03375789953772213	-0.026022491223363645	1.0000000000000049	-0.619711648037949	0.09305159727875795	-0.03589240747627873	0.022024278370362447	-0.5699575150329104	0.3151744221129762	-0.09820226458600394	0.03354694517431479	-0.029991742045386873
0.013726563057722782	-0.020353192262147105	0.01519332302332857	-0.014286478528831687	0.00800502450397869	-0.011620555631919697	0.01674297759348602	-0.024337421489946078	0.019803307358840467	-0.008658463668586122	0.020208621108463474	-0.020972202709305172	0.02702515492529612	-0.022507444361793097	0.02438367804496147	-0.061823754312803375	0.057655486117350406	-0.05928116336857983	0.016082464388469254	-0.015596144314657001	0.2467492045476571	-0.34504825518517673	0.06326757830924697	-0.040627624335338314	0.030521025218284925	-0.619711648037949	1.0000000000000049	-0.14058379351547015	0.04385019176537392	-0.026416210094006454	0.322238277733531	-0.5808611930917421	0.12191176802520512	-0.04105186108003111	0.0353619642266911
-0.025361305951683153	0.038814119329883594	-0.03012449171584475	0.02839631888227362	-0.016036086687867497	0.021392533129250463	-0.03204540675161304	0.04937659531183952	-0.04001679481129681	0.017339978508442908	-0.03523912493966403	0.0374065036542265	-0.05622785962820367	0.04635730779952321	-0.05086786023488146	0.03859222284381585	-0.03652732784898222	0.13474721680410057	-0.04255490558232839	0.04130901948486742	-0.06290998836656972	0.07171633210013328	-0.17523964739841597	0.13941493430645818	-0.10625850607405951	0.09305159727875795	-0.14058379351547015	1.0000000000000044	-0.21242743336294093	0.09977382601362582	-0.07856692673458465	0.09818831146958296	-0.9087750827411312	0.17040148427124233	-0.13580021375451892
0.02498872781380564	-0.03661132111497478	0.029723665891950295	-0.027754555201164946	0.017519557675157352	-0.02057759999840094	0.029800567566922603	-0.042213015868622285	0.04068171288161555	-0.018736754540209625	0.03408041595154929	-0.034453904781751025	0.04636900947974939	-0.04524371079273039	0.06960949567750951	-0.024429773292559874	0.022963154418377447	-0.08147305722280572	0.0885026631175246	-0.08856063189562242	0.028448110495958717	-0.03219728087982215	0.08640266853280182	-0.5727541747299664	0.28643565134261373	-0.03589240747627873	0.04385019176537392	-0.21242743336294093	1.0000000000000044	-0.3883596422464667	0.030268497054770693	-0.035660774885938246	0.17910849270379295	-0.594512930867219	0.3147705121215054
-0.019542881171167748	0.028185471486411227	-0.023313431939793572	0.021678145848287225	-0.014108305564098072	0.01597267579338326	-0.02292910282521992	0.031632389112097356	-0.03232037596218273	0.01503936903731052	-0.026544191893092952	0.02639105187757761	-0.03467228035541287	0.03552227551066396	-0.05933040143200988	0.01675444594232878	-0.01581631403916136	0.05315225336623993	-0.08386975404806214	0.08440592898833553	-0.01843970840897809	0.020607337638820923	-0.0565161320320255	0.3087822829663947	-0.6650142415738236	0.022024278370362447	-0.026416210094006454	0.09977382601362582	-0.3883596422464667	1.000000000000004	-0.019018041984207246	0.021672280370598533	-0.10337695685452322	0.28278649289211244	-0.5429224149834522
0.010763999854845066	-0.01585725761411242	0.011813326982644663	-0.011092035708844358	0.006261820011465033	-0.009083915974807542	0.013003171107174779	-0.018594520563502748	0.015363816599250495	-0.006764056793427568	0.01582473568231053	-0.01630597981365607	0.02050701184637288	-0.017284147135374406	0.019265379738443715	-0.04699144177723955	0.043214501323856166	-0.04261119358676517	0.012171729341606239	-0.011803788816821063	0.18490411087167885	-0.20958801525540044	0.04481490890902337	-0.02970758258502977	0.022339111202525505	-0.5699575150329104	0.322238277733531	-0.07856692673458465	0.030268497054770693	-0.019018041984207246	1.0000000000000044	-0.7218503273844517	0.07899464827306955	-0.0290971001154541	0.025468523252968747
-0.010477358299732025	0.015399018859620969	-0.01158162497021576	0.010855807673840702	-0.006161746565558541	0.008816354876985257	-0.012664213679931112	0.018171629964958996	-0.015124063418842489	0.006647519779930486	-0.015289089256092184	0.01570860662054901	-0.020178673430069276	0.016984814100519552	-0.019214838490177036	0.04056127068799659	-0.03876836362418186	0.04193646244796798	-0.012662448805086553	0.012265818145883168	-0.17838263194633935	0.1752027848282846	-0.04546396312614352	0.03279527766000925	-0.025080572767738774	0.3151744221129762	-0.5808611930917421	0.09818831146958296	-0.035660774885938246	0.021672280370598533	-0.7218503273844517	1.0000000000000038	-0.10821528248061618	0.03402384929691214	-0.029454077796571047
0.027270758218297844	-0.042563150602086666	0.032515985350416575	-0.030902463593326265	0.01730150518008481	-0.023142018784872063	0.03471395975123713	-0.0540462432555311	0.042917460661360735	-0.018784582698630606	0.03778914142281957	-0.04072519703944411	0.05957872479282976	-0.05040578668055702	0.054048320089843706	-0.04186143235932372	0.03865610040746188	-0.14644977271164544	0.044614193939194316	-0.044059078068153304	0.06283491405946448	-0.07429442997441126	0.14505348805881582	-0.15213822539621977	0.10474737769124896	-0.09820226458600394	0.12191176802520512	-0.9087750827411312	0.17910849270379295	-0.10337695685452322	0.07899464827306955	-0.10821528248061618	1.000000000000004	-0.21243903092949873	0.13369860312601162
-0.022314317683172	0.032184167859032456	-0.026349442290039278	0.0244646073454141	-0.01564316398255923	0.018269153257094384	-0.02628905337121208	0.0366004537652189	-0.036075189436320154	0.016653750327255783	-0.0304433066114326	0.030327150342469217	-0.040334364027450456	0.03941929628933695	-0.06323325132351475	0.021275037976182284	-0.0200806951554159	0.06635114715694276	-0.07275411128182815	0.0706774420700599	-0.02617486993805239	0.029366521279907673	-0.07147291597571179	0.2885612876277246	-0.29290512881390796	0.03354694517431479	-0.04105186108003111	0.17040148427124233	-0.594512930867219	0.28278649289211244	-0.0290971001154541	0.03402384929691214	-0.21243903092949873	1.0000000000000044	-0.6456744373710456
0.025013087776041477	-0.0363317919474132	0.029545656832286597	-0.027534321251228712	0.017712112196576896	-0.020498336997383824	0.029402256844040825	-0.04066918889320345	0.040377269946989355	-0.018892820585763283	0.0339963353114681	-0.03400663272198029	0.044136898973335094	-0.044258361438156396	0.07219040547127527	-0.02232079584256178	0.020916647160316253	-0.07002287594352688	0.08283050324595999	-0.08598099757636998	0.024537160109480566	-0.02766951433779412	0.07233081359644156	-0.3906429921761303	0.28939462997948856	-0.029991742045386873	0.0353619642266911	-0.13580021375451892	0.3147705121215054	-0.5429224149834522	0.025468523252968747	-0.029454077796571047	0.13369860312601162	-0.6456744373710456	1.0000000000000044
