0.9999999999999998	-0.6822105051078898	0.10393221738573788	-0.07696014024017027	0.07598141750283638	-0.5833353288142521	0.32588201483433443	-0.13185802118379378	0.09490838386021955	-0.06516616890553938	0.1802139849986105	-0.11097587302793938	0.0812320009179409	-0.059991771064391304	0.0639594783304091	-0.22218839678111435	0.0686023555426608	-0.0677482402886482	0.06880012739343994	-0.0553470060161017	0.038188524737941036	-0.06002032306065907	0.05748511136974176	-0.05103727892402945	0.04767172929169017	-0.04363920937460753	0.07181205450498117	-0.0372136459124828	0.03710369512213302	-0.06634544014362448	0.02522430871459411	-0.020614613983700545	0.0321439702133224	-0.029038181096436796	0.029638026503701946	-0.023022273057390366	0.022923547420505612	-0.03184087911574359	0.02700166317194487	-0.03415131337985877
-0.6822105051078898	0.9999999999999996	-0.13169199065391501	0.08610997077039646	-0.08524391946064969	0.31069681928897597	-0.6231619999021182	0.15038548330796553	-0.11166533245028906	0.07000420310276179	-0.12100712998233616	0.08436794518932161	-0.06757228251596951	0.05471306843000556	-0.05940011540652406	0.13346271704557985	-0.05146185186312008	0.05329726382328462	-0.0607011206432401	0.0486871823766268	-0.028957728940822266	0.045214844415859205	-0.04656208335739145	0.04204466051219106	-0.04029813433184313	0.032939497581430624	-0.05748701776955684	0.030024122693627368	-0.030164007690523194	0.05448220308466531	-0.020334252655530318	0.01662202231453845	-0.026024843370586997	0.023532499368065753	-0.024140314489998847	0.018506195011705452	-0.018509105076713377	0.025701091850144166	-0.021886091551508682	0.02768803847962447
0.10393221738573788	-0.13169199065391501	0.9999999999999987	-0.6698637898308768	0.2564346442064749	-0.1332165334709181	0.14779187449480505	-0.5777324538192686	0.29009914021307165	-0.24074882087728716	0.07381336651353286	-0.12564949615873014	0.11019900584623288	-0.11841931533056929	0.12744708884550957	-0.09008309788241178	0.06652643635863288	-0.08300275791247551	0.11058395920699982	-0.1016228177224513	0.03893855898492752	-0.06212245057958295	0.07329462000446661	-0.07299481474205503	0.07280223294128456	-0.045608160948107414	0.08220736902856313	-0.047337316355131026	0.04818582170805844	-0.09788876241406853	0.03136120159206998	-0.025815008006218044	0.04089847662180188	-0.03791832245276376	0.0401765060318373	-0.028873690865421624	0.02872761905179672	-0.041422274031352346	0.03506491280036625	-0.04647317668374454
-0.07696014024017027	0.08610997077039646	-0.6698637898308768	0.9999999999999988	-0.4951110748700378	0.09189923735150748	-0.10487128827863675	0.30050818204819446	-0.4129111456219224	0.2689238152907245	-0.05669590059035366	0.10434663461816494	-0.09522966250954455	0.11868666487951259	-0.13652400375789323	0.06795920663257565	-0.057970063717671834	0.07225857704845673	-0.11063815808601452	0.09793151495751101	-0.034090935404069614	0.05420060901668237	-0.06650109027654812	0.06696185353379092	-0.0687583485472708	0.03975961561658946	-0.07402260407837674	0.0426772090603785	-0.04369838648025816	0.08835768448270606	-0.028245492103340708	0.023247189599050526	-0.03693225803961481	0.034202631107320386	-0.03626509323313643	0.02590371568540394	-0.02588272800542296	0.037179727871224165	-0.03162039357622495	0.0416785187032995
0.07598141750283638	-0.08524391946064969	0.2564346442064749	-0.4951110748700378	0.9999999999999978	-0.09980962309043595	0.10266401684362164	-0.30599894946263495	0.3051386589940585	-0.6950083853273694	0.06547921713645267	-0.13398933616441716	0.1140337851688114	-0.15996903330314352	0.18649674063209584	-0.08025564081662637	0.07208131076225825	-0.09188295529062278	0.13515304817862628	-0.142851144721493	0.04307560359136784	-0.06897682789174339	0.08472029682279693	-0.08960313419541786	0.09203771964300982	-0.05093903146969543	0.09243150701979559	-0.05533205868262668	0.056712599905537134	-0.12145856414872663	0.03628474228970994	-0.029961825461311747	0.047716859961691886	-0.04472220320292375	0.04805163362343198	-0.033519521870171314	0.033312586555391085	-0.04874127393470629	0.041218519231361495	-0.05565040215930039
-0.5833353288142521	0.31069681928897597	-0.1332165334709181	0.09189923735150748	-0.09980962309043595	0.9999999999999991	-0.5978509895537816	0.16025100877580145	-0.1277788002112956	0.08134088146830121	-0.3385524213916581	0.1276713339381756	-0.10042174069770311	0.07307854358625768	-0.07920822129412156	0.23806727108122624	-0.08113221521238811	0.0786578082598832	-0.08476991981100394	0.0659247814292546	-0.04418019321817183	0.068556713476972	-0.06847504611211161	0.05982314227891035	-0.05667186314021245	0.049295213694443396	-0.086677011017741	0.043795346649396626	-0.043850618375389505	0.07611072769454379	-0.029776304091678953	0.024298329427718444	-0.03795217404716502	0.03402759609590148	-0.034517440851563164	0.026949124471731735	-0.027051176801873987	0.03706279720014222	-0.03167744036806915	0.0393983878782796
0.32588201483433443	-0.6231619999021182	0.14779187449480505	-0.10487128827863675	0.10266401684362164	-0.5978509895537816	0.9999999999999977	-0.25264663057210557	0.1395090186680382	-0.08848787131122125	0.17469117376710752	-0.1167774856602845	0.08990885702586317	-0.07070406539945225	0.07526353519668585	-0.20770200512151477	0.06980892558588717	-0.07162074294243263	0.07746159793895768	-0.06271035106844174	0.03876194969435212	-0.06110610147099077	0.061059952471063605	-0.054964413357669155	0.052105447334279985	-0.044225927673910356	0.07476609437942722	-0.039200951991506486	0.03924835375303814	-0.07109476683947924	0.026452612209147103	-0.02163974188627428	0.03385366681052592	-0.030656278186153012	0.031417695822077915	-0.02412369784327039	0.024067131691297032	-0.03352103695972537	0.028476982709907128	-0.03612455310767693
-0.13185802118379378	0.15038548330796553	-0.5777324538192686	0.30050818204819446	-0.30599894946263495	0.16025100877580145	-0.25264663057210557	0.9999999999999973	-0.582619811594517	0.24882484916054237	-0.0895421620698334	0.14574157461327192	-0.15399746118288832	0.1443622478603958	-0.15676695235809726	0.10373207003719079	-0.08010269319066207	0.0996731286701179	-0.13958554390521136	0.11413121993545398	-0.0455542945815268	0.07256436460395858	-0.08764757832788755	0.08403351893866759	-0.08441625686795054	0.05245548623991734	-0.0981005928773166	0.05487358083383719	-0.05591301866172533	0.10792587810888174	-0.03640873788254005	0.029913740221983225	-0.04741249146278295	0.043509066795063674	-0.045527505028749	0.03322220207100541	-0.033300345141904955	0.04719696418332947	-0.040264518150120374	0.05209145420476964
0.09490838386021955	-0.11166533245028906	0.29009914021307165	-0.4129111456219224	0.3051386589940585	-0.1277788002112956	0.1395090186680382	-0.582619811594517	0.9999999999999971	-0.52532616763033	0.07686378982389691	-0.14745762452090436	0.13366006043431708	-0.20262530094807316	0.18985528339694252	-0.09338104065660313	0.07842906103190558	-0.10050785837813583	0.1521763500191576	-0.13942111832779494	0.04580107638337157	-0.07356706636159903	0.08981777911213654	-0.0920523686076611	0.09361557582539769	-0.05366855804195432	0.09798985685513144	-0.057425011869247825	0.0586984226337698	-0.12104480857527447	0.03767780844103378	-0.031074385905240375	0.049434272274783815	-0.04600508150735196	0.0489116495149236	-0.03464869479817208	0.034542964172953806	-0.0499980132867174	0.042417111652126624	-0.056368071029351804
-0.06516616890553938	0.07000420310276179	-0.24074882087728716	0.2689238152907245	-0.6950083853273694	0.08134088146830121	-0.08848787131122125	0.24882484916054237	-0.52532616763033	0.9999999999999978	-0.056549183078903484	0.12062908698034962	-0.110641300365844	0.17249748248635782	-0.2760204593945468	0.06797116679308636	-0.06727070608182863	0.0862134993086156	-0.14501205484693944	0.14372927450140133	-0.03973479813527641	0.06371145810770545	-0.08137408191094254	0.0857645098629101	-0.09216033379039948	0.0465818581912731	-0.08713372448462738	0.05185231498921798	-0.053450153816502546	0.11174421083254157	-0.03387574043163368	0.027966399488432003	-0.04468273134956885	0.04170447361200424	-0.04461486427165821	0.0310859117334109	-0.031088465368632884	0.04508764639044674	-0.03840038783609816	0.05111335973921076
0.1802139849986105	-0.12100712998233616	0.07381336651353286	-0.05669590059035366	0.06547921713645267	-0.3385524213916581	0.17469117376710752	-0.0895421620698334	0.07686378982389691	-0.056549183078903484	0.9999999999999961	-0.23145058403903018	0.1408822485545056	-0.077599312137758	0.08071711809567042	-0.8546873559338896	0.13024264147397366	-0.11256299874504212	0.09471750764326795	-0.07102535494698486	0.0631139208716706	-0.10446063806424302	0.08879222331939496	-0.0729584938582541	0.06573128824178234	-0.06948763188516023	0.11059821860116004	-0.05433687669672622	0.05355626707160694	-0.08812355411965037	0.03641148440382547	-0.029748636171801433	0.046282438186661994	-0.041203866445417826	0.040928337620951626	-0.0328507956363443	0.03292448962866053	-0.04469003559283881	0.038173402007570384	-0.04660018371817673
-0.11097587302793938	0.08436794518932161	-0.12564949615873014	0.10434663461816494	-0.13398933616441716	0.1276713339381756	-0.1167774856602845	0.14574157461327192	-0.14745762452090436	0.12062908698034962	-0.23145058403903018	0.9999999999999963	-0.7004500089667298	0.2334860724352738	-0.23868355720405013	0.19485902726768026	-0.2546992353280901	0.2781805305049948	-0.2889464379133663	0.18930020726784974	-0.12254767151793541	0.19301263309770975	-0.24431180370002328	0.1857163052151069	-0.17574995740330157	0.1294666635206371	-0.29296273355732166	0.13754894755598362	-0.1387529152653818	0.20996528937559933	-0.0925372970764555	0.07541499864200227	-0.1189206890858233	0.10375101471618893	-0.10187802403708524	0.08136577348714924	-0.08399950015145251	0.11002265177263434	-0.09657100962042534	0.11246455203382709
0.0812320009179409	-0.06757228251596951	0.11019900584623288	-0.09522966250954455	0.1140337851688114	-0.10042174069770311	0.08990885702586317	-0.15399746118288832	0.13366006043431708	-0.110641300365844	0.1408822485545056	-0.7004500089667298	0.9999999999999979	-0.3205800580500152	0.2110470448181564	-0.16138422295733418	0.21685778853874144	-0.44788315346656005	0.24171734152893248	-0.18252793129003614	0.10301156074777282	-0.18373128782521025	0.21941365117214298	-0.18267945036806574	0.15509513435390984	-0.11657951424802086	0.21007472449605724	-0.11629582587818722	0.11464711286256156	-0.19811211437796755	0.07327378783313226	-0.060566546805846666	0.09622996962587405	-0.08730601968751482	0.08726982291001692	-0.06640753001933425	0.06677285863305267	-0.09346641364186985	0.07978787802826737	-0.09928210697102882
-0.059991771064391304	0.05471306843000556	-0.11841931533056929	0.11868666487951259	-0.15996903330314352	0.07307854358625768	-0.07070406539945225	0.1443622478603958	-0.20262530094807316	0.17249748248635782	-0.077599312137758	0.2334860724352738	-0.3205800580500152	0.9999999999999973	-0.6096757416924038	0.0908810535420462	-0.12888187464415282	0.17949589535103785	-0.5891188882018892	0.27628789733162046	-0.07128385840304462	0.1171830145487703	-0.1622177477087913	0.16860617246471166	-0.1801032606346846	0.0823392253352434	-0.1587378545158875	0.09499886644908831	-0.09832954487702064	0.19656061175613057	-0.06058957988883675	0.05017607919951873	-0.0807941906040342	0.07514276812622823	-0.07931728819932417	0.055125194206761916	-0.05557894501465635	0.0800307689486055	-0.06873751152725799	0.08960351742609768
0.0639594783304091	-0.05940011540652406	0.12744708884550957	-0.13652400375789323	0.18649674063209584	-0.07920822129412156	0.07526353519668585	-0.15676695235809726	0.18985528339694252	-0.2760204593945468	0.08071711809567042	-0.23868355720405013	0.2110470448181564	-0.6096757416924038	0.9999999999999973	-0.09704383137057583	0.12974602711376482	-0.17845908262130938	0.31902795002134104	-0.5092820385736728	0.07730636727279015	-0.12686836796342707	0.17124505264296297	-0.20328892679899707	0.22603144486457954	-0.09184332712037035	0.17088385157829228	-0.10883780453080392	0.1131077042607313	-0.2585677010554611	0.06886740097944759	-0.057293789927546135	0.09248755221793668	-0.0880152961911844	0.09577708903288594	-0.06339354654746786	0.06338338404189885	-0.09410727010643738	0.08013771723432639	-0.10950779429088237
-0.22218839678111435	0.13346271704557985	-0.09008309788241178	0.06795920663257565	-0.08025564081662637	0.23806727108122624	-0.20770200512151477	0.10373207003719079	-0.09338104065660313	0.06797116679308636	-0.8546873559338896	0.19485902726768026	-0.16138422295733418	0.0908810535420462	-0.09704383137057583	0.9999999999999971	-0.1786405277709753	0.12891205123684638	-0.11458180612659907	0.08408537972778278	-0.07798345307028766	0.12248022793724628	-0.1069530987446085	0.08594067870916136	-0.07854951398058453	0.08130169279111148	-0.1386778215141867	0.06544083873539222	-0.06474527667709748	0.10311541074119092	-0.044216505858213656	0.03604744860315448	-0.05607622254584199	0.04948140568603756	-0.048840835661571984	0.03956968339204176	-0.03995556616481392	0.05341565212780487	-0.04595307128947618	0.055176311648311535
0.0686023555426608	-0.05146185186312008	0.06652643635863288	-0.057970063717671834	0.07208131076225825	-0.08113221521238811	0.06980892558588717	-0.08010269319066207	0.07842906103190558	-0.06727070608182863	0.13024264147397366	-0.2546992353280901	0.21685778853874144	-0.12888187464415282	0.12974602711376482	-0.1786405277709753	0.9999999999999968	-0.512239598460054	0.16393878181204247	-0.13687741682027332	0.19654766594392806	-0.6573304710710124	0.23753816479275192	-0.18221213633021008	0.14041984634330895	-0.22306780805007667	0.26130203193476004	-0.1321406591430486	0.12219864737835515	-0.19983842093795715	0.08155779641591289	-0.06764572571320322	0.10425277980044736	-0.09423171051810746	0.09087025688637479	-0.0750904528883353	0.0730521904245198	-0.10251648057253647	0.08518682394473223	-0.105809483240565
-0.0677482402886482	0.05329726382328462	-0.08300275791247551	0.07225857704845673	-0.09188295529062278	0.0786578082598832	-0.07162074294243263	0.0996731286701179	-0.10050785837813583	0.0862134993086156	-0.11256299874504212	0.2781805305049948	-0.44788315346656005	0.17949589535103785	-0.17845908262130938	0.12891205123684638	-0.512239598460054	0.9999999999999983	-0.2401372780747503	0.174941051802827	-0.14371711730459924	0.26462505242636314	-0.4922667855866244	0.23735031824192523	-0.18905454023755788	0.14819009102816857	-0.2850402736098375	0.15226882436137829	-0.14831630593713255	0.21530187449569693	-0.08989477311934362	0.07483486388756504	-0.12121996899282393	0.10694705967476827	-0.10171131830584798	0.07982270217097864	-0.08160133599000116	0.11123256353111827	-0.09654111200269945	0.11320504293188292
0.06880012739343994	-0.0607011206432401	0.11058395920699982	-0.11063815808601452	0.13515304817862628	-0.08476991981100394	0.07746159793895768	-0.13958554390521136	0.1521763500191576	-0.14501205484693944	0.09471750764326795	-0.2889464379133663	0.24171734152893248	-0.5891188882018892	0.31902795002134104	-0.11458180612659907	0.16393878181204247	-0.2401372780747503	0.9999999999999973	-0.4746770512341603	0.0977864084937245	-0.16251952549829454	0.21724905466564723	-0.2782413237037917	0.25455007223245946	-0.11744016999380405	0.21086016652328476	-0.13801059156796427	0.14244773336719296	-0.32275958725436266	0.08633320754853958	-0.07202273947101716	0.11617866528687841	-0.11137301197667755	0.12036655555455453	-0.08011207885748096	0.07953866158523444	-0.11975009133549064	0.10103399821552028	-0.13952380708193987
-0.0553470060161017	0.0486871823766268	-0.1016228177224513	0.09793151495751101	-0.142851144721493	0.0659247814292546	-0.06271035106844174	0.11413121993545398	-0.13942111832779494	0.14372927450140133	-0.07102535494698486	0.18930020726784974	-0.18252793129003614	0.27628789733162046	-0.5092820385736728	0.08408537972778278	-0.13687741682027332	0.174941051802827	-0.4746770512341603	0.9999999999999984	-0.08129349829385951	0.1308733395844714	-0.22244350303934798	0.25263940992213646	-0.5435215543565383	0.09338930092024385	-0.20009666488016672	0.12477580107153548	-0.13606073374999675	0.26767176410956606	-0.07864439743995978	0.06519135949916731	-0.107090546614929	0.09967128406257082	-0.1079799831564217	0.07015193818091894	-0.0722568319038768	0.10252401151754595	-0.09088690504214486	0.11471013270390899
0.038188524737941036	-0.028957728940822266	0.03893855898492752	-0.034090935404069614	0.04307560359136784	-0.04418019321817183	0.03876194969435212	-0.0455542945815268	0.04580107638337157	-0.03973479813527641	0.0631139208716706	-0.12254767151793541	0.10301156074777282	-0.07128385840304462	0.07730636727279015	-0.07798345307028766	0.19654766594392806	-0.14371711730459924	0.0977864084937245	-0.08129349829385951	0.9999999999999979	-0.37049850222931907	0.1267730144285504	-0.1017947355377471	0.08539037312466319	-0.8671613735880876	0.20784223527868512	-0.09089908526022127	0.08490646426350831	-0.12681329566128235	0.07777723371406259	-0.05867941771973951	0.07817658857933818	-0.06771163048708086	0.06325814578906341	-0.06899739586021324	0.061585529987803846	-0.0751521259582352	0.06204304126378675	-0.07323315197034842
-0.06002032306065907	0.045214844415859205	-0.06212245057958295	0.05420060901668237	-0.06897682789174339	0.068556713476972	-0.06110610147099077	0.07256436460395858	-0.07356706636159903	0.06371145810770545	-0.10446063806424302	0.19301263309770975	-0.18373128782521025	0.1171830145487703	-0.12686836796342707	0.12248022793724628	-0.6573304710710124	0.26462505242636314	-0.16251952549829454	0.1308733395844714	-0.37049850222931907	0.9999999999999972	-0.25775226306231025	0.17058784422644305	-0.14209129915837618	0.2556080080085295	-0.4301364317711316	0.1478249149684167	-0.136905883701435	0.193014930872169	-0.0938008503408881	0.07765396673321756	-0.11813599721279236	0.10239426643445931	-0.09531378763185724	0.08362696378613776	-0.0832000205849235	0.10962837785403731	-0.09290528264686661	0.10868184846169446
0.05748511136974176	-0.04656208335739145	0.07329462000446661	-0.06650109027654812	0.08472029682279693	-0.06847504611211161	0.061059952471063605	-0.08764757832788755	0.08981777911213654	-0.08137408191094254	0.08879222331939496	-0.24431180370002328	0.21941365117214298	-0.1622177477087913	0.17124505264296297	-0.1069530987446085	0.23753816479275192	-0.4922667855866244	0.21724905466564723	-0.22244350303934798	0.1267730144285504	-0.25775226306231025	0.9999999999999994	-0.600443541914276	0.2559339126388176	-0.1485726524339998	0.25425571688328263	-0.23683418309420123	0.19891500611313997	-0.29987788649543834	0.10233669563456782	-0.08859405376466824	0.15064799999501433	-0.14063983096095017	0.12768514605495807	-0.09320558347052488	0.0941839254478333	-0.14090989059786696	0.11920002920754459	-0.14496464788709185
-0.05103727892402945	0.04204466051219106	-0.07299481474205503	0.06696185353379092	-0.08960313419541786	0.05982314227891035	-0.054964413357669155	0.08403351893866759	-0.0920523686076611	0.0857645098629101	-0.0729584938582541	0.1857163052151069	-0.18267945036806574	0.16860617246471166	-0.20328892679899707	0.08594067870916136	-0.18221213633021008	0.23735031824192523	-0.2782413237037917	0.25263940992213646	-0.1017947355377471	0.17058784422644305	-0.600443541914276	0.9999999999999988	-0.5359086124158731	0.1135110419891024	-0.25371414782335705	0.1931267372479808	-0.24627010224616894	0.28039296227124844	-0.10042033649086836	0.08550228893484879	-0.14873185583748258	0.14126155502494991	-0.1288705189285913	0.08798279332273022	-0.09247136198750436	0.13259436006621056	-0.12016976562628308	0.13498716745116002
0.04767172929169017	-0.04029813433184313	0.07280223294128456	-0.0687583485472708	0.09203771964300982	-0.05667186314021245	0.052105447334279985	-0.08441625686795054	0.09361557582539769	-0.09216033379039948	0.06573128824178234	-0.17574995740330157	0.15509513435390984	-0.1801032606346846	0.22603144486457954	-0.07854951398058453	0.14041984634330895	-0.18905454023755788	0.25455007223245946	-0.5435215543565383	0.08539037312466319	-0.14209129915837618	0.2559339126388176	-0.5359086124158731	0.9999999999999973	-0.0999471023541554	0.20984084546246148	-0.1502981045383885	0.1657448457108694	-0.47643549114740696	0.08691537666607355	-0.07327816792687442	0.12257393573747621	-0.12033237096000089	0.13297044008175504	-0.07792395153566922	0.08018332949247246	-0.1187383477747655	0.10499985129243632	-0.1403761902480931
-0.04363920937460753	0.032939497581430624	-0.045608160948107414	0.03975961561658946	-0.05093903146969543	0.049295213694443396	-0.044225927673910356	0.05245548623991734	-0.05366855804195432	0.0465818581912731	-0.06948763188516023	0.1294666635206371	-0.11657951424802086	0.0823392253352434	-0.09184332712037035	0.08130169279111148	-0.22306780805007667	0.14819009102816857	-0.11744016999380405	0.09338930092024385	-0.8671613735880876	0.2556080080085295	-0.1485726524339998	0.1135110419891024	-0.0999471023541554	0.9999999999999956	-0.2825777490644639	0.10915994154705842	-0.10405314431494846	0.1407252765141703	-0.1013648225478739	0.07260100486883232	-0.09693604521928283	0.08113793621527224	-0.07451698931941439	0.0824305147737355	-0.07686396959348205	0.08841185253257006	-0.07492859160211444	0.08411755801061162
0.07181205450498117	-0.05748701776955684	0.08220736902856313	-0.07402260407837674	0.09243150701979559	-0.086677011017741	0.07476609437942722	-0.0981005928773166	0.09798985685513144	-0.08713372448462738	0.11059821860116004	-0.29296273355732166	0.21007472449605724	-0.1587378545158875	0.17088385157829228	-0.1386778215141867	0.26130203193476004	-0.2850402736098375	0.21086016652328476	-0.20009666488016672	0.20784223527868512	-0.4301364317711316	0.25425571688328263	-0.25371414782335705	0.20984084546246148	-0.2825777490644639	0.9999999999999978	-0.3611660302112587	0.2477703381218643	-0.4080444986709755	0.16692060492469168	-0.15559718311442344	0.22223387799294178	-0.20603513108852306	0.18900199740035384	-0.168301425841193	0.1548198597351994	-0.23551328051603285	0.1805784456427117	-0.23616761895996935
-0.0372136459124828	0.030024122693627368	-0.047337316355131026	0.0426772090603785	-0.05533205868262668	0.043795346649396626	-0.039200951991506486	0.05487358083383719	-0.057425011869247825	0.05185231498921798	-0.05433687669672622	0.13754894755598362	-0.11629582587818722	0.09499886644908831	-0.10883780453080392	0.06544083873539222	-0.1321406591430486	0.15226882436137829	-0.13801059156796427	0.12477580107153548	-0.09089908526022127	0.1478249149684167	-0.23683418309420123	0.1931267372479808	-0.1502981045383885	0.10915994154705842	-0.3611660302112587	0.9999999999999976	-0.6553650800363184	0.23186732956397435	-0.18429607493282632	0.17653726604205455	-0.47147198127698176	0.28279014097108857	-0.174575533981436	0.14844846749758572	-0.17222789462681778	0.22957083096432165	-0.2158184635368055	0.18150169295668592
0.03710369512213302	-0.030164007690523194	0.04818582170805844	-0.04369838648025816	0.056712599905537134	-0.043850618375389505	0.03924835375303814	-0.05591301866172533	0.0586984226337698	-0.053450153816502546	0.05355626707160694	-0.1387529152653818	0.11464711286256156	-0.09832954487702064	0.1131077042607313	-0.06474527667709748	0.12219864737835515	-0.14831630593713255	0.14244773336719296	-0.13606073374999675	0.08490646426350831	-0.136905883701435	0.19891500611313997	-0.24627010224616894	0.1657448457108694	-0.10405314431494846	0.2477703381218643	-0.6553650800363184	0.9999999999999961	-0.2923324777482784	0.15180901632595803	-0.14856772515969233	0.29387782518764455	-0.4788892618614559	0.1989850641893334	-0.1373594207553574	0.1442043258267897	-0.27094724737885695	0.23186198213079207	-0.2200099211804201
-0.06634544014362448	0.05448220308466531	-0.09788876241406853	0.08835768448270606	-0.12145856414872663	0.07611072769454379	-0.07109476683947924	0.10792587810888174	-0.12104480857527447	0.11174421083254157	-0.08812355411965037	0.20996528937559933	-0.19811211437796755	0.19656061175613057	-0.2585677010554611	0.10311541074119092	-0.19983842093795715	0.21530187449569693	-0.32275958725436266	0.26767176410956606	-0.12681329566128235	0.193014930872169	-0.29987788649543834	0.28039296227124844	-0.47643549114740696	0.1407252765141703	-0.4080444986709755	0.23186732956397435	-0.2923324777482784	0.9999999999999964	-0.1604216669603399	0.1312011503647512	-0.2211939542632088	0.206857987574858	-0.31607974211784723	0.1352061506829356	-0.1472150289717225	0.19530254917167433	-0.1919624706344683	0.23980624229802033
0.02522430871459411	-0.020334252655530318	0.03136120159206998	-0.028245492103340708	0.03628474228970994	-0.029776304091678953	0.026452612209147103	-0.03640873788254005	0.03767780844103378	-0.03387574043163368	0.03641148440382547	-0.0925372970764555	0.07327378783313226	-0.06058957988883675	0.06886740097944759	-0.044216505858213656	0.08155779641591289	-0.08989477311934362	0.08633320754853958	-0.07864439743995978	0.07777723371406259	-0.0938008503408881	0.10233669563456782	-0.10042033649086836	0.08691537666607355	-0.1013648225478739	0.16692060492469168	-0.18429607493282632	0.15180901632595803	-0.1604216669603399	0.999999999999996	-0.6088105245237492	0.24180129219898042	-0.1837003654009244	0.12231974675163095	-0.6217500108816422	0.3322592993017726	-0.22098358584904745	0.1516476705578285	-0.14715996797225575
-0.020614613983700545	0.01662202231453845	-0.025815008006218044	0.023247189599050526	-0.029961825461311747	0.024298329427718444	-0.02163974188627428	0.029913740221983225	-0.031074385905240375	0.027966399488432003	-0.029748636171801433	0.07541499864200227	-0.060566546805846666	0.05017607919951873	-0.057293789927546135	0.03604744860315448	-0.06764572571320322	0.07483486388756504	-0.07202273947101716	0.06519135949916731	-0.05867941771973951	0.07765396673321756	-0.08859405376466824	0.08550228893484879	-0.07327816792687442	0.07260100486883232	-0.15559718311442344	0.17653726604205455	-0.14856772515969233	0.1312011503647512	-0.6088105245237492	0.9999999999999954	-0.3981823523819797	0.17719965606748142	-0.10989130430778574	0.3200589346902869	-0.5775668826873539	0.1923612594986998	-0.14505622608953384	0.12377889290372479
0.0321439702133224	-0.026024843370586997	0.04089847662180188	-0.03693225803961481	0.047716859961691886	-0.03795217404716502	0.03385366681052592	-0.04741249146278295	0.049434272274783815	-0.04468273134956885	0.046282438186661994	-0.1189206890858233	0.09622996962587405	-0.0807941906040342	0.09248755221793668	-0.05607622254584199	0.10425277980044736	-0.12121996899282393	0.11617866528687841	-0.107090546614929	0.07817658857933818	-0.11813599721279236	0.15064799999501433	-0.14873185583748258	0.12257393573747621	-0.09693604521928283	0.22223387799294178	-0.47147198127698176	0.29387782518764455	-0.2211939542632088	0.24180129219898042	-0.3981823523819797	0.9999999999999953	-0.4886674491202698	0.19941243348460674	-0.22033929767352994	0.23354449610263414	-0.39960298928595733	0.26790968554830136	-0.22928874740626332
-0.029038181096436796	0.023532499368065753	-0.03791832245276376	0.034202631107320386	-0.04472220320292375	0.03402759609590148	-0.030656278186153012	0.043509066795063674	-0.04600508150735196	0.04170447361200424	-0.041203866445417826	0.10375101471618893	-0.08730601968751482	0.07514276812622823	-0.0880152961911844	0.04948140568603756	-0.09423171051810746	0.10694705967476827	-0.11137301197667755	0.09967128406257082	-0.06771163048708086	0.10239426643445931	-0.14063983096095017	0.14126155502494991	-0.12033237096000089	0.08113793621527224	-0.20603513108852306	0.28279014097108857	-0.4788892618614559	0.206857987574858	-0.1837003654009244	0.17719965606748142	-0.4886674491202698	0.999999999999996	-0.3383329253030394	0.1464986665152619	-0.1746969136092486	0.3034753203863117	-0.4985123653652006	0.2544028870972992
0.029638026503701946	-0.024140314489998847	0.0401765060318373	-0.03626509323313643	0.04805163362343198	-0.034517440851563164	0.031417695822077915	-0.045527505028749	0.0489116495149236	-0.04461486427165821	0.040928337620951626	-0.10187802403708524	0.08726982291001692	-0.07931728819932417	0.09577708903288594	-0.048840835661571984	0.09087025688637479	-0.10171131830584798	0.12036655555455453	-0.1079799831564217	0.06325814578906341	-0.09531378763185724	0.12768514605495807	-0.1288705189285913	0.13297044008175504	-0.07451698931941439	0.18900199740035384	-0.174575533981436	0.1989850641893334	-0.31607974211784723	0.12231974675163095	-0.10989130430778574	0.19941243348460674	-0.3383329253030394	0.9999999999999956	-0.10851160246100307	0.11583660732926404	-0.21971267951014725	0.22284048217614028	-0.8151198862095613
-0.023022273057390366	0.018506195011705452	-0.028873690865421624	0.02590371568540394	-0.033519521870171314	0.026949124471731735	-0.02412369784327039	0.03322220207100541	-0.03464869479817208	0.0310859117334109	-0.0328507956363443	0.08136577348714924	-0.06640753001933425	0.055125194206761916	-0.06339354654746786	0.03956968339204176	-0.0750904528883353	0.07982270217097864	-0.08011207885748096	0.07015193818091894	-0.06899739586021324	0.08362696378613776	-0.09320558347052488	0.08798279332273022	-0.07792395153566922	0.0824305147737355	-0.168301425841193	0.14844846749758572	-0.1373594207553574	0.1352061506829356	-0.6217500108816422	0.3200589346902869	-0.22033929767352994	0.1464986665152619	-0.10851160246100307	0.999999999999996	-0.6646610361447587	0.1774581976023652	-0.14090552640191245	0.12058440417377961
0.022923547420505612	-0.018509105076713377	0.02872761905179672	-0.02588272800542296	0.033312586555391085	-0.027051176801873987	0.024067131691297032	-0.033300345141904955	0.034542964172953806	-0.031088465368632884	0.03292448962866053	-0.08399950015145251	0.06677285863305267	-0.05557894501465635	0.06338338404189885	-0.03995556616481392	0.0730521904245198	-0.08160133599000116	0.07953866158523444	-0.0722568319038768	0.061585529987803846	-0.0832000205849235	0.0941839254478333	-0.09247136198750436	0.08018332949247246	-0.07686396959348205	0.1548198597351994	-0.17222789462681778	0.1442043258267897	-0.1472150289717225	0.3322592993017726	-0.5775668826873539	0.23354449610263414	-0.1746969136092486	0.11583660732926404	-0.6646610361447587	0.9999999999999964	-0.23274627870504336	0.15257825201886055	-0.1375676718780289
-0.03184087911574359	0.025701091850144166	-0.041422274031352346	0.037179727871224165	-0.04874127393470629	0.03706279720014222	-0.03352103695972537	0.04719696418332947	-0.0499980132867174	0.04508764639044674	-0.04469003559283881	0.11002265177263434	-0.09346641364186985	0.0800307689486055	-0.09410727010643738	0.05341565212780487	-0.10251648057253647	0.11123256353111827	-0.11975009133549064	0.10252401151754595	-0.0751521259582352	0.10962837785403731	-0.14090989059786696	0.13259436006621056	-0.1187383477747655	0.08841185253257006	-0.23551328051603285	0.22957083096432165	-0.27094724737885695	0.19530254917167433	-0.22098358584904745	0.1923612594986998	-0.39960298928595733	0.3034753203863117	-0.21971267951014725	0.1774581976023652	-0.23274627870504336	0.9999999999999962	-0.7208232159321293	0.21692678681897287
0.02700166317194487	-0.021886091551508682	0.03506491280036625	-0.03162039357622495	0.041218519231361495	-0.03167744036806915	0.028476982709907128	-0.040264518150120374	0.042417111652126624	-0.03840038783609816	0.038173402007570384	-0.09657100962042534	0.07978787802826737	-0.06873751152725799	0.08013771723432639	-0.04595307128947618	0.08518682394473223	-0.09654111200269945	0.10103399821552028	-0.09088690504214486	0.06204304126378675	-0.09290528264686661	0.11920002920754459	-0.12016976562628308	0.10499985129243632	-0.07492859160211444	0.1805784456427117	-0.2158184635368055	0.23186198213079207	-0.1919624706344683	0.1516476705578285	-0.14505622608953384	0.26790968554830136	-0.4985123653652006	0.22284048217614028	-0.14090552640191245	0.15257825201886055	-0.7208232159321293	0.999999999999996	-0.28853810010650904
-0.03415131337985877	0.02768803847962447	-0.04647317668374454	0.0416785187032995	-0.05565040215930039	0.0393983878782796	-0.03612455310767693	0.05209145420476964	-0.056368071029351804	0.05111335973921076	-0.04660018371817673	0.11246455203382709	-0.09928210697102882	0.08960351742609768	-0.10950779429088237	0.055176311648311535	-0.105809483240565	0.11320504293188292	-0.13952380708193987	0.11471013270390899	-0.07323315197034842	0.10868184846169446	-0.14496464788709185	0.13498716745116002	-0.1403761902480931	0.08411755801061162	-0.23616761895996935	0.18150169295668592	-0.2200099211804201	0.23980624229802033	-0.14715996797225575	0.12377889290372479	-0.22928874740626332	0.2544028870972992	-0.8151198862095613	0.12058440417377961	-0.1375676718780289	0.21692678681897287	-0.28853810010650904	0.9999999999999961
