1.0	-0.5904457222607211	0.24962359202765477	-0.19247607810118905	0.11737180086386893	-0.6966523842220067	0.20595897857627146	-0.16386490193596046	0.15188196141727756	-0.09759992916131555	0.20455138636179604	-0.16261453980992382	0.12223252884923444	-0.1113537137589664	0.11432760153161428	-0.0666046692334758	0.082831571035769	-0.09514241570408156	0.0949920916497626	-0.08944005596651987	0.07242902594207674	-0.07352637908054786	0.07802220637149765	-0.0681009092786807	0.05800800100472748	-0.04637765668314131	0.0640166448235033	-0.0637513796330729	0.06689552359195236	-0.05869074415813107	0.05839660553771586	-0.05318625006799824	0.06025110810641285	-0.04698109014761556	0.04737539308250396	-0.03607067620850933	0.03512383591137842	-0.026011544087743595	0.026531109672868737	-0.029453469963891952	0.02739365525361292	-0.029791418319254127	0.0205756873810898	-0.020616503132400155	0.023728917449603152
-0.5904457222607211	1.0000000000000004	-0.5467354164716225	0.2328837762948336	-0.155299494576991	0.31139350452835624	-0.3287113040727924	0.22802049812958503	-0.21294791581066072	0.12635856640364407	-0.2631759785519188	0.20038781189193244	-0.16572299227409518	0.14421213146696538	-0.1496423883456622	0.08321280271529266	-0.10519714776601095	0.12066997759078234	-0.11987725676506322	0.11119184586260694	-0.09094434251236573	0.09140008677926234	-0.09808308606168863	0.08465756899919352	-0.07235002370185982	0.05749009418500117	-0.07973132444486726	0.07919647181478368	-0.08320912855642122	0.07259758850502132	-0.0725263300156999	0.06571200324027164	-0.07483261498464577	0.057932829223315135	-0.0586356645375215	0.04445154726601012	-0.04336677618037057	0.0319168085916991	-0.03265180996736481	0.03618203744080838	-0.03370708258037759	0.0365866061991505	-0.02527556058729391	0.02528801865151236	-0.029131598622295918
0.24962359202765477	-0.5467354164716225	1.0	-0.47536709632555324	0.2078674517785727	-0.316266773036166	0.2476912478921133	-0.4310263758618973	0.26521808547324016	-0.17642341621673624	0.233195844025292	-0.20214220750791898	0.2093461786409041	-0.1965908228714308	0.18823890206989446	-0.0991686959389834	0.12656568347648076	-0.15721228359591233	0.14733168944437072	-0.14386644202150897	0.10684801695351143	-0.1129024300489764	0.12092540762826293	-0.10698827588923003	0.09082122502555862	-0.07039793452691544	0.09670343964961613	-0.09897844519606616	0.10282593923794059	-0.09157924640454065	0.08791302933300547	-0.08146810985732941	0.09182647264267149	-0.07248263049155418	0.07272997928500037	-0.05510081788352412	0.0534745359037094	-0.039789332323213286	0.04067974673006225	-0.045309934284441786	0.04170188431371125	-0.04554928103289892	0.03140899341892921	-0.03152644489959998	0.03617806451541765
-0.19247607810118905	0.2328837762948336	-0.47536709632555324	1.0000000000000007	-0.5222952701906542	0.21650569711140238	-0.2329709170019069	0.26602756250924087	-0.359785464355206	0.27601324103923797	-0.2844144094157048	0.18552977133681725	-0.2458185823361534	0.23586511933824805	-0.30817188172675264	0.12163456144885572	-0.1606152171531598	0.1824714615754035	-0.20090863951686	0.18577940433749382	-0.13786328825087482	0.13985736501323381	-0.15550930926967965	0.13630391259865174	-0.11959973861466953	0.08971744060442631	-0.12547572194009482	0.12482769922674448	-0.1350005390604217	0.11664713209747068	-0.11485606024162263	0.10302379570821917	-0.11912081935111843	0.09198091559522344	-0.09437730928289323	0.06954296746214268	-0.06825026736309683	0.049937122357158206	-0.05177155282379158	0.05711526714656757	-0.052907457524768026	0.05709787161966855	-0.03967817058837687	0.03973570039917641	-0.04594237496240016
0.11737180086386893	-0.155299494576991	0.2078674517785727	-0.5222952701906542	0.9999999999999996	-0.162749645154428	0.14974604670010297	-0.20367200989333145	0.25924338041988776	-0.672868168535239	0.17390387096156756	-0.13082526370050487	0.18571194593601872	-0.2356882653333824	0.2792857106909707	-0.09502349239840327	0.12251689736860723	-0.15231480079832202	0.15912797243773663	-0.18083662956672536	0.10334378017523933	-0.11282262543265825	0.12332168142053036	-0.11723169928184796	0.10219408042979053	-0.07097795480549314	0.0970126072230688	-0.10260806610079236	0.10902171168002163	-0.10038324304290888	0.088531291885596	-0.08371454002332973	0.09423569238865329	-0.07681224627567712	0.07710281167823188	-0.0565265063868743	0.054739339368667796	-0.04117163205946547	0.042701747068667105	-0.04776124039055819	0.04278168650947836	-0.046910548717170895	0.032447681930041286	-0.032780834149651	0.03751756411693942
-0.6966523842220067	0.31139350452835624	-0.316266773036166	0.21650569711140238	-0.162749645154428	0.9999999999999996	-0.3145891207605651	0.20617995594846095	-0.2168103952205237	0.13102702533377897	-0.36253489655359356	0.2169402595214306	-0.17252929987108181	0.15058580748261918	-0.16263864702163583	0.0967853440438237	-0.11987252505268194	0.13153794767913235	-0.13596876464990584	0.12298250806534118	-0.10675471934097762	0.10415405940512323	-0.11109826139791525	0.09509524020040251	-0.0815050899832688	0.06612952580406685	-0.09209023984785265	0.08968667507416504	-0.09499321376151726	0.08191317680607384	-0.08401992554393291	0.07507073698095372	-0.08589699981026352	0.06585222412036373	-0.06696188035506812	0.05086485978275977	-0.04977505677878441	0.03646260534032988	-0.03727800999244183	0.04118542301806803	-0.03867238170641232	0.041812375733819025	-0.028931547432792627	0.02890351041664922	-0.03338438721293323
0.20595897857627146	-0.3287113040727924	0.2476912478921133	-0.2329709170019069	0.14974604670010297	-0.3145891207605651	0.9999999999999997	-0.3786756226363221	0.22970471896553737	-0.13668903596316065	0.3082757797954886	-0.6703319779890075	0.19015911476778075	-0.1697803707292811	0.1555496496289363	-0.09797330866573098	0.11973032434222185	-0.14347801151903034	0.13101296021415532	-0.12664073828921835	0.10181348378503523	-0.10567560006667641	0.10992517935383146	-0.0962325167891933	0.08104300091172095	-0.0651019726238642	0.08906383579487545	-0.09019166505554908	0.09278878410174629	-0.08260374141238669	0.08069157360003686	-0.07480994044923946	0.08373282686687306	-0.06596367418319535	0.06588484270859576	-0.05069945222154649	0.04908818367884138	-0.03659172002687027	0.03712416500328215	-0.041398671341080544	0.03833769881710418	-0.04195216181616064	0.02885145817462425	-0.02893150047087733	0.03316637293372527
-0.16386490193596046	0.22802049812958503	-0.4310263758618973	0.26602756250924087	-0.20367200989333145	0.20617995594846095	-0.3786756226363221	0.9999999999999998	-0.5800613032503554	0.1974279371749049	-0.23421026010520038	0.21792153326267077	-0.40414431569207643	0.25562032852670286	-0.21813785220967039	0.10585388676695238	-0.1450714364202522	0.18891751363250991	-0.15923468704552354	0.1506290910588729	-0.11329894887848733	0.1194880925694918	-0.1329879959759092	0.11253703555974771	-0.09513877955967392	0.07260848657528586	-0.1005678329741675	0.10413445381907875	-0.1064068315081951	0.09442324503913027	-0.09006516262505791	0.08362463601260552	-0.09486930851727715	0.07390666177994494	-0.07426074060551369	0.05606552213196425	-0.05444669968494999	0.04001592076423349	-0.0410879109586759	0.04571476798116346	-0.04207428565235089	0.045960541633587364	-0.03159723768606832	0.0316005775618447	-0.03621799423702993
0.15188196141727756	-0.21294791581066072	0.26521808547324016	-0.359785464355206	0.25924338041988776	-0.2168103952205237	0.22970471896553737	-0.5800613032503554	0.9999999999999997	-0.3755260090890447	0.21844997523587242	-0.20384479239000394	0.28128230002897386	-0.3939979507249911	0.2755626558102833	-0.11651289983391669	0.1517522421585853	-0.20060190326595836	0.18134994619511846	-0.18886458295938588	0.12391974378894624	-0.13543600025196664	0.1467511309961412	-0.13297047763257205	0.11317306557664046	-0.08326469749265826	0.11382107299537585	-0.12013474231220601	0.12395485643698514	-0.1127522016466392	0.10292547594072407	-0.09730994029269233	0.10912726588645023	-0.08754442680647674	0.08744102524092102	-0.06555675312541336	0.06338322658525339	-0.04738056556016908	0.04869384212629793	-0.05444648553882962	0.04938037655936839	-0.05420608976447035	0.037315857232889715	-0.037540218317614324	0.042924108594444045
-0.09759992916131555	0.12635856640364407	-0.17642341621673624	0.27601324103923797	-0.672868168535239	0.13102702533377897	-0.13668903596316065	0.1974279371749049	-0.3755260090890447	0.9999999999999981	-0.1519060655128576	0.11500688780937673	-0.19117535560834054	0.24257805140085487	-0.5021983922749168	0.08377542873599562	-0.1116614315875629	0.13859827008826506	-0.15006802735785824	0.1652933677465324	-0.09176289804832899	0.09885575973352582	-0.11120842860107587	0.10430721259524323	-0.09434936927472964	0.06182920420423719	-0.08528222328570428	0.09021090926933864	-0.09719896153151414	0.0881634162367915	-0.07736188402158337	0.07257532166879982	-0.08276199767196563	0.06666664374721867	-0.06780722648962693	0.04871541152610167	-0.047365079789909635	0.035211498785482846	-0.03688301502818114	0.04107885637845012	-0.03675203985189534	0.040153018472185144	-0.027815412590944423	0.028046840274157284	-0.032157171306272186
0.20455138636179604	-0.2631759785519188	0.233195844025292	-0.2844144094157048	0.17390387096156756	-0.36253489655359356	0.3082757797954886	-0.23421026010520038	0.21844997523587242	-0.1519060655128576	0.999999999999999	-0.5987262864602277	0.1957170656220128	-0.1832331871947268	0.18140690090162245	-0.16679702302461172	0.16332637711371567	-0.1772075793275035	0.1711992900745589	-0.16635291069804475	0.15305163973510835	-0.15045046293619999	0.14646508381705947	-0.12928239884933918	0.10836031882574458	-0.09245848358559074	0.1248450757010679	-0.12323971002573815	0.1266597972608181	-0.11294715377734031	0.11349973722823706	-0.10524410202430022	0.11607451397970049	-0.09200829832180635	0.09123110345105218	-0.0719645883491174	0.06938370148915057	-0.052313882967329695	0.05232371045245434	-0.058503344238267904	0.054637104514912715	-0.05997570401133007	0.04116007362022715	-0.04132167124096755	0.04732345366608713
-0.16261453980992382	0.20038781189193244	-0.20214220750791898	0.18552977133681725	-0.13082526370050487	0.2169402595214306	-0.6703319779890075	0.21792153326267077	-0.20384479239000394	0.11500688780937673	-0.5987262864602277	0.9999999999999977	-0.17349226374477694	0.14235137141234183	-0.1387832101392398	0.0994069247148369	-0.11792052352790887	0.12681466295810365	-0.11903905668432924	0.11127489925436268	-0.10184995585896289	0.09849005494371264	-0.10059380741212881	0.08605720707226396	-0.07265109790639768	0.060117781213584125	-0.08275278013199597	0.08150012660122286	-0.08399008967244583	0.07385204905592015	-0.0745022349135488	0.0680131776324598	-0.07639633320326575	0.059282635899617436	-0.05943665271402093	0.0460491390947194	-0.044684144836916975	0.03298392549789935	-0.033404826926111686	0.03714468835898177	-0.034759804946500904	0.03791994393988617	-0.026047927727751094	0.026028462849095158	-0.02988471538402937
0.12223252884923444	-0.16572299227409518	0.2093461786409041	-0.2458185823361534	0.18571194593601872	-0.17252929987108181	0.19015911476778075	-0.40414431569207643	0.28128230002897386	-0.19117535560834054	0.1957170656220128	-0.17349226374477694	0.9999999999999996	-0.5674133584063593	0.2618146021629399	-0.152157121261428	0.21510202593886887	-0.46149381297125575	0.21598301244178766	-0.20724773361558543	0.15089626794627142	-0.17272925433192904	0.19307570406494026	-0.15914450025099863	0.12856345634338484	-0.09773305191251674	0.13415705790982185	-0.1492291373835612	0.14166211690701142	-0.1285054016060292	0.11738521016026773	-0.11298018042302391	0.12636714255843118	-0.09876139873102807	0.09778518994472316	-0.07469591951419681	0.07197286816184287	-0.05258703569270311	0.0539484157034093	-0.06030844751462182	0.05513176981061593	-0.06073447576296924	0.04136665917219162	-0.041232539568048926	0.04695560149538307
-0.1113537137589664	0.14421213146696538	-0.1965908228714308	0.23586511933824805	-0.2356882653333824	0.15058580748261918	-0.1697803707292811	0.25562032852670286	-0.3939979507249911	0.24257805140085487	-0.1832331871947268	0.14235137141234183	-0.5674133584063593	1.0000000000000022	-0.5469177372012517	0.12127883126676005	-0.17868847902860951	0.23315581906814006	-0.22094250466715246	0.20600062073101075	-0.13256900859126744	0.14116612494741096	-0.1664795274654072	0.14275440770679154	-0.1249992515648648	0.08528743414785633	-0.11922186450808546	0.12626977176910595	-0.13160518156040757	0.1169493495965599	-0.105925789171279	0.09881409043935593	-0.11370630769672084	0.08871271442478254	-0.09019686739893716	0.06563864655424798	-0.06393002910185278	0.04657249378023671	-0.04869808019722946	0.054080376273759764	-0.04898503434783545	0.05344626678269826	-0.0368230460466135	0.036846644081560166	-0.04221710415640607
0.11432760153161428	-0.1496423883456622	0.18823890206989446	-0.30817188172675264	0.2792857106909707	-0.16263864702163583	0.1555496496289363	-0.21813785220967039	0.2755626558102833	-0.5021983922749168	0.18140690090162245	-0.1387832101392398	0.2618146021629399	-0.5469177372012517	1.0000000000000004	-0.11800722106377975	0.15518711913865874	-0.2070097067155991	0.2236035045414913	-0.32939853040130773	0.12636414144488214	-0.14182373660882147	0.16021471285350475	-0.1622901093703156	0.1494582986887708	-0.0877064226104298	0.11973709675147187	-0.13233681583687815	0.14302677975504685	-0.13618774510590828	0.10837872100051604	-0.10457076854950455	0.11823650084252765	-0.09854568096661243	0.09975591520930438	-0.06992283445852038	0.06763680667215428	-0.05080143110590683	0.053822481505003614	-0.06029958265828402	0.05252932335874344	-0.057765524893152426	0.04001382749661977	-0.040572132653206514	0.04630855215505629
-0.0666046692334758	0.08321280271529266	-0.0991686959389834	0.12163456144885572	-0.09502349239840327	0.0967853440438237	-0.09797330866573098	0.10585388676695238	-0.11651289983391669	0.08377542873599562	-0.16679702302461172	0.0994069247148369	-0.152157121261428	0.12127883126676005	-0.11800722106377975	1.0000000000000009	-0.5154854947295742	0.2212344696664744	-0.16069102508569358	0.13429889747910229	-0.7366188469816238	0.2680198103215316	-0.17292937944316314	0.12274758199657615	-0.09801878546883504	0.13046449926817683	-0.17886551746451543	0.13250921917048203	-0.12083984299560209	0.10312202830410173	-0.14155059007119633	0.1162160458519807	-0.12293783859400523	0.08542770628803441	-0.08376961085594149	0.07709151216393295	-0.07388449280287725	0.04918991038588689	-0.047097934680571725	0.05202880360511141	-0.05458794579341272	0.059528027204387705	-0.0388391723305081	0.03699309394158943	-0.042097273643446245
0.082831571035769	-0.10519714776601095	0.12656568347648076	-0.1606152171531598	0.12251689736860723	-0.11987252505268194	0.11973032434222185	-0.1450714364202522	0.1517522421585853	-0.1116614315875629	0.16332637711371567	-0.11792052352790887	0.21510202593886887	-0.17868847902860951	0.15518711913865874	-0.5154854947295742	1.0000000000000004	-0.5250273187909578	0.21185689562809096	-0.18729594930741164	0.3002496350251966	-0.4327688635070203	0.23234140928485278	-0.17105455405009665	0.1311906054978618	-0.15258841719202743	0.20977203563018482	-0.18244927114177117	0.15619946489693884	-0.1388412680248882	0.1592553982880251	-0.14931090959508228	0.15363150713078547	-0.11192763306555167	0.10787281945426977	-0.0975351942056371	0.09191601072882087	-0.0630409098031546	0.06079116481816601	-0.06781930280818466	0.06840940699730844	-0.076054497984128	0.049411113623818795	-0.0474722946713495	0.053617099821820974
-0.09514241570408156	0.12066997759078234	-0.15721228359591233	0.1824714615754035	-0.15231480079832202	0.13153794767913235	-0.14347801151903034	0.18891751363250991	-0.20060190326595836	0.13859827008826506	-0.1772075793275035	0.12681466295810365	-0.46149381297125575	0.23315581906814006	-0.2070097067155991	0.2212344696664744	-0.5250273187909578	0.9999999999999999	-0.3518949197012939	0.22617417673023543	-0.23046638127635996	0.24594599351654342	-0.38148677269333886	0.20971353882468896	-0.1614550892665683	0.13008562005454366	-0.18871879365253175	0.207831053488386	-0.1852585416328765	0.15756720230727322	-0.15607740777113613	0.14603179352037987	-0.1708923093736527	0.12132715326005984	-0.12103806853358895	0.09407839890235904	-0.09163084642578469	0.06341491905025376	-0.06509463159677151	0.07197492580828932	-0.06794086639899874	0.07423441413903592	-0.05011809539120039	0.048978430903804576	-0.05583836216696697
0.0949920916497626	-0.11987725676506322	0.14733168944437072	-0.20090863951686	0.15912797243773663	-0.13596876464990584	0.13101296021415532	-0.15923468704552354	0.18134994619511846	-0.15006802735785824	0.1711992900745589	-0.11903905668432924	0.21598301244178766	-0.22094250466715246	0.2236035045414913	-0.16069102508569358	0.21185689562809096	-0.3518949197012939	0.9999999999999989	-0.6040574541062842	0.16673206521015002	-0.2066823493859376	0.2577757618537106	-0.44494009465025863	0.2816583602772822	-0.12390753743707104	0.16675309581454614	-0.21429911225194717	0.23453929081468844	-0.2427952930658904	0.14915542995390593	-0.15547727018385185	0.17488703849320242	-0.15803732694424158	0.15834241291233783	-0.10149867899132144	0.097365131995815	-0.07373621175800389	0.08227893171026876	-0.09330690501631217	0.07480460961520916	-0.08330949505372129	0.057839502940803075	-0.059411075788131804	0.06710413093123875
-0.08944005596651987	0.11119184586260694	-0.14386644202150897	0.18577940433749382	-0.18083662956672536	0.12298250806534118	-0.12664073828921835	0.1506290910588729	-0.18886458295938588	0.1652933677465324	-0.16635291069804475	0.11127489925436268	-0.20724773361558543	0.20600062073101075	-0.32939853040130773	0.13429889747910229	-0.18729594930741164	0.22617417673023543	-0.6040574541062842	1.0000000000000002	-0.15391637840394404	0.17382885876171122	-0.24253616847312595	0.30198068375787596	-0.47034197431507896	0.11298904536035258	-0.1582212074579768	0.19239028835604868	-0.2637690371613403	0.24326879179719366	-0.14429444699987562	0.14075502633740028	-0.17219791577475377	0.15185043809536505	-0.17254726195401693	0.09168050213567652	-0.09061657755482637	0.06735644046684798	-0.08027306729589205	0.08825983308565775	-0.06896858701993266	0.07481655782436424	-0.05367613917618365	0.05561812689436183	-0.06405121164908759
0.07242902594207674	-0.09094434251236573	0.10684801695351143	-0.13786328825087482	0.10334378017523933	-0.10675471934097762	0.10181348378503523	-0.11329894887848733	0.12391974378894624	-0.09176289804832899	0.15305163973510835	-0.10184995585896289	0.15089626794627142	-0.13256900859126744	0.12636414144488214	-0.7366188469816238	0.3002496350251966	-0.23046638127635996	0.16673206521015002	-0.15391637840394404	0.9999999999999971	-0.4320122354276775	0.18646061155109536	-0.1409574225504844	0.11065411159497258	-0.17917235759122765	0.21126772714218495	-0.15646809317619503	0.13650169803285112	-0.12057260977672056	0.1643399062145377	-0.1439782036497414	0.1410846938468896	-0.10126372872105331	0.09672925218617989	-0.0957696394339728	0.08918484809255271	-0.060099778588292664	0.05578527546536713	-0.06221592618597649	0.0662673797475164	-0.07378727038869601	0.047038556200908244	-0.0445898161535518	0.050254439837991396
-0.07352637908054786	0.09140008677926234	-0.1129024300489764	0.13985736501323381	-0.11282262543265825	0.10415405940512323	-0.10567560006667641	0.1194880925694918	-0.13543600025196664	0.09885575973352582	-0.15045046293619999	0.09849005494371264	-0.17272925433192904	0.14116612494741096	-0.14182373660882147	0.2680198103215316	-0.4327688635070203	0.24594599351654342	-0.2066823493859376	0.17382885876171122	-0.4320122354276775	0.9999999999999978	-0.3206567226775249	0.17580456399353495	-0.13949893148701276	0.2368215157858997	-0.5308573542577419	0.21526917557887662	-0.183048918317256	0.14869170829655268	-0.2603309439062195	0.19464662432792942	-0.20504116001353187	0.12686459015689888	-0.12442781715616374	0.12479446760298048	-0.12184470842842493	0.07456773735633293	-0.06950307250262432	0.07583410506117236	-0.08624485752659297	0.0923466337485798	-0.0592628089425918	0.05473007482849879	-0.06239900796504813
0.07802220637149765	-0.09808308606168863	0.12092540762826293	-0.15550930926967965	0.12332168142053036	-0.11109826139791525	0.10992517935383146	-0.1329879959759092	0.1467511309961412	-0.11120842860107587	0.14646508381705947	-0.10059380741212881	0.19307570406494026	-0.1664795274654072	0.16021471285350475	-0.17292937944316314	0.23234140928485278	-0.38148677269333886	0.2577757618537106	-0.24253616847312595	0.18646061155109536	-0.3206567226775249	1.0000000000000018	-0.4028201676323069	0.22193734345703608	-0.15522469230811506	0.21481131189435665	-0.5682281616444742	0.2701022877012303	-0.23723968834014805	0.17711759884755876	-0.21401500554392655	0.24612863052143555	-0.17285637673843426	0.1619565150347364	-0.12584641723871937	0.12021079921661507	-0.0833800913035137	0.08643261101015168	-0.09664581341275254	0.0868310850334719	-0.09771949698966417	0.0650118280636603	-0.06321547360789431	0.07088749737119457
-0.0681009092786807	0.08465756899919352	-0.10698827588923003	0.13630391259865174	-0.11723169928184796	0.09509524020040251	-0.0962325167891933	0.11253703555974771	-0.13297047763257205	0.10430721259524323	-0.12928239884933918	0.08605720707226396	-0.15914450025099863	0.14275440770679154	-0.1622901093703156	0.12274758199657615	-0.17105455405009665	0.20971353882468896	-0.44494009465025863	0.30198068375787596	-0.1409574225504844	0.17580456399353495	-0.4028201676323069	0.9999999999999958	-0.605389867736008	0.11056000578919979	-0.15583983880749944	0.2358339269011872	-0.34549714412750404	0.2799226414763758	-0.1383111836978277	0.1453117573506088	-0.18288705606686112	0.1614313617051349	-0.1810476614701269	0.09133589516858431	-0.09013938255322534	0.06633024815761748	-0.0813716228479869	0.08976486602757207	-0.06722752613630471	0.0735864401832594	-0.05267877732937262	0.05463050159916656	-0.06234865982689435
0.05800800100472748	-0.07235002370185982	0.09082122502555862	-0.11959973861466953	0.10219408042979053	-0.0815050899832688	0.08104300091172095	-0.09513877955967392	0.11317306557664046	-0.09434936927472964	0.10836031882574458	-0.07265109790639768	0.12856345634338484	-0.1249992515648648	0.1494582986887708	-0.09801878546883504	0.1311906054978618	-0.1614550892665683	0.2816583602772822	-0.47034197431507896	0.11065411159497258	-0.13949893148701276	0.22193734345703608	-0.605389867736008	1.000000000000001	-0.09005008236145301	0.12323828868003645	-0.19075127262479166	0.2712984122117799	-0.49669785850010856	0.11175295873942388	-0.12256501700847748	0.14782986732047604	-0.16213786451628107	0.17925812031760818	-0.07724010715677916	0.0753453867872618	-0.05813912406010148	0.07662461175778362	-0.08720049791887748	0.057030846386328396	-0.06309296503915765	0.04598022059653761	-0.04940426138682925	0.05576695860429565
-0.04637765668314131	0.05749009418500117	-0.07039793452691544	0.08971744060442631	-0.07097795480549314	0.06612952580406685	-0.0651019726238642	0.07260848657528586	-0.08326469749265826	0.06182920420423719	-0.09245848358559074	0.060117781213584125	-0.09773305191251674	0.08528743414785633	-0.0877064226104298	0.13046449926817683	-0.15258841719202743	0.13008562005454366	-0.12390753743707104	0.11298904536035258	-0.17917235759122765	0.2368215157858997	-0.15522469230811506	0.11056000578919979	-0.09005008236145301	0.9999999999999967	-0.570802137913136	0.1549988203829775	-0.1268864307414622	0.1040711835368564	-0.6957659443488318	0.21473221857296734	-0.18034184227389038	0.09900113353793943	-0.09344795117003166	0.15158895005463616	-0.14268019920981956	0.07004247601223926	-0.05568721857019034	0.060255344448844436	-0.09347030763022006	0.09562415587496786	-0.055985661349235244	0.047455973887747464	-0.05361781356199891
0.0640166448235033	-0.07973132444486726	0.09670343964961613	-0.12547572194009482	0.0970126072230688	-0.09209023984785265	0.08906383579487545	-0.1005678329741675	0.11382107299537585	-0.08528222328570428	0.1248450757010679	-0.08275278013199597	0.13415705790982185	-0.11922186450808546	0.11973709675147187	-0.17886551746451543	0.20977203563018482	-0.18871879365253175	0.16675309581454614	-0.1582212074579768	0.21126772714218495	-0.5308573542577419	0.21481131189435665	-0.15583983880749944	0.12323828868003645	-0.570802137913136	0.9999999999999982	-0.24005622877121088	0.16894909673193306	-0.14455628038676835	0.30228527717361003	-0.2887620717605745	0.2124883224963879	-0.1316893344227942	0.12074970614768724	-0.16529085618154646	0.14984149768707436	-0.08640374410178851	0.07177446667393696	-0.07927382223387634	0.10194974886124682	-0.11444541472777686	0.06744410302357323	-0.059682828914035244	0.06652496267571499
-0.0637513796330729	0.07919647181478368	-0.09897844519606616	0.12482769922674448	-0.10260806610079236	0.08968667507416504	-0.09019166505554908	0.10413445381907875	-0.12013474231220601	0.09021090926933864	-0.12323971002573815	0.08150012660122286	-0.1492291373835612	0.12626977176910595	-0.13233681583687815	0.13250921917048203	-0.18244927114177117	0.207831053488386	-0.21429911225194717	0.19239028835604868	-0.15646809317619503	0.21526917557887662	-0.5682281616444742	0.2358339269011872	-0.19075127262479166	0.1549988203829775	-0.24005622877121088	0.9999999999999963	-0.4504312205019617	0.2311289899074134	-0.1943391040134882	0.238593334981262	-0.470770763144911	0.18911510749961033	-0.17957185644635423	0.13066899260341786	-0.13531273415253367	0.08671833256201686	-0.09222460722059618	0.09890211525962858	-0.09077659242012724	0.09898876109842786	-0.06871273100966169	0.06475131820085075	-0.07350016962088513
0.06689552359195236	-0.08320912855642122	0.10282593923794059	-0.1350005390604217	0.10902171168002163	-0.09499321376151726	0.09278878410174629	-0.1064068315081951	0.12395485643698514	-0.09719896153151414	0.1266597972608181	-0.08399008967244583	0.14166211690701142	-0.13160518156040757	0.14302677975504685	-0.12083984299560209	0.15619946489693884	-0.1852585416328765	0.23453929081468844	-0.2637690371613403	0.13650169803285112	-0.183048918317256	0.2701022877012303	-0.34549714412750404	0.2712984122117799	-0.1268864307414622	0.16894909673193306	-0.4504312205019617	0.9999999999999931	-0.5938819054009907	0.15372435808146567	-0.19354465644244548	0.23482641740218818	-0.300647814743063	0.25156355258343244	-0.11597882266343312	0.11205010714382549	-0.08847184994515495	0.12205259272727166	-0.1406756931082207	0.08374095353269509	-0.09428107069976041	0.0692541145177921	-0.07583918465399359	0.08375188557289819
-0.05869074415813107	0.07259758850502132	-0.09157924640454065	0.11664713209747068	-0.10038324304290888	0.08191317680607384	-0.08260374141238669	0.09442324503913027	-0.1127522016466392	0.0881634162367915	-0.11294715377734031	0.07385204905592015	-0.1285054016060292	0.1169493495965599	-0.13618774510590828	0.10312202830410173	-0.1388412680248882	0.15756720230727322	-0.2427952930658904	0.24326879179719366	-0.12057260977672056	0.14869170829655268	-0.23723968834014805	0.2799226414763758	-0.49669785850010856	0.1040711835368564	-0.14455628038676835	0.2311289899074134	-0.5938819054009907	0.999999999999997	-0.1337517615427468	0.14699827832041984	-0.1947586807426017	0.2459067987151745	-0.39376185011135806	0.09164429064601552	-0.09147560422418814	0.07294413251071823	-0.11366904476907341	0.12589491542565814	-0.06898978307428824	0.07541738802140999	-0.05839647244513417	0.06574979347317876	-0.0748602651805329
0.05839660553771586	-0.0725263300156999	0.08791302933300547	-0.11485606024162263	0.088531291885596	-0.08401992554393291	0.08069157360003686	-0.09006516262505791	0.10292547594072407	-0.07736188402158337	0.11349973722823706	-0.0745022349135488	0.11738521016026773	-0.105925789171279	0.10837872100051604	-0.14155059007119633	0.1592553982880251	-0.15607740777113613	0.14915542995390593	-0.14429444699987562	0.1643399062145377	-0.2603309439062195	0.17711759884755876	-0.1383111836978277	0.11175295873942388	-0.6957659443488318	0.30228527717361003	-0.1943391040134882	0.15372435808146567	-0.1337517615427468	0.9999999999999946	-0.36189883078998536	0.22088810580734805	-0.13101838002601565	0.11800677373449955	-0.26641670021817065	0.20196386957821064	-0.10025664097852587	0.07358710055492959	-0.08078095083114473	0.13277168522204863	-0.14434482709540788	0.07857348536902739	-0.065352122541531	0.07231004544821429
-0.05318625006799824	0.06571200324027164	-0.08146810985732941	0.10302379570821917	-0.08371454002332973	0.07507073698095372	-0.07480994044923946	0.08362463601260552	-0.09730994029269233	0.07257532166879982	-0.10524410202430022	0.0680131776324598	-0.11298018042302391	0.09881409043935593	-0.10457076854950455	0.1162160458519807	-0.14931090959508228	0.14603179352037987	-0.15547727018385185	0.14075502633740028	-0.1439782036497414	0.19464662432792942	-0.21401500554392655	0.1453117573506088	-0.12256501700847748	0.21473221857296734	-0.2887620717605745	0.238593334981262	-0.19354465644244548	0.14699827832041984	-0.36189883078998536	0.9999999999999934	-0.6136888241166033	0.1681502942539906	-0.15716131412018425	0.2549550181268397	-0.4261495806768881	0.1207126828148014	-0.09192588278668601	0.09426112742307331	-0.15933649860778737	0.16239529295050764	-0.09825215371672501	0.0765601142053039	-0.08760432870363774
0.06025110810641285	-0.07483261498464577	0.09182647264267149	-0.11912081935111843	0.09423569238865329	-0.08589699981026352	0.08373282686687306	-0.09486930851727715	0.10912726588645023	-0.08276199767196563	0.11607451397970049	-0.07639633320326575	0.12636714255843118	-0.11370630769672084	0.11823650084252765	-0.12293783859400523	0.15363150713078547	-0.1708923093736527	0.17488703849320242	-0.17219791577475377	0.1410846938468896	-0.20504116001353187	0.24612863052143555	-0.18288705606686112	0.14782986732047604	-0.18034184227389038	0.2124883224963879	-0.470770763144911	0.23482641740218818	-0.1947586807426017	0.22088810580734805	-0.6136888241166033	0.9999999999999934	-0.28300508071691055	0.1977359447512145	-0.21636004938977152	0.21266890798977459	-0.13297330873796806	0.11461630288023443	-0.12095218963507388	0.13149299737310574	-0.1518885115825233	0.09940476294972805	-0.08523373404697589	0.09434039304407124
-0.04698109014761556	0.057932829223315135	-0.07248263049155418	0.09198091559522344	-0.07681224627567712	0.06585222412036373	-0.06596367418319535	0.07390666177994494	-0.08754442680647674	0.06666664374721867	-0.09200829832180635	0.059282635899617436	-0.09876139873102807	0.08871271442478254	-0.09854568096661243	0.08542770628803441	-0.11192763306555167	0.12132715326005984	-0.15803732694424158	0.15185043809536505	-0.10126372872105331	0.12686459015689888	-0.17285637673843426	0.1614313617051349	-0.16213786451628107	0.09900113353793943	-0.1316893344227942	0.18911510749961033	-0.300647814743063	0.2459067987151745	-0.13101838002601565	0.1681502942539906	-0.28300508071691055	0.9999999999999948	-0.7462198026837167	0.100766087907297	-0.10385493436505715	0.10203683544817	-0.3284067118233837	0.24352882450164978	-0.08069281844492698	0.08789646133991849	-0.08455281348076812	0.11266795946358116	-0.12730092477699861
0.04737539308250396	-0.0586356645375215	0.07272997928500037	-0.09437730928289323	0.07710281167823188	-0.06696188035506812	0.06588484270859576	-0.07426074060551369	0.08744102524092102	-0.06780722648962693	0.09123110345105218	-0.05943665271402093	0.09778518994472316	-0.09019686739893716	0.09975591520930438	-0.08376961085594149	0.10787281945426977	-0.12103806853358895	0.15834241291233783	-0.17254726195401693	0.09672925218617989	-0.12442781715616374	0.1619565150347364	-0.1810476614701269	0.17925812031760818	-0.09344795117003166	0.12074970614768724	-0.17957185644635423	0.25156355258343244	-0.39376185011135806	0.11800677373449955	-0.15716131412018425	0.1977359447512145	-0.7462198026837167	0.9999999999999925	-0.09636814330717434	0.09427081378931979	-0.0972453592842123	0.22443523395368567	-0.29470228014900196	0.07534526080522624	-0.0848374992362466	0.07746652981513208	-0.10553976153570138	0.11403204807198092
-0.03607067620850933	0.04445154726601012	-0.05510081788352412	0.06954296746214268	-0.0565265063868743	0.05086485978275977	-0.05069945222154649	0.05606552213196425	-0.06555675312541336	0.04871541152610167	-0.0719645883491174	0.0460491390947194	-0.07469591951419681	0.06563864655424798	-0.06992283445852038	0.07709151216393295	-0.0975351942056371	0.09407839890235904	-0.10149867899132144	0.09168050213567652	-0.0957696394339728	0.12479446760298048	-0.12584641723871937	0.09133589516858431	-0.07724010715677916	0.15158895005463616	-0.16529085618154646	0.13066899260341786	-0.11597882266343312	0.09164429064601552	-0.26641670021817065	0.2549550181268397	-0.21636004938977152	0.100766087907297	-0.09636814330717434	0.999999999999994	-0.743939577404762	0.14156002133694742	-0.06911311315811369	0.07111482204414435	-0.4094884281413561	0.2602976381801685	-0.12212842270796796	0.07795398805165157	-0.08806200095853305
0.03512383591137842	-0.04336677618037057	0.0534745359037094	-0.06825026736309683	0.054739339368667796	-0.04977505677878441	0.04908818367884138	-0.05444669968494999	0.06338322658525339	-0.047365079789909635	0.06938370148915057	-0.044684144836916975	0.07197286816184287	-0.06393002910185278	0.06763680667215428	-0.07388449280287725	0.09191601072882087	-0.09163084642578469	0.097365131995815	-0.09061657755482637	0.08918484809255271	-0.12184470842842493	0.12021079921661507	-0.09013938255322534	0.0753453867872618	-0.14268019920981956	0.14984149768707436	-0.13531273415253367	0.11205010714382549	-0.09147560422418814	0.20196386957821064	-0.4261495806768881	0.21266890798977459	-0.10385493436505715	0.09427081378931979	-0.743939577404762	0.9999999999999961	-0.17127257591331363	0.07035176666985891	-0.07319515813213247	0.24985638382421121	-0.3063274204514085	0.12972795203781634	-0.08179592291274004	0.08896343091573367
-0.026011544087743595	0.0319168085916991	-0.039789332323213286	0.049937122357158206	-0.04117163205946547	0.03646260534032988	-0.03659172002687027	0.04001592076423349	-0.04738056556016908	0.035211498785482846	-0.052313882967329695	0.03298392549789935	-0.05258703569270311	0.04657249378023671	-0.05080143110590683	0.04918991038588689	-0.0630409098031546	0.06341491905025376	-0.07373621175800389	0.06735644046684798	-0.060099778588292664	0.07456773735633293	-0.0833800913035137	0.06633024815761748	-0.05813912406010148	0.07004247601223926	-0.08640374410178851	0.08671833256201686	-0.08847184994515495	0.07294413251071823	-0.10025664097852587	0.1207126828148014	-0.13297330873796806	0.10203683544817	-0.0972453592842123	0.14156002133694742	-0.17127257591331363	0.9999999999999956	-0.16034846736080882	0.13884432662647703	-0.2349044217828206	0.22424904412212607	-0.8143940652050884	0.25637571081045885	-0.33070496535473004
0.026531109672868737	-0.03265180996736481	0.04067974673006225	-0.05177155282379158	0.042701747068667105	-0.03727800999244183	0.03712416500328215	-0.0410879109586759	0.04869384212629793	-0.03688301502818114	0.05232371045245434	-0.033404826926111686	0.0539484157034093	-0.04869808019722946	0.053822481505003614	-0.047097934680571725	0.06079116481816601	-0.06509463159677151	0.08227893171026876	-0.08027306729589205	0.05578527546536713	-0.06950307250262432	0.08643261101015168	-0.0813716228479869	0.07662461175778362	-0.05568721857019034	0.07177446667393696	-0.09222460722059618	0.12205259272727166	-0.11366904476907341	0.07358710055492959	-0.09192588278668601	0.11461630288023443	-0.3284067118233837	0.22443523395368567	-0.06911311315811369	0.07035176666985891	-0.16034846736080882	0.9999999999999947	-0.8361946635459776	0.07301526168551555	-0.08200822684241117	0.12840652638231437	-0.26887363196797426	0.22431189435744098
-0.029453469963891952	0.03618203744080838	-0.045309934284441786	0.05711526714656757	-0.04776124039055819	0.04118542301806803	-0.041398671341080544	0.04571476798116346	-0.05444648553882962	0.04107885637845012	-0.058503344238267904	0.03714468835898177	-0.06030844751462182	0.054080376273759764	-0.06029958265828402	0.05202880360511141	-0.06781930280818466	0.07197492580828932	-0.09330690501631217	0.08825983308565775	-0.06221592618597649	0.07583410506117236	-0.09664581341275254	0.08976486602757207	-0.08720049791887748	0.060255344448844436	-0.07927382223387634	0.09890211525962858	-0.1406756931082207	0.12589491542565814	-0.08078095083114473	0.09426112742307331	-0.12095218963507388	0.24352882450164978	-0.29470228014900196	0.07111482204414435	-0.07319515813213247	0.13884432662647703	-0.8361946635459776	0.9999999999999946	-0.07562852744575875	0.08179825507902791	-0.12392933225757968	0.2120162070236709	-0.2904229391435772
0.02739365525361292	-0.03370708258037759	0.04170188431371125	-0.052907457524768026	0.04278168650947836	-0.03867238170641232	0.03833769881710418	-0.04207428565235089	0.04938037655936839	-0.03675203985189534	0.054637104514912715	-0.034759804946500904	0.05513176981061593	-0.04898503434783545	0.05252932335874344	-0.05458794579341272	0.06840940699730844	-0.06794086639899874	0.07480460961520916	-0.06896858701993266	0.0662673797475164	-0.08624485752659297	0.0868310850334719	-0.06722752613630471	0.057030846386328396	-0.09347030763022006	0.10194974886124682	-0.09077659242012724	0.08374095353269509	-0.06898978307428824	0.13277168522204863	-0.15933649860778737	0.13149299737310574	-0.08069281844492698	0.07534526080522624	-0.4094884281413561	0.24985638382421121	-0.2349044217828206	0.07301526168551555	-0.07562852744575875	0.999999999999994	-0.8062193446077758	0.19396321133163152	-0.11222154622348515	0.11125242688858639
-0.029791418319254127	0.0365866061991505	-0.04554928103289892	0.05709787161966855	-0.046910548717170895	0.041812375733819025	-0.04195216181616064	0.045960541633587364	-0.05420608976447035	0.040153018472185144	-0.05997570401133007	0.03791994393988617	-0.06073447576296924	0.05344626678269826	-0.057765524893152426	0.059528027204387705	-0.076054497984128	0.07423441413903592	-0.08330949505372129	0.07481655782436424	-0.07378727038869601	0.0923466337485798	-0.09771949698966417	0.0735864401832594	-0.06309296503915765	0.09562415587496786	-0.11444541472777686	0.09898876109842786	-0.09428107069976041	0.07541738802140999	-0.14434482709540788	0.16239529295050764	-0.1518885115825233	0.08789646133991849	-0.0848374992362466	0.2602976381801685	-0.3063274204514085	0.22424904412212607	-0.08200822684241117	0.08179825507902791	-0.8062193446077758	0.9999999999999946	-0.29484420301283365	0.12653594057773104	-0.13784470666937976
0.0205756873810898	-0.02527556058729391	0.03140899341892921	-0.03967817058837687	0.032447681930041286	-0.028931547432792627	0.02885145817462425	-0.03159723768606832	0.037315857232889715	-0.027815412590944423	0.04116007362022715	-0.026047927727751094	0.04136665917219162	-0.0368230460466135	0.04001382749661977	-0.0388391723305081	0.049411113623818795	-0.05011809539120039	0.057839502940803075	-0.05367613917618365	0.047038556200908244	-0.0592628089425918	0.0650118280636603	-0.05267877732937262	0.04598022059653761	-0.055985661349235244	0.06744410302357323	-0.06871273100966169	0.0692541145177921	-0.05839647244513417	0.07857348536902739	-0.09825215371672501	0.09940476294972805	-0.08455281348076812	0.07746652981513208	-0.12212842270796796	0.12972795203781634	-0.8143940652050884	0.12840652638231437	-0.12392933225757968	0.19396321133163152	-0.29484420301283365	0.9999999999999944	-0.36477556986879367	0.2509571258413773
