1.0000000000000002	-0.47193226112386766	0.2382051368357111	-0.28184443884996346	0.2190553252232323	-0.6263064239913948	0.31769555088146745	-0.28073451514468706	0.1912657525059036	-0.22442358950882785	0.25807302075224814	-0.25711222239756365	0.20675893432815803	-0.17458661014938215	0.16478637229860493	-0.2570497039706798	0.18443575733580087	-0.20675430372877107	0.14148287921530397	-0.1559522925874742	0.1134655378175706	-0.09181116965733507	0.09671366432030444	-0.11426276644842508	0.1170994570500469	-0.08614308178597727	0.08362017878506198	-0.0829286453124746	0.09484099637921783	-0.08685761112216599	0.13952623059860286	-0.08715718413960838	0.07281660647490051	-0.11560786915414138	0.12439366410131583
-0.47193226112386766	1.0000000000000004	-0.4804207530118261	0.2693148148822543	-0.23241685283584018	0.28077140128290456	-0.5921876633635856	0.28286500439317447	-0.193107606023885	0.18508263485189066	-0.18943649543218377	0.1986773679535446	-0.1914489239883138	0.15135879987408365	-0.14929447736692228	0.16067498229264163	-0.14456407130991777	0.14892334648881675	-0.11716587687833427	0.12346883483528218	-0.09477667743942082	0.07485742312523248	-0.08061877126499944	0.09267626668679496	-0.10233667653131946	0.07113776759594953	-0.06970401858092597	0.06869037009480188	-0.08004387217637039	0.07369907119844948	-0.12389104857671526	0.07160255824483891	-0.06072478820201068	0.09527149914549626	-0.10984448717870762
0.2382051368357111	-0.4804207530118261	1.0000000000000002	-0.6339844819851503	0.23431660786940758	-0.1899357963971792	0.26250275151275837	-0.4615143381112363	0.2320486691173348	-0.21103482924744152	0.14705189626673126	-0.18336783987033126	0.1873301360017429	-0.16826570720988515	0.1551346426910166	-0.1369201267474562	0.12817632795346484	-0.14087146322681057	0.11491664435534013	-0.12323801691838723	0.08796684950526461	-0.07067225113741556	0.07686037342355315	-0.08926177980951176	0.09806410847081012	-0.06650920522913575	0.06588158737762007	-0.06539113630434236	0.07645661982558737	-0.07063074028738922	0.11686220414434768	-0.06804840835978263	0.0577644222199398	-0.09106080037639915	0.10488900736857029
-0.28184443884996346	0.2693148148822543	-0.6339844819851503	1.000000000000001	-0.427739316630927	0.1923009534122296	-0.2525296004207227	0.30153280084289635	-0.3462788461758861	0.2565558340202158	-0.17295689708538753	0.19653190328735368	-0.21602210574900213	0.20535249793784913	-0.2081740574599426	0.1591650309355566	-0.16126701579334235	0.17019458470190701	-0.15103544649034267	0.15817395325318237	-0.12309039205519465	0.09714605077051212	-0.10574183050075012	0.12037149715961581	-0.14023676901996615	0.092891205772966	-0.09183824723964572	0.09081482355176304	-0.10690280896225164	0.09949970870250627	-0.1703549938689874	0.09456727282913845	-0.0807743691567869	0.1274574801664778	-0.15269277635112066
0.2190553252232323	-0.23241685283584018	0.23431660786940758	-0.427739316630927	1.0000000000000009	-0.19141055966133666	0.20124721840322468	-0.2986223118001596	0.25534048106925894	-0.42817629162919013	0.18210768473027678	-0.2379804093031002	0.2168493309251842	-0.23297301087704245	0.22696413284277267	-0.20085113198130716	0.18751423871207334	-0.23115521448116708	0.18713969389130647	-0.21952370530114346	0.16519209280132668	-0.13818436521547886	0.1449163688781006	-0.17217852014929214	0.191944326971388	-0.12877119917236038	0.12934745724064556	-0.13184115766728938	0.1510189442623153	-0.14330757385742182	0.23243397444997724	-0.14160558318917524	0.11821481069336803	-0.20241043282548937	0.22011870052665683
-0.6263064239913948	0.28077140128290456	-0.1899357963971792	0.1923009534122296	-0.19141055966133666	1.0000000000000013	-0.49800111718411644	0.22590288327880503	-0.1592083469169977	0.16831701283857622	-0.4279069708103016	0.22776194343578246	-0.19339771452370413	0.14128638506588093	-0.1385321616426875	0.23149685451912957	-0.17912975971723188	0.16752219051081832	-0.11869583977735547	0.12421076970209481	-0.10002967897334793	0.07711542715289608	-0.08146504741522148	0.09369417914914903	-0.09890166149868572	0.07375374610784936	-0.0707374734095731	0.06893788767196486	-0.07937882952597744	0.07216840294435536	-0.12107358293343747	0.07198957197909905	-0.060632702057724516	0.09424463930985257	-0.10509222377011929
0.31769555088146745	-0.5921876633635856	0.26250275151275837	-0.2525296004207227	0.20124721840322468	-0.49800111718411644	1.0000000000000004	-0.41333891464889755	0.19703430034548247	-0.19591473401957296	0.21924213463966452	-0.27185629527080285	0.21204696469320494	-0.16313853349197271	0.15092704663732903	-0.1880607461778412	0.15274869663065005	-0.16133605105482626	0.11951134575929195	-0.12744195545997342	0.09289057938783067	-0.07399098911500464	0.07945427495838964	-0.09250472625615859	0.09810830993879871	-0.06977348958042781	0.06814629618877614	-0.06722358531020353	0.07793771884701542	-0.07135623961591243	0.11725169516873199	-0.07002132889173707	0.05912281293674981	-0.0925334326961007	0.10396227122216437
-0.28073451514468706	0.28286500439317447	-0.4615143381112363	0.30153280084289635	-0.2986223118001596	0.22590288327880503	-0.41333891464889755	1.0000000000000002	-0.4588663291333873	0.2697986797442104	-0.200293997111675	0.25043472382133664	-0.362653535558643	0.24412395908240603	-0.22977091585836826	0.17493750413254822	-0.17676640234959656	0.1884155088944778	-0.16081313515263249	0.1657855320950521	-0.11798570389916631	0.09394690770106805	-0.10353374717133672	0.11899809608004237	-0.13239687489204607	0.08859057651755635	-0.08796015654749119	0.08693253051657487	-0.10244879197311325	0.09427701614290276	-0.15726779425699838	0.08987816434469804	-0.07675300763754317	0.11948648944109327	-0.1403608448634664
0.1912657525059036	-0.193107606023885	0.2320486691173348	-0.3462788461758861	0.25534048106925894	-0.1592083469169977	0.19703430034548247	-0.4588663291333873	1.0000000000000004	-0.5538858260210505	0.151260199142781	-0.20823961685749293	0.2373970544011791	-0.4877394064871433	0.2864645597567525	-0.14577619192624444	0.15001170941726938	-0.1734968339195626	0.16909902019977385	-0.18557558601347676	0.10410155417815042	-0.08618875842343737	0.09735953423292913	-0.11610988661475881	0.12241843589778383	-0.07897134236430396	0.08019658327562891	-0.08042085470307675	0.0953472656916458	-0.0877185165109334	0.13834551625656885	-0.08243905119819214	0.07043399520273852	-0.1096308257359695	0.1260826421363794
-0.22442358950882785	0.18508263485189066	-0.21103482924744152	0.2565558340202158	-0.42817629162919013	0.16831701283857622	-0.19591473401957296	0.2697986797442104	-0.5538858260210505	0.9999999999999994	-0.17478176994765746	0.2093110083588464	-0.24262253324287616	0.30396204555828255	-0.45935793179217055	0.16833847049566183	-0.18545210092750866	0.19959099563111338	-0.21423007808493114	0.22578993983387044	-0.1477336358604342	0.11889489479738422	-0.13420167420524012	0.15307467838192076	-0.1798894175689529	0.1118087902549769	-0.11287186060723893	0.11236873529931582	-0.13470183917703016	0.12509616244667193	-0.206021258611089	0.11535896511668192	-0.09945405738255922	0.15468068920471534	-0.18827229819382002
0.25807302075224814	-0.18943649543218377	0.14705189626673126	-0.17295689708538753	0.18210768473027678	-0.4279069708103016	0.21924213463966452	-0.200293997111675	0.151260199142781	-0.17478176994765746	0.9999999999999983	-0.41911683162264196	0.2361927708173778	-0.15843476962637784	0.1500576917872646	-0.6360790593260571	0.2565822623630427	-0.24472680123037677	0.14289673105152068	-0.1503643441922029	0.12463833509101839	-0.09411803030172138	0.0955423877634413	-0.11123273689748896	0.10886847055787371	-0.09184220923804796	0.08350270883351656	-0.08028530892054397	0.09060834320138639	-0.08110411358215786	0.1328360117360638	-0.08401641395486828	0.0698239417971977	-0.10710141563044823	0.11375464689437882
-0.25711222239756365	0.1986773679535446	-0.18336783987033126	0.19653190328735368	-0.2379804093031002	0.22776194343578246	-0.27185629527080285	0.25043472382133664	-0.20823961685749293	0.2093110083588464	-0.41911683162264196	0.9999999999999978	-0.6708636298166749	0.22588972779199223	-0.21885368324915316	0.24898491701592598	-0.2637193123690576	0.23737922845528514	-0.1722357552236795	0.17039720704808087	-0.12502372208339643	0.09828628382960897	-0.10742504508585154	0.1230605386368961	-0.1292665452457653	0.09212657377703411	-0.09046135172699236	0.08829636243429612	-0.10321273746056181	0.0931475058653069	-0.1542205883102282	0.09100599698546581	-0.0773952788631847	0.11841799165448125	-0.13455551246179592
0.20675893432815803	-0.1914489239883138	0.1873301360017429	-0.21602210574900213	0.2168493309251842	-0.19339771452370413	0.21204696469320494	-0.362653535558643	0.2373970544011791	-0.24262253324287616	0.2361927708173778	-0.6708636298166749	0.9999999999999989	-0.36746499951086825	0.23367196041246022	-0.22436997563706088	0.2206629969667843	-0.31090034943695527	0.18389734626343232	-0.19234535640192443	0.11356955668361551	-0.09395433676641889	0.1045442531320139	-0.12498663169852223	0.12335586942918891	-0.08552844627413517	0.08558997227866313	-0.08509338932433934	0.09949496190151622	-0.09006874605155406	0.14076284697800118	-0.087291978987934	0.07398947961193218	-0.1139642768925262	0.12597428329239935
-0.17458661014938215	0.15135879987408365	-0.16826570720988515	0.20535249793784913	-0.23297301087704245	0.14128638506588093	-0.16313853349197271	0.24412395908240603	-0.4877394064871433	0.30396204555828255	-0.15843476962637784	0.22588972779199223	-0.36746499951086825	0.999999999999999	-0.6243108313137372	0.15059301600132016	-0.17090027618867673	0.19817836102413328	-0.26257629493819606	0.24407421505208315	-0.11113950786262762	0.09452895199868355	-0.11285723742186869	0.1358381777885508	-0.13596097351209857	0.08410886612826259	-0.08770458547398646	0.08844148915770865	-0.10695993144709355	0.09640013759550432	-0.14435436696057424	0.08886776507307706	-0.07662912880774089	0.11654040120070495	-0.13275411902021464
0.16478637229860493	-0.14929447736692228	0.1551346426910166	-0.2081740574599426	0.22696413284277267	-0.1385321616426875	0.15092704663732903	-0.22977091585836826	0.2864645597567525	-0.45935793179217055	0.1500576917872646	-0.21885368324915316	0.23367196041246022	-0.6243108313137372	0.9999999999999987	-0.15516063822339493	0.16850554709949797	-0.21352684780763065	0.25085250016901234	-0.4246894558156737	0.11447700444922002	-0.10074566604932579	0.11904952454440555	-0.150021671532861	0.14667762465410492	-0.08766197958898955	0.0924806186531242	-0.0948585737967066	0.11378698305469542	-0.105955083475058	0.14748777119384757	-0.0953139559719233	0.08159189163229516	-0.1258165222163281	0.1382773742551353
-0.2570497039706798	0.16067498229264163	-0.1369201267474562	0.1591650309355566	-0.20085113198130716	0.23149685451912957	-0.1880607461778412	0.17493750413254822	-0.14577619192624444	0.16833847049566183	-0.6360790593260571	0.24898491701592598	-0.22436997563706088	0.15059301600132016	-0.15516063822339493	0.9999999999999983	-0.5241148743996886	0.2639531184871396	-0.16147567267734253	0.15596438089403392	-0.17999693356324342	0.11470083615426295	-0.11312202138587195	0.12568420332863706	-0.1240842575587718	0.11609469270038543	-0.10169587658643027	0.09357163696235839	-0.10487945644395248	0.09188979847417851	-0.16207377299992654	0.097732450022341	-0.0814802888350402	0.12129479408212694	-0.1302368044992021
0.18443575733580087	-0.14456407130991777	0.12817632795346484	-0.16126701579334235	0.18751423871207334	-0.17912975971723188	0.15274869663065005	-0.17676640234959656	0.15001170941726938	-0.18545210092750866	0.2565822623630427	-0.2637193123690576	0.2206629969667843	-0.17090027618867673	0.16850554709949797	-0.5241148743996886	0.9999999999999972	-0.6578624436040802	0.21753004565756232	-0.2190350730568518	0.13968896807277245	-0.12507939743472232	0.12621136896986013	-0.15131079150263763	0.13233534584435055	-0.10496257644683914	0.10405860537502218	-0.10047678690651167	0.11356036720635664	-0.10006735854837875	0.15180474881355438	-0.10310747149822742	0.08590143105576986	-0.12894992141878625	0.13327860976135092
-0.20675430372877107	0.14892334648881675	-0.14087146322681057	0.17019458470190701	-0.23115521448116708	0.16752219051081832	-0.16133605105482626	0.1884155088944778	-0.1734968339195626	0.19959099563111338	-0.24472680123037677	0.23737922845528514	-0.31090034943695527	0.19817836102413328	-0.21352684780763065	0.2639531184871396	-0.6578624436040802	0.9999999999999961	-0.402246175321667	0.24999827350444992	-0.1511905057180797	0.13059264128821949	-0.15862713973906412	0.17991797337064935	-0.16384300244491412	0.11192383840644556	-0.11725744670762019	0.11518704109827417	-0.13746505828331645	0.11821857615634296	-0.1815437928148717	0.11464237428880301	-0.09885953989853444	0.14501215769247577	-0.16113373900774142
0.14148287921530397	-0.11716587687833427	0.11491664435534013	-0.15103544649034267	0.18713969389130647	-0.11869583977735547	0.11951134575929195	-0.16081313515263249	0.16909902019977385	-0.21423007808493114	0.14289673105152068	-0.1722357552236795	0.18389734626343232	-0.26257629493819606	0.25085250016901234	-0.16147567267734253	0.21753004565756232	-0.402246175321667	0.9999999999999973	-0.6936781334880204	0.1366449928336306	-0.1386417818811746	0.18903447734654416	-0.3396790909303387	0.18060396733912698	-0.10570711018950653	0.12167517411978168	-0.13000471892021384	0.16166577699930348	-0.1370443952785546	0.16435648040648404	-0.12189790942410247	0.10583691361570437	-0.15357376285628677	0.1580422773143908
-0.1559522925874742	0.12346883483528218	-0.12323801691838723	0.15817395325318237	-0.21952370530114346	0.12421076970209481	-0.12744195545997342	0.1657855320950521	-0.18557558601347676	0.22578993983387044	-0.1503643441922029	0.17039720704808087	-0.19234535640192443	0.24407421505208315	-0.4246894558156737	0.15596438089403392	-0.2190350730568518	0.24999827350444992	-0.6936781334880204	0.9999999999999958	-0.1469305439848583	0.13606428611374377	-0.18543858826880785	0.22340305922380954	-0.2451199791490303	0.111996408532166	-0.1266947373512585	0.13149600624591418	-0.16906280569139873	0.1538934387154904	-0.18424714916595603	0.12554593608969367	-0.11108416068893762	0.1620437540254329	-0.1813108114601792
0.1134655378175706	-0.09477667743942082	0.08796684950526461	-0.12309039205519465	0.16519209280132668	-0.10002967897334793	0.09289057938783067	-0.11798570389916631	0.10410155417815042	-0.1477336358604342	0.12463833509101839	-0.12502372208339643	0.11356955668361551	-0.11113950786262762	0.11447700444922002	-0.17999693356324342	0.13968896807277245	-0.1511905057180797	0.1366449928336306	-0.1469305439848583	0.9999999999999959	-0.4160400620009616	0.22157946878981974	-0.22693519401280643	0.1720353657321033	-0.6801088944926852	0.28569216095241784	-0.215036172072926	0.19009252291338874	-0.1480490214822622	0.3063780375251486	-0.24261711061075344	0.17769399349617768	-0.2428516266603021	0.19337551174092635
-0.09181116965733507	0.07485742312523248	-0.07067225113741556	0.09714605077051212	-0.13818436521547886	0.07711542715289608	-0.07399098911500464	0.09394690770106805	-0.08618875842343737	0.11889489479738422	-0.09411803030172138	0.09828628382960897	-0.09395433676641889	0.09452895199868355	-0.10074566604932579	0.11470083615426295	-0.12507939743472232	0.13059264128821949	-0.1386417818811746	0.13606428611374377	-0.4160400620009616	0.9999999999999957	-0.5096924431804001	0.26245071105318674	-0.18553059254323173	0.26455721235375496	-0.5742309785168822	0.2549002623492396	-0.23753119614738605	0.15367510768345005	-0.27357726276010474	0.24539117358609885	-0.2128020493529598	0.21136577233910483	-0.19584461849760595
0.09671366432030444	-0.08061877126499944	0.07686037342355315	-0.10574183050075012	0.1449163688781006	-0.08146504741522148	0.07945427495838964	-0.10353374717133672	0.09735953423292913	-0.13420167420524012	0.0955423877634413	-0.10742504508585154	0.1045442531320139	-0.11285723742186869	0.11904952454440555	-0.11312202138587195	0.12621136896986013	-0.15862713973906412	0.18903447734654416	-0.18543858826880785	0.22157946878981974	-0.5096924431804001	0.9999999999999941	-0.6333782930580738	0.1912367188505517	-0.18600197892398804	0.2631454431899883	-0.3307197681802869	0.26114970918535313	-0.17209294268346398	0.21544581970454016	-0.24181382777914984	0.20050809902965913	-0.22980511142550386	0.1945653610734458
-0.11426276644842508	0.09267626668679496	-0.08926177980951176	0.12037149715961581	-0.17217852014929214	0.09369417914914903	-0.09250472625615859	0.11899809608004237	-0.11610988661475881	0.15307467838192076	-0.11123273689748896	0.1230605386368961	-0.12498663169852223	0.1358381777885508	-0.150021671532861	0.12568420332863706	-0.15131079150263763	0.17991797337064935	-0.3396790909303387	0.22340305922380954	-0.22693519401280643	0.26245071105318674	-0.6333782930580738	0.9999999999999958	-0.2559966020710694	0.17220444009997252	-0.23717339987441632	0.2547530838822847	-0.40993490824046225	0.206528168939676	-0.24684150327199597	0.20529669573951187	-0.19526910280610704	0.23315705548879614	-0.2366614167732939
0.1170994570500469	-0.10233667653131946	0.09806410847081012	-0.14023676901996615	0.191944326971388	-0.09890166149868572	0.09810830993879871	-0.13239687489204607	0.12241843589778383	-0.1798894175689529	0.10886847055787371	-0.1292665452457653	0.12335586942918891	-0.13596097351209857	0.14667762465410492	-0.1240842575587718	0.13233534584435055	-0.16384300244491412	0.18060396733912698	-0.2451199791490303	0.1720353657321033	-0.18553059254323173	0.1912367188505517	-0.2559966020710694	0.9999999999999957	-0.144424029012043	0.17303785435812702	-0.2271729944760835	0.2790275623208647	-0.6988025856126769	0.22056550568767086	-0.21544151898839153	0.18052445365529748	-0.3336015610786511	0.3018387103441143
-0.08614308178597727	0.07113776759594953	-0.06650920522913575	0.092891205772966	-0.12877119917236038	0.07375374610784936	-0.06977348958042781	0.08859057651755635	-0.07897134236430396	0.1118087902549769	-0.09184220923804796	0.09212657377703411	-0.08552844627413517	0.08410886612826259	-0.08766197958898955	0.11609469270038543	-0.10496257644683914	0.11192383840644556	-0.10570711018950653	0.111996408532166	-0.6801088944926852	0.26455721235375496	-0.18600197892398804	0.17220444009997252	-0.144424029012043	0.9999999999999938	-0.389779174219485	0.1875681014065282	-0.1672582339427719	0.12204982853195838	-0.510210382412859	0.20653971506014673	-0.16132034567355572	0.19214018462467936	-0.16154951662343275
0.08362017878506198	-0.06970401858092597	0.06588158737762007	-0.09183824723964572	0.12934745724064556	-0.0707374734095731	0.06814629618877614	-0.08796015654749119	0.08019658327562891	-0.11287186060723893	0.08350270883351656	-0.09046135172699236	0.08558997227866313	-0.08770458547398646	0.0924806186531242	-0.10169587658643027	0.10405860537502218	-0.11725744670762019	0.12167517411978168	-0.1266947373512585	0.28569216095241784	-0.5742309785168822	0.2631454431899883	-0.23717339987441632	0.17303785435812702	-0.389779174219485	0.9999999999999922	-0.4058024137186939	0.2350094433750142	-0.1563243657100825	0.25668425010610796	-0.4315787769031266	0.2597589617074565	-0.23453622379504352	0.18953668840286833
-0.0829286453124746	0.06869037009480188	-0.06539113630434236	0.09081482355176304	-0.13184115766728938	0.06893788767196486	-0.06722358531020353	0.08693253051657487	-0.08042085470307675	0.11236873529931582	-0.08028530892054397	0.08829636243429612	-0.08509338932433934	0.08844148915770865	-0.0948585737967066	0.09357163696235839	-0.10047678690651167	0.11518704109827417	-0.13000471892021384	0.13149600624591418	-0.215036172072926	0.2549002623492396	-0.3307197681802869	0.2547530838822847	-0.2271729944760835	0.1875681014065282	-0.4058024137186939	0.9999999999999923	-0.5408507241059344	0.21131859472194237	-0.23739005982423114	0.302907667402871	-0.5017301812313406	0.26880972618388066	-0.23213760788021343
0.09484099637921783	-0.08004387217637039	0.07645661982558737	-0.10690280896225164	0.1510189442623153	-0.07937882952597744	0.07793771884701542	-0.10244879197311325	0.0953472656916458	-0.13470183917703016	0.09060834320138639	-0.10321273746056181	0.09949496190151622	-0.10695993144709355	0.11378698305469542	-0.10487945644395248	0.11356036720635664	-0.13746505828331645	0.16166577699930348	-0.16906280569139873	0.19009252291338874	-0.23753119614738605	0.26114970918535313	-0.40993490824046225	0.2790275623208647	-0.1672582339427719	0.2350094433750142	-0.5408507241059344	0.9999999999999915	-0.43823966270181103	0.22153000638794326	-0.2704337540846926	0.25475903601787636	-0.37594020653564164	0.26800757673110037
-0.08685761112216599	0.07369907119844948	-0.07063074028738922	0.09949970870250627	-0.14330757385742182	0.07216840294435536	-0.07135623961591243	0.09427701614290276	-0.0877185165109334	0.12509616244667193	-0.08110411358215786	0.0931475058653069	-0.09006874605155406	0.09640013759550432	-0.105955083475058	0.09188979847417851	-0.10006735854837875	0.11821857615634296	-0.1370443952785546	0.1538934387154904	-0.1480490214822622	0.15367510768345005	-0.17209294268346398	0.206528168939676	-0.6988025856126769	0.12204982853195838	-0.1563243657100825	0.21131859472194237	-0.43823966270181103	0.9999999999999908	-0.18945569114366764	0.176383607587449	-0.16844746486531056	0.26947895243945424	-0.43488032595768195
0.13952623059860286	-0.12389104857671526	0.11686220414434768	-0.1703549938689874	0.23243397444997724	-0.12107358293343747	0.11725169516873199	-0.15726779425699838	0.13834551625656885	-0.206021258611089	0.1328360117360638	-0.1542205883102282	0.14076284697800118	-0.14435436696057424	0.14748777119384757	-0.16207377299992654	0.15180474881355438	-0.1815437928148717	0.16435648040648404	-0.18424714916595603	0.3063780375251486	-0.27357726276010474	0.21544581970454016	-0.24684150327199597	0.22056550568767086	-0.510210382412859	0.25668425010610796	-0.23739005982423114	0.22153000638794326	-0.18945569114366764	0.9999999999999913	-0.2949578242154965	0.2092227375081377	-0.3491770316153947	0.26100951195069266
-0.08715718413960838	0.07160255824483891	-0.06804840835978263	0.09456727282913845	-0.14160558318917524	0.07198957197909905	-0.07002132889173707	0.08987816434469804	-0.08243905119819214	0.11535896511668192	-0.08401641395486828	0.09100599698546581	-0.087291978987934	0.08886776507307706	-0.0953139559719233	0.097732450022341	-0.10310747149822742	0.11464237428880301	-0.12189790942410247	0.12554593608969367	-0.24261711061075344	0.24539117358609885	-0.24181382777914984	0.20529669573951187	-0.21544151898839153	0.20653971506014673	-0.4315787769031266	0.302907667402871	-0.2704337540846926	0.176383607587449	-0.2949578242154965	0.9999999999999913	-0.6733496246642188	0.2735209823094471	-0.25548113621902
0.07281660647490051	-0.06072478820201068	0.0577644222199398	-0.0807743691567869	0.11821481069336803	-0.060632702057724516	0.05912281293674981	-0.07675300763754317	0.07043399520273852	-0.09945405738255922	0.0698239417971977	-0.0773952788631847	0.07398947961193218	-0.07662912880774089	0.08159189163229516	-0.0814802888350402	0.08590143105576986	-0.09885953989853444	0.10583691361570437	-0.11108416068893762	0.17769399349617768	-0.2128020493529598	0.20050809902965913	-0.19526910280610704	0.18052445365529748	-0.16132034567355572	0.2597589617074565	-0.5017301812313406	0.25475903601787636	-0.16844746486531056	0.2092227375081377	-0.6733496246642188	0.9999999999999912	-0.3898462437994592	0.21824092797757105
-0.11560786915414138	0.09527149914549626	-0.09106080037639915	0.1274574801664778	-0.20241043282548937	0.09424463930985257	-0.0925334326961007	0.11948648944109327	-0.1096308257359695	0.15468068920471534	-0.10710141563044823	0.11841799165448125	-0.1139642768925262	0.11654040120070495	-0.1258165222163281	0.12129479408212694	-0.12894992141878625	0.14501215769247577	-0.15357376285628677	0.1620437540254329	-0.2428516266603021	0.21136577233910483	-0.22980511142550386	0.23315705548879614	-0.3336015610786511	0.19214018462467936	-0.23453622379504352	0.26880972618388066	-0.37594020653564164	0.26947895243945424	-0.3491770316153947	0.2735209823094471	-0.3898462437994592	0.9999999999999917	-0.5803069733390888
0.12439366410131583	-0.10984448717870762	0.10488900736857029	-0.15269277635112066	0.22011870052665683	-0.10509222377011929	0.10396227122216437	-0.1403608448634664	0.1260826421363794	-0.18827229819382002	0.11375464689437882	-0.13455551246179592	0.12597428329239935	-0.13275411902021464	0.1382773742551353	-0.1302368044992021	0.13327860976135092	-0.16113373900774142	0.1580422773143908	-0.1813108114601792	0.19337551174092635	-0.19584461849760595	0.1945653610734458	-0.2366614167732939	0.3018387103441143	-0.16154951662343275	0.18953668840286833	-0.23213760788021343	0.26800757673110037	-0.43488032595768195	0.26100951195069266	-0.25548113621902	0.21824092797757105	-0.5803069733390888	0.9999999999999918
