1.0	-0.42711573678293524	0.2671995810666329	-0.17356864984817283	0.1099667383926626	-0.5558797151691434	0.30624796161567247	-0.3011982461167202	0.19928744439360693	-0.16638034565613477	0.27284776894036716	-0.26721031708298765	0.22375999764232646	-0.1645134232839263	0.13488802650802506	-0.37953325964101425	0.2562655481104328	-0.22538463965054734	0.17449548404960852	-0.1706255599919792	0.12917743032421944	-0.13793644262940008	0.15619684223874536	-0.18493494429020338	0.1928952731705828	-0.14864730811158736	0.11969894312022254	-0.15497880986382354	0.11232795811419156	-0.1660426885843378	0.08959730878626967	-0.1177272631372807	0.09294552221994495	-0.08764521968979358	0.09502142021389805	-0.0989892913205459	0.06950054754721627	-0.08033696641356264	0.07175873094054158	-0.0654296857265809
-0.42711573678293524	1.0000000000000002	-0.769972381504389	0.10467337162778613	-0.06914123639970134	0.21719580031047786	-0.33256645090299775	0.2628906898247397	-0.14150215984470607	0.09983094553801895	-0.162089000220332	0.17088855073579468	-0.17583376710877632	0.10982558646892651	-0.08591134809311181	0.1872933014882652	-0.16701929828548576	0.14521370321620544	-0.11451263392285407	0.10471188286008357	-0.06920280613647502	0.07630181804543555	-0.09503085172002176	0.10334616301208699	-0.11653054844920732	0.07875820236983337	-0.06723519512307415	0.0894850552767562	-0.06341646514597198	0.09212216218301424	-0.04877610309698192	0.06418589637612558	-0.05181783173834901	0.04856950418468531	-0.053050510139872734	0.05331482514051756	-0.03804515322304913	0.04381422243124644	-0.039821000284016916	0.03616880250460708
0.2671995810666329	-0.769972381504389	1.0000000000000002	-0.1271837703840673	0.08130767906322908	-0.21206760920905843	0.2601862620593925	-0.42576064272148184	0.15725783188836598	-0.11801478289182633	0.16041538379089063	-0.18239029545782032	0.19784813970015028	-0.12780410209431906	0.09905394455929653	-0.21314743654387233	0.17671343595269332	-0.17239641467876718	0.13003623308921688	-0.12234402543867615	0.07830783320486528	-0.08680855719114597	0.1075982651489167	-0.12026481061080335	0.131115160091638	-0.09010626899181957	0.07623160749461336	-0.10335793054126224	0.0733532160427666	-0.10704512285867139	0.0558120937547183	-0.07394538961025922	0.05940271252691487	-0.05592022772559492	0.06078605604694114	-0.06138927431613995	0.04369771253675258	-0.05047556761891541	0.045682005674526766	-0.041610532578403754
-0.17356864984817283	0.10467337162778613	-0.1271837703840673	1.0	-0.757864249844578	0.11825347289796732	-0.1532388600280115	0.1487404103666988	-0.3251554270732098	0.30039125085561597	-0.12017118801302802	0.12781979899189	-0.15918271088130578	0.19613247708964987	-0.24461052147922768	0.15370833121334546	-0.19060267413826953	0.1611169198006188	-0.2066997079023798	0.20104390512592205	-0.06819001817647777	0.07963498105726409	-0.11469350426245084	0.13973959933069754	-0.24668161730688606	0.0778586038262801	-0.07324194341067591	0.10244140348811677	-0.08610647030303575	0.12477146678790173	-0.05662245997409402	0.07657742382159129	-0.06480755009618677	0.0614106975899869	-0.0697229011185363	0.061614401665527035	-0.04624425891375532	0.05328097476257779	-0.05095549912141463	0.04633449041220583
0.1099667383926626	-0.06914123639970134	0.08130767906322908	-0.757864249844578	0.9999999999999992	-0.07848596164932467	0.09988781328276368	-0.10180408216503085	0.20236829824569397	-0.5295912422959457	0.07966146498386625	-0.08669634638240847	0.10948836200552632	-0.15568456580005333	0.21142830504717852	-0.1060004745586252	0.12447847604435577	-0.11605058285446986	0.14986753710604342	-0.18508262665286151	0.04679532014714036	-0.05491576817342773	0.07890203943926578	-0.10022361092038004	0.15961135103808494	-0.053854230053822574	0.050308909626561045	-0.07175320617011638	0.060733011042856604	-0.08860655008681018	0.03896424262328639	-0.053192306632453897	0.04467300633499083	-0.04265943051992038	0.047919254461173164	-0.0427254345304966	0.031926818136088164	-0.03696132492816657	0.03509969448062453	-0.03209509045391083
-0.5558797151691434	0.21719580031047786	-0.21206760920905843	0.11825347289796732	-0.07848596164932467	0.999999999999999	-0.48258261833553295	0.24186994852261	-0.16475763713890462	0.11732516320029245	-0.5357037207539229	0.2840050062329381	-0.21218596948903612	0.13038421464923042	-0.10234477171905387	0.26898744923344986	-0.24435685364588275	0.1789952235346236	-0.13939219242884288	0.12572110106086243	-0.09602027776949254	0.10145417920276112	-0.12085708965005211	0.12642124451423262	-0.14557816014649919	0.10494628581917476	-0.08922956150995524	0.11291491816794515	-0.07833231681888858	0.11299092572653348	-0.0629712540009906	0.08103580390849498	-0.06561319850737361	0.060944718122461355	-0.06687967403971219	0.06775003950002113	-0.048237086829510556	0.055154560506087094	-0.05024736229447571	0.04537298406766519
0.30624796161567247	-0.33256645090299775	0.2601862620593925	-0.1532388600280115	0.09988781328276368	-0.48258261833553295	0.9999999999999982	-0.5047720311991603	0.203282079774174	-0.15226223684231938	0.28611283957626965	-0.413335243045327	0.2734241435804016	-0.1701008478792371	0.12959321933665824	-0.3070409289248494	0.2605549023069104	-0.23806161048740523	0.17367432493670312	-0.161834052429966	0.10986906536723265	-0.12087131540375122	0.14652716013944117	-0.15900450936876406	0.17335507649692256	-0.1248041118946137	0.10537274156067968	-0.14062979077216528	0.09745816770723652	-0.14141152198825832	0.07525666478160624	-0.09885116234011126	0.07955705526457374	-0.07456740512204214	0.08104032340753317	-0.08219340752027035	0.05843362053655318	-0.06728210108875213	0.060953492484924654	-0.05537669114894142
-0.3011982461167202	0.2628906898247397	-0.42576064272148184	0.1487404103666988	-0.10180408216503085	0.24186994852261	-0.5047720311991603	0.9999999999999989	-0.28433078046932414	0.15209656969841182	-0.22698049834377496	0.26278908770509135	-0.5087987195895511	0.20051014317863264	-0.14226909791153852	0.23706120024481034	-0.2628594861202757	0.2524950724119936	-0.20048346626807473	0.1663503701491387	-0.09438087183806239	0.10772833366683036	-0.15117575828811372	0.14769171883420754	-0.17483575570389912	0.10678534530889923	-0.09633406656116376	0.13318145597540215	-0.09155700745117573	0.13015570704788673	-0.06734258187373592	0.08897517627401506	-0.07340501693312267	0.06842078251583665	-0.07498658956612633	0.0729796902478494	-0.052848953620286035	0.06069629604742018	-0.05601602399708541	0.0507216833647053
0.19928744439360693	-0.14150215984470607	0.15725783188836598	-0.3251554270732098	0.20236829824569397	-0.16475763713890462	0.203282079774174	-0.28433078046932414	0.9999999999999997	-0.3413822495550519	0.16283407639370917	-0.19210148017386316	0.24828833149707952	-0.6146262243765045	0.2746666682352118	-0.23668577008842312	0.23210023496203275	-0.27074668243798794	0.29525204599794597	-0.31645785237769475	0.10015231075499538	-0.1177427405773222	0.16247778744299715	-0.21917981284034158	0.2422038317725089	-0.11724909613853127	0.10599549172991493	-0.1560986394034978	0.12796409546815507	-0.18905908773493404	0.08168839313413788	-0.11299282310218137	0.09257672517375351	-0.08940963521591554	0.09776547238557197	-0.0910229652956922	0.06680582746338437	-0.07802166674454906	0.07233477229361121	-0.0667789815611069
-0.16638034565613477	0.09983094553801895	-0.11801478289182633	0.30039125085561597	-0.5295912422959457	0.11732516320029245	-0.15226223684231938	0.15209656969841182	-0.3413822495550519	0.9999999999999981	-0.12088715136154177	0.13109657781817485	-0.17244507848834822	0.24631203391412357	-0.5499686035315725	0.15557926647516362	-0.19245353255206052	0.1759751026759723	-0.2530755703482172	0.272783613762377	-0.06948132799901392	0.0817255687681339	-0.12033901616209192	0.14764391156456216	-0.2577128585813163	0.07957323527387554	-0.07519365127498119	0.10693510505785578	-0.09055730795062908	0.13055611643925166	-0.05756461193765749	0.07834544403944012	-0.06630663735536695	0.06309963417539032	-0.0712171679192368	0.06283216864489813	-0.04715360230844584	0.05446276891129412	-0.0520481136166548	0.04747061099622013
0.27284776894036716	-0.162089000220332	0.16041538379089063	-0.12017118801302802	0.07966146498386625	-0.5357037207539229	0.28611283957626965	-0.22698049834377496	0.16283407639370917	-0.12088715136154177	1.0000000000000018	-0.5912762434622773	0.22909524356639568	-0.13737775054152826	0.10547482976932002	-0.4294704460720822	0.26934569367644	-0.2013701040141697	0.14504456591149475	-0.13159881382083827	0.11908056976909902	-0.119139941701347	0.13019494173668983	-0.13224334841312357	0.14966447755763546	-0.12710063825795184	0.10215960695718564	-0.12357713963726852	0.08240287578335011	-0.11806313282487448	0.06915531774133088	-0.08713953219850457	0.07010174711741515	-0.06473019264827784	0.07070848792566814	-0.07363456660099049	0.05178846048156381	-0.058888307206329385	0.05335267094394489	-0.04799929012690475
-0.26721031708298765	0.17088855073579468	-0.18239029545782032	0.12781979899189	-0.08669634638240847	0.2840050062329381	-0.413335243045327	0.26278908770509135	-0.19210148017386316	0.13109657781817485	-0.5912762434622773	0.9999999999999998	-0.41473351309234097	0.16283274286644514	-0.1205147268162758	0.28722648197883743	-0.41449501703328884	0.24175945627638892	-0.1731381895119887	0.14626269827268296	-0.10723014349741143	0.11867511322670571	-0.14548007223884935	0.13847892486043673	-0.16038042677174014	0.11622326973155582	-0.1033040981027874	0.13161931058864396	-0.08660933873403374	0.12274913233219863	-0.06824645057750608	0.08793192308464538	-0.07190114748932924	0.06642600675084276	-0.07260968571803632	0.07295211084644472	-0.0521954521059983	0.05952513654584715	-0.05454065798201764	0.04912752444868574
0.22375999764232646	-0.17583376710877632	0.19784813970015028	-0.15918271088130578	0.10948836200552632	-0.21218596948903612	0.2734241435804016	-0.5087987195895511	0.24828833149707952	-0.17244507848834822	0.22909524356639568	-0.41473351309234097	0.999999999999998	-0.297685026921629	0.16642798547245954	-0.255772100759861	0.27800607280071093	-0.5202879894036696	0.2476708368217949	-0.2036731784473732	0.10333245772055526	-0.12224941787095714	0.18111154495274892	-0.1658335597513053	0.18505669878632353	-0.11859403837934859	0.10833203684177933	-0.1637892124975824	0.10274545349455384	-0.14378965474265434	0.07279671394668286	-0.09714028815997484	0.08052804434570521	-0.07511211710835006	0.0811437455474929	-0.07901315221629679	0.05725156300361344	-0.06586954052723873	0.060754051582561086	-0.055072374756449126
-0.1645134232839263	0.10982558646892651	-0.12780410209431906	0.19613247708964987	-0.15568456580005333	0.13038421464923042	-0.1701008478792371	0.20051014317863264	-0.6146262243765045	0.24631203391412357	-0.13737775054152826	0.16283274286644514	-0.297685026921629	0.9999999999999972	-0.4143403018721102	0.17509322309883063	-0.2042177114936675	0.2477326757114914	-0.4886447814467337	0.2922347725254746	-0.0765715263759462	0.09104325110235656	-0.13836449625128905	0.16306032911734636	-0.2073726036268014	0.0883570646298778	-0.08287780009841973	0.12266666435196975	-0.09812769982932079	0.1368508194420853	-0.06069187829900602	0.08288459482862352	-0.0696767301366743	0.06636476586285879	-0.07328237293511347	0.06650716838309571	-0.04934706189741388	0.05715099841544732	-0.05395646700920824	0.04931984587786176
0.13488802650802506	-0.08591134809311181	0.09905394455929653	-0.24461052147922768	0.21142830504717852	-0.10234477171905387	0.12959321933665824	-0.14226909791153852	0.2746666682352118	-0.5499686035315725	0.10547482976932002	-0.1205147268162758	0.16642798547245954	-0.4143403018721102	0.9999999999999982	-0.14194570078504992	0.16335993571614846	-0.18421460255212754	0.2752872949454538	-0.5831057877324219	0.0630473739097525	-0.07492053476043087	0.11088630575450936	-0.14430712202356893	0.21208207637412332	-0.07300696796401165	0.06850047220292925	-0.10099387533747879	0.08599121959915125	-0.12462356027643312	0.05219941228674547	-0.07196437562111845	0.06040330632131791	-0.058131932692955954	0.06455077390037274	-0.05750806869942197	0.042932633413407896	-0.049906999627465566	0.04730368994561657	-0.04348857102360702
-0.37953325964101425	0.1872933014882652	-0.21314743654387233	0.15370833121334546	-0.1060004745586252	0.26898744923344986	-0.3070409289248494	0.23706120024481034	-0.23668577008842312	0.15557926647516362	-0.4294704460720822	0.28722648197883743	-0.255772100759861	0.17509322309883063	-0.14194570078504992	0.9999999999999948	-0.5156627516199527	0.24408345444245771	-0.1999456214611057	0.17308827711297822	-0.3051721254201172	0.20535724587920773	-0.20484740030522022	0.18131533583059406	-0.24265329886058545	0.2224939170849114	-0.18745214780301586	0.18173036944751927	-0.11776710658722706	0.16427819499614485	-0.11814522599312106	0.133895927168504	-0.11061040517444368	0.09829031767741424	-0.11107508460138017	0.11559952608524438	-0.08196893833978455	0.09010102633268752	-0.08361836101302143	0.07333174484437788
0.2562655481104328	-0.16701929828548576	0.17671343595269332	-0.19060267413826953	0.12447847604435577	-0.24435685364588275	0.2605549023069104	-0.2628594861202757	0.23210023496203275	-0.19245353255206052	0.26934569367644	-0.41449501703328884	0.27800607280071093	-0.2042177114936675	0.16335993571614846	-0.5156627516199527	0.9999999999999929	-0.41251264304397695	0.23158699452291337	-0.21471295216081795	0.18933148913165637	-0.2454911364424945	0.22397884062238568	-0.224568711926442	0.23378633264212453	-0.2135674646528529	0.184945389804115	-0.22641807716756618	0.14002695636776416	-0.2000787748657664	0.11483093283845278	-0.1487945687371869	0.11830120229500748	-0.10953014321408122	0.11750869900328567	-0.12406536626838538	0.08696179570380333	-0.09935503171037449	0.08915068401119323	-0.08047140645032543
-0.22538463965054734	0.14521370321620544	-0.17239641467876718	0.1611169198006188	-0.11605058285446986	0.1789952235346236	-0.23806161048740523	0.2524950724119936	-0.27074668243798794	0.1759751026759723	-0.2013701040141697	0.24175945627638892	-0.5202879894036696	0.2477326757114914	-0.18421460255212754	0.24408345444245771	-0.41251264304397695	0.9999999999999967	-0.46078567691903066	0.23047533311505314	-0.11556231648372907	0.14550726284080442	-0.33809227167382827	0.1878060386026397	-0.22176115651304215	0.1317729917582935	-0.13417044625331015	0.2144090124252638	-0.12159993925447252	0.16005701971230218	-0.08183961646949978	0.10935987738878371	-0.0944613412187654	0.08619870831849767	-0.09316839715077475	0.08740849665128234	-0.06460895350676936	0.07382471047935175	-0.06953862752142517	0.062422954322986945
0.17449548404960852	-0.11451263392285407	0.13003623308921688	-0.2066997079023798	0.14986753710604342	-0.13939219242884288	0.17367432493670312	-0.20048346626807473	0.29525204599794597	-0.2530755703482172	0.14504456591149475	-0.1731381895119887	0.2476708368217949	-0.4886447814467337	0.2752872949454538	-0.1999456214611057	0.23158699452291337	-0.46078567691903066	0.9999999999999984	-0.5188710244204088	0.09072736992906798	-0.11093006717253977	0.1765532171139683	-0.23833532169919303	0.2432874178291623	-0.10591770923622852	0.10104748407375896	-0.15978590452590513	0.13128526398024212	-0.17674380615483185	0.07295764704417727	-0.10085325961350915	0.08572390601950813	-0.08246260429778035	0.0903213383370286	-0.08007241022029726	0.05985525579009894	-0.06950426052073051	0.0662348516087989	-0.060754855869124984
-0.1706255599919792	0.10471188286008357	-0.12234402543867615	0.20104390512592205	-0.18508262665286151	0.12572110106086243	-0.161834052429966	0.1663503701491387	-0.31645785237769475	0.272783613762377	-0.13159881382083827	0.14626269827268296	-0.2036731784473732	0.2922347725254746	-0.5831057877324219	0.17308827711297822	-0.21471295216081795	0.23047533311505314	-0.5188710244204088	0.999999999999998	-0.07880979879594299	0.0940673090628955	-0.14546933127202066	0.1868614240142618	-0.3565874750352335	0.0908212310267398	-0.08683155116668333	0.12761669883102875	-0.11346914723346799	0.16202751215485942	-0.06601586242005235	0.09113719212015375	-0.0773119266580013	0.0744248969748764	-0.0832298097696756	0.07252088053656965	-0.054564598597906674	0.0633758692106206	-0.060682579611109635	0.05575298687786293
0.12917743032421944	-0.06920280613647502	0.07830783320486528	-0.06819001817647777	0.04679532014714036	-0.09602027776949254	0.10986906536723265	-0.09438087183806239	0.10015231075499538	-0.06948132799901392	0.11908056976909902	-0.10723014349741143	0.10333245772055526	-0.0765715263759462	0.0630473739097525	-0.3051721254201172	0.18933148913165637	-0.11556231648372907	0.09072736992906798	-0.07880979879594299	0.9999999999999983	-0.49022908119815484	0.16147101738339187	-0.09985694180619319	0.11755461922979671	-0.7362029784309426	0.2909345090634577	-0.16385521851008814	0.07215085529599533	-0.0920749861326067	0.11883748322396682	-0.11171094656661515	0.08221818465693677	-0.06833938318918029	0.0730445088437098	-0.1094658561769295	0.06472555563069374	-0.06731824920108904	0.05775833036147096	-0.04884142708379098
-0.13793644262940008	0.07630181804543555	-0.08680855719114597	0.07963498105726409	-0.05491576817342773	0.10145417920276112	-0.12087131540375122	0.10772833366683036	-0.1177427405773222	0.0817255687681339	-0.119139941701347	0.11867511322670571	-0.12224941787095714	0.09104325110235656	-0.07492053476043087	0.20535724587920773	-0.2454911364424945	0.14550726284080442	-0.11093006717253977	0.0940673090628955	-0.49022908119815484	0.9999999999999968	-0.26895017623354717	0.12219695294184099	-0.14125587887398566	0.3113760129048196	-0.6984017104927165	0.2370459261363394	-0.09304783862271379	0.11201166916853789	-0.10887105404593406	0.12330122701756958	-0.10052509642040912	0.08079165479973212	-0.086601587790244	0.09858907010742268	-0.0701333814021992	0.0727884725521368	-0.06735128815771022	0.0567769718076748
0.15619684223874536	-0.09503085172002176	0.1075982651489167	-0.11469350426245084	0.07890203943926578	-0.12085708965005211	0.14652716013944117	-0.15117575828811372	0.16247778744299715	-0.12033901616209192	0.13019494173668983	-0.14548007223884935	0.18111154495274892	-0.13836449625128905	0.11088630575450936	-0.20484740030522022	0.22397884062238568	-0.33809227167382827	0.1765532171139683	-0.14546933127202066	0.16147101738339187	-0.26895017623354717	0.9999999999999976	-0.22916991316664076	0.1978307174142914	-0.2052738608735685	0.2429649076370333	-0.7529583156274495	0.17294072419577397	-0.19624398079839167	0.10726944531229687	-0.15071987401134876	0.13950558446727374	-0.12180205444236943	0.11668093435334871	-0.1124925797609834	0.084132072022588	-0.09594248260318997	0.08994865385001072	-0.07926796337488187
-0.18493494429020338	0.10334616301208699	-0.12026481061080335	0.13973959933069754	-0.10022361092038004	0.12642124451423262	-0.15900450936876406	0.14769171883420754	-0.21917981284034158	0.14764391156456216	-0.13224334841312357	0.13847892486043673	-0.1658335597513053	0.16306032911734636	-0.14430712202356893	0.18131533583059406	-0.224568711926442	0.1878060386026397	-0.23833532169919303	0.1868614240142618	-0.09985694180619319	0.12219695294184099	-0.22916991316664076	0.9999999999999958	-0.48192307002628565	0.11522842067534465	-0.12475214329428685	0.200455979831347	-0.6295350906256785	0.32891281352405793	-0.10642151973867742	0.14994613416316752	-0.15737412035515042	0.1568504217539279	-0.18785695447856693	0.11245975846841508	-0.09606035155774557	0.10937394956156007	-0.12748423164493614	0.11154098391655927
0.1928952731705828	-0.11653054844920732	0.131115160091638	-0.24668161730688606	0.15961135103808494	-0.14557816014649919	0.17335507649692256	-0.17483575570389912	0.2422038317725089	-0.2577128585813163	0.14966447755763546	-0.16038042677174014	0.18505669878632353	-0.2073726036268014	0.21208207637412332	-0.24265329886058545	0.23378633264212453	-0.22176115651304215	0.2432874178291623	-0.3565874750352335	0.11755461922979671	-0.14125587887398566	0.1978307174142914	-0.48192307002628565	0.9999999999999929	-0.14063048460565036	0.13253152371605548	-0.2029972469978617	0.2693762800545233	-0.48319346998745283	0.12669216467253952	-0.1908353801121713	0.15534149841387204	-0.1626562327413853	0.17895814900592	-0.1477324476954424	0.1123642411879612	-0.1357666866027649	0.1283776487579158	-0.12499972811736691
-0.14864730811158736	0.07875820236983337	-0.09010626899181957	0.0778586038262801	-0.053854230053822574	0.10494628581917476	-0.1248041118946137	0.10678534530889923	-0.11724909613853127	0.07957323527387554	-0.12710063825795184	0.11622326973155582	-0.11859403837934859	0.0883570646298778	-0.07300696796401165	0.2224939170849114	-0.2135674646528529	0.1317729917582935	-0.10591770923622852	0.0908212310267398	-0.7362029784309426	0.3113760129048196	-0.2052738608735685	0.11522842067534465	-0.14063048460565036	0.9999999999999956	-0.45370185441737687	0.18991746213994323	-0.08516295571867068	0.10657574322863154	-0.17343305879219292	0.1337936483440478	-0.1010776790437959	0.0818561690627927	-0.08895215545956685	0.13141533857763998	-0.07938424009171617	0.08047368535795411	-0.07026894872693865	0.058709430183361846
0.11969894312022254	-0.06723519512307415	0.07623160749461336	-0.07324194341067591	0.050308909626561045	-0.08922956150995524	0.10537274156067968	-0.09633406656116376	0.10599549172991493	-0.07519365127498119	0.10215960695718564	-0.1033040981027874	0.10833203684177933	-0.08287780009841973	0.06850047220292925	-0.18745214780301586	0.184945389804115	-0.13417044625331015	0.10104748407375896	-0.08683155116668333	0.2909345090634577	-0.6984017104927165	0.2429649076370333	-0.12475214329428685	0.13253152371605548	-0.45370185441737687	0.9999999999999942	-0.38037518213334565	0.09922340356971003	-0.11576922196824398	0.11610596671791373	-0.14670579383014262	0.10809836448480907	-0.08634500781633815	0.0884483812000937	-0.10753046237953157	0.07478434597363692	-0.07732476902016182	0.06980732207924362	-0.05871479693635537
-0.15497880986382354	0.0894850552767562	-0.10335793054126224	0.10244140348811677	-0.07175320617011638	0.11291491816794515	-0.14062979077216528	0.13318145597540215	-0.1560986394034978	0.10693510505785578	-0.12357713963726852	0.13161931058864396	-0.1637892124975824	0.12266666435196975	-0.10099387533747879	0.18173036944751927	-0.22641807716756618	0.2144090124252638	-0.15978590452590513	0.12761669883102875	-0.16385521851008814	0.2370459261363394	-0.7529583156274495	0.200455979831347	-0.2029972469978617	0.18991746213994323	-0.38037518213334565	0.9999999999999946	-0.21116055535275144	0.18421751678090745	-0.10853035670231259	0.14925379009109066	-0.16965182019457842	0.12630392474438676	-0.1227588627491247	0.10767033364749162	-0.08515909592210233	0.0947244536097602	-0.094158295595659	0.08039817133514984
0.11232795811419156	-0.06341646514597198	0.0733532160427666	-0.08610647030303575	0.060733011042856604	-0.07833231681888858	0.09745816770723652	-0.09155700745117573	0.12796409546815507	-0.09055730795062908	0.08240287578335011	-0.08660933873403374	0.10274545349455384	-0.09812769982932079	0.08599121959915125	-0.11776710658722706	0.14002695636776416	-0.12159993925447252	0.13128526398024212	-0.11346914723346799	0.07215085529599533	-0.09304783862271379	0.17294072419577397	-0.6295350906256785	0.2693762800545233	-0.08516295571867068	0.09922340356971003	-0.21116055535275144	0.9999999999999923	-0.654504286185282	0.07958550374270092	-0.11935844712364581	0.13245438118665873	-0.1673614214172803	0.1557045400000135	-0.08488254380339877	0.07455683549971667	-0.08705012186617687	0.1062922192596764	-0.09696690158993293
-0.1660426885843378	0.09212216218301424	-0.10704512285867139	0.12477146678790173	-0.08860655008681018	0.11299092572653348	-0.14141152198825832	0.13015570704788673	-0.18905908773493404	0.13055611643925166	-0.11806313282487448	0.12274913233219863	-0.14378965474265434	0.1368508194420853	-0.12462356027643312	0.16427819499614485	-0.2000787748657664	0.16005701971230218	-0.17674380615483185	0.16202751215485942	-0.0920749861326067	0.11201166916853789	-0.19624398079839167	0.32891281352405793	-0.48319346998745283	0.10657574322863154	-0.11576922196824398	0.18421751678090745	-0.654504286185282	0.9999999999999942	-0.10660489540337147	0.15509710960980486	-0.16238402261104265	0.17145839435808263	-0.2504036567320451	0.11419816276642003	-0.10003512246646959	0.11593127086314328	-0.14182851540156632	0.13354434360989753
0.08959730878626967	-0.04877610309698192	0.0558120937547183	-0.05662245997409402	0.03896424262328639	-0.0629712540009906	0.07525666478160624	-0.06734258187373592	0.08168839313413788	-0.05756461193765749	0.06915531774133088	-0.06824645057750608	0.07279671394668286	-0.06069187829900602	0.05219941228674547	-0.11814522599312106	0.11483093283845278	-0.08183961646949978	0.07295764704417727	-0.06601586242005235	0.11883748322396682	-0.10887105404593406	0.10726944531229687	-0.10642151973867742	0.12669216467253952	-0.17343305879219292	0.11610596671791373	-0.10853035670231259	0.07958550374270092	-0.10660489540337147	0.9999999999999932	-0.45323293997635694	0.20137230974747922	-0.15950755630791025	0.16232913403131358	-0.7750902339188175	0.24511658400640912	-0.231502976203154	0.14658111662339696	-0.11573777404492992
-0.1177272631372807	0.06418589637612558	-0.07394538961025922	0.07657742382159129	-0.053192306632453897	0.08103580390849498	-0.09885116234011126	0.08897517627401506	-0.11299282310218137	0.07834544403944012	-0.08713953219850457	0.08793192308464538	-0.09714028815997484	0.08288459482862352	-0.07196437562111845	0.133895927168504	-0.1487945687371869	0.10935987738878371	-0.10085325961350915	0.09113719212015375	-0.11171094656661515	0.12330122701756958	-0.15071987401134876	0.14994613416316752	-0.1908353801121713	0.1337936483440478	-0.14670579383014262	0.14925379009109066	-0.11935844712364581	0.15509710960980486	-0.45323293997635694	0.9999999999999926	-0.5394495531309924	0.2707594003324837	-0.3047661574970413	0.2880206042538242	-0.3778888801623952	0.26546629238067043	-0.25827570128585153	0.18557720375532463
0.09294552221994495	-0.05181783173834901	0.05940271252691487	-0.06480755009618677	0.04467300633499083	-0.06561319850737361	0.07955705526457374	-0.07340501693312267	0.09257672517375351	-0.06630663735536695	0.07010174711741515	-0.07190114748932924	0.08052804434570521	-0.0696767301366743	0.06040330632131791	-0.11061040517444368	0.11830120229500748	-0.0944613412187654	0.08572390601950813	-0.0773119266580013	0.08221818465693677	-0.10052509642040912	0.13950558446727374	-0.15737412035515042	0.15534149841387204	-0.1010776790437959	0.10809836448480907	-0.16965182019457842	0.13245438118665873	-0.16238402261104265	0.20137230974747922	-0.5394495531309924	0.999999999999993	-0.6418720860431794	0.2554439942911564	-0.2202262769890468	0.21245394695600398	-0.27475273281305607	0.24358660985747718	-0.2014629227164995
-0.08764521968979358	0.04856950418468531	-0.05592022772559492	0.0614106975899869	-0.04265943051992038	0.060944718122461355	-0.07456740512204214	0.06842078251583665	-0.08940963521591554	0.06309963417539032	-0.06473019264827784	0.06642600675084276	-0.07511211710835006	0.06636476586285879	-0.058131932692955954	0.09829031767741424	-0.10953014321408122	0.08619870831849767	-0.08246260429778035	0.0744248969748764	-0.06833938318918029	0.08079165479973212	-0.12180205444236943	0.1568504217539279	-0.1626562327413853	0.0818561690627927	-0.08634500781633815	0.12630392474438676	-0.1673614214172803	0.17145839435808263	-0.15950755630791025	0.2707594003324837	-0.6418720860431794	0.9999999999999933	-0.44233045980444313	0.16146269215042663	-0.18437484755840655	0.21275994145246924	-0.4433244411052913	0.26168978814646227
0.09502142021389805	-0.053050510139872734	0.06078605604694114	-0.0697229011185363	0.047919254461173164	-0.06687967403971219	0.08104032340753317	-0.07498658956612633	0.09776547238557197	-0.0712171679192368	0.07070848792566814	-0.07260968571803632	0.0811437455474929	-0.07328237293511347	0.06455077390037274	-0.11107508460138017	0.11750869900328567	-0.09316839715077475	0.0903213383370286	-0.0832298097696756	0.0730445088437098	-0.086601587790244	0.11668093435334871	-0.18785695447856693	0.17895814900592	-0.08895215545956685	0.0884483812000937	-0.1227588627491247	0.1557045400000135	-0.2504036567320451	0.16232913403131358	-0.3047661574970413	0.2554439942911564	-0.44233045980444313	0.9999999999999926	-0.20038417265296093	0.18506982352867657	-0.256928410699604	0.32060847063223796	-0.6328488870005771
-0.0989892913205459	0.05331482514051756	-0.06138927431613995	0.061614401665527035	-0.0427254345304966	0.06775003950002113	-0.08219340752027035	0.0729796902478494	-0.0910229652956922	0.06283216864489813	-0.07363456660099049	0.07295211084644472	-0.07901315221629679	0.06650716838309571	-0.05750806869942197	0.11559952608524438	-0.12406536626838538	0.08740849665128234	-0.08007241022029726	0.07252088053656965	-0.1094658561769295	0.09858907010742268	-0.1124925797609834	0.11245975846841508	-0.1477324476954424	0.13141533857763998	-0.10753046237953157	0.10767033364749162	-0.08488254380339877	0.11419816276642003	-0.7750902339188175	0.2880206042538242	-0.2202262769890468	0.16146269215042663	-0.20038417265296093	0.9999999999999929	-0.38830912860681777	0.2362289043157451	-0.17613993525664076	0.12934342970769247
0.06950054754721627	-0.03804515322304913	0.04369771253675258	-0.04624425891375532	0.031926818136088164	-0.048237086829510556	0.05843362053655318	-0.052848953620286035	0.06680582746338437	-0.04715360230844584	0.05178846048156381	-0.0521954521059983	0.05725156300361344	-0.04934706189741388	0.042932633413407896	-0.08196893833978455	0.08696179570380333	-0.06460895350676936	0.05985525579009894	-0.054564598597906674	0.06472555563069374	-0.0701333814021992	0.084132072022588	-0.09606035155774557	0.1123642411879612	-0.07938424009171617	0.07478434597363692	-0.08515909592210233	0.07455683549971667	-0.10003512246646959	0.24511658400640912	-0.3778888801623952	0.21245394695600398	-0.18437484755840655	0.18506982352867657	-0.38830912860681777	0.9999999999999932	-0.7534955023765291	0.21019081726532432	-0.1624938266505538
-0.08033696641356264	0.04381422243124644	-0.05047556761891541	0.05328097476257779	-0.03696132492816657	0.055154560506087094	-0.06728210108875213	0.06069629604742018	-0.07802166674454906	0.05446276891129412	-0.058888307206329385	0.05952513654584715	-0.06586954052723873	0.05715099841544732	-0.049906999627465566	0.09010102633268752	-0.09935503171037449	0.07382471047935175	-0.06950426052073051	0.0633758692106206	-0.06731824920108904	0.0727884725521368	-0.09594248260318997	0.10937394956156007	-0.1357666866027649	0.08047368535795411	-0.07732476902016182	0.0947244536097602	-0.08705012186617687	0.11593127086314328	-0.231502976203154	0.26546629238067043	-0.27475273281305607	0.21275994145246924	-0.256928410699604	0.2362289043157451	-0.7534955023765291	0.9999999999999947	-0.36238867415126075	0.1999388577658888
0.07175873094054158	-0.039821000284016916	0.045682005674526766	-0.05095549912141463	0.03509969448062453	-0.05024736229447571	0.060953492484924654	-0.05601602399708541	0.07233477229361121	-0.0520481136166548	0.05335267094394489	-0.05454065798201764	0.060754051582561086	-0.05395646700920824	0.04730368994561657	-0.08361836101302143	0.08915068401119323	-0.06953862752142517	0.0662348516087989	-0.060682579611109635	0.05775833036147096	-0.06735128815771022	0.08994865385001072	-0.12748423164493614	0.1283776487579158	-0.07026894872693865	0.06980732207924362	-0.094158295595659	0.1062922192596764	-0.14182851540156632	0.14658111662339696	-0.25827570128585153	0.24358660985747718	-0.4433244411052913	0.32060847063223796	-0.17613993525664076	0.21019081726532432	-0.36238867415126075	0.9999999999999947	-0.6631310845648867
-0.0654296857265809	0.03616880250460708	-0.041610532578403754	0.04633449041220583	-0.03209509045391083	0.04537298406766519	-0.05537669114894142	0.0507216833647053	-0.0667789815611069	0.04747061099622013	-0.04799929012690475	0.04912752444868574	-0.055072374756449126	0.04931984587786176	-0.04348857102360702	0.07333174484437788	-0.08047140645032543	0.062422954322986945	-0.060754855869124984	0.05575298687786293	-0.04884142708379098	0.0567769718076748	-0.07926796337488187	0.11154098391655927	-0.12499972811736691	0.058709430183361846	-0.05871479693635537	0.08039817133514984	-0.09696690158993293	0.13354434360989753	-0.11573777404492992	0.18557720375532463	-0.2014629227164995	0.26168978814646227	-0.6328488870005771	0.12934342970769247	-0.1624938266505538	0.1999388577658888	-0.6631310845648867	0.9999999999999946
