1.0000000000000004	-0.9984707257238556	0.0164446343380633	-0.011119095350124047	0.012873365561602835	-0.03758124606500283	0.03305520518148946	-0.015978744442070845	0.01048255695918395	-0.009724605357178935	0.013657315511261718	-0.009712799165694078	0.009788472506556591	-0.008359136378690776	0.00789705646757685	-0.008074777286699144	0.008835783917727097	-0.007298689011180908	0.006717372143064842	-0.006763709271885417	0.006781373992608154	-0.006442591985205039	0.006167616025795625	-0.006664539590007998	0.0058365063862619426	-0.005483427518904862	0.0034461386277488985	-0.0034290923806468573	0.004390023459097988	-0.003332745147640679	0.005159127150173304	-0.003358765099928079	0.003279829787856227	-0.0035330429075922276	0.004256647789516444	-0.0026606713330093196	0.0028998255711445496	-0.0026768721949904997	0.0031329788083386202	-0.002372667812136462	0.002042205679763853	-0.002346524692804701	0.003023521171863979	-0.0036916495035997665	0.002528796802483223
-0.9984707257238556	1.0000000000000004	-0.01682318537778322	0.011238518656965131	-0.013117768330485868	0.03626178036249348	-0.03410004208974357	0.016145800157478404	-0.010634744612057684	0.009817383461750383	-0.013735086259084296	0.009721097882727646	-0.009870782279968512	0.00842746544051725	-0.007982589089965544	0.008084719321518526	-0.008896334333794014	0.007339557347241017	-0.006776278927294544	0.0068148994689934865	-0.006817296028112078	0.006472631937862476	-0.006207152274392006	0.0066999656252228245	-0.0058797314402617255	0.005500358566415333	-0.00346133908046947	0.003443246155417702	-0.004412999258816036	0.0033548640231729075	-0.005184417935541526	0.003372915105946579	-0.003294798255409011	0.003549166620846798	-0.004287031699751979	0.002671824129381401	-0.002912815397833169	0.0026883897558821366	-0.0031473765665813694	0.002384445261477113	-0.002051243220070601	0.0023561754938912502	-0.003037338682682531	0.003706556553005544	-0.002542168693782598
0.0164446343380633	-0.01682318537778322	1.0	-0.4598116909991635	0.2720134556867142	-0.26111193964141266	0.21999722138182878	-0.6872973883981958	0.24376108563240922	-0.25546404295566255	0.1309324461070331	-0.11248148362308111	0.13163080487062556	-0.17570417435337124	0.15279719838193528	-0.09395042334377343	0.11233115248081565	-0.10574150398763098	0.11784428261894349	-0.12605733051205797	0.08127040192911231	-0.08634877741876322	0.08498582949608442	-0.1019506160365935	0.08916925344173052	-0.06979803033449777	0.044972526593777595	-0.045825090395865714	0.06096976907763386	-0.05011946264880557	0.06569069577373814	-0.044365077200142565	0.04368925485982417	-0.049166967748441086	0.06190672286027466	-0.03486175536300894	0.03802821355820123	-0.03581674499245119	0.042964661146943375	-0.03342711652469854	0.026668950137045948	-0.030975560745400265	0.0401900524856858	-0.051175529127109085	0.03525171892251842
-0.011119095350124047	0.011238518656965131	-0.4598116909991635	1.0000000000000004	-0.7805285062952829	0.14603299453033255	-0.14181874666499458	0.23632113259275225	-0.21120169078834755	0.21032571847503725	-0.11599152045595312	0.09351859285586588	-0.11854669752615515	0.1417513326811267	-0.14762375640269143	0.08200321372206591	-0.10602219038536755	0.09348874157601003	-0.10780356002095286	0.11024208788309835	-0.07535552197902816	0.07792827847212762	-0.07857312033260878	0.09262980501437162	-0.08467524396804682	0.06359788064653771	-0.041980277607341764	0.04248178327614351	-0.057403740780392315	0.04734677861075034	-0.0621795878912745	0.041336827383477284	-0.0409238846241529	0.04574513763780736	-0.059896478287217614	0.03259321889442174	-0.03574399347493378	0.0335166836332098	-0.040340506104519086	0.03158632633660304	-0.025063922230397953	0.028925995811661706	-0.0378709788534486	0.04752039405997749	-0.0336476579611419
0.012873365561602835	-0.013117768330485868	0.2720134556867142	-0.7805285062952829	1.0000000000000009	-0.18125420204006873	0.14913116226284912	-0.2615263822213619	0.2194350642360504	-0.3271408630311474	0.13245138985794738	-0.11125679623890541	0.1346092981346326	-0.1769015908672187	0.1723107224655568	-0.09996471141971726	0.12396917042716521	-0.11257653516177675	0.12710036348772508	-0.1396137856897088	0.09000717304283311	-0.09457229311591743	0.09347972571795421	-0.1163249993817744	0.10179196047212644	-0.07895902460214865	0.05176050637510303	-0.05282181470864681	0.07082254922844873	-0.05777532667527816	0.0759642918925513	-0.05130219959203772	0.050637773493833964	-0.05715868776888835	0.07177110682860374	-0.04045703623949304	0.044210622559785175	-0.041742963762269575	0.05028657077464696	-0.03933291355816517	0.031007890732921064	-0.036018674840860784	0.04694729831473214	-0.05997263662940404	0.04155924478454138
-0.03758124606500283	0.03626178036249348	-0.26111193964141266	0.14603299453033255	-0.18125420204006873	1.0	-0.8488276682047124	0.24365123212372825	-0.15701146939975466	0.13160191958537626	-0.2450713178242482	0.14179673260065195	-0.13535765114866238	0.11184769407498092	-0.10637839255220498	0.1123133402139694	-0.11740005914087552	0.0971398585040222	-0.08953005547670734	0.08847056336469748	-0.09107682878635301	0.08490866918377495	-0.08121807308914213	0.08495787852456828	-0.0745054033585509	0.07091454219675562	-0.04406280811472328	0.04366583961702294	-0.05547668910766909	0.04220355557324141	-0.06592206416739718	0.04273131829308818	-0.04164106519742943	0.044627384108991544	-0.05368271766875047	0.0337811567694948	-0.03677636479170389	0.03382812143689348	-0.039402795743407465	0.02966415970121856	-0.025906123530711974	0.02973012029933311	-0.038164561352152404	0.04636883957206693	-0.03156602486066738
0.03305520518148946	-0.03410004208974357	0.21999722138182878	-0.14181874666499458	0.14913116226284912	-0.8488276682047124	1.0000000000000004	-0.36349455333045866	0.1506100443811902	-0.1349848390371631	0.16897449195087344	-0.1307554146513222	0.11742364247119605	-0.11004713955666692	0.09876050394672735	-0.1011743494914198	0.10272023547914357	-0.08897396065369581	0.08287156704936864	-0.08397076210668492	0.07915865681011744	-0.07709369537747977	0.07278259314009014	-0.07908473465958231	0.06800997079186424	-0.06492858849018705	0.040018117060072855	-0.04003123098573022	0.050752205671661374	-0.03873055627941847	0.05922623303811632	-0.03903691796520473	0.037980023475764096	-0.041116532966497456	0.04876185384609783	-0.030826765370045865	0.033467539147561516	-0.030998305876883465	0.03621966938139772	-0.027361659975698074	0.023566209490319723	-0.02720706289332601	0.03483291666039503	-0.04296325218626933	0.02898050129208196
-0.015978744442070845	0.016145800157478404	-0.6872973883981958	0.23632113259275225	-0.2615263822213619	0.24365123212372825	-0.36349455333045866	1.0000000000000002	-0.40730162626448047	0.23617265701003293	-0.13170431658183712	0.10992841635050746	-0.1420142419207662	0.17160434567936964	-0.15774922905065766	0.0879479467901647	-0.10914865450028181	0.10277625098858181	-0.11940687597651505	0.11867536563696586	-0.07715543691568	0.08183748359484944	-0.08225896740747167	0.09413854748323508	-0.08500183251670101	0.06419352033515963	-0.041543329757778906	0.042144160468153676	-0.056418341673391	0.04701650450647546	-0.06089305103042486	0.04078887969903352	-0.04025816252822453	0.045113757260150676	-0.058558326512813126	0.0320083507960032	-0.03498825925299176	0.03283210175869252	-0.0393900010839149	0.030683207808965256	-0.024526186673554815	0.02838542848584309	-0.036919237580471706	0.046575028650936275	-0.03248450174175657
0.01048255695918395	-0.010634744612057684	0.24376108563240922	-0.21120169078834755	0.2194350642360504	-0.15701146939975466	0.1506100443811902	-0.40730162626448047	1.0000000000000013	-0.6803748700060883	0.11833999612508023	-0.1077363690747296	0.14099839127358835	-0.39737169872725514	0.26915631771758186	-0.08981078684727054	0.12036517551599672	-0.12542427339747794	0.18895357440067764	-0.19710720947648566	0.08104212979553574	-0.0935379465555034	0.09716715300614691	-0.12332424112476936	0.11204079135154002	-0.06939895824106473	0.04599409644883735	-0.04763143700946828	0.06645611285603853	-0.06064377931472596	0.06577873070184578	-0.045521254657434645	0.04534950201287707	-0.05305026862366905	0.07256734816865218	-0.03532259340048529	0.03867883547982078	-0.03693528899568293	0.045372772898087145	-0.03622178263973444	0.026981930273837947	-0.031497500393169564	0.04126051190741643	-0.05400604600401806	0.037930856106107816
-0.009724605357178935	0.009817383461750383	-0.25546404295566255	0.21032571847503725	-0.3271408630311474	0.13160191958537626	-0.1349848390371631	0.23617265701003293	-0.6803748700060883	1.0000000000000007	-0.12082315470093047	0.1061867366517564	-0.14416183945390024	0.2761770577950202	-0.45271858838203743	0.09085192267618704	-0.12666998558543585	0.12560279272028	-0.1983907923436271	0.2045179076505822	-0.0838670115049902	0.095457667050841	-0.1012297021689345	0.12586801625801805	-0.12241139908975109	0.07101764646944017	-0.047527801499685565	0.04906430050269917	-0.0692775732082714	0.06467286409962374	-0.06824706418077124	0.0469576977962839	-0.04692729681395324	0.05478014212885593	-0.07876914561400875	0.03645272939107196	-0.040017159114581154	0.038161672720645134	-0.04705929765394883	0.037958731230417105	-0.027900891095973327	0.03248635067029075	-0.04275440466718911	0.05561828152725767	-0.03997897324217828
0.013657315511261718	-0.013735086259084296	0.1309324461070331	-0.11599152045595312	0.13245138985794738	-0.2450713178242482	0.16897449195087344	-0.13170431658183712	0.11833999612508023	-0.12082315470093047	1.0000000000000018	-0.6130528672947563	0.28674043083654205	-0.14809688811874136	0.13015335855928206	-0.42919172499169683	0.26564380694804046	-0.21593128172398446	0.13787546113712512	-0.1351731579247403	0.23579097590834663	-0.20374955947562454	0.1738119144643091	-0.1663537947701746	0.13284392361236264	-0.18128381866127635	0.10162132939614829	-0.09949532020692656	0.11556257330762071	-0.07794057089960992	0.15078668911739568	-0.09756080630480324	0.09269768168768831	-0.09530887407224475	0.09905763607642028	-0.07717412037545765	0.0827780102027851	-0.0751151001924581	0.08410013860953368	-0.06030808804018926	0.05860716307189491	-0.06747638124636046	0.08398915143073561	-0.09999540891693404	0.06373723764420738
-0.009712799165694078	0.009721097882727646	-0.11248148362308111	0.09351859285586588	-0.11125679623890541	0.14179673260065195	-0.1307554146513222	0.10992841635050746	-0.1077363690747296	0.1061867366517564	-0.6130528672947563	1.0000000000000013	-0.5838100909755559	0.14380733726228456	-0.12542006068054903	0.2287218333521892	-0.3494086180845807	0.23876319818702904	-0.14084390250043072	0.1276009753426757	-0.18617125492655684	0.19529647584926454	-0.18830082768882614	0.14517990594548866	-0.12078137714899483	0.13169595590839484	-0.07962957960645745	0.07802846213401435	-0.09505622462432173	0.06820177257932176	-0.118703933304067	0.0758624816210691	-0.07345958333550688	0.07641411427736933	-0.08716693752407514	0.05965935823988388	-0.06473947719908828	0.058748285517210855	-0.0669140035661621	0.04873954008320762	-0.04566440174108364	0.0521668071449444	-0.06612547877246736	0.07834343194371449	-0.05177594634073332
0.009788472506556591	-0.009870782279968512	0.13163080487062556	-0.11854669752615515	0.1346092981346326	-0.13535765114866238	0.11742364247119605	-0.1420142419207662	0.14099839127358835	-0.14416183945390024	0.28674043083654205	-0.5838100909755559	1.0000000000000036	-0.23329212704150357	0.170590462152106	-0.22882465838249977	0.29119379973907866	-0.48197819685191823	0.2030865171920357	-0.1877046231944694	0.18446653226780788	-0.2508108629991531	0.23824306420862534	-0.19802699261104334	0.1558001460770205	-0.15353454413223722	0.09341575663861866	-0.09516188763114072	0.11794826290639415	-0.08851314702564467	0.1340623109825322	-0.09077047841723905	0.08826025496671376	-0.09595605282729386	0.10999851617561329	-0.07084900452867733	0.0765989244235361	-0.0713662797821218	0.08306831381176998	-0.061991794811080136	0.05382928751080393	-0.06261430456951828	0.07949501320576705	-0.09907284208331824	0.06516672520115971
-0.008359136378690776	0.00842746544051725	-0.17570417435337124	0.1417513326811267	-0.1769015908672187	0.11184769407498092	-0.11004713955666692	0.17160434567936964	-0.39737169872725514	0.2761770577950202	-0.14809688811874136	0.14380733726228456	-0.23329212704150357	1.0000000000000009	-0.5551585402427893	0.11634932527355583	-0.17963183844035233	0.20286891387821515	-0.5353745805450001	0.30626613160328847	-0.10860395054679679	0.13458307478717985	-0.15344262976371445	0.17428549810524807	-0.17186866610054272	0.09013282217667923	-0.06068053813386102	0.0631008661239564	-0.09086312217605055	0.08778550697578728	-0.08570451877902055	0.05971729890906486	-0.06002564518166018	0.07092316085986208	-0.10590836937729027	0.04592605774053747	-0.050478058875593944	0.04835554974488549	-0.0601170302511283	0.04875545546254528	-0.035089891475721724	0.04094635755929789	-0.05399385433993833	0.07076501688304251	-0.05121447023593967
0.00789705646757685	-0.007982589089965544	0.15279719838193528	-0.14762375640269143	0.1723107224655568	-0.10637839255220498	0.09876050394672735	-0.15774922905065766	0.26915631771758186	-0.45271858838203743	0.13015335855928206	-0.12542006068054903	0.170590462152106	-0.5551585402427893	1.0000000000000036	-0.10811764384510414	0.1532062811625104	-0.17348883063106968	0.29939528851364106	-0.5266019697426922	0.09996291351986479	-0.12383126329450267	0.13186398104660166	-0.19329594218656793	0.18142578839399157	-0.08774384729448866	0.05962590996869892	-0.06314928875938916	0.09220935555326183	-0.09626060434797946	0.08295810793430593	-0.059553284799818	0.05991778796421308	-0.07368153635963211	0.10666362837532983	-0.04558826837235891	0.05000289738691994	-0.04867388608324069	0.06135619227155192	-0.05051971373796889	0.03468910352913126	-0.04087298057449716	0.05393517263096201	-0.07360198164208775	0.052032104414104684
-0.008074777286699144	0.008084719321518526	-0.09395042334377343	0.08200321372206591	-0.09996471141971726	0.1123133402139694	-0.1011743494914198	0.0879479467901647	-0.08981078684727054	0.09085192267618704	-0.42919172499169683	0.2287218333521892	-0.22882465838249977	0.11634932527355583	-0.10811764384510414	1.0000000000000009	-0.3591341389999023	0.19020267976830857	-0.11975528487171755	0.11311793729528245	-0.6773029242190365	0.2347906879015588	-0.19362019711279316	0.15041050454021357	-0.1250173313284444	0.23822313771879158	-0.133180167234192	0.1149549151358443	-0.12420134598086643	0.07267467507444603	-0.21670699473986382	0.11812159303697299	-0.11081860121378968	0.10000884870485638	-0.09456937918048047	0.0941923851980123	-0.10215610704806552	0.08543746030032405	-0.08874142711467625	0.057635173384313156	-0.0729681273238507	0.07954413067332099	-0.0979653122401451	0.10013852803751008	-0.061774605777159985
0.008835783917727097	-0.008896334333794014	0.11233115248081565	-0.10602219038536755	0.12396917042716521	-0.11740005914087552	0.10272023547914357	-0.10914865450028181	0.12036517551599672	-0.12666998558543585	0.26564380694804046	-0.3494086180845807	0.29119379973907866	-0.17963183844035233	0.1532062811625104	-0.3591341389999023	1.0000000000000013	-0.4373335178538516	0.18834339730345748	-0.1802498768506024	0.25624813377527805	-0.5157057217607564	0.3001383999940062	-0.22212326701168233	0.1677734150140013	-0.19280399049353558	0.11241211719061074	-0.11277260509458184	0.13467976875009482	-0.09562523057790848	0.16114013337975952	-0.10756791924279455	0.10365858553348216	-0.1098570570517043	0.11988064384020831	-0.08361684921599381	0.09010198065332152	-0.08290312348860171	0.09469961938012272	-0.06866689930664452	0.0634096262316623	-0.07344127878958406	0.09223987098297501	-0.11246509809681174	0.07227109507711715
-0.007298689011180908	0.007339557347241017	-0.10574150398763098	0.09348874157601003	-0.11257653516177675	0.0971398585040222	-0.08897396065369581	0.10277625098858181	-0.12542427339747794	0.12560279272028	-0.21593128172398446	0.23876319818702904	-0.48197819685191823	0.20286891387821515	-0.17348883063106968	0.19020267976830857	-0.4373335178538516	1.000000000000001	-0.33487094844884363	0.20471083674695464	-0.18162760382832246	0.29230254548515333	-0.5365861399670171	0.20512159324867132	-0.17395587151297243	0.13233478307204036	-0.08610056851159278	0.08844682115859626	-0.11396637447432433	0.09083070985630116	-0.12018906063984004	0.08143270704057101	-0.08147848706478235	0.08853579110955469	-0.11484712004401956	0.06223918588191306	-0.06816635483818553	0.06352925176343822	-0.07528826961840587	0.05673413497579645	-0.047531838367846586	0.054910367048774396	-0.07103207658119488	0.0875173828142658	-0.060098063171165526
0.006717372143064842	-0.006776278927294544	0.11784428261894349	-0.10780356002095286	0.12710036348772508	-0.08953005547670734	0.08287156704936864	-0.11940687597651505	0.18895357440067764	-0.1983907923436271	0.13787546113712512	-0.14084390250043072	0.2030865171920357	-0.5353745805450001	0.29939528851364106	-0.11975528487171755	0.18834339730345748	-0.33487094844884363	1.0000000000000007	-0.6219585277567388	0.11168579478314966	-0.156199093786864	0.18020398862537249	-0.23620607007987812	0.20417496578583902	-0.09471134326319929	0.06439005294939745	-0.06852174785280518	0.10139856779655892	-0.10423716283714574	0.08844061598907571	-0.06378714081312498	0.06449297488713861	-0.07953153442186549	0.11624084906617478	-0.048384886203413593	0.05314954577543466	-0.05169861586043197	0.0652149918466094	-0.05307253360144823	0.03678720984113777	-0.04331489629588938	0.057177926276218566	-0.07754283277247204	0.054829181972237996
-0.006763709271885417	0.0068148994689934865	-0.12605733051205797	0.11024208788309835	-0.1396137856897088	0.08847056336469748	-0.08397076210668492	0.11867536563696586	-0.19710720947648566	0.2045179076505822	-0.1351731579247403	0.1276009753426757	-0.1877046231944694	0.30626613160328847	-0.5266019697426922	0.11311793729528245	-0.1802498768506024	0.20471083674695464	-0.6219585277567388	0.999999999999999	-0.10823350837632928	0.1375543792617713	-0.1627235100775948	0.22699396466584584	-0.32999915443968325	0.09234980428536255	-0.06434062398502097	0.06844728995115386	-0.10575206076252587	0.13019009180340593	-0.088450500501865	0.06398663289489036	-0.06521744343090076	0.0815845408609867	-0.1467507450141961	0.04851217378124037	-0.05352214702620855	0.05238030418068923	-0.06747002334688876	0.05815034334855938	-0.036957364373454836	0.04350592420919088	-0.05808015709354947	0.07952627326893356	-0.06030456569433852
0.006781373992608154	-0.006817296028112078	0.08127040192911231	-0.07535552197902816	0.09000717304283311	-0.09107682878635301	0.07915865681011744	-0.07715543691568	0.08104212979553574	-0.0838670115049902	0.23579097590834663	-0.18617125492655684	0.18446653226780788	-0.10860395054679679	0.09996291351986479	-0.6773029242190365	0.25624813377527805	-0.18162760382832246	0.11168579478314966	-0.10823350837632928	1.0000000000000042	-0.3247095143077279	0.19403714266262848	-0.1558350250418625	0.12183391051814027	-0.43405333119794604	0.1527345168213681	-0.1348182892348446	0.12787147401120397	-0.07196157377218133	0.22250227518595136	-0.1344293736784765	0.11968322960697722	-0.1070534919429503	0.09241466425704326	-0.10306911105420857	0.10793705939115668	-0.09156219026552538	0.09279740152242687	-0.05917737651268953	0.07687334917448264	-0.08670141839271367	0.10150256267139368	-0.1071884824907516	0.06264144501579269
-0.006442591985205039	0.006472631937862476	-0.08634877741876322	0.07792827847212762	-0.09457229311591743	0.08490866918377495	-0.07709369537747977	0.08183748359484944	-0.0935379465555034	0.095457667050841	-0.20374955947562454	0.19529647584926454	-0.2508108629991531	0.13458307478717985	-0.12383126329450267	0.2347906879015588	-0.5157057217607564	0.29230254548515333	-0.156199093786864	0.1375543792617713	-0.3247095143077279	1.000000000000001	-0.6523632216310624	0.19464222687563182	-0.15723791801813986	0.1639300595234321	-0.10112785319494207	0.09884748809069271	-0.11879218325619867	0.08403051409101966	-0.1418484174872304	0.09163384461538339	-0.09037461075636999	0.09184546465401214	-0.1091414774984076	0.06977487684096252	-0.07623229446057833	0.06890863106469478	-0.07859189493573056	0.05623083456564703	-0.053344043122398765	0.06074518303591347	-0.07735129815866355	0.08995375984538233	-0.0599514107217071
0.006167616025795625	-0.006207152274392006	0.08498582949608442	-0.07857312033260878	0.09347972571795421	-0.08121807308914213	0.07278259314009014	-0.08225896740747167	0.09716715300614691	-0.1012297021689345	0.1738119144643091	-0.18830082768882614	0.23824306420862534	-0.15344262976371445	0.13186398104660166	-0.19362019711279316	0.3001383999940062	-0.5365861399670171	0.18020398862537249	-0.1627235100775948	0.19403714266262848	-0.6523632216310624	1.0000000000000009	-0.279019250227251	0.17134284609475212	-0.14300280805428597	0.09291977717313313	-0.10199626248672881	0.12165147671416555	-0.09036293153840112	0.12162706073775655	-0.0863550969334736	0.08730584455384258	-0.09450971653030467	0.11300723488446289	-0.06410352438578623	0.07014683870050453	-0.06600215817569682	0.07771493114581408	-0.05688703223587085	0.04860541065961749	-0.05666894250696857	0.07293991225181504	-0.09043201099080453	0.05992383112022839
-0.006664539590007998	0.0066999656252228245	-0.1019506160365935	0.09262980501437162	-0.1163249993817744	0.08495787852456828	-0.07908473465958231	0.09413854748323508	-0.12332424112476936	0.12586801625801805	-0.1663537947701746	0.14517990594548866	-0.19802699261104334	0.17428549810524807	-0.19329594218656793	0.15041050454021357	-0.22212326701168233	0.20512159324867132	-0.23620607007987812	0.22699396466584584	-0.1558350250418625	0.19464222687563182	-0.279019250227251	1.0000000000000009	-0.645366719404908	0.14560584870109133	-0.11657415469626274	0.13050202096532043	-0.32231888059114067	0.243473254203021	-0.14712673617351807	0.11727193717885892	-0.12803803116188225	0.18355949375246405	-0.3234005722227273	0.08472095146593088	-0.09584137070915329	0.09843046087010737	-0.14171368885836916	0.11464754479441853	-0.06450889734660564	0.0770458944789676	-0.1084613497661903	0.15548252420458375	-0.12264058252998472
0.0058365063862619426	-0.0058797314402617255	0.08916925344173052	-0.08467524396804682	0.10179196047212644	-0.0745054033585509	0.06800997079186424	-0.08500183251670101	0.11204079135154002	-0.12241139908975109	0.13284392361236264	-0.12078137714899483	0.1558001460770205	-0.17186866610054272	0.18142578839399157	-0.1250173313284444	0.1677734150140013	-0.17395587151297243	0.20417496578583902	-0.32999915443968325	0.12183391051814027	-0.15723791801813986	0.17134284609475212	-0.645366719404908	1.0000000000000009	-0.12178874144784337	0.0922243521100676	-0.10590724267775059	0.18704284066547433	-0.4513801422139273	0.11688148353920016	-0.09610147828427928	0.10040236887464202	-0.14894915331078223	0.28376098560871343	-0.07005601694170766	0.0775499805323502	-0.08104568999014464	0.11226492812917867	-0.1072581011348813	0.052669227454168396	-0.06410959998560331	0.08736960690652676	-0.13710473601576967	0.1033205389680743
-0.005483427518904862	0.005500358566415333	-0.06979803033449777	0.06359788064653771	-0.07895902460214865	0.07091454219675562	-0.06492858849018705	0.06419352033515963	-0.06939895824106473	0.07101764646944017	-0.18128381866127635	0.13169595590839484	-0.15353454413223722	0.09013282217667923	-0.08774384729448866	0.23822313771879158	-0.19280399049353558	0.13233478307204036	-0.09471134326319929	0.09234980428536255	-0.43405333119794604	0.1639300595234321	-0.14300280805428597	0.14560584870109133	-0.12178874144784337	1.0000000000000013	-0.3895567984378669	0.2300412775604918	-0.1887442242424143	0.07544753395875015	-0.5990463318760313	0.2527428798992614	-0.21968635657902388	0.15557018887583265	-0.09904080261617225	0.19234895791014958	-0.2048318999726813	0.15192110988512098	-0.1364336866477065	0.07223979225235096	-0.14689344991333167	0.1522551093381262	-0.17367696388838522	0.14637022083786566	-0.07752546554290393
0.0034461386277488985	-0.00346133908046947	0.044972526593777595	-0.041980277607341764	0.05176050637510303	-0.04406280811472328	0.040018117060072855	-0.041543329757778906	0.04599409644883735	-0.047527801499685565	0.10162132939614829	-0.07962957960645745	0.09341575663861866	-0.06068053813386102	0.05962590996869892	-0.133180167234192	0.11241211719061074	-0.08610056851159278	0.06439005294939745	-0.06434062398502097	0.1527345168213681	-0.10112785319494207	0.09291977717313313	-0.11657415469626274	0.0922243521100676	-0.3895567984378669	1.0000000000000007	-0.6289290040560416	0.19047400119863875	-0.059924943578438666	0.2617873750420967	-0.5218746020886877	0.3018927989049426	-0.18042165839807958	0.07691879350974146	-0.16478638129618806	0.19426979267243957	-0.16349580453702847	0.1330614392526732	-0.06274264788422186	0.11634044464957988	-0.14963245149131596	0.16025077439825042	-0.1449282231538625	0.06533536383042914
-0.0034290923806468573	0.003443246155417702	-0.045825090395865714	0.04248178327614351	-0.05282181470864681	0.04366583961702294	-0.04003123098573022	0.042144160468153676	-0.04763143700946828	0.04906430050269917	-0.09949532020692656	0.07802846213401435	-0.09516188763114072	0.0631008661239564	-0.06314928875938916	0.1149549151358443	-0.11277260509458184	0.08844682115859626	-0.06852174785280518	0.06844728995115386	-0.1348182892348446	0.09884748809069271	-0.10199626248672881	0.13050202096532043	-0.10590724267775059	0.2300412775604918	-0.6289290040560416	1.0000000000000007	-0.28995136023480506	0.06937218457241662	-0.24542430582685199	0.311244439286386	-0.5583192266008743	0.22456124781347309	-0.089520905337474	0.14467087756705677	-0.1854263094084039	0.1827179569445662	-0.1632565619633077	0.07089967228175607	-0.10897708871121205	0.13250534019621685	-0.19409513146247134	0.16202545135006852	-0.07467129694909655
0.004390023459097988	-0.004412999258816036	0.06096976907763386	-0.057403740780392315	0.07082254922844873	-0.05547668910766909	0.050752205671661374	-0.056418341673391	0.06645611285603853	-0.0692775732082714	0.11556257330762071	-0.09505622462432173	0.11794826290639415	-0.09086312217605055	0.09220935555326183	-0.12420134598086643	0.13467976875009482	-0.11396637447432433	0.10139856779655892	-0.10575206076252587	0.12787147401120397	-0.11879218325619867	0.12165147671416555	-0.32231888059114067	0.18704284066547433	-0.1887442242424143	0.19047400119863875	-0.28995136023480506	0.9999999999999993	-0.14102325391718468	0.1826649559175156	-0.21618049806395656	0.2511969781712275	-0.6932001851331842	0.1552343304472933	-0.12938418918144093	0.14741447515373057	-0.1751242641748094	0.26254288544639054	-0.1224861393379977	0.09437476918371998	-0.12225454715707897	0.17323035492562128	-0.32093494448778165	0.1185697737568726
-0.003332745147640679	0.0033548640231729075	-0.05011946264880557	0.04734677861075034	-0.05777532667527816	0.04220355557324141	-0.03873055627941847	0.04701650450647546	-0.06064377931472596	0.06467286409962374	-0.07794057089960992	0.06820177257932176	-0.08851314702564467	0.08778550697578728	-0.09626060434797946	0.07267467507444603	-0.09562523057790848	0.09083070985630116	-0.10423716283714574	0.13019009180340593	-0.07196157377218133	0.08403051409101966	-0.09036293153840112	0.243473254203021	-0.4513801422139273	0.07544753395875015	-0.059924943578438666	0.06937218457241662	-0.14102325391718468	1.000000000000004	-0.07441237238976939	0.0628494857035457	-0.06728754338588039	0.10295402333430094	-0.8164147116874927	0.04553103206061559	-0.05095630399440413	0.054813565619490974	-0.08339642142628914	0.11739309500989259	-0.034287252799671035	0.041928392712232414	-0.059324047235526374	0.09653754323997094	-0.1185573375298908
0.005159127150173304	-0.005184417935541526	0.06569069577373814	-0.0621795878912745	0.0759642918925513	-0.06592206416739718	0.05922623303811632	-0.06089305103042486	0.06577873070184578	-0.06824706418077124	0.15078668911739568	-0.118703933304067	0.1340623109825322	-0.08570451877902055	0.08295810793430593	-0.21670699473986382	0.16114013337975952	-0.12018906063984004	0.08844061598907571	-0.088450500501865	0.22250227518595136	-0.1418484174872304	0.12162706073775655	-0.14712673617351807	0.11688148353920016	-0.5990463318760313	0.2617873750420967	-0.24542430582685199	0.1826649559175156	-0.07441237238976939	1.0000000000000002	-0.37908869799823885	0.22671793353020225	-0.17350905660231297	0.09599257717281373	-0.37762772847970355	0.2510448396112447	-0.18185851840589456	0.14653028815810867	-0.07751898964550953	0.1988818533827426	-0.22942960250148514	0.18366790851437656	-0.17183592030655026	0.08078456995487449
-0.003358765099928079	0.003372915105946579	-0.044365077200142565	0.041336827383477284	-0.05130219959203772	0.04273131829308818	-0.03903691796520473	0.04078887969903352	-0.045521254657434645	0.0469576977962839	-0.09756080630480324	0.0758624816210691	-0.09077047841723905	0.05971729890906486	-0.059553284799818	0.11812159303697299	-0.10756791924279455	0.08143270704057101	-0.06378714081312498	0.06398663289489036	-0.1344293736784765	0.09163384461538339	-0.0863550969334736	0.11727193717885892	-0.09610147828427928	0.2527428798992614	-0.5218746020886877	0.311244439286386	-0.21618049806395656	0.0628494857035457	-0.37908869799823885	0.9999999999999972	-0.5339638059515684	0.20043294712426366	-0.08171922168737515	0.2093311649080379	-0.3595486324266191	0.20723802598161611	-0.15776215103384278	0.06819978646985003	-0.15462503156941787	0.18942055450746983	-0.21068621032197996	0.15858594793257227	-0.07192098404335062
0.003279829787856227	-0.003294798255409011	0.04368925485982417	-0.0409238846241529	0.050637773493833964	-0.04164106519742943	0.037980023475764096	-0.04025816252822453	0.04534950201287707	-0.04692729681395324	0.09269768168768831	-0.07345958333550688	0.08826025496671376	-0.06002564518166018	0.05991778796421308	-0.11081860121378968	0.10365858553348216	-0.08147848706478235	0.06449297488713861	-0.06521744343090076	0.11968322960697722	-0.09037461075636999	0.08730584455384258	-0.12803803116188225	0.10040236887464202	-0.21968635657902388	0.3018927989049426	-0.5583192266008743	0.2511969781712275	-0.06728754338588039	0.22671793353020225	-0.5339638059515684	1.0000000000000004	-0.36544243276903754	0.08586540667938822	-0.16724246225232367	0.21138079273167937	-0.2916486680032661	0.1879293354502143	-0.07634080302539868	0.1190666784367399	-0.15833886246330173	0.2185415478248523	-0.193359764548843	0.07820496731504607
-0.0035330429075922276	0.003549166620846798	-0.049166967748441086	0.04574513763780736	-0.05715868776888835	0.044627384108991544	-0.041116532966497456	0.045113757260150676	-0.05305026862366905	0.05478014212885593	-0.09530887407224475	0.07641411427736933	-0.09595605282729386	0.07092316085986208	-0.07368153635963211	0.10000884870485638	-0.1098570570517043	0.08853579110955469	-0.07953153442186549	0.0815845408609867	-0.1070534919429503	0.09184546465401214	-0.09450971653030467	0.18355949375246405	-0.14894915331078223	0.15557018887583265	-0.18042165839807958	0.22456124781347309	-0.6932001851331842	0.10295402333430094	-0.17350905660231297	0.20043294712426366	-0.36544243276903754	0.9999999999999989	-0.1318842359857603	0.11626023149802964	-0.14435452284424097	0.17472339090841657	-0.4330287798261289	0.11179792155192331	-0.08754436272919602	0.10962664328186547	-0.18197313897821776	0.27062509530179496	-0.11447956049251332
0.004256647789516444	-0.004287031699751979	0.06190672286027466	-0.059896478287217614	0.07177110682860374	-0.05368271766875047	0.04876185384609783	-0.058558326512813126	0.07256734816865218	-0.07876914561400875	0.09905763607642028	-0.08716693752407514	0.10999851617561329	-0.10590836937729027	0.10666362837532983	-0.09456937918048047	0.11988064384020831	-0.11484712004401956	0.11624084906617478	-0.1467507450141961	0.09241466425704326	-0.1091414774984076	0.11300723488446289	-0.3234005722227273	0.28376098560871343	-0.09904080261617225	0.07691879350974146	-0.089520905337474	0.1552343304472933	-0.8164147116874927	0.09599257717281373	-0.08171922168737515	0.08586540667938822	-0.1318842359857603	1.0000000000000018	-0.05962188682122111	0.06612586300648376	-0.0715536375681768	0.10692054469853925	-0.17902210700318827	0.044686127369195375	-0.055030294360625454	0.07676285115818632	-0.12971621962147234	0.14474760756603688
-0.0026606713330093196	0.002671824129381401	-0.03486175536300894	0.03259321889442174	-0.04045703623949304	0.0337811567694948	-0.030826765370045865	0.0320083507960032	-0.03532259340048529	0.03645272939107196	-0.07717412037545765	0.05965935823988388	-0.07084900452867733	0.04592605774053747	-0.04558826837235891	0.0941923851980123	-0.08361684921599381	0.06223918588191306	-0.048384886203413593	0.04851217378124037	-0.10306911105420857	0.06977487684096252	-0.06410352438578623	0.08472095146593088	-0.07005601694170766	0.19234895791014958	-0.16478638129618806	0.14467087756705677	-0.12938418918144093	0.04553103206061559	-0.37762772847970355	0.2093311649080379	-0.16724246225232367	0.11626023149802964	-0.05962188682122111	1.0000000000000016	-0.5250286899951186	0.18566270987707464	-0.11560225322717571	0.05235396334157542	-0.618610336768094	0.3242813144474884	-0.21057217883468318	0.1231093768461807	-0.05586466797207092
0.0028998255711445496	-0.002912815397833169	0.03802821355820123	-0.03574399347493378	0.044210622559785175	-0.03677636479170389	0.033467539147561516	-0.03498825925299176	0.03867883547982078	-0.040017159114581154	0.0827780102027851	-0.06473947719908828	0.0765989244235361	-0.050478058875593944	0.05000289738691994	-0.10215610704806552	0.09010198065332152	-0.06816635483818553	0.05314954577543466	-0.05352214702620855	0.10793705939115668	-0.07623229446057833	0.07014683870050453	-0.09584137070915329	0.0775499805323502	-0.2048318999726813	0.19426979267243957	-0.1854263094084039	0.14741447515373057	-0.05095630399440413	0.2510448396112447	-0.3595486324266191	0.21138079273167937	-0.14435452284424097	0.06612586300648376	-0.5250286899951186	0.9999999999999997	-0.3423174877237139	0.13885859235404524	-0.060989150292120785	0.29611767025666413	-0.5388875804103761	0.24597163133991562	-0.15375979307432583	0.06374800522594967
-0.0026768721949904997	0.0026883897558821366	-0.03581674499245119	0.0335166836332098	-0.041742963762269575	0.03382812143689348	-0.030998305876883465	0.03283210175869252	-0.03693528899568293	0.038161672720645134	-0.0751151001924581	0.058748285517210855	-0.0713662797821218	0.04835554974488549	-0.04867388608324069	0.08543746030032405	-0.08290312348860171	0.06352925176343822	-0.05169861586043197	0.05238030418068923	-0.09156219026552538	0.06890863106469478	-0.06600215817569682	0.09843046087010737	-0.08104568999014464	0.15192110988512098	-0.16349580453702847	0.1827179569445662	-0.1751242641748094	0.054813565619490974	-0.18185851840589456	0.20723802598161611	-0.2916486680032661	0.17472339090841657	-0.0715536375681768	0.18566270987707464	-0.3423174877237139	1.000000000000001	-0.24917296954834708	0.07825603446148335	-0.14323027775193228	0.19275430667743096	-0.7875900217392766	0.2257587642882105	-0.08255627145344224
0.0031329788083386202	-0.0031473765665813694	0.042964661146943375	-0.040340506104519086	0.05028657077464696	-0.039402795743407465	0.03621966938139772	-0.0393900010839149	0.045372772898087145	-0.04705929765394883	0.08410013860953368	-0.0669140035661621	0.08306831381176998	-0.0601170302511283	0.06135619227155192	-0.08874142711467625	0.09469961938012272	-0.07528826961840587	0.0652149918466094	-0.06747002334688876	0.09279740152242687	-0.07859189493573056	0.07771493114581408	-0.14171368885836916	0.11226492812917867	-0.1364336866477065	0.1330614392526732	-0.1632565619633077	0.26254288544639054	-0.08339642142628914	0.14653028815810867	-0.15776215103384278	0.1879293354502143	-0.4330287798261289	0.10692054469853925	-0.11560225322717571	0.13885859235404524	-0.24917296954834708	1.0000000000000016	-0.206130767972365	0.08558695341119839	-0.11301977352711537	0.22213769951158713	-0.7478338488243389	0.1754139708390064
-0.002372667812136462	0.002384445261477113	-0.03342711652469854	0.03158632633660304	-0.03933291355816517	0.02966415970121856	-0.027361659975698074	0.030683207808965256	-0.03622178263973444	0.037958731230417105	-0.06030808804018926	0.04873954008320762	-0.061991794811080136	0.04875545546254528	-0.05051971373796889	0.057635173384313156	-0.06866689930664452	0.05673413497579645	-0.05307253360144823	0.05815034334855938	-0.05917737651268953	0.05623083456564703	-0.05688703223587085	0.11464754479441853	-0.1072581011348813	0.07223979225235096	-0.06274264788422186	0.07089967228175607	-0.1224861393379977	0.11739309500989259	-0.07751898964550953	0.06819978646985003	-0.07634080302539868	0.11179792155192331	-0.17902210700318827	0.05235396334157542	-0.060989150292120785	0.07825603446148335	-0.206130767972365	1.0000000000000007	-0.03977643966585708	0.04965029844008312	-0.08701328681954545	0.18169762936928036	-0.9239565224330226
0.002042205679763853	-0.002051243220070601	0.026668950137045948	-0.025063922230397953	0.031007890732921064	-0.025906123530711974	0.023566209490319723	-0.024526186673554815	0.026981930273837947	-0.027900891095973327	0.05860716307189491	-0.04566440174108364	0.05382928751080393	-0.035089891475721724	0.03468910352913126	-0.0729681273238507	0.0634096262316623	-0.047531838367846586	0.03678720984113777	-0.036957364373454836	0.07687334917448264	-0.053344043122398765	0.04860541065961749	-0.06450889734660564	0.052669227454168396	-0.14689344991333167	0.11634044464957988	-0.10897708871121205	0.09437476918371998	-0.034287252799671035	0.1988818533827426	-0.15462503156941787	0.1190666784367399	-0.08754436272919602	0.044686127369195375	-0.618610336768094	0.29611767025666413	-0.14323027775193228	0.08558695341119839	-0.03977643966585708	1.0000000000000009	-0.6836708594092773	0.15037941806623467	-0.09576804118679623	0.041994513020984225
-0.002346524692804701	0.0023561754938912502	-0.030975560745400265	0.028925995811661706	-0.036018674840860784	0.02973012029933311	-0.02720706289332601	0.02838542848584309	-0.031497500393169564	0.03248635067029075	-0.06747638124636046	0.0521668071449444	-0.06261430456951828	0.04094635755929789	-0.04087298057449716	0.07954413067332099	-0.07344127878958406	0.054910367048774396	-0.04331489629588938	0.04350592420919088	-0.08670141839271367	0.06074518303591347	-0.05666894250696857	0.0770458944789676	-0.06410959998560331	0.1522551093381262	-0.14963245149131596	0.13250534019621685	-0.12225454715707897	0.041928392712232414	-0.22942960250148514	0.18942055450746983	-0.15833886246330173	0.10962664328186547	-0.055030294360625454	0.3242813144474884	-0.5388875804103761	0.19275430667743096	-0.11301977352711537	0.04965029844008312	-0.6836708594092773	1.000000000000001	-0.23419047873628915	0.11999271687595171	-0.05313376501264776
0.003023521171863979	-0.003037338682682531	0.0401900524856858	-0.0378709788534486	0.04694729831473214	-0.038164561352152404	0.03483291666039503	-0.036919237580471706	0.04126051190741643	-0.04275440466718911	0.08398915143073561	-0.06612547877246736	0.07949501320576705	-0.05399385433993833	0.05393517263096201	-0.0979653122401451	0.09223987098297501	-0.07103207658119488	0.057177926276218566	-0.05808015709354947	0.10150256267139368	-0.07735129815866355	0.07293991225181504	-0.1084613497661903	0.08736960690652676	-0.17367696388838522	0.16025077439825042	-0.19409513146247134	0.17323035492562128	-0.059324047235526374	0.18366790851437656	-0.21068621032197996	0.2185415478248523	-0.18197313897821776	0.07676285115818632	-0.21057217883468318	0.24597163133991562	-0.7875900217392766	0.22213769951158713	-0.08701328681954545	0.15037941806623467	-0.23419047873628915	1.0000000000000013	-0.32276788130420786	0.08951398292373192
