1.0	-0.5254573172622117	0.23317189077094308	-0.09612035695268778	0.07754109769026865	-0.5902904090418148	0.3008048533211729	-0.2735136882320528	0.11496622112431412	-0.11943242776007194	0.26639120867369376	-0.2489484683812386	0.24715214286150558	-0.09831350744159278	0.08099059847902264	-0.23527448315746918	0.1733196708180786	-0.22602871557033063	0.10806020427082569	-0.12236730776393662	0.10310599104692013	-0.12043328334281206	0.10838094136851277	-0.061234998586864424	0.07442016322213946	-0.0705701622096604	0.06912041702549739	-0.13418029842876747	0.0682632440680245	-0.07754464448914984	0.026675907436542107	-0.05551861809945417	0.05752290935882351	-0.05620159201308847	0.04837243541367899	-0.0238285320488831	0.038714138594239826	-0.042872900478667444	0.05413005211083056	-0.0729723582744776
-0.5254573172622117	1.0000000000000002	-0.5103291222964019	0.08129153841220785	-0.06648695818223972	0.26364142488591596	-0.4997184449554263	0.2834846228868032	-0.1054690275821558	0.09878041003825291	-0.20474620958842266	0.23605728087355182	-0.28044676840219085	0.07094302020546617	-0.05957160010500531	0.1520995700551607	-0.12493032464763087	0.14741144857684466	-0.07553653249942154	0.08266828703921905	-0.06951191300399505	0.07867226138054388	-0.07184307926483369	0.040741404649891656	-0.050195927918939426	0.04659341471637838	-0.046412876950873296	0.08668825524120093	-0.04559190257275891	0.05105258327642513	-0.017790749329148103	0.0366555143441572	-0.03824068730726761	0.03718975870344953	-0.03197864337525945	0.01583620225501357	-0.02577607065886055	0.028404487314381333	-0.036123681450804655	0.04794635620574165
0.23317189077094308	-0.5103291222964019	1.0000000000000004	-0.11215495862849181	0.08411674594079863	-0.17542851282280714	0.2272257511663868	-0.7340072975944225	0.14360381109819087	-0.13450511567614298	0.14556915138012178	-0.18731014476468433	0.23696382095419707	-0.07516303687008452	0.0625378710519553	-0.12843028415419588	0.10488102016720374	-0.13640472066719872	0.07412568664254572	-0.08170019569281196	0.05996534947044172	-0.06956753185466773	0.06567527446680144	-0.03797993088649141	0.04684299540682791	-0.04125615745110976	0.04096895384867271	-0.08026672682956862	0.04239992084188124	-0.04798677692460347	0.016385841070349173	-0.03415272442846594	0.03556521879894477	-0.03474595338350463	0.0299625293890376	-0.01461173866181063	0.023937597071143915	-0.026474363004944646	0.0336437276318991	-0.04506785188684831
-0.09612035695268778	0.08129153841220785	-0.11215495862849181	1.0000000000000004	-0.7511972089514274	0.0680933790903253	-0.0874718493562415	0.12744040481899144	-0.5328417417163884	0.32420327954411543	-0.07241334580377991	0.07245042543424624	-0.11863309230951716	0.1125251135573296	-0.10513760874089027	0.0635632412243763	-0.06608949978015889	0.08329050296137988	-0.0872170025660693	0.08375915344856416	-0.03352844350567756	0.03774482326615027	-0.041296285729049725	0.0267507990973019	-0.035167836352902035	0.02311860139208114	-0.023918855343059202	0.04723488416758592	-0.0297387272370475	0.03269039142375338	-0.010827583934032261	0.022518793884644048	-0.02412134012059683	0.023573827837713033	-0.020454332533155713	0.009578277085723029	-0.016192103352523985	0.01779731344533929	-0.02329476207119244	0.03019218722747099
0.07754109769026865	-0.06648695818223972	0.08411674594079863	-0.7511972089514274	1.0000000000000007	-0.05697068854573407	0.07049118788593423	-0.10208446196083995	0.31196723784144925	-0.5642038109725296	0.06065044237033926	-0.06010214443071966	0.09524235911726484	-0.09458641486469424	0.08633355853736063	-0.05583776232461617	0.05710661986684222	-0.07530005326399786	0.07260570588386382	-0.0755352444024952	0.029761474387512546	-0.03388088176679262	0.037341277579367595	-0.024499383438017153	0.032125468412252944	-0.020792608637194787	0.021441232989896947	-0.04342363177841017	0.027295396384598245	-0.03051576957556752	0.010002200306596556	-0.0209899002954303	0.02232088282331022	-0.021891670354026293	0.019051753485109943	-0.0088640525152726	0.015015538492104349	-0.01653970814640803	0.021586657600052885	-0.028294475784541414
-0.5902904090418148	0.26364142488591596	-0.17542851282280714	0.0680933790903253	-0.05697068854573407	1.0000000000000007	-0.4393631862756168	0.18079749149900481	-0.08419784425316718	0.08403971099201406	-0.5316539399580547	0.26870705502249886	-0.2631774714515377	0.0748542495616144	-0.06269574248851106	0.22476897992498615	-0.17960082007714342	0.17716499360166574	-0.08565007359196909	0.09242800903547269	-0.09605418422683289	0.10252430064992367	-0.08758202883515061	0.047822173077154834	-0.058593492127490945	0.060338919803885414	-0.060227121263549406	0.10317876839758554	-0.05348012121964759	0.058785202783193886	-0.021162130711103344	0.04271344906448806	-0.044704516364904495	0.04319440668435944	-0.03694832805984316	0.01878696541235478	-0.030168068507757356	0.033069128529029754	-0.042040967621349595	0.055081044575870264
0.3008048533211729	-0.4997184449554263	0.2272257511663868	-0.0874718493562415	0.07049118788593423	-0.4393631862756168	0.9999999999999996	-0.2679500661216193	0.10630250390583693	-0.10863989335736822	0.27434460349352124	-0.5405290278668113	0.29360521786470933	-0.0875478403092363	0.07229793045285231	-0.21316133512419475	0.1621342074407032	-0.19838118252392214	0.09569582348097995	-0.10682009865229669	0.0923071031674437	-0.10591461498549146	0.09480935391041936	-0.053097954629407536	0.0646417564792463	-0.062085637450803366	0.06108247134156932	-0.11585052644273502	0.059157622597353784	-0.06660560126565093	0.023106065558383355	-0.04777458021113535	0.04967530171742758	-0.048420019433033694	0.04160954755577873	-0.020610057280341158	0.03342399808466045	-0.0369403658635175	0.046730740429055756	-0.06256374220833784
-0.2735136882320528	0.2834846228868032	-0.7340072975944225	0.12744040481899144	-0.10208446196083995	0.18079749149900481	-0.2679500661216193	1.0000000000000002	-0.220410629402928	0.15473866796829008	-0.16795131989459755	0.2076883942728252	-0.40016778691102733	0.08610715147858067	-0.07297235611565492	0.13451031669414742	-0.11579655120425035	0.14167730477309065	-0.08241577574015997	0.08775897008547578	-0.06372300691783456	0.07245380713002084	-0.06890083788461762	0.03992808663598646	-0.04975108842561372	0.0432211858435921	-0.043366656636683876	0.0825350618249391	-0.04466369152817898	0.04992197107850691	-0.017215624923877307	0.035591375046101735	-0.037286325913036565	0.03629706288994387	-0.031266994184362164	0.01531129437808277	-0.02511195917234426	0.02767174667676678	-0.035361493596642736	0.04678269802676904
0.11496622112431412	-0.1054690275821558	0.14360381109819087	-0.5328417417163884	0.31196723784144925	-0.08419784425316718	0.10630250390583693	-0.220410629402928	0.9999999999999992	-0.6920597879839763	0.08811833445844765	-0.09066308825732965	0.1442818989745097	-0.20886331189145996	0.1512452708353591	-0.08053112225145904	0.08327145816459583	-0.11111087313596972	0.12229354897174881	-0.12241919217710476	0.042160707950627443	-0.047812170159930466	0.053096300073013816	-0.03408070090976001	0.044268135425052285	-0.02910600537169141	0.030006058280639195	-0.060862216434262206	0.037307083437680445	-0.0411126382667216	0.013361753384095766	-0.02792334441907582	0.029974274122390007	-0.02945181667860457	0.025547376622919764	-0.011841626786573398	0.019998491139885048	-0.022090395627120535	0.028796287930155495	-0.03771921453480481
-0.11943242776007194	0.09878041003825291	-0.13450511567614298	0.32420327954411543	-0.5642038109725296	0.08403971099201406	-0.10863989335736822	0.15473866796829008	-0.6920597879839763	1.0	-0.09022186603123009	0.08968441918901385	-0.14884780400976041	0.15092834840035207	-0.15278896463313152	0.07847953868023927	-0.08314228178497214	0.1035942619263512	-0.11572481610289993	0.11117651249209626	-0.04151007823686362	0.046508355665664136	-0.051321058298715666	0.033407672481536074	-0.0441109688232701	0.028500725118186385	-0.029576770283472033	0.05812432931591317	-0.03701326358625472	0.0403988840605845	-0.013356189958328274	0.027708177174192144	-0.029822173494913996	0.029138816390066925	-0.0252708314999348	0.011804329500460356	-0.019984667689631398	0.021955549672556977	-0.028812329596739197	0.037173117828055324
0.26639120867369376	-0.20474620958842266	0.14556915138012178	-0.07241334580377991	0.06065044237033926	-0.5316539399580547	0.27434460349352124	-0.16795131989459755	0.08811833445844765	-0.09022186603123009	1.0000000000000004	-0.44048835840927664	0.2677351136715209	-0.09500666704708925	0.07801469149031189	-0.4980960817223246	0.24279364825343502	-0.2545062700050253	0.11148805075005029	-0.12221367934605588	0.14163132246582263	-0.15441925323161787	0.11919870024634233	-0.06256543705978201	0.07481279849927004	-0.0876794706443273	0.08384731275026093	-0.14240388027498946	0.06906908625332996	-0.075605252548469	0.02741028905393368	-0.05499133612585185	0.0574606579721451	-0.05559589240944045	0.047330772761659874	-0.024397913443034186	0.03861083271264308	-0.04244828650620022	0.05347552971764768	-0.0705480700418208
-0.2489484683812386	0.23605728087355182	-0.18731014476468433	0.07245042543424624	-0.06010214443071966	0.26870705502249886	-0.5405290278668113	0.2076883942728252	-0.09066308825732965	0.08968441918901385	-0.44048835840927664	1.0000000000000004	-0.5870709000640357	0.08087580044284176	-0.06722761593477104	0.21673842655576922	-0.18294411110406975	0.18671461802868355	-0.0901931418790095	0.09739059249394932	-0.09284913450593475	0.1014856596354841	-0.0894920185797281	0.048914287345988974	-0.0597008334683901	0.059543635830261996	-0.05924038591771088	0.1060972480614574	-0.05450561337873575	0.060239796839613384	-0.021342843632850435	0.04347174891054467	-0.04549584073499374	0.04410034844971281	-0.03776469643939577	0.018978320212024394	-0.03061296152548753	0.033678199903642646	-0.042747668025530476	0.05641274404380216
0.24715214286150558	-0.28044676840219085	0.23696382095419707	-0.11863309230951716	0.09524235911726484	-0.2631774714515377	0.29360521786470933	-0.40016778691102733	0.1442818989745097	-0.14884780400976041	0.2677351136715209	-0.5870709000640357	1.0	-0.13391295746302775	0.10713104864779971	-0.26598752721861463	0.20701592144080486	-0.29829509908716617	0.14053117770499005	-0.15867295621416114	0.1203449226182416	-0.14251349146171105	0.13552955545286394	-0.07639100786506003	0.0924904654048136	-0.08371230646053587	0.08223327533194169	-0.1680155612769025	0.08479622780021288	-0.09653827350708619	0.03266415231936252	-0.06857508357270861	0.07121506554115271	-0.06976214417948748	0.06008119761551809	-0.029210795649838965	0.04773636140217344	-0.05305314681896997	0.06693607538515302	-0.09070180871084924
-0.09831350744159278	0.07094302020546617	-0.07516303687008452	0.1125251135573296	-0.09458641486469424	0.0748542495616144	-0.0875478403092363	0.08610715147858067	-0.20886331189145996	0.15092834840035207	-0.09500666704708925	0.08087580044284176	-0.13391295746302775	0.9999999999999994	-0.7528602806945424	0.09188448728761887	-0.12752249668410248	0.16991976524994246	-0.47929825412925037	0.314226885353596	-0.051749226504753276	0.056605036663114436	-0.07683767434566172	0.0511282846167613	-0.06751123691623505	0.03469350528635422	-0.03712897473924593	0.07749483190184794	-0.05241596576726799	0.05416951536675407	-0.01629890687666872	0.03393746701843483	-0.038346448483585205	0.038168573924011406	-0.03304304150462289	0.014391856486673505	-0.024761164219331732	0.02760801906739886	-0.036593743563249674	0.047299245791488066
0.08099059847902264	-0.05957160010500531	0.0625378710519553	-0.10513760874089027	0.08633355853736063	-0.06269574248851106	0.07229793045285231	-0.07297235611565492	0.1512452708353591	-0.15278896463313152	0.07801469149031189	-0.06722761593477104	0.10713104864779971	-0.7528602806945424	0.9999999999999991	-0.07873096921236888	0.1029642304941858	-0.15094885074843103	0.3016967868712561	-0.5328980406770059	0.04445429421693489	-0.04944418733321244	0.06694411423521603	-0.04945963835648953	0.06646702915403761	-0.030327794863831505	0.03224709954412961	-0.07047690219925877	0.04882502123362991	-0.05329185751130502	0.014870090931823557	-0.03151865962767122	0.035480591055403764	-0.03617859324939787	0.03167308810041515	-0.013175690154014732	0.022830609368760184	-0.02571668624265111	0.034028379119436986	-0.045610259085535294
-0.23527448315746918	0.1520995700551607	-0.12843028415419588	0.0635632412243763	-0.05583776232461617	0.22476897992498615	-0.21316133512419475	0.13451031669414742	-0.08053112225145904	0.07847953868023927	-0.4980960817223246	0.21673842655576922	-0.26598752721861463	0.09188448728761887	-0.07873096921236888	0.9999999999999997	-0.6075970912208831	0.2697575433534403	-0.12210120603993242	0.11749279162981659	-0.2865708659554383	0.21161741170669612	-0.14081739875955349	0.06664002462481192	-0.08075403047251872	0.12157978685140508	-0.1211374040731039	0.1466251749141039	-0.07401496716531594	0.07513441677614362	-0.030833058754472172	0.057045746348500626	-0.0605166818618148	0.05703496320089969	-0.047847376525490724	0.02705039920612135	-0.04113304233896683	0.04401074076869628	-0.056082512248382496	0.06942164787919941
0.1733196708180786	-0.12493032464763087	0.10488102016720374	-0.06608949978015889	0.05710661986684222	-0.17960082007714342	0.1621342074407032	-0.11579655120425035	0.08327145816459583	-0.08314228178497214	0.24279364825343502	-0.18294411110406975	0.20701592144080486	-0.12752249668410248	0.1029642304941858	-0.6075970912208831	1.0000000000000007	-0.5860005676129176	0.171790317107278	-0.17328707398704143	0.1805808412268416	-0.20789371062156067	0.17998480223733782	-0.0812691449148709	0.09356387253600189	-0.10880571012517472	0.10732530917326989	-0.1968121023653411	0.08675436967018152	-0.08807712278482434	0.03202046978373074	-0.063206788888179	0.06888037657739586	-0.0660162826626516	0.055195916313938796	-0.028391321197794278	0.04497000240732868	-0.04964054888797973	0.06267945513166465	-0.08020894647530288
-0.22602871557033063	0.14741144857684466	-0.13640472066719872	0.08329050296137988	-0.07530005326399786	0.17716499360166574	-0.19838118252392214	0.14167730477309065	-0.11111087313596972	0.1035942619263512	-0.2545062700050253	0.18671461802868355	-0.29829509908716617	0.16991976524994246	-0.15094885074843103	0.2697575433534403	-0.5860005676129176	1.0000000000000002	-0.35653976304534213	0.2197827687904277	-0.15445703720012718	0.16318328429845066	-0.32823431581907103	0.1101943524370535	-0.13148438610325375	0.09684569222596312	-0.10639645958031195	0.23285432462286845	-0.1188065433672976	0.10996654568288924	-0.0380571599663213	0.07658040486325954	-0.08903479732403001	0.08388241045206725	-0.06994226347368175	0.033469456314941845	-0.056171230629614564	0.062163838150597533	-0.08102725937016367	0.09867404463833891
0.10806020427082569	-0.07553653249942154	0.07412568664254572	-0.0872170025660693	0.07260570588386382	-0.08565007359196909	0.09569582348097995	-0.08241577574015997	0.12229354897174881	-0.11572481610289993	0.11148805075005029	-0.0901931418790095	0.14053117770499005	-0.47929825412925037	0.3016967868712561	-0.12210120603993242	0.171790317107278	-0.35653976304534213	1.000000000000001	-0.6956593428932553	0.06828300838902056	-0.07606833375601359	0.11353717444511985	-0.07573451956773485	0.09356225450543612	-0.04592441555828652	0.04907254864435378	-0.1147119867409729	0.07205586315295696	-0.07425658265602698	0.021148269521407952	-0.04446857129130772	0.05088357157779067	-0.051467086149111316	0.04442301568089084	-0.018736886101910384	0.03226122230899096	-0.03644345606443165	0.04797029096151566	-0.0633367699058479
-0.12236730776393662	0.08266828703921905	-0.08170019569281196	0.08375915344856416	-0.0755352444024952	0.09242800903547269	-0.10682009865229669	0.08775897008547578	-0.12241919217710476	0.11117651249209626	-0.12221367934605588	0.09739059249394932	-0.15867295621416114	0.314226885353596	-0.5328980406770059	0.11749279162981659	-0.17328707398704143	0.2197827687904277	-0.6956593428932553	1.0000000000000016	-0.06788553086766458	0.07344652892323231	-0.10401918759466156	0.07808910557560446	-0.1139699759221197	0.04532151723674491	-0.049008706891373814	0.10199806969377186	-0.07661392740765027	0.08000174218509608	-0.022389918076804308	0.04686256626392933	-0.05374857937864899	0.05458335603195477	-0.04771657903285443	0.019768294619551385	-0.03435900449326894	0.038571346119465014	-0.05160001632954237	0.06755806907767284
0.10310599104692013	-0.06951191300399505	0.05996534947044172	-0.03352844350567756	0.029761474387512546	-0.09605418422683289	0.0923071031674437	-0.06372300691783456	0.042160707950627443	-0.04151007823686362	0.14163132246582263	-0.09284913450593475	0.1203449226182416	-0.051749226504753276	0.04445429421693489	-0.2865708659554383	0.1805808412268416	-0.15445703720012718	0.06828300838902056	-0.06788553086766458	1.000000000000002	-0.7867894553949362	0.15772296384938805	-0.06168680198687252	0.06759614911390943	-0.3902616963900224	0.2690608616778839	-0.16813175873513178	0.06636277928014166	-0.0632091212985851	0.03974756589727983	-0.05840383985773904	0.05617712834702442	-0.05092166287559992	0.04094130019516017	-0.034868494079350484	0.041680468342920905	-0.04153934989472684	0.050120580568985704	-0.05835320356346706
-0.12043328334281206	0.07867226138054388	-0.06956753185466773	0.03774482326615027	-0.03388088176679262	0.10252430064992367	-0.10591461498549146	0.07245380713002084	-0.047812170159930466	0.046508355665664136	-0.15441925323161787	0.1014856596354841	-0.14251349146171105	0.056605036663114436	-0.04944418733321244	0.21161741170669612	-0.20789371062156067	0.16318328429845066	-0.07606833375601359	0.07344652892323231	-0.7867894553949362	0.9999999999999993	-0.22509514395717767	0.07192248204644408	-0.0798449855953726	0.2669576996344152	-0.37253909922947664	0.1824263522573054	-0.07781819260629178	0.07104067408094049	-0.04137854223237599	0.06455068264270752	-0.06418241609522124	0.05756799186704379	-0.04630630234338359	0.035654165688721644	-0.04685201334749162	0.04649002797660337	-0.0572707431549085	0.06517281465336872
0.10838094136851277	-0.07184307926483369	0.06567527446680144	-0.041296285729049725	0.037341277579367595	-0.08758202883515061	0.09480935391041936	-0.06890083788461762	0.053096300073013816	-0.051321058298715666	0.11919870024634233	-0.0894920185797281	0.13552955545286394	-0.07683767434566172	0.06694411423521603	-0.14081739875955349	0.17998480223733782	-0.32823431581907103	0.11353717444511985	-0.10401918759466156	0.15772296384938805	-0.22509514395717767	1.000000000000001	-0.2104799372984793	0.16174655711499492	-0.11373492271368128	0.12948715843819167	-0.8198120890387474	0.1763265138672711	-0.13890885807646686	0.042468394691109496	-0.09218327228127467	0.11835347591160426	-0.11239163852928442	0.08663823065510977	-0.03797450694998188	0.06536302343745799	-0.07813546223958166	0.09525105766769357	-0.11879514344764089
-0.061234998586864424	0.040741404649891656	-0.03797993088649141	0.0267507990973019	-0.024499383438017153	0.047822173077154834	-0.053097954629407536	0.03992808663598646	-0.03408070090976001	0.033407672481536074	-0.06256543705978201	0.048914287345988974	-0.07639100786506003	0.0511282846167613	-0.04945963835648953	0.06664002462481192	-0.0812691449148709	0.1101943524370535	-0.07573451956773485	0.07808910557560446	-0.06168680198687252	0.07192248204644408	-0.2104799372984793	0.9999999999999984	-0.6360977017114469	0.04725593299348349	-0.05345512410916614	0.18326869548951336	-0.6425489787344473	0.2674533525066894	-0.047226812281179316	0.10930990852262186	-0.15218562708158984	0.1884038253696262	-0.1549827444831732	0.04225514185482307	-0.08232479835728261	0.10091196838791346	-0.14635851893699675	0.18926228358946565
0.07442016322213946	-0.050195927918939426	0.04684299540682791	-0.035167836352902035	0.032125468412252944	-0.058593492127490945	0.0646417564792463	-0.04975108842561372	0.044268135425052285	-0.0441109688232701	0.07481279849927004	-0.0597008334683901	0.0924904654048136	-0.06751123691623505	0.06646702915403761	-0.08075403047251872	0.09356387253600189	-0.13148438610325375	0.09356225450543612	-0.1139699759221197	0.06759614911390943	-0.0798449855953726	0.16174655711499492	-0.6360977017114469	1.0000000000000004	-0.054565695359750546	0.05986812364258614	-0.1849853668539535	0.324846826475469	-0.5104474027083699	0.06398849129505611	-0.1566119607623193	0.1840472650217933	-0.24167564581598416	0.2309526427575823	-0.05804282837763859	0.11118280514366219	-0.13741370623986343	0.1870689950077838	-0.3235677002698716
-0.0705701622096604	0.04659341471637838	-0.04125615745110976	0.02311860139208114	-0.020792608637194787	0.060338919803885414	-0.062085637450803366	0.0432211858435921	-0.02910600537169141	0.028500725118186385	-0.0876794706443273	0.059543635830261996	-0.08371230646053587	0.03469350528635422	-0.030327794863831505	0.12157978685140508	-0.10880571012517472	0.09684569222596312	-0.04592441555828652	0.04532151723674491	-0.3902616963900224	0.2669576996344152	-0.11373492271368128	0.04725593299348349	-0.054565695359750546	0.999999999999999	-0.8595086688302628	0.12238942862126673	-0.0539272289012261	0.050783377114216356	-0.06528490214251134	0.0677311889008846	-0.05328145525509432	0.04437061367660967	-0.03458374516370842	0.05320067646191358	-0.04947914945504826	0.04181413337855342	-0.04800948326222097	0.04863718421594709
0.06912041702549739	-0.046412876950873296	0.04096895384867271	-0.023918855343059202	0.021441232989896947	-0.060227121263549406	0.06108247134156932	-0.043366656636683876	0.030006058280639195	-0.029576770283472033	0.08384731275026093	-0.05924038591771088	0.08223327533194169	-0.03712897473924593	0.03224709954412961	-0.1211374040731039	0.10732530917326989	-0.10639645958031195	0.04907254864435378	-0.049008706891373814	0.2690608616778839	-0.37253909922947664	0.12948715843819167	-0.05345512410916614	0.05986812364258614	-0.8595086688302628	0.9999999999999991	-0.15950260206309047	0.060158902997000954	-0.056926999004273456	0.06094422095307848	-0.07761151995613914	0.05893719007265747	-0.049532620387032024	0.038455023149953485	-0.05388462021653158	0.05296617935248379	-0.04587353824177065	0.05231845702497045	-0.05429178481176756
-0.13418029842876747	0.08668825524120093	-0.08026672682956862	0.04723488416758592	-0.04342363177841017	0.10317876839758554	-0.11585052644273502	0.0825350618249391	-0.060862216434262206	0.05812432931591317	-0.14240388027498946	0.1060972480614574	-0.1680155612769025	0.07749483190184794	-0.07047690219925877	0.1466251749141039	-0.1968121023653411	0.23285432462286845	-0.1147119867409729	0.10199806969377186	-0.16813175873513178	0.1824263522573054	-0.8198120890387474	0.18326869548951336	-0.1849853668539535	0.12238942862126673	-0.15950260206309047	0.9999999999999996	-0.22411176524668616	0.14872557612401338	-0.04949534551425605	0.10472684274025584	-0.15544129298765832	0.12830113279468827	-0.09757185367278336	0.04375564274764469	-0.07709026474803309	0.09080593447054423	-0.11310496769968173	0.1290206131536346
0.0682632440680245	-0.04559190257275891	0.04239992084188124	-0.0297387272370475	0.027295396384598245	-0.05348012121964759	0.059157622597353784	-0.04466369152817898	0.037307083437680445	-0.03701326358625472	0.06906908625332996	-0.05450561337873575	0.08479622780021288	-0.05241596576726799	0.04882502123362991	-0.07401496716531594	0.08675436967018152	-0.1188065433672976	0.07205586315295696	-0.07661392740765027	0.06636277928014166	-0.07781819260629178	0.1763265138672711	-0.6425489787344473	0.324846826475469	-0.0539272289012261	0.060158902997000954	-0.22411176524668616	0.9999999999999984	-0.44924222104645195	0.06428344919279776	-0.15670501547657073	0.2069088984086364	-0.353123562391401	0.2304743451278882	-0.05823562404187581	0.11363695246431611	-0.14468700733875614	0.2002070973278239	-0.29188525731242587
-0.07754464448914984	0.05105258327642513	-0.04798677692460347	0.03269039142375338	-0.03051576957556752	0.058785202783193886	-0.06660560126565093	0.04992197107850691	-0.0411126382667216	0.0403988840605845	-0.075605252548469	0.060239796839613384	-0.09653827350708619	0.05416951536675407	-0.05329185751130502	0.07513441677614362	-0.08807712278482434	0.10996654568288924	-0.07425658265602698	0.08000174218509608	-0.0632091212985851	0.07104067408094049	-0.13890885807646686	0.2674533525066894	-0.5104474027083699	0.050783377114216356	-0.056926999004273456	0.14872557612401338	-0.44924222104645195	0.9999999999999999	-0.07787221795723397	0.16588207281012343	-0.2541313813579525	0.2795114564567585	-0.5256777052478963	0.06796883016567697	-0.1391589368829305	0.16344614598903906	-0.2702459758819512	0.31018283083058606
0.026675907436542107	-0.017790749329148103	0.016385841070349173	-0.010827583934032261	0.010002200306596556	-0.021162130711103344	0.023106065558383355	-0.017215624923877307	0.013361753384095766	-0.013356189958328274	0.02741028905393368	-0.021342843632850435	0.03266415231936252	-0.01629890687666872	0.014870090931823557	-0.030833058754472172	0.03202046978373074	-0.0380571599663213	0.021148269521407952	-0.022389918076804308	0.03974756589727983	-0.04137854223237599	0.042468394691109496	-0.047226812281179316	0.06398849129505611	-0.06528490214251134	0.06094422095307848	-0.04949534551425605	0.06428344919279776	-0.07787221795723397	0.9999999999999978	-0.32226916838146186	0.13230567634404464	-0.09580972518131387	0.065032610068108	-0.8900972885718716	0.24669566351280237	-0.1676255491862934	0.1287440072703288	-0.095521379547653
-0.05551861809945417	0.0366555143441572	-0.03415272442846594	0.022518793884644048	-0.0209899002954303	0.04271344906448806	-0.04777458021113535	0.035591375046101735	-0.02792334441907582	0.027708177174192144	-0.05499133612585185	0.04347174891054467	-0.06857508357270861	0.03393746701843483	-0.03151865962767122	0.057045746348500626	-0.063206788888179	0.07658040486325954	-0.04446857129130772	0.04686256626392933	-0.05840383985773904	0.06455068264270752	-0.09218327228127467	0.10930990852262186	-0.1566119607623193	0.0677311889008846	-0.07761151995613914	0.10472684274025584	-0.15670501547657073	0.16588207281012343	-0.32226916838146186	0.9999999999999992	-0.44289485025288317	0.22469206429224026	-0.15069546587161894	0.23428626432178834	-0.642758250812675	0.31056803399089805	-0.3503669318811071	0.19478760674991627
0.05752290935882351	-0.03824068730726761	0.03556521879894477	-0.02412134012059683	0.02232088282331022	-0.044704516364904495	0.04967530171742758	-0.037286325913036565	0.029974274122390007	-0.029822173494913996	0.0574606579721451	-0.04549584073499374	0.07121506554115271	-0.038346448483585205	0.035480591055403764	-0.0605166818618148	0.06888037657739586	-0.08903479732403001	0.05088357157779067	-0.05374857937864899	0.05617712834702442	-0.06418241609522124	0.11835347591160426	-0.15218562708158984	0.1840472650217933	-0.05328145525509432	0.05893719007265747	-0.15544129298765832	0.2069088984086364	-0.2541313813579525	0.13230567634404464	-0.44289485025288317	1.0000000000000002	-0.5577608202116259	0.2323398454698265	-0.12530834563905158	0.26078877532626105	-0.46640208206141204	0.31975369526927766	-0.31568511547595896
-0.05620159201308847	0.03718975870344953	-0.03474595338350463	0.023573827837713033	-0.021891670354026293	0.04319440668435944	-0.048420019433033694	0.03629706288994387	-0.02945181667860457	0.029138816390066925	-0.05559589240944045	0.04410034844971281	-0.06976214417948748	0.038168573924011406	-0.03617859324939787	0.05703496320089969	-0.0660162826626516	0.08388241045206725	-0.051467086149111316	0.05458335603195477	-0.05092166287559992	0.05756799186704379	-0.11239163852928442	0.1884038253696262	-0.24167564581598416	0.04437061367660967	-0.049532620387032024	0.12830113279468827	-0.353123562391401	0.2795114564567585	-0.09580972518131387	0.22469206429224026	-0.5577608202116259	0.9999999999999994	-0.4436279683936507	0.08564028224150923	-0.18548843107734206	0.24846429979317142	-0.45056314264430636	0.3065111004880018
0.04837243541367899	-0.03197864337525945	0.0299625293890376	-0.020454332533155713	0.019051753485109943	-0.03694832805984316	0.04160954755577873	-0.031266994184362164	0.025547376622919764	-0.0252708314999348	0.047330772761659874	-0.03776469643939577	0.06008119761551809	-0.03304304150462289	0.03167308810041515	-0.047847376525490724	0.055195916313938796	-0.06994226347368175	0.04442301568089084	-0.04771657903285443	0.04094130019516017	-0.04630630234338359	0.08663823065510977	-0.1549827444831732	0.2309526427575823	-0.03458374516370842	0.038455023149953485	-0.09757185367278336	0.2304743451278882	-0.5256777052478963	0.065032610068108	-0.15069546587161894	0.2323398454698265	-0.4436279683936507	0.9999999999999997	-0.05809800725274168	0.1199278554400782	-0.154994464830324	0.2455894672190544	-0.6448275911391464
-0.0238285320488831	0.01583620225501357	-0.01461173866181063	0.009578277085723029	-0.0088640525152726	0.01878696541235478	-0.020610057280341158	0.01531129437808277	-0.011841626786573398	0.011804329500460356	-0.024397913443034186	0.018978320212024394	-0.029210795649838965	0.014391856486673505	-0.013175690154014732	0.02705039920612135	-0.028391321197794278	0.033469456314941845	-0.018736886101910384	0.019768294619551385	-0.034868494079350484	0.035654165688721644	-0.03797450694998188	0.04225514185482307	-0.05804282837763859	0.05320067646191358	-0.05388462021653158	0.04375564274764469	-0.05823562404187581	0.06796883016567697	-0.8900972885718716	0.23428626432178834	-0.12530834563905158	0.08564028224150923	-0.05809800725274168	1.0000000000000009	-0.3462546738817723	0.15507165457192013	-0.12915315921982112	0.08277813070883636
0.038714138594239826	-0.02577607065886055	0.023937597071143915	-0.016192103352523985	0.015015538492104349	-0.030168068507757356	0.03342399808466045	-0.02511195917234426	0.019998491139885048	-0.019984667689631398	0.03861083271264308	-0.03061296152548753	0.04773636140217344	-0.024761164219331732	0.022830609368760184	-0.04113304233896683	0.04497000240732868	-0.056171230629614564	0.03226122230899096	-0.03435900449326894	0.041680468342920905	-0.04685201334749162	0.06536302343745799	-0.08232479835728261	0.11118280514366219	-0.04947914945504826	0.05296617935248379	-0.07709026474803309	0.11363695246431611	-0.1391589368829305	0.24669566351280237	-0.642758250812675	0.26078877532626105	-0.18548843107734206	0.1199278554400782	-0.3462546738817723	1.0	-0.5393028861848082	0.25914705958823925	-0.17590787605521352
-0.042872900478667444	0.028404487314381333	-0.026474363004944646	0.01779731344533929	-0.01653970814640803	0.033069128529029754	-0.0369403658635175	0.02767174667676678	-0.022090395627120535	0.021955549672556977	-0.04244828650620022	0.033678199903642646	-0.05305314681896997	0.02760801906739886	-0.02571668624265111	0.04401074076869628	-0.04964054888797973	0.062163838150597533	-0.03644345606443165	0.038571346119465014	-0.04153934989472684	0.04649002797660337	-0.07813546223958166	0.10091196838791346	-0.13741370623986343	0.04181413337855342	-0.04587353824177065	0.09080593447054423	-0.14468700733875614	0.16344614598903906	-0.1676255491862934	0.31056803399089805	-0.46640208206141204	0.24846429979317142	-0.154994464830324	0.15507165457192013	-0.5393028861848082	1.0000000000000007	-0.5733468657168086	0.20903822436185238
0.05413005211083056	-0.036123681450804655	0.0336437276318991	-0.02329476207119244	0.021586657600052885	-0.042040967621349595	0.046730740429055756	-0.035361493596642736	0.028796287930155495	-0.028812329596739197	0.05347552971764768	-0.042747668025530476	0.06693607538515302	-0.036593743563249674	0.034028379119436986	-0.056082512248382496	0.06267945513166465	-0.08102725937016367	0.04797029096151566	-0.05160001632954237	0.050120580568985704	-0.0572707431549085	0.09525105766769357	-0.14635851893699675	0.1870689950077838	-0.04800948326222097	0.05231845702497045	-0.11310496769968173	0.2002070973278239	-0.2702459758819512	0.1287440072703288	-0.3503669318811071	0.31975369526927766	-0.45056314264430636	0.2455894672190544	-0.12915315921982112	0.25914705958823925	-0.5733468657168086	1.0000000000000013	-0.4160733681222759
-0.0729723582744776	0.04794635620574165	-0.04506785188684831	0.03019218722747099	-0.028294475784541414	0.055081044575870264	-0.06256374220833784	0.04678269802676904	-0.03771921453480481	0.037173117828055324	-0.0705480700418208	0.05641274404380216	-0.09070180871084924	0.047299245791488066	-0.045610259085535294	0.06942164787919941	-0.08020894647530288	0.09867404463833891	-0.0633367699058479	0.06755806907767284	-0.05835320356346706	0.06517281465336872	-0.11879514344764089	0.18926228358946565	-0.3235677002698716	0.04863718421594709	-0.05429178481176756	0.1290206131536346	-0.29188525731242587	0.31018283083058606	-0.095521379547653	0.19478760674991627	-0.31568511547595896	0.3065111004880018	-0.6448275911391464	0.08277813070883636	-0.17590787605521352	0.20903822436185238	-0.4160733681222759	1.000000000000001
